1.00000,1.00000
0.46152,0.71473
0.29152,0.72090
0.23088,0.78525
0.18491,0.85818
0.14114,0.92824
0.09813,0.99040
0.05658,1.04296
0.01727,1.08634
-0.01944,1.12192
-0.05353,1.15130
-0.08523,1.17586
-0.11483,1.19673
-0.14265,1.21472
-0.16899,1.23046
-0.19410,1.24440
-0.21817,1.25686
-0.24137,1.26810
-0.26383,1.27829
-0.28561,1.28756
-0.30678,1.29602
-0.32737,1.30373
-0.34736,1.31076
-0.36674,1.31715
-0.38549,1.32293
-0.40354,1.32813
-0.42086,1.33278
-0.43740,1.33691
-0.45309,1.34056
-0.46792,1.34375
-0.48184,1.34651
-0.49483,1.34890
-0.50690,1.35094
-0.51805,1.35267
-0.52829,1.35413
-0.53766,1.35535
-0.54620,1.35637
-0.55394,1.35722
-0.56094,1.35792
-0.56724,1.35850
-0.57291,1.35897
-0.57798,1.35936
-0.58252,1.35968
-0.58656,1.35994
-0.59017,1.36015
-0.59337,1.36033
-0.59621,1.36047
-0.59873,1.36059
-0.60097,1.36068
-0.60294,1.36076
-0.60469,1.36083
-0.60623,1.36089
-0.60759,1.36093
-0.60880,1.36097
-0.60986,1.36100
-0.61079,1.36103
-0.61161,1.36105
-0.61234,1.36107
-0.61298,1.36109
-0.61354,1.36110
-0.61403,1.36111
-0.61447,1.36112
-0.61485,1.36113
-0.61519,1.36114
-0.61548,1.36114
-0.61574,1.36115
-0.61597,1.36115
-0.61617,1.36116
-0.61635,1.36116
-0.61651,1.36117
-0.61664,1.36117
-0.61676,1.36117
-0.61687,1.36117
-0.61696,1.36117
-0.61704,1.36118
-0.61712,1.36118
-0.61718,1.36118
-0.61724,1.36118
-0.61728,1.36118
-0.61733,1.36118
-0.61736,1.36118
