0.04438
0.20483
0.36937
0.01377
0.00000
0.00000
0.00000
0.00009
0.35942
0.00000
0.00000
0.07337
0.00088
0.00002
0.00102
0.00000
0.00000
0.38659
0.00000
0.02425
0.10124
0.03435
0.22981
0.00000
0.35302
0.00000
0.36114
0.30029
0.00000
0.31359
0.16363
0.00000
0.00000
0.00000
0.00000
0.00000
0.00000
0.00123
0.00462
0.00000
0.00186
0.00433
0.00000
0.02412
0.05697
0.12530
0.00034
0.31157
0.00000
0.00000
0.00000
0.00000
0.00000
0.14758
0.38140
0.00000
0.00000
0.00816
0.00000
0.00000
0.00024
0.01003
0.00091
0.18850
0.06002
0.00020
0.00000
0.01715
0.11659
0.00432
0.11273
0.00007
0.00000
0.00000
0.00000
0.00010
0.02160
0.00006
0.00000
0.00001
0.00000
0.00000
0.00015
0.00000
0.00000
0.01874
0.00035
0.00000
0.00000
0.27462
0.00000
0.37093
0.00000
0.00000
0.00000
0.04513
0.00000
0.00000
0.00000
0.00000
0.00092
0.16794
0.00000
0.00000
0.00023
0.00509
0.00006
0.00000
0.00057
0.00032
0.00002
0.00000
0.00113
0.02452
0.04654
0.00000
0.00002
0.00000
0.21424
0.04184
0.00275
0.00000
0.00000
0.00000
0.00000
0.00002
0.00000
0.00000
0.00000
0.00093
0.37162
0.00001
0.00000
0.03220
0.00000
0.27449
0.00000
0.00241
0.00000
0.02216
0.00000
0.00000
0.00021
0.00000
0.02930
0.01449
0.36289
0.00000
0.00068
0.00162
0.13545
0.26462
0.00138
0.28442
0.20488
0.00017
0.00000
0.13349
0.00000
0.00000
0.00000
0.34332
0.00001
0.00008
0.00000
0.00234
0.05344
0.00000
0.00007
0.05432
0.16326
0.03706
0.00935
0.00110
0.00000
0.00000
0.00003
0.00000
0.00427
0.07864
0.00000
0.00000
0.00000
0.00000
0.00000
0.02055
0.12114
0.00000
0.29562
0.00000
0.00223
0.00000
0.00000
0.00000
0.00104
0.00000
0.00000
0.00136
0.00000
0.39053
