0.00438
0.04083
0.17657
0.01912
0.00002
0.00013
0.00000
0.00332
0.30841
0.00000
0.00000
0.28824
0.01753
0.00001
0.00372
0.00006
0.00000
0.18893
0.00000
0.00138
0.01149
0.19703
0.04544
0.00000
0.28396
0.00000
0.17934
0.34884
0.00011
0.36788
0.02588
0.00000
0.00010
0.00000
0.00000
0.00000
0.00000
0.00007
0.00032
0.00000
0.00625
0.00946
0.00000
0.16150
0.00527
0.34621
0.00148
0.10243
0.00001
0.00003
0.00000
0.00001
0.00002
0.02649
0.24094
0.00000
0.00000
0.01682
0.00019
0.00000
0.00153
0.00068
0.00008
0.03285
0.24778
0.00554
0.00000
0.02764
0.01427
0.00033
0.01773
0.00002
0.00001
0.00000
0.00000
0.00063
0.15189
0.00042
0.00000
0.00007
0.00000
0.00000
0.00002
0.00006
0.00002
0.14167
0.00006
0.00000
0.00000
0.06617
0.00000
0.16457
0.00000
0.00001
0.00000
0.05578
0.00006
0.00013
0.00000
0.00000
0.00010
0.38142
0.00000
0.00000
0.00615
0.00033
0.00001
0.00000
0.01227
0.00143
0.00111
0.00000
0.00018
0.00264
0.00393
0.00000
0.00000
0.00001
0.06078
0.00443
0.00035
0.00000
0.00000
0.00000
0.00000
0.00001
0.00000
0.00000
0.00000
0.01785
0.28236
0.00000
0.00000
0.02319
0.00005
0.34707
0.00002
0.03580
0.00000
0.02909
0.00000
0.00000
0.00103
0.00001
0.00319
0.11912
0.14098
0.00000
0.00306
0.00042
0.02204
0.37937
0.00014
0.07262
0.38996
0.00520
0.00000
0.01799
0.00000
0.00001
0.00006
0.35357
0.00011
0.00049
0.00000
0.03654
0.00551
0.00004
0.00252
0.00548
0.37654
0.00292
0.00059
0.02187
0.00005
0.00000
0.00001
0.00000
0.00039
0.00737
0.00000
0.00000
0.00000
0.00000
0.00000
0.02419
0.34777
0.00000
0.34470
0.00000
0.00020
0.00000
0.00000
0.00012
0.00015
0.00000
0.00000
0.00010
0.00000
0.19114
