0.23029
0.24787
0.21395
0.01120
0.00000
0.00000
0.00000
0.00000
0.12511
0.00000
0.00000
0.00714
0.00003
0.00021
0.00043
0.00000
0.00000
0.23673
0.00000
0.16721
0.32772
0.00255
0.35730
0.00000
0.12331
0.00000
0.19468
0.07556
0.00000
0.08540
0.38010
0.00000
0.00000
0.00000
0.00000
0.00000
0.00000
0.02040
0.05294
0.00000
0.00078
0.00263
0.00000
0.00160
0.26545
0.01481
0.00014
0.24503
0.00000
0.00000
0.00000
0.00000
0.00000
0.36896
0.17457
0.00000
0.00000
0.00471
0.00000
0.00000
0.00006
0.09567
0.01194
0.27662
0.00692
0.00001
0.00000
0.01133
0.34142
0.04725
0.33875
0.00064
0.00000
0.00000
0.00000
0.00003
0.00136
0.00002
0.00000
0.00000
0.00000
0.00003
0.00206
0.00000
0.00000
0.00098
0.00313
0.00000
0.00000
0.36914
0.00000
0.23791
0.00000
0.00000
0.00000
0.03228
0.00000
0.00000
0.00000
0.00000
0.01075
0.02846
0.00003
0.00000
0.00001
0.05857
0.00051
0.00000
0.00002
0.00013
0.00000
0.00000
0.00978
0.14940
0.24139
0.00000
0.00020
0.00000
0.35732
0.21710
0.02415
0.00000
0.00000
0.00000
0.00000
0.00022
0.00000
0.00000
0.00000
0.00003
0.14403
0.00013
0.00000
0.04332
0.00000
0.06145
0.00000
0.00009
0.00000
0.01741
0.00000
0.00000
0.00008
0.00000
0.16857
0.00082
0.32587
0.00000
0.00024
0.00893
0.36500
0.05722
0.01581
0.37711
0.03543
0.00000
0.00000
0.35798
0.00000
0.00000
0.00000
0.11751
0.00000
0.00002
0.00000
0.00008
0.25404
0.00000
0.00000
0.25751
0.02373
0.21559
0.09296
0.00003
0.00000
0.00000
0.00020
0.00000
0.04256
0.28397
0.00000
0.00000
0.00000
0.00000
0.00000
0.01842
0.01457
0.00000
0.07290
0.00000
0.02569
0.00000
0.00000
0.00000
0.00991
0.00000
0.00000
0.01956
0.00000
0.27422
