0.30206
0.19741
0.14595
0.01082
0.00000
0.00000
0.00000
0.00000
0.07640
0.00000
0.00000
0.00334
0.00001
0.00042
0.00038
0.00000
0.00000
0.16611
0.00000
0.22357
0.35965
0.00114
0.31673
0.00000
0.07450
0.00000
0.12965
0.04244
0.00000
0.04973
0.38448
0.00000
0.00000
0.00000
0.00000
0.00000
0.00000
0.03979
0.09135
0.00000
0.00067
0.00243
0.00000
0.00070
0.32824
0.00706
0.00012
0.17787
0.00000
0.00000
0.00000
0.00000
0.00000
0.39457
0.11332
0.00000
0.00000
0.00423
0.00000
0.00000
0.00005
0.15205
0.02304
0.23354
0.00352
0.00000
0.00000
0.01028
0.36388
0.08175
0.38273
0.00126
0.00000
0.00000
0.00000
0.00003
0.00059
0.00001
0.00000
0.00000
0.00000
0.00006
0.00428
0.00000
0.00000
0.00040
0.00588
0.00000
0.00000
0.31885
0.00000
0.16725
0.00000
0.00000
0.00000
0.02884
0.00000
0.00000
0.00000
0.00000
0.02039
0.01527
0.00006
0.00000
0.00000
0.10021
0.00101
0.00000
0.00001
0.00011
0.00000
0.00000
0.01746
0.21351
0.30741
0.00000
0.00044
0.00000
0.34945
0.28855
0.04168
0.00001
0.00000
0.00000
0.00000
0.00044
0.00000
0.00000
0.00000
0.00001
0.09006
0.00027
0.00000
0.04599
0.00000
0.03333
0.00000
0.00004
0.00000
0.01638
0.00000
0.00000
0.00007
0.00000
0.23558
0.00035
0.25854
0.00000
0.00020
0.01443
0.39586
0.03131
0.02934
0.32736
0.01856
0.00000
0.00000
0.37396
0.00000
0.00000
0.00000
0.07372
0.00000
0.00002
0.00000
0.00003
0.32339
0.00000
0.00000
0.32605
0.01195
0.28472
0.14870
0.00001
0.00000
0.00000
0.00040
0.00000
0.07302
0.31523
0.00000
0.00000
0.00000
0.00000
0.00000
0.01799
0.00704
0.00000
0.04062
0.00000
0.04660
0.00000
0.00000
0.00000
0.01806
0.00000
0.00000
0.03743
0.00000
0.20424
