0.30961
0.19092
0.13900
0.01080
0.00000
0.00000
0.00001
0.00000
0.07196
0.00000
0.00000
0.00307
0.00001
0.00046
0.00038
0.00000
0.00000
0.15877
0.00000
0.22917
0.36089
0.00104
0.31034
0.00000
0.07006
0.00000
0.12314
0.03961
0.00000
0.04663
0.38250
0.00000
0.00000
0.00000
0.00000
0.00000
0.00000
0.04271
0.09669
0.00000
0.00067
0.00242
0.00000
0.00064
0.33393
0.00648
0.00012
0.17043
0.00000
0.00000
0.00000
0.00000
0.00000
0.39544
0.10740
0.00000
0.00000
0.00419
0.00000
0.00000
0.00005
0.15931
0.02475
0.22735
0.00326
0.00000
0.00000
0.01019
0.36394
0.08659
0.38595
0.00136
0.00000
0.00000
0.00000
0.00003
0.00054
0.00001
0.00000
0.00000
0.00000
0.00006
0.00464
0.00000
0.00000
0.00036
0.00632
0.00000
0.00000
0.31169
0.00000
0.15983
0.00000
0.00000
0.00000
0.02851
0.00000
0.00000
0.00000
0.00000
0.02187
0.01422
0.00007
0.00000
0.00000
0.10593
0.00110
0.00000
0.00001
0.00011
0.00000
0.00000
0.01863
0.22124
0.31375
0.00000
0.00048
0.00000
0.34708
0.29634
0.04423
0.00001
0.00000
0.00000
0.00000
0.00048
0.00000
0.00000
0.00000
0.00001
0.08503
0.00030
0.00000
0.04632
0.00000
0.03100
0.00000
0.00003
0.00000
0.01630
0.00000
0.00000
0.00007
0.00000
0.24346
0.00032
0.25061
0.00000
0.00020
0.01524
0.39726
0.02916
0.03139
0.32028
0.01721
0.00000
0.00000
0.37326
0.00000
0.00000
0.00000
0.06972
0.00000
0.00002
0.00000
0.00003
0.33033
0.00000
0.00000
0.33279
0.01104
0.29181
0.15588
0.00001
0.00000
0.00000
0.00043
0.00000
0.07733
0.31651
0.00000
0.00000
0.00000
0.00000
0.00000
0.01797
0.00648
0.00000
0.03788
0.00000
0.04968
0.00000
0.00000
0.00000
0.01931
0.00000
0.00000
0.04013
0.00000
0.19664
