0.30946
0.19106
0.13915
0.01080
0.00000
0.00000
0.00001
0.00000
0.07205
0.00000
0.00000
0.00307
0.00001
0.00046
0.00038
0.00000
0.00000
0.15892
0.00000
0.22905
0.36087
0.00105
0.31048
0.00000
0.07015
0.00000
0.12327
0.03967
0.00000
0.04669
0.38255
0.00000
0.00000
0.00000
0.00000
0.00000
0.00000
0.04265
0.09657
0.00000
0.00067
0.00242
0.00000
0.00064
0.33381
0.00649
0.00012
0.17059
0.00000
0.00000
0.00000
0.00000
0.00000
0.39543
0.10752
0.00000
0.00000
0.00419
0.00000
0.00000
0.00005
0.15916
0.02471
0.22748
0.00326
0.00000
0.00000
0.01019
0.36395
0.08649
0.38589
0.00136
0.00000
0.00000
0.00000
0.00003
0.00054
0.00001
0.00000
0.00000
0.00000
0.00006
0.00463
0.00000
0.00000
0.00036
0.00631
0.00000
0.00000
0.31184
0.00000
0.15999
0.00000
0.00000
0.00000
0.02852
0.00000
0.00000
0.00000
0.00000
0.02184
0.01424
0.00007
0.00000
0.00000
0.10580
0.00110
0.00000
0.00001
0.00011
0.00000
0.00000
0.01860
0.22108
0.31362
0.00000
0.00048
0.00000
0.34713
0.29618
0.04417
0.00001
0.00000
0.00000
0.00000
0.00048
0.00000
0.00000
0.00000
0.00001
0.08514
0.00030
0.00000
0.04631
0.00000
0.03104
0.00000
0.00003
0.00000
0.01630
0.00000
0.00000
0.00007
0.00000
0.24329
0.00032
0.25078
0.00000
0.00020
0.01522
0.39723
0.02920
0.03134
0.32043
0.01724
0.00000
0.00000
0.37328
0.00000
0.00000
0.00000
0.06981
0.00000
0.00002
0.00000
0.00003
0.33019
0.00000
0.00000
0.33265
0.01106
0.29166
0.15573
0.00001
0.00000
0.00000
0.00043
0.00000
0.07724
0.31649
0.00000
0.00000
0.00000
0.00000
0.00000
0.01797
0.00649
0.00000
0.03793
0.00000
0.04961
0.00000
0.00000
0.00000
0.01928
0.00000
0.00000
0.04007
0.00000
0.19681
