0.30954
0.19098
0.13907
0.01080
0.00000
0.00000
0.00001
0.00000
0.07200
0.00000
0.00000
0.00307
0.00001
0.00046
0.00038
0.00000
0.00000
0.15884
0.00000
0.22911
0.36088
0.00104
0.31040
0.00000
0.07010
0.00000
0.12320
0.03964
0.00000
0.04666
0.38252
0.00000
0.00000
0.00000
0.00000
0.00000
0.00000
0.04268
0.09663
0.00000
0.00067
0.00242
0.00000
0.00064
0.33387
0.00649
0.00012
0.17050
0.00000
0.00000
0.00000
0.00000
0.00000
0.39543
0.10745
0.00000
0.00000
0.00419
0.00000
0.00000
0.00005
0.15924
0.02473
0.22741
0.00326
0.00000
0.00000
0.01019
0.36395
0.08654
0.38592
0.00136
0.00000
0.00000
0.00000
0.00003
0.00054
0.00001
0.00000
0.00000
0.00000
0.00006
0.00464
0.00000
0.00000
0.00036
0.00631
0.00000
0.00000
0.31176
0.00000
0.15991
0.00000
0.00000
0.00000
0.02851
0.00000
0.00000
0.00000
0.00000
0.02186
0.01423
0.00007
0.00000
0.00000
0.10587
0.00110
0.00000
0.00001
0.00011
0.00000
0.00000
0.01862
0.22117
0.31369
0.00000
0.00048
0.00000
0.34710
0.29626
0.04420
0.00001
0.00000
0.00000
0.00000
0.00048
0.00000
0.00000
0.00000
0.00001
0.08508
0.00030
0.00000
0.04632
0.00000
0.03102
0.00000
0.00003
0.00000
0.01630
0.00000
0.00000
0.00007
0.00000
0.24338
0.00032
0.25069
0.00000
0.00020
0.01523
0.39725
0.02918
0.03136
0.32035
0.01722
0.00000
0.00000
0.37327
0.00000
0.00000
0.00000
0.06976
0.00000
0.00002
0.00000
0.00003
0.33026
0.00000
0.00000
0.33272
0.01105
0.29174
0.15581
0.00001
0.00000
0.00000
0.00043
0.00000
0.07729
0.31650
0.00000
0.00000
0.00000
0.00000
0.00000
0.01797
0.00648
0.00000
0.03790
0.00000
0.04965
0.00000
0.00000
0.00000
0.01929
0.00000
0.00000
0.04010
0.00000
0.19672
