0.30641
0.19370
0.14195
0.01080
0.00000
0.00000
0.00000
0.00000
0.07383
0.00000
0.00000
0.00318
0.00001
0.00045
0.00038
0.00000
0.00000
0.16189
0.00000
0.22681
0.36042
0.00108
0.31310
0.00000
0.07193
0.00000
0.12590
0.04080
0.00000
0.04793
0.38341
0.00000
0.00000
0.00000
0.00000
0.00000
0.00000
0.04144
0.09438
0.00000
0.00067
0.00242
0.00000
0.00066
0.33154
0.00672
0.00012
0.17360
0.00000
0.00000
0.00000
0.00000
0.00000
0.39512
0.10990
0.00000
0.00000
0.00421
0.00000
0.00000
0.00005
0.15619
0.02401
0.23002
0.00337
0.00000
0.00000
0.01023
0.36398
0.08450
0.38462
0.00132
0.00000
0.00000
0.00000
0.00003
0.00056
0.00001
0.00000
0.00000
0.00000
0.00006
0.00448
0.00000
0.00000
0.00037
0.00613
0.00000
0.00000
0.31477
0.00000
0.16299
0.00000
0.00000
0.00000
0.02865
0.00000
0.00000
0.00000
0.00000
0.02123
0.01466
0.00007
0.00000
0.00000
0.10346
0.00106
0.00000
0.00001
0.00011
0.00000
0.00000
0.01812
0.21793
0.31108
0.00000
0.00046
0.00000
0.34812
0.29303
0.04312
0.00001
0.00000
0.00000
0.00000
0.00046
0.00000
0.00000
0.00000
0.00001
0.08715
0.00029
0.00000
0.04618
0.00000
0.03198
0.00000
0.00004
0.00000
0.01634
0.00000
0.00000
0.00007
0.00000
0.24009
0.00033
0.25400
0.00000
0.00020
0.01489
0.39672
0.03006
0.03050
0.32333
0.01777
0.00000
0.00000
0.37362
0.00000
0.00000
0.00000
0.07141
0.00000
0.00002
0.00000
0.00003
0.32740
0.00000
0.00000
0.32994
0.01142
0.28881
0.15279
0.00001
0.00000
0.00000
0.00041
0.00000
0.07547
0.31603
0.00000
0.00000
0.00000
0.00000
0.00000
0.01798
0.00671
0.00000
0.03903
0.00000
0.04834
0.00000
0.00000
0.00000
0.01877
0.00000
0.00000
0.03896
0.00000
0.19988
