0.30991
0.19066
0.13873
0.01080
0.00000
0.00000
0.00001
0.00000
0.07179
0.00000
0.00000
0.00306
0.00001
0.00046
0.00037
0.00000
0.00000
0.15849
0.00000
0.22938
0.36093
0.00104
0.31008
0.00000
0.06989
0.00000
0.12289
0.03951
0.00000
0.04651
0.38241
0.00000
0.00000
0.00000
0.00000
0.00000
0.00000
0.04283
0.09690
0.00000
0.00066
0.00242
0.00000
0.00063
0.33414
0.00646
0.00012
0.17014
0.00000
0.00000
0.00000
0.00000
0.00000
0.39546
0.10717
0.00000
0.00000
0.00419
0.00000
0.00000
0.00005
0.15960
0.02482
0.22710
0.00325
0.00000
0.00000
0.01018
0.36394
0.08679
0.38607
0.00137
0.00000
0.00000
0.00000
0.00003
0.00053
0.00001
0.00000
0.00000
0.00000
0.00006
0.00466
0.00000
0.00000
0.00036
0.00633
0.00000
0.00000
0.31140
0.00000
0.15955
0.00000
0.00000
0.00000
0.02850
0.00000
0.00000
0.00000
0.00000
0.02193
0.01418
0.00007
0.00000
0.00000
0.10615
0.00110
0.00000
0.00001
0.00011
0.00000
0.00000
0.01867
0.22155
0.31399
0.00000
0.00048
0.00000
0.34698
0.29664
0.04433
0.00001
0.00000
0.00000
0.00000
0.00048
0.00000
0.00000
0.00000
0.00001
0.08484
0.00030
0.00000
0.04633
0.00000
0.03091
0.00000
0.00003
0.00000
0.01630
0.00000
0.00000
0.00007
0.00000
0.24377
0.00032
0.25030
0.00000
0.00020
0.01527
0.39730
0.02908
0.03147
0.31999
0.01716
0.00000
0.00000
0.37322
0.00000
0.00000
0.00000
0.06957
0.00000
0.00002
0.00000
0.00003
0.33060
0.00000
0.00000
0.33305
0.01101
0.29208
0.15616
0.00001
0.00000
0.00000
0.00043
0.00000
0.07750
0.31655
0.00000
0.00000
0.00000
0.00000
0.00000
0.01797
0.00646
0.00000
0.03777
0.00000
0.04980
0.00000
0.00000
0.00000
0.01936
0.00000
0.00000
0.04024
0.00000
0.19635
