0.29668
0.20189
0.15091
0.01083
0.00000
0.00000
0.00000
0.00000
0.07962
0.00000
0.00000
0.00355
0.00001
0.00040
0.00038
0.00000
0.00000
0.17134
0.00000
0.21952
0.35848
0.00122
0.32101
0.00000
0.07772
0.00000
0.13432
0.04451
0.00000
0.05200
0.38556
0.00000
0.00000
0.00000
0.00000
0.00000
0.00000
0.03784
0.08775
0.00000
0.00068
0.00244
0.00000
0.00075
0.32405
0.00749
0.00012
0.18311
0.00000
0.00000
0.00000
0.00000
0.00000
0.39371
0.11758
0.00000
0.00000
0.00426
0.00000
0.00000
0.00005
0.14708
0.02191
0.23775
0.00371
0.00000
0.00000
0.01034
0.36353
0.07848
0.38025
0.00119
0.00000
0.00000
0.00000
0.00003
0.00063
0.00001
0.00000
0.00000
0.00000
0.00005
0.00404
0.00000
0.00000
0.00042
0.00560
0.00000
0.00000
0.32371
0.00000
0.17253
0.00000
0.00000
0.00000
0.02908
0.00000
0.00000
0.00000
0.00000
0.01941
0.01606
0.00006
0.00000
0.00000
0.09634
0.00096
0.00000
0.00001
0.00011
0.00000
0.00000
0.01669
0.20815
0.30280
0.00000
0.00041
0.00000
0.35094
0.28305
0.03997
0.00001
0.00000
0.00000
0.00000
0.00041
0.00000
0.00000
0.00000
0.00001
0.09370
0.00026
0.00000
0.04576
0.00000
0.03506
0.00000
0.00004
0.00000
0.01645
0.00000
0.00000
0.00007
0.00000
0.23010
0.00037
0.26407
0.00000
0.00020
0.01390
0.39463
0.03289
0.02798
0.33217
0.01955
0.00000
0.00000
0.37414
0.00000
0.00000
0.00000
0.07663
0.00000
0.00002
0.00000
0.00003
0.31840
0.00000
0.00000
0.32118
0.01263
0.27964
0.14378
0.00001
0.00000
0.00000
0.00037
0.00000
0.07013
0.31405
0.00000
0.00000
0.00000
0.00000
0.00000
0.01801
0.00746
0.00000
0.04263
0.00000
0.04455
0.00000
0.00000
0.00000
0.01724
0.00000
0.00000
0.03564
0.00000
0.20961
