0.29280
0.20505
0.15448
0.01084
0.00000
0.00000
0.00000
0.00000
0.08198
0.00000
0.00000
0.00371
0.00001
0.00039
0.00038
0.00000
0.00000
0.17510
0.00000
0.21658
0.35749
0.00127
0.32396
0.00000
0.08008
0.00000
0.13769
0.04604
0.00000
0.05366
0.38619
0.00000
0.00000
0.00000
0.00000
0.00000
0.00000
0.03651
0.08524
0.00000
0.00068
0.00245
0.00000
0.00078
0.32097
0.00781
0.00012
0.18686
0.00000
0.00000
0.00000
0.00000
0.00000
0.39297
0.12068
0.00000
0.00000
0.00428
0.00000
0.00000
0.00005
0.14359
0.02113
0.24067
0.00385
0.00000
0.00000
0.01039
0.36312
0.07622
0.37837
0.00115
0.00000
0.00000
0.00000
0.00003
0.00066
0.00001
0.00000
0.00000
0.00000
0.00005
0.00388
0.00000
0.00000
0.00045
0.00540
0.00000
0.00000
0.32710
0.00000
0.17632
0.00000
0.00000
0.00000
0.02926
0.00000
0.00000
0.00000
0.00000
0.01874
0.01663
0.00006
0.00000
0.00000
0.09365
0.00092
0.00000
0.00001
0.00011
0.00000
0.00000
0.01616
0.20436
0.29944
0.00000
0.00039
0.00000
0.35192
0.27911
0.03880
0.00001
0.00000
0.00000
0.00000
0.00040
0.00000
0.00000
0.00000
0.00001
0.09636
0.00025
0.00000
0.04561
0.00000
0.03633
0.00000
0.00004
0.00000
0.01649
0.00000
0.00000
0.00007
0.00000
0.22621
0.00039
0.26799
0.00000
0.00020
0.01353
0.39362
0.03406
0.02705
0.33551
0.02029
0.00000
0.00000
0.37412
0.00000
0.00000
0.00000
0.07875
0.00000
0.00002
0.00000
0.00003
0.31479
0.00000
0.00000
0.31764
0.01314
0.27597
0.14032
0.00001
0.00000
0.00000
0.00036
0.00000
0.06813
0.31306
0.00000
0.00000
0.00000
0.00000
0.00000
0.01802
0.00778
0.00000
0.04411
0.00000
0.04313
0.00000
0.00000
0.00000
0.01668
0.00000
0.00000
0.03441
0.00000
0.21345
