0.30464
0.19522
0.14357
0.01081
0.00000
0.00000
0.00000
0.00000
0.07487
0.00000
0.00000
0.00325
0.00001
0.00044
0.00038
0.00000
0.00000
0.16360
0.00000
0.22550
0.36013
0.00111
0.31459
0.00000
0.07297
0.00000
0.12742
0.04146
0.00000
0.04866
0.38386
0.00000
0.00000
0.00000
0.00000
0.00000
0.00000
0.04076
0.09314
0.00000
0.00067
0.00243
0.00000
0.00068
0.33021
0.00686
0.00012
0.17533
0.00000
0.00000
0.00000
0.00000
0.00000
0.39491
0.11128
0.00000
0.00000
0.00422
0.00000
0.00000
0.00005
0.15450
0.02361
0.23146
0.00343
0.00000
0.00000
0.01025
0.36396
0.08337
0.38387
0.00129
0.00000
0.00000
0.00000
0.00003
0.00057
0.00001
0.00000
0.00000
0.00000
0.00006
0.00440
0.00000
0.00000
0.00038
0.00602
0.00000
0.00000
0.31644
0.00000
0.16472
0.00000
0.00000
0.00000
0.02873
0.00000
0.00000
0.00000
0.00000
0.02088
0.01491
0.00007
0.00000
0.00000
0.10213
0.00104
0.00000
0.00001
0.00011
0.00000
0.00000
0.01785
0.21613
0.30960
0.00000
0.00045
0.00000
0.34868
0.29121
0.04253
0.00001
0.00000
0.00000
0.00000
0.00045
0.00000
0.00000
0.00000
0.00001
0.08833
0.00028
0.00000
0.04610
0.00000
0.03252
0.00000
0.00004
0.00000
0.01636
0.00000
0.00000
0.00007
0.00000
0.23826
0.00034
0.25585
0.00000
0.00020
0.01470
0.39639
0.03056
0.03002
0.32498
0.01809
0.00000
0.00000
0.37378
0.00000
0.00000
0.00000
0.07235
0.00000
0.00002
0.00000
0.00003
0.32578
0.00000
0.00000
0.32837
0.01164
0.28715
0.15112
0.00001
0.00000
0.00000
0.00041
0.00000
0.07446
0.31572
0.00000
0.00000
0.00000
0.00000
0.00000
0.01798
0.00684
0.00000
0.03967
0.00000
0.04763
0.00000
0.00000
0.00000
0.01848
0.00000
0.00000
0.03833
0.00000
0.20165
