0.30974
0.19081
0.13889
0.01080
0.00000
0.00000
0.00001
0.00000
0.07189
0.00000
0.00000
0.00306
0.00001
0.00046
0.00038
0.00000
0.00000
0.15865
0.00000
0.22926
0.36090
0.00104
0.31023
0.00000
0.06999
0.00000
0.12303
0.03957
0.00000
0.04658
0.38246
0.00000
0.00000
0.00000
0.00000
0.00000
0.00000
0.04276
0.09678
0.00000
0.00067
0.00242
0.00000
0.00064
0.33402
0.00647
0.00012
0.17031
0.00000
0.00000
0.00000
0.00000
0.00000
0.39545
0.10730
0.00000
0.00000
0.00419
0.00000
0.00000
0.00005
0.15943
0.02478
0.22724
0.00326
0.00000
0.00000
0.01019
0.36394
0.08667
0.38600
0.00136
0.00000
0.00000
0.00000
0.00003
0.00053
0.00001
0.00000
0.00000
0.00000
0.00006
0.00465
0.00000
0.00000
0.00036
0.00632
0.00000
0.00000
0.31157
0.00000
0.15971
0.00000
0.00000
0.00000
0.02850
0.00000
0.00000
0.00000
0.00000
0.02190
0.01420
0.00007
0.00000
0.00000
0.10602
0.00110
0.00000
0.00001
0.00011
0.00000
0.00000
0.01865
0.22137
0.31385
0.00000
0.00048
0.00000
0.34704
0.29647
0.04427
0.00001
0.00000
0.00000
0.00000
0.00048
0.00000
0.00000
0.00000
0.00001
0.08495
0.00030
0.00000
0.04633
0.00000
0.03096
0.00000
0.00003
0.00000
0.01630
0.00000
0.00000
0.00007
0.00000
0.24359
0.00032
0.25048
0.00000
0.00020
0.01526
0.39728
0.02912
0.03142
0.32016
0.01719
0.00000
0.00000
0.37324
0.00000
0.00000
0.00000
0.06966
0.00000
0.00002
0.00000
0.00003
0.33044
0.00000
0.00000
0.33290
0.01103
0.29192
0.15600
0.00001
0.00000
0.00000
0.00043
0.00000
0.07740
0.31653
0.00000
0.00000
0.00000
0.00000
0.00000
0.01797
0.00647
0.00000
0.03783
0.00000
0.04973
0.00000
0.00000
0.00000
0.01933
0.00000
0.00000
0.04017
0.00000
0.19652
