0.15173
0.27618
0.29377
0.01189
0.00000
0.00000
0.00000
0.00001
0.19890
0.00000
0.00000
0.01628
0.00008
0.00010
0.00054
0.00000
0.00000
0.31688
0.00000
0.10408
0.25852
0.00624
0.35921
0.00000
0.19714
0.00000
0.27423
0.13290
0.00000
0.14521
0.33168
0.00000
0.00000
0.00000
0.00000
0.00000
0.00000
0.00885
0.02617
0.00000
0.00099
0.00299
0.00000
0.00403
0.18420
0.03238
0.00017
0.30889
0.00000
0.00000
0.00000
0.00000
0.00000
0.30801
0.25627
0.00000
0.00000
0.00552
0.00000
0.00000
0.00009
0.05110
0.00541
0.28881
0.01463
0.00002
0.00000
0.01289
0.27841
0.02349
0.26588
0.00031
0.00000
0.00000
0.00000
0.00004
0.00348
0.00002
0.00000
0.00000
0.00000
0.00001
0.00090
0.00000
0.00000
0.00269
0.00153
0.00000
0.00000
0.38570
0.00000
0.31575
0.00000
0.00000
0.00000
0.03660
0.00000
0.00000
0.00000
0.00000
0.00501
0.05477
0.00001
0.00000
0.00002
0.02907
0.00024
0.00000
0.00005
0.00016
0.00000
0.00000
0.00496
0.09124
0.16182
0.00000
0.00009
0.00000
0.33540
0.14194
0.01246
0.00000
0.00000
0.00000
0.00000
0.00010
0.00000
0.00000
0.00000
0.00009
0.22196
0.00006
0.00000
0.04012
0.00000
0.11238
0.00000
0.00027
0.00000
0.01886
0.00000
0.00000
0.00010
0.00000
0.10527
0.00216
0.38180
0.00000
0.00031
0.00516
0.29858
0.10471
0.00749
0.39376
0.06893
0.00001
0.00000
0.29956
0.00000
0.00000
0.00000
0.18439
0.00000
0.00003
0.00000
0.00024
0.17275
0.00000
0.00001
0.17573
0.04858
0.13890
0.04913
0.00010
0.00000
0.00000
0.00010
0.00000
0.02159
0.21863
0.00000
0.00000
0.00000
0.00000
0.00000
0.01912
0.03149
0.00000
0.12924
0.00000
0.01232
0.00000
0.00000
0.00000
0.00489
0.00000
0.00000
0.00878
0.00000
0.34680
