0.00724
0.06182
0.22415
0.01811
0.00001
0.00007
0.00000
0.00173
0.34837
0.00000
0.00000
0.23957
0.01037
0.00001
0.00287
0.00003
0.00000
0.23767
0.00000
0.00257
0.01888
0.15127
0.06786
0.00000
0.32600
0.00000
0.22649
0.37234
0.00005
0.38975
0.03988
0.00000
0.00005
0.00000
0.00000
0.00000
0.00000
0.00012
0.00055
0.00000
0.00493
0.00813
0.00000
0.12009
0.00891
0.31088
0.00109
0.14030
0.00000
0.00002
0.00000
0.00000
0.00001
0.03935
0.28918
0.00000
0.00000
0.01473
0.00011
0.00000
0.00105
0.00118
0.00013
0.05084
0.20121
0.00304
0.00000
0.02555
0.02314
0.00056
0.02693
0.00002
0.00000
0.00000
0.00000
0.00044
0.11190
0.00028
0.00000
0.00004
0.00000
0.00000
0.00003
0.00003
0.00001
0.10367
0.00009
0.00000
0.00000
0.09483
0.00000
0.21156
0.00000
0.00000
0.00000
0.05488
0.00003
0.00007
0.00000
0.00000
0.00015
0.35194
0.00000
0.00000
0.00339
0.00058
0.00002
0.00000
0.00710
0.00106
0.00055
0.00000
0.00025
0.00422
0.00676
0.00000
0.00000
0.00001
0.08244
0.00719
0.00052
0.00000
0.00000
0.00000
0.00000
0.00001
0.00000
0.00000
0.00000
0.01061
0.32675
0.00000
0.00000
0.02516
0.00003
0.36523
0.00001
0.02249
0.00000
0.02802
0.00000
0.00000
0.00074
0.00000
0.00511
0.08489
0.18354
0.00000
0.00227
0.00055
0.03342
0.38751
0.00022
0.10264
0.37588
0.00282
0.00000
0.02862
0.00000
0.00001
0.00003
0.38168
0.00006
0.00034
0.00000
0.02288
0.00905
0.00002
0.00131
0.00905
0.34943
0.00507
0.00105
0.01307
0.00003
0.00000
0.00001
0.00000
0.00063
0.01263
0.00000
0.00000
0.00000
0.00000
0.00000
0.02376
0.30892
0.00000
0.36804
0.00000
0.00032
0.00000
0.00000
0.00006
0.00021
0.00000
0.00000
0.00016
0.00000
0.23830
