0.30819
0.19216
0.14031
0.01080
0.00000
0.00000
0.00001
0.00000
0.07279
0.00000
0.00000
0.00312
0.00001
0.00045
0.00038
0.00000
0.00000
0.16016
0.00000
0.22812
0.36069
0.00106
0.31158
0.00000
0.07089
0.00000
0.12436
0.04014
0.00000
0.04721
0.38292
0.00000
0.00000
0.00000
0.00000
0.00000
0.00000
0.04214
0.09565
0.00000
0.00067
0.00242
0.00000
0.00065
0.33287
0.00659
0.00012
0.17184
0.00000
0.00000
0.00000
0.00000
0.00000
0.39531
0.10851
0.00000
0.00000
0.00420
0.00000
0.00000
0.00005
0.15792
0.02442
0.22854
0.00331
0.00000
0.00000
0.01020
0.36397
0.08565
0.38537
0.00134
0.00000
0.00000
0.00000
0.00003
0.00055
0.00001
0.00000
0.00000
0.00000
0.00006
0.00457
0.00000
0.00000
0.00036
0.00623
0.00000
0.00000
0.31307
0.00000
0.16124
0.00000
0.00000
0.00000
0.02857
0.00000
0.00000
0.00000
0.00000
0.02158
0.01441
0.00007
0.00000
0.00000
0.10482
0.00108
0.00000
0.00001
0.00011
0.00000
0.00000
0.01840
0.21976
0.31257
0.00000
0.00047
0.00000
0.34755
0.29487
0.04373
0.00001
0.00000
0.00000
0.00000
0.00047
0.00000
0.00000
0.00000
0.00001
0.08597
0.00029
0.00000
0.04626
0.00000
0.03143
0.00000
0.00003
0.00000
0.01632
0.00000
0.00000
0.00007
0.00000
0.24196
0.00032
0.25212
0.00000
0.00020
0.01508
0.39703
0.02956
0.03099
0.32164
0.01746
0.00000
0.00000
0.37343
0.00000
0.00000
0.00000
0.07047
0.00000
0.00002
0.00000
0.00003
0.32903
0.00000
0.00000
0.33152
0.01121
0.29047
0.15450
0.00001
0.00000
0.00000
0.00042
0.00000
0.07649
0.31631
0.00000
0.00000
0.00000
0.00000
0.00000
0.01797
0.00658
0.00000
0.03839
0.00000
0.04908
0.00000
0.00000
0.00000
0.01906
0.00000
0.00000
0.03960
0.00000
0.19808
