0.27379
0.21966
0.17219
0.01093
0.00000
0.00000
0.00000
0.00000
0.09402
0.00000
0.00000
0.00455
0.00002
0.00032
0.00040
0.00000
0.00000
0.19363
0.00000
0.20188
0.35108
0.00158
0.33688
0.00000
0.09214
0.00000
0.15448
0.05398
0.00000
0.06229
0.38746
0.00000
0.00000
0.00000
0.00000
0.00000
0.00000
0.03064
0.07396
0.00000
0.00071
0.00249
0.00000
0.00097
0.30517
0.00956
0.00012
0.20501
0.00000
0.00000
0.00000
0.00000
0.00000
0.38802
0.13623
0.00000
0.00000
0.00439
0.00000
0.00000
0.00005
0.12747
0.01775
0.25381
0.00462
0.00000
0.00000
0.01065
0.35942
0.06605
0.36813
0.00096
0.00000
0.00000
0.00000
0.00003
0.00082
0.00001
0.00000
0.00000
0.00000
0.00004
0.00319
0.00000
0.00000
0.00057
0.00456
0.00000
0.00000
0.34234
0.00000
0.19495
0.00000
0.00000
0.00000
0.03014
0.00000
0.00000
0.00000
0.00000
0.01581
0.01970
0.00005
0.00000
0.00000
0.08147
0.00077
0.00000
0.00001
0.00012
0.00000
0.00000
0.01385
0.18652
0.28247
0.00000
0.00032
0.00000
0.35559
0.25995
0.03358
0.00001
0.00000
0.00000
0.00000
0.00033
0.00000
0.00000
0.00000
0.00002
0.10983
0.00020
0.00000
0.04488
0.00000
0.04299
0.00000
0.00005
0.00000
0.01674
0.00000
0.00000
0.00007
0.00000
0.20774
0.00049
0.28666
0.00000
0.00021
0.01189
0.38728
0.04020
0.02297
0.35058
0.02421
0.00000
0.00000
0.37223
0.00000
0.00000
0.00000
0.08957
0.00000
0.00002
0.00000
0.00004
0.29676
0.00000
0.00000
0.29992
0.01583
0.25778
0.12438
0.00002
0.00000
0.00000
0.00030
0.00000
0.05914
0.30670
0.00000
0.00000
0.00000
0.00000
0.00000
0.01811
0.00947
0.00000
0.05183
0.00000
0.03687
0.00000
0.00000
0.00000
0.01421
0.00000
0.00000
0.02901
0.00000
0.23215
