0.30686
0.19331
0.14153
0.01080
0.00000
0.00000
0.00001
0.00000
0.07356
0.00000
0.00000
0.00317
0.00001
0.00045
0.00038
0.00000
0.00000
0.16145
0.00000
0.22714
0.36049
0.00108
0.31272
0.00000
0.07166
0.00000
0.12551
0.04063
0.00000
0.04775
0.38328
0.00000
0.00000
0.00000
0.00000
0.00000
0.00000
0.04162
0.09470
0.00000
0.00067
0.00242
0.00000
0.00066
0.33188
0.00669
0.00012
0.17315
0.00000
0.00000
0.00000
0.00000
0.00000
0.39517
0.10955
0.00000
0.00000
0.00420
0.00000
0.00000
0.00005
0.15663
0.02411
0.22964
0.00335
0.00000
0.00000
0.01022
0.36398
0.08479
0.38481
0.00132
0.00000
0.00000
0.00000
0.00003
0.00055
0.00001
0.00000
0.00000
0.00000
0.00006
0.00450
0.00000
0.00000
0.00037
0.00615
0.00000
0.00000
0.31434
0.00000
0.16254
0.00000
0.00000
0.00000
0.02863
0.00000
0.00000
0.00000
0.00000
0.02132
0.01460
0.00007
0.00000
0.00000
0.10380
0.00107
0.00000
0.00001
0.00011
0.00000
0.00000
0.01819
0.21839
0.31146
0.00000
0.00046
0.00000
0.34798
0.29350
0.04327
0.00001
0.00000
0.00000
0.00000
0.00046
0.00000
0.00000
0.00000
0.00001
0.08685
0.00029
0.00000
0.04620
0.00000
0.03184
0.00000
0.00004
0.00000
0.01633
0.00000
0.00000
0.00007
0.00000
0.24057
0.00033
0.25352
0.00000
0.00020
0.01494
0.39680
0.02993
0.03062
0.32290
0.01769
0.00000
0.00000
0.37357
0.00000
0.00000
0.00000
0.07117
0.00000
0.00002
0.00000
0.00003
0.32781
0.00000
0.00000
0.33034
0.01137
0.28923
0.15323
0.00001
0.00000
0.00000
0.00042
0.00000
0.07573
0.31610
0.00000
0.00000
0.00000
0.00000
0.00000
0.01798
0.00668
0.00000
0.03886
0.00000
0.04853
0.00000
0.00000
0.00000
0.01884
0.00000
0.00000
0.03912
0.00000
0.19942
