0.30589
0.19415
0.14242
0.01081
0.00000
0.00000
0.00000
0.00000
0.07413
0.00000
0.00000
0.00320
0.00001
0.00044
0.00038
0.00000
0.00000
0.16239
0.00000
0.22642
0.36034
0.00109
0.31354
0.00000
0.07223
0.00000
0.12634
0.04099
0.00000
0.04814
0.38354
0.00000
0.00000
0.00000
0.00000
0.00000
0.00000
0.04124
0.09402
0.00000
0.00067
0.00243
0.00000
0.00067
0.33115
0.00676
0.00012
0.17410
0.00000
0.00000
0.00000
0.00000
0.00000
0.39506
0.11030
0.00000
0.00000
0.00421
0.00000
0.00000
0.00005
0.15570
0.02389
0.23044
0.00338
0.00000
0.00000
0.01023
0.36398
0.08417
0.38440
0.00131
0.00000
0.00000
0.00000
0.00003
0.00056
0.00001
0.00000
0.00000
0.00000
0.00006
0.00446
0.00000
0.00000
0.00038
0.00610
0.00000
0.00000
0.31526
0.00000
0.16349
0.00000
0.00000
0.00000
0.02867
0.00000
0.00000
0.00000
0.00000
0.02112
0.01473
0.00007
0.00000
0.00000
0.10307
0.00105
0.00000
0.00001
0.00011
0.00000
0.00000
0.01804
0.21740
0.31065
0.00000
0.00046
0.00000
0.34829
0.29250
0.04294
0.00001
0.00000
0.00000
0.00000
0.00046
0.00000
0.00000
0.00000
0.00001
0.08750
0.00029
0.00000
0.04615
0.00000
0.03214
0.00000
0.00004
0.00000
0.01634
0.00000
0.00000
0.00007
0.00000
0.23956
0.00033
0.25454
0.00000
0.00020
0.01484
0.39662
0.03021
0.03036
0.32381
0.01787
0.00000
0.00000
0.37367
0.00000
0.00000
0.00000
0.07168
0.00000
0.00002
0.00000
0.00003
0.32693
0.00000
0.00000
0.32948
0.01149
0.28832
0.15230
0.00001
0.00000
0.00000
0.00041
0.00000
0.07517
0.31594
0.00000
0.00000
0.00000
0.00000
0.00000
0.01798
0.00675
0.00000
0.03921
0.00000
0.04813
0.00000
0.00000
0.00000
0.01868
0.00000
0.00000
0.03877
0.00000
0.20039
