0.18344
0.26903
0.26107
0.01158
0.00000
0.00000
0.00000
0.00000
0.16578
0.00000
0.00000
0.01158
0.00005
0.00014
0.00049
0.00000
0.00000
0.28441
0.00000
0.12942
0.29053
0.00430
0.36455
0.00000
0.16406
0.00000
0.24115
0.10609
0.00000
0.11748
0.35691
0.00000
0.00000
0.00000
0.00000
0.00000
0.00000
0.01271
0.03560
0.00000
0.00089
0.00282
0.00000
0.00274
0.21829
0.02350
0.00015
0.28505
0.00000
0.00000
0.00000
0.00000
0.00000
0.33691
0.22116
0.00000
0.00000
0.00515
0.00000
0.00000
0.00008
0.06741
0.00760
0.28909
0.01072
0.00001
0.00000
0.01220
0.30855
0.03185
0.29844
0.00042
0.00000
0.00000
0.00000
0.00004
0.00235
0.00002
0.00000
0.00000
0.00000
0.00002
0.00128
0.00000
0.00000
0.00176
0.00207
0.00000
0.00000
0.38472
0.00000
0.28463
0.00000
0.00000
0.00000
0.03477
0.00000
0.00000
0.00000
0.00000
0.00695
0.04190
0.00002
0.00000
0.00001
0.03951
0.00033
0.00000
0.00003
0.00014
0.00000
0.00000
0.00662
0.11359
0.19460
0.00000
0.00012
0.00000
0.34857
0.17201
0.01656
0.00000
0.00000
0.00000
0.00000
0.00014
0.00000
0.00000
0.00000
0.00006
0.18754
0.00008
0.00000
0.04153
0.00000
0.08826
0.00000
0.00017
0.00000
0.01823
0.00000
0.00000
0.00009
0.00000
0.12989
0.00144
0.36216
0.00000
0.00028
0.00651
0.32957
0.08211
0.01032
0.39265
0.05260
0.00001
0.00000
0.32829
0.00000
0.00000
0.00000
0.15422
0.00000
0.00003
0.00000
0.00015
0.20616
0.00000
0.00000
0.20946
0.03626
0.16981
0.06513
0.00006
0.00000
0.00000
0.00013
0.00000
0.02898
0.24856
0.00000
0.00000
0.00000
0.00000
0.00000
0.01883
0.02295
0.00000
0.10284
0.00000
0.01692
0.00000
0.00000
0.00000
0.00661
0.00000
0.00000
0.01241
0.00000
0.31838
