0.16242
0.27456
0.28274
0.01178
0.00000
0.00000
0.00000
0.00000
0.18715
0.00000
0.00000
0.01449
0.00007
0.00011
0.00052
0.00000
0.00000
0.30599
0.00000
0.11257
0.26994
0.00549
0.36207
0.00000
0.18542
0.00000
0.26297
0.12318
0.00000
0.13520
0.34111
0.00000
0.00000
0.00000
0.00000
0.00000
0.00000
0.01005
0.02916
0.00000
0.00095
0.00293
0.00000
0.00352
0.19587
0.02903
0.00016
0.30127
0.00000
0.00000
0.00000
0.00000
0.00000
0.31845
0.24410
0.00000
0.00000
0.00539
0.00000
0.00000
0.00009
0.05637
0.00609
0.28982
0.01314
0.00001
0.00000
0.01264
0.28930
0.02615
0.27736
0.00034
0.00000
0.00000
0.00000
0.00004
0.00304
0.00002
0.00000
0.00000
0.00000
0.00001
0.00101
0.00000
0.00000
0.00232
0.00170
0.00000
0.00000
0.38638
0.00000
0.30539
0.00000
0.00000
0.00000
0.03597
0.00000
0.00000
0.00000
0.00000
0.00562
0.04998
0.00001
0.00000
0.00002
0.03240
0.00027
0.00000
0.00005
0.00015
0.00000
0.00000
0.00548
0.09862
0.17295
0.00000
0.00010
0.00000
0.34057
0.15204
0.01376
0.00000
0.00000
0.00000
0.00000
0.00011
0.00000
0.00000
0.00000
0.00008
0.20985
0.00007
0.00000
0.04062
0.00000
0.10358
0.00000
0.00023
0.00000
0.01864
0.00000
0.00000
0.00010
0.00000
0.11344
0.00188
0.37575
0.00000
0.00030
0.00559
0.30969
0.09644
0.00838
0.39438
0.06288
0.00001
0.00000
0.31006
0.00000
0.00000
0.00000
0.17365
0.00000
0.00003
0.00000
0.00020
0.18410
0.00000
0.00000
0.18721
0.04397
0.14930
0.05429
0.00008
0.00000
0.00000
0.00011
0.00000
0.02394
0.22925
0.00000
0.00000
0.00000
0.00000
0.00000
0.01902
0.02826
0.00000
0.11966
0.00000
0.01377
0.00000
0.00000
0.00000
0.00543
0.00000
0.00000
0.00991
0.00000
0.33743
