0.00125
0.01507
0.09409
0.01675
0.00010
0.00047
0.00000
0.01113
0.20996
0.00000
0.00001
0.37181
0.04506
0.00000
0.00491
0.00016
0.00000
0.10193
0.00000
0.00031
0.00342
0.29853
0.01688
0.00000
0.18776
0.00000
0.09695
0.26895
0.00046
0.28581
0.00883
0.00000
0.00042
0.00002
0.00000
0.00000
0.00000
0.00002
0.00008
0.00000
0.00797
0.01006
0.00003
0.26124
0.00145
0.38366
0.00212
0.04663
0.00006
0.00010
0.00000
0.00001
0.00004
0.00960
0.14433
0.00003
0.00002
0.01740
0.00061
0.00000
0.00256
0.00017
0.00002
0.01150
0.32910
0.01649
0.00001
0.02570
0.00437
0.00009
0.00610
0.00001
0.00005
0.00000
0.00000
0.00105
0.25072
0.00074
0.00000
0.00015
0.00000
0.00000
0.00001
0.00018
0.00011
0.23986
0.00002
0.00001
0.00002
0.02673
0.00000
0.08513
0.00000
0.00004
0.00000
0.04613
0.00028
0.00049
0.00000
0.00000
0.00003
0.39233
0.00000
0.00000
0.01805
0.00008
0.00001
0.00000
0.03273
0.00208
0.00412
0.00000
0.00006
0.00079
0.00104
0.00000
0.00000
0.00005
0.02667
0.00130
0.00011
0.00000
0.00000
0.00000
0.00000
0.00000
0.00001
0.00000
0.00000
0.04524
0.18270
0.00000
0.00002
0.01540
0.00014
0.27678
0.00005
0.08129
0.00000
0.02482
0.00000
0.00000
0.00155
0.00004
0.00095
0.21021
0.06960
0.00000
0.00442
0.00019
0.00766
0.31982
0.00004
0.03010
0.37052
0.01597
0.00000
0.00574
0.00000
0.00004
0.00029
0.26132
0.00028
0.00084
0.00000
0.08446
0.00159
0.00011
0.00836
0.00157
0.38763
0.00075
0.00014
0.05578
0.00023
0.00000
0.00000
0.00000
0.00011
0.00202
0.00000
0.00000
0.00000
0.00000
0.00000
0.01975
0.39240
0.00003
0.26599
0.00000
0.00005
0.00000
0.00000
0.00053
0.00005
0.00000
0.00000
0.00002
0.00000
0.10376
