0.30968
0.19086
0.13894
0.01080
0.00000
0.00000
0.00001
0.00000
0.07192
0.00000
0.00000
0.00306
0.00001
0.00046
0.00038
0.00000
0.00000
0.15871
0.00000
0.22921
0.36090
0.00104
0.31028
0.00000
0.07002
0.00000
0.12308
0.03959
0.00000
0.04660
0.38248
0.00000
0.00000
0.00000
0.00000
0.00000
0.00000
0.04274
0.09673
0.00000
0.00067
0.00242
0.00000
0.00064
0.33398
0.00648
0.00012
0.17036
0.00000
0.00000
0.00000
0.00000
0.00000
0.39545
0.10735
0.00000
0.00000
0.00419
0.00000
0.00000
0.00005
0.15938
0.02477
0.22729
0.00326
0.00000
0.00000
0.01019
0.36394
0.08664
0.38598
0.00136
0.00000
0.00000
0.00000
0.00003
0.00054
0.00001
0.00000
0.00000
0.00000
0.00006
0.00465
0.00000
0.00000
0.00036
0.00632
0.00000
0.00000
0.31162
0.00000
0.15977
0.00000
0.00000
0.00000
0.02851
0.00000
0.00000
0.00000
0.00000
0.02189
0.01421
0.00007
0.00000
0.00000
0.10598
0.00110
0.00000
0.00001
0.00011
0.00000
0.00000
0.01864
0.22131
0.31381
0.00000
0.00048
0.00000
0.34706
0.29641
0.04425
0.00001
0.00000
0.00000
0.00000
0.00048
0.00000
0.00000
0.00000
0.00001
0.08499
0.00030
0.00000
0.04632
0.00000
0.03098
0.00000
0.00003
0.00000
0.01630
0.00000
0.00000
0.00007
0.00000
0.24353
0.00032
0.25054
0.00000
0.00020
0.01525
0.39727
0.02914
0.03140
0.32021
0.01720
0.00000
0.00000
0.37325
0.00000
0.00000
0.00000
0.06969
0.00000
0.00002
0.00000
0.00003
0.33039
0.00000
0.00000
0.33285
0.01104
0.29187
0.15594
0.00001
0.00000
0.00000
0.00043
0.00000
0.07737
0.31652
0.00000
0.00000
0.00000
0.00000
0.00000
0.01797
0.00647
0.00000
0.03785
0.00000
0.04970
0.00000
0.00000
0.00000
0.01932
0.00000
0.00000
0.04015
0.00000
0.19658
