0.21288
0.25698
0.23122
0.01133
0.00000
0.00000
0.00000
0.00000
0.13923
0.00000
0.00000
0.00854
0.00003
0.00018
0.00045
0.00000
0.00000
0.25432
0.00000
0.15316
0.31530
0.00309
0.36188
0.00000
0.13746
0.00000
0.21156
0.08587
0.00000
0.09630
0.37334
0.00000
0.00000
0.00000
0.00000
0.00000
0.00000
0.01722
0.04595
0.00000
0.00082
0.00269
0.00000
0.00195
0.24840
0.01758
0.00014
0.26037
0.00000
0.00000
0.00000
0.00000
0.00000
0.35846
0.19119
0.00000
0.00000
0.00486
0.00000
0.00000
0.00007
0.08453
0.01014
0.28284
0.00813
0.00001
0.00000
0.01163
0.33080
0.04104
0.32482
0.00055
0.00000
0.00000
0.00000
0.00003
0.00166
0.00002
0.00000
0.00000
0.00000
0.00002
0.00173
0.00000
0.00000
0.00122
0.00269
0.00000
0.00000
0.37666
0.00000
0.25526
0.00000
0.00000
0.00000
0.03318
0.00000
0.00000
0.00000
0.00000
0.00918
0.03286
0.00002
0.00000
0.00001
0.05091
0.00044
0.00000
0.00002
0.00013
0.00000
0.00000
0.00849
0.13566
0.22426
0.00000
0.00017
0.00000
0.35542
0.20023
0.02108
0.00000
0.00000
0.00000
0.00000
0.00018
0.00000
0.00000
0.00000
0.00004
0.15929
0.00011
0.00000
0.04268
0.00000
0.07041
0.00000
0.00012
0.00000
0.01770
0.00000
0.00000
0.00008
0.00000
0.15383
0.00101
0.34017
0.00000
0.00025
0.00795
0.35321
0.06552
0.01355
0.38458
0.04106
0.00001
0.00000
0.34867
0.00000
0.00000
0.00000
0.13023
0.00000
0.00002
0.00000
0.00010
0.23646
0.00000
0.00000
0.23991
0.02779
0.19858
0.08197
0.00004
0.00000
0.00000
0.00018
0.00000
0.03709
0.27206
0.00000
0.00000
0.00000
0.00000
0.00000
0.01857
0.01724
0.00000
0.08299
0.00000
0.02211
0.00000
0.00000
0.00000
0.00856
0.00000
0.00000
0.01661
0.00000
0.29082
