0.30983
0.19072
0.13880
0.01080
0.00000
0.00000
0.00001
0.00000
0.07183
0.00000
0.00000
0.00306
0.00001
0.00046
0.00037
0.00000
0.00000
0.15856
0.00000
0.22933
0.36092
0.00104
0.31015
0.00000
0.06993
0.00000
0.12295
0.03953
0.00000
0.04654
0.38244
0.00000
0.00000
0.00000
0.00000
0.00000
0.00000
0.04280
0.09685
0.00000
0.00066
0.00242
0.00000
0.00064
0.33409
0.00646
0.00012
0.17021
0.00000
0.00000
0.00000
0.00000
0.00000
0.39546
0.10723
0.00000
0.00000
0.00419
0.00000
0.00000
0.00005
0.15953
0.02480
0.22716
0.00325
0.00000
0.00000
0.01019
0.36394
0.08674
0.38604
0.00137
0.00000
0.00000
0.00000
0.00003
0.00053
0.00001
0.00000
0.00000
0.00000
0.00006
0.00465
0.00000
0.00000
0.00036
0.00633
0.00000
0.00000
0.31147
0.00000
0.15962
0.00000
0.00000
0.00000
0.02850
0.00000
0.00000
0.00000
0.00000
0.02192
0.01419
0.00007
0.00000
0.00000
0.10610
0.00110
0.00000
0.00001
0.00011
0.00000
0.00000
0.01866
0.22147
0.31393
0.00000
0.00048
0.00000
0.34700
0.29657
0.04430
0.00001
0.00000
0.00000
0.00000
0.00048
0.00000
0.00000
0.00000
0.00001
0.08489
0.00030
0.00000
0.04633
0.00000
0.03093
0.00000
0.00003
0.00000
0.01630
0.00000
0.00000
0.00007
0.00000
0.24369
0.00032
0.25038
0.00000
0.00020
0.01527
0.39729
0.02910
0.03145
0.32006
0.01717
0.00000
0.00000
0.37323
0.00000
0.00000
0.00000
0.06961
0.00000
0.00002
0.00000
0.00003
0.33053
0.00000
0.00000
0.33298
0.01102
0.29201
0.15609
0.00001
0.00000
0.00000
0.00043
0.00000
0.07746
0.31654
0.00000
0.00000
0.00000
0.00000
0.00000
0.01797
0.00646
0.00000
0.03780
0.00000
0.04977
0.00000
0.00000
0.00000
0.01934
0.00000
0.00000
0.04021
0.00000
0.19642
