0.29828
0.20057
0.14943
0.01083
0.00000
0.00000
0.00000
0.00000
0.07865
0.00000
0.00000
0.00349
0.00001
0.00041
0.00038
0.00000
0.00000
0.16978
0.00000
0.22074
0.35885
0.00119
0.31975
0.00000
0.07676
0.00000
0.13292
0.04389
0.00000
0.05131
0.38527
0.00000
0.00000
0.00000
0.00000
0.00000
0.00000
0.03841
0.08881
0.00000
0.00068
0.00244
0.00000
0.00073
0.32531
0.00736
0.00012
0.18155
0.00000
0.00000
0.00000
0.00000
0.00000
0.39399
0.11630
0.00000
0.00000
0.00425
0.00000
0.00000
0.00005
0.14855
0.02224
0.23651
0.00365
0.00000
0.00000
0.01032
0.36366
0.07944
0.38100
0.00121
0.00000
0.00000
0.00000
0.00003
0.00062
0.00001
0.00000
0.00000
0.00000
0.00006
0.00411
0.00000
0.00000
0.00042
0.00568
0.00000
0.00000
0.32228
0.00000
0.17095
0.00000
0.00000
0.00000
0.02901
0.00000
0.00000
0.00000
0.00000
0.01969
0.01582
0.00006
0.00000
0.00000
0.09748
0.00098
0.00000
0.00001
0.00011
0.00000
0.00000
0.01692
0.20974
0.30418
0.00000
0.00042
0.00000
0.35051
0.28469
0.04047
0.00001
0.00000
0.00000
0.00000
0.00042
0.00000
0.00000
0.00000
0.00001
0.09261
0.00026
0.00000
0.04583
0.00000
0.03454
0.00000
0.00004
0.00000
0.01643
0.00000
0.00000
0.00007
0.00000
0.23172
0.00037
0.26243
0.00000
0.00020
0.01405
0.39502
0.03242
0.02838
0.33075
0.01925
0.00000
0.00000
0.37411
0.00000
0.00000
0.00000
0.07576
0.00000
0.00002
0.00000
0.00003
0.31990
0.00000
0.00000
0.32264
0.01243
0.28116
0.14523
0.00001
0.00000
0.00000
0.00038
0.00000
0.07098
0.31443
0.00000
0.00000
0.00000
0.00000
0.00000
0.01800
0.00733
0.00000
0.04202
0.00000
0.04515
0.00000
0.00000
0.00000
0.01748
0.00000
0.00000
0.03617
0.00000
0.20801
