0.26919
0.22299
0.17652
0.01095
0.00000
0.00000
0.00000
0.00000
0.09706
0.00000
0.00000
0.00478
0.00002
0.00030
0.00040
0.00000
0.00000
0.19813
0.00000
0.19827
0.34916
0.00166
0.33963
0.00000
0.09519
0.00000
0.15860
0.05602
0.00000
0.06450
0.38734
0.00000
0.00000
0.00000
0.00000
0.00000
0.00000
0.02937
0.07145
0.00000
0.00072
0.00250
0.00000
0.00103
0.30119
0.01002
0.00013
0.20934
0.00000
0.00000
0.00000
0.00000
0.00000
0.38650
0.14009
0.00000
0.00000
0.00442
0.00000
0.00000
0.00006
0.12380
0.01703
0.25670
0.00482
0.00000
0.00000
0.01071
0.35812
0.06380
0.36540
0.00092
0.00000
0.00000
0.00000
0.00003
0.00087
0.00002
0.00000
0.00000
0.00000
0.00004
0.00305
0.00000
0.00000
0.00060
0.00438
0.00000
0.00000
0.34570
0.00000
0.19946
0.00000
0.00000
0.00000
0.03036
0.00000
0.00000
0.00000
0.00000
0.01518
0.02050
0.00004
0.00000
0.00000
0.07875
0.00073
0.00000
0.00001
0.00012
0.00000
0.00000
0.01334
0.18237
0.27826
0.00000
0.00030
0.00000
0.35620
0.25536
0.03244
0.00001
0.00000
0.00000
0.00000
0.00031
0.00000
0.00000
0.00000
0.00002
0.11322
0.00019
0.00000
0.04471
0.00000
0.04472
0.00000
0.00006
0.00000
0.01681
0.00000
0.00000
0.00007
0.00000
0.20341
0.00052
0.29103
0.00000
0.00021
0.01153
0.38542
0.04179
0.02208
0.35390
0.02524
0.00000
0.00000
0.37136
0.00000
0.00000
0.00000
0.09231
0.00000
0.00002
0.00000
0.00005
0.29233
0.00000
0.00000
0.29555
0.01655
0.25335
0.12075
0.00002
0.00000
0.00000
0.00029
0.00000
0.05715
0.30480
0.00000
0.00000
0.00000
0.00000
0.00000
0.01814
0.00993
0.00000
0.05382
0.00000
0.03550
0.00000
0.00000
0.00000
0.01368
0.00000
0.00000
0.02784
0.00000
0.23664
