0.30726
0.19297
0.14117
0.01080
0.00000
0.00000
0.00001
0.00000
0.07333
0.00000
0.00000
0.00315
0.00001
0.00045
0.00038
0.00000
0.00000
0.16106
0.00000
0.22743
0.36055
0.00107
0.31238
0.00000
0.07143
0.00000
0.12516
0.04048
0.00000
0.04758
0.38317
0.00000
0.00000
0.00000
0.00000
0.00000
0.00000
0.04177
0.09499
0.00000
0.00067
0.00242
0.00000
0.00066
0.33218
0.00666
0.00012
0.17276
0.00000
0.00000
0.00000
0.00000
0.00000
0.39521
0.10923
0.00000
0.00000
0.00420
0.00000
0.00000
0.00005
0.15701
0.02420
0.22932
0.00334
0.00000
0.00000
0.01022
0.36398
0.08505
0.38498
0.00133
0.00000
0.00000
0.00000
0.00003
0.00055
0.00001
0.00000
0.00000
0.00000
0.00006
0.00452
0.00000
0.00000
0.00037
0.00618
0.00000
0.00000
0.31396
0.00000
0.16215
0.00000
0.00000
0.00000
0.02861
0.00000
0.00000
0.00000
0.00000
0.02140
0.01454
0.00007
0.00000
0.00000
0.10411
0.00107
0.00000
0.00001
0.00011
0.00000
0.00000
0.01825
0.21880
0.31179
0.00000
0.00046
0.00000
0.34785
0.29391
0.04341
0.00001
0.00000
0.00000
0.00000
0.00046
0.00000
0.00000
0.00000
0.00001
0.08659
0.00029
0.00000
0.04621
0.00000
0.03171
0.00000
0.00004
0.00000
0.01633
0.00000
0.00000
0.00007
0.00000
0.24098
0.00033
0.25310
0.00000
0.00020
0.01498
0.39687
0.02982
0.03073
0.32253
0.01762
0.00000
0.00000
0.37353
0.00000
0.00000
0.00000
0.07096
0.00000
0.00002
0.00000
0.00003
0.32818
0.00000
0.00000
0.33070
0.01132
0.28960
0.15361
0.00001
0.00000
0.00000
0.00042
0.00000
0.07596
0.31616
0.00000
0.00000
0.00000
0.00000
0.00000
0.01798
0.00665
0.00000
0.03872
0.00000
0.04869
0.00000
0.00000
0.00000
0.01891
0.00000
0.00000
0.03926
0.00000
0.19902
