0.06145
0.23444
0.37016
0.01323
0.00000
0.00000
0.00000
0.00005
0.32904
0.00000
0.00000
0.05335
0.00051
0.00003
0.00086
0.00000
0.00000
0.38890
0.00000
0.03588
0.13262
0.02369
0.26964
0.00000
0.32476
0.00000
0.35844
0.26078
0.00000
0.27424
0.20278
0.00000
0.00000
0.00000
0.00000
0.00000
0.00000
0.00199
0.00709
0.00000
0.00157
0.00392
0.00000
0.01627
0.07843
0.09516
0.00028
0.33020
0.00000
0.00000
0.00000
0.00000
0.00000
0.18257
0.36635
0.00000
0.00000
0.00738
0.00000
0.00000
0.00019
0.01513
0.00139
0.22190
0.04421
0.00011
0.00000
0.01598
0.15044
0.00654
0.14328
0.00010
0.00000
0.00000
0.00000
0.00008
0.01445
0.00005
0.00000
0.00000
0.00000
0.00000
0.00023
0.00000
0.00000
0.01225
0.00048
0.00000
0.00000
0.31333
0.00000
0.37739
0.00000
0.00000
0.00000
0.04318
0.00000
0.00000
0.00000
0.00000
0.00137
0.13390
0.00000
0.00000
0.00013
0.00784
0.00008
0.00000
0.00033
0.00027
0.00001
0.00000
0.00159
0.03428
0.06515
0.00000
0.00002
0.00000
0.24676
0.05764
0.00394
0.00000
0.00000
0.00000
0.00000
0.00003
0.00000
0.00000
0.00000
0.00055
0.34672
0.00002
0.00000
0.03402
0.00000
0.23429
0.00000
0.00146
0.00000
0.02130
0.00000
0.00000
0.00017
0.00000
0.04069
0.00949
0.38503
0.00000
0.00055
0.00211
0.16995
0.22313
0.00206
0.32277
0.16572
0.00009
0.00000
0.16964
0.00000
0.00000
0.00000
0.30979
0.00000
0.00006
0.00000
0.00139
0.07316
0.00000
0.00004
0.07445
0.12811
0.05272
0.01422
0.00063
0.00000
0.00000
0.00004
0.00000
0.00633
0.10551
0.00000
0.00000
0.00000
0.00000
0.00000
0.02016
0.09190
0.00000
0.25616
0.00000
0.00336
0.00000
0.00000
0.00000
0.00149
0.00000
0.00000
0.00213
0.00000
0.39808
