0.08948
0.26233
0.35362
0.01267
0.00000
0.00000
0.00000
0.00002
0.28205
0.00000
0.00000
0.03477
0.00026
0.00005
0.00071
0.00000
0.00000
0.37441
0.00000
0.05612
0.17806
0.01453
0.31402
0.00000
0.27940
0.00000
0.33795
0.20933
0.00000
0.22279
0.25431
0.00000
0.00000
0.00000
0.00000
0.00000
0.00000
0.00357
0.01191
0.00000
0.00130
0.00350
0.00000
0.00973
0.11263
0.06504
0.00023
0.33703
0.00000
0.00000
0.00000
0.00000
0.00000
0.23023
0.33274
0.00000
0.00000
0.00657
0.00000
0.00000
0.00014
0.02471
0.00235
0.25763
0.02952
0.00005
0.00000
0.01471
0.19811
0.01084
0.18719
0.00015
0.00000
0.00000
0.00000
0.00006
0.00855
0.00003
0.00000
0.00000
0.00000
0.00001
0.00039
0.00000
0.00000
0.00702
0.00075
0.00000
0.00000
0.35326
0.00000
0.36768
0.00000
0.00000
0.00000
0.04075
0.00000
0.00000
0.00000
0.00000
0.00226
0.09779
0.00001
0.00000
0.00006
0.01321
0.00012
0.00000
0.00017
0.00021
0.00001
0.00000
0.00246
0.05098
0.09557
0.00000
0.00004
0.00000
0.28560
0.08366
0.00616
0.00000
0.00000
0.00000
0.00000
0.00005
0.00000
0.00000
0.00000
0.00028
0.30405
0.00003
0.00000
0.03640
0.00000
0.18388
0.00000
0.00077
0.00000
0.02035
0.00000
0.00000
0.00014
0.00000
0.05994
0.00548
0.39811
0.00000
0.00044
0.00296
0.21788
0.17312
0.00340
0.36211
0.12245
0.00004
0.00000
0.21929
0.00000
0.00000
0.00000
0.26254
0.00000
0.00004
0.00000
0.00071
0.10485
0.00000
0.00002
0.10677
0.09126
0.07902
0.02344
0.00031
0.00000
0.00000
0.00005
0.00000
0.01026
0.14546
0.00000
0.00000
0.00000
0.00000
0.00000
0.01976
0.06287
0.00000
0.20493
0.00000
0.00558
0.00000
0.00000
0.00000
0.00235
0.00000
0.00000
0.00370
0.00000
0.39158
