0.07985
0.25494
0.36078
0.01284
0.00000
0.00000
0.00000
0.00003
0.29754
0.00000
0.00000
0.03990
0.00032
0.00004
0.00075
0.00000
0.00000
0.38094
0.00000
0.04903
0.16320
0.01699
0.30108
0.00000
0.29448
0.00000
0.34626
0.22541
0.00000
0.23891
0.23808
0.00000
0.00000
0.00000
0.00000
0.00000
0.00000
0.00298
0.01014
0.00000
0.00138
0.00362
0.00000
0.01146
0.10102
0.07360
0.00024
0.33694
0.00000
0.00000
0.00000
0.00000
0.00000
0.21498
0.34479
0.00000
0.00000
0.00680
0.00000
0.00000
0.00015
0.02125
0.00199
0.24746
0.03359
0.00007
0.00000
0.01509
0.18269
0.00927
0.17283
0.00013
0.00000
0.00000
0.00000
0.00007
0.01011
0.00004
0.00000
0.00000
0.00000
0.00000
0.00033
0.00000
0.00000
0.00838
0.00065
0.00000
0.00000
0.34206
0.00000
0.37280
0.00000
0.00000
0.00000
0.04152
0.00000
0.00000
0.00000
0.00000
0.00193
0.10831
0.00001
0.00000
0.00008
0.01125
0.00010
0.00000
0.00021
0.00023
0.00001
0.00000
0.00215
0.04515
0.08515
0.00000
0.00003
0.00000
0.27383
0.07470
0.00536
0.00000
0.00000
0.00000
0.00000
0.00004
0.00000
0.00000
0.00000
0.00035
0.31850
0.00003
0.00000
0.03565
0.00000
0.19942
0.00000
0.00094
0.00000
0.02064
0.00000
0.00000
0.00015
0.00000
0.05325
0.00653
0.39588
0.00000
0.00047
0.00266
0.20243
0.18835
0.00291
0.35110
0.13522
0.00006
0.00000
0.20339
0.00000
0.00000
0.00000
0.27774
0.00000
0.00005
0.00000
0.00088
0.09404
0.00000
0.00002
0.09576
0.10193
0.06992
0.02011
0.00039
0.00000
0.00000
0.00005
0.00000
0.00883
0.13227
0.00000
0.00000
0.00000
0.00000
0.00000
0.01988
0.07110
0.00000
0.22091
0.00000
0.00476
0.00000
0.00000
0.00000
0.00204
0.00000
0.00000
0.00312
0.00000
0.39550
