0.28787
0.20897
0.15906
0.01086
0.00000
0.00000
0.00000
0.00000
0.08503
0.00000
0.00000
0.00391
0.00001
0.00037
0.00039
0.00000
0.00000
0.17990
0.00000
0.21281
0.35608
0.00135
0.32755
0.00000
0.08313
0.00000
0.14201
0.04802
0.00000
0.05583
0.38680
0.00000
0.00000
0.00000
0.00000
0.00000
0.00000
0.03488
0.08216
0.00000
0.00069
0.00246
0.00000
0.00083
0.31698
0.00824
0.00012
0.19162
0.00000
0.00000
0.00000
0.00000
0.00000
0.39190
0.12465
0.00000
0.00000
0.00431
0.00000
0.00000
0.00005
0.13925
0.02019
0.24427
0.00404
0.00000
0.00000
0.01046
0.36243
0.07344
0.37588
0.00110
0.00000
0.00000
0.00000
0.00003
0.00070
0.00001
0.00000
0.00000
0.00000
0.00005
0.00368
0.00000
0.00000
0.00048
0.00517
0.00000
0.00000
0.33127
0.00000
0.18115
0.00000
0.00000
0.00000
0.02949
0.00000
0.00000
0.00000
0.00000
0.01792
0.01739
0.00005
0.00000
0.00000
0.09033
0.00088
0.00000
0.00001
0.00011
0.00000
0.00000
0.01552
0.19962
0.29510
0.00000
0.00037
0.00000
0.35305
0.27410
0.03736
0.00001
0.00000
0.00000
0.00000
0.00038
0.00000
0.00000
0.00000
0.00001
0.09978
0.00024
0.00000
0.04541
0.00000
0.03799
0.00000
0.00005
0.00000
0.01656
0.00000
0.00000
0.00007
0.00000
0.22132
0.00042
0.27293
0.00000
0.00020
0.01307
0.39219
0.03559
0.02592
0.33963
0.02126
0.00000
0.00000
0.37390
0.00000
0.00000
0.00000
0.08149
0.00000
0.00002
0.00000
0.00004
0.31015
0.00000
0.00000
0.31310
0.01380
0.27127
0.13603
0.00001
0.00000
0.00000
0.00034
0.00000
0.06566
0.31164
0.00000
0.00000
0.00000
0.00000
0.00000
0.01804
0.00819
0.00000
0.04604
0.00000
0.04141
0.00000
0.00000
0.00000
0.01599
0.00000
0.00000
0.03291
0.00000
0.21833
