0.30936
0.19114
0.13924
0.01080
0.00000
0.00000
0.00001
0.00000
0.07211
0.00000
0.00000
0.00308
0.00001
0.00046
0.00038
0.00000
0.00000
0.15902
0.00000
0.22898
0.36085
0.00105
0.31056
0.00000
0.07021
0.00000
0.12336
0.03971
0.00000
0.04673
0.38258
0.00000
0.00000
0.00000
0.00000
0.00000
0.00000
0.04261
0.09650
0.00000
0.00067
0.00242
0.00000
0.00064
0.33374
0.00650
0.00012
0.17068
0.00000
0.00000
0.00000
0.00000
0.00000
0.39542
0.10760
0.00000
0.00000
0.00419
0.00000
0.00000
0.00005
0.15906
0.02469
0.22756
0.00327
0.00000
0.00000
0.01019
0.36395
0.08642
0.38585
0.00136
0.00000
0.00000
0.00000
0.00003
0.00054
0.00001
0.00000
0.00000
0.00000
0.00006
0.00463
0.00000
0.00000
0.00036
0.00630
0.00000
0.00000
0.31193
0.00000
0.16009
0.00000
0.00000
0.00000
0.02852
0.00000
0.00000
0.00000
0.00000
0.02182
0.01425
0.00007
0.00000
0.00000
0.10573
0.00109
0.00000
0.00001
0.00011
0.00000
0.00000
0.01859
0.22098
0.31354
0.00000
0.00048
0.00000
0.34716
0.29608
0.04414
0.00001
0.00000
0.00000
0.00000
0.00047
0.00000
0.00000
0.00000
0.00001
0.08520
0.00030
0.00000
0.04631
0.00000
0.03107
0.00000
0.00003
0.00000
0.01631
0.00000
0.00000
0.00007
0.00000
0.24319
0.00032
0.25088
0.00000
0.00020
0.01521
0.39722
0.02923
0.03131
0.32052
0.01725
0.00000
0.00000
0.37329
0.00000
0.00000
0.00000
0.06986
0.00000
0.00002
0.00000
0.00003
0.33010
0.00000
0.00000
0.33256
0.01107
0.29157
0.15563
0.00001
0.00000
0.00000
0.00043
0.00000
0.07718
0.31648
0.00000
0.00000
0.00000
0.00000
0.00000
0.01797
0.00650
0.00000
0.03797
0.00000
0.04957
0.00000
0.00000
0.00000
0.01926
0.00000
0.00000
0.04003
0.00000
0.19690
