0.09938
0.26805
0.34528
0.01252
0.00000
0.00000
0.00000
0.00002
0.26692
0.00000
0.00000
0.03042
0.00021
0.00005
0.00067
0.00000
0.00000
0.36663
0.00000
0.06351
0.19259
0.01250
0.32528
0.00000
0.26456
0.00000
0.32861
0.19427
0.00000
0.20764
0.26959
0.00000
0.00000
0.00000
0.00000
0.00000
0.00000
0.00424
0.01384
0.00000
0.00124
0.00340
0.00000
0.00831
0.12442
0.05763
0.00021
0.33536
0.00000
0.00000
0.00000
0.00000
0.00000
0.24485
0.32021
0.00000
0.00000
0.00635
0.00000
0.00000
0.00013
0.02843
0.00275
0.26624
0.02606
0.00004
0.00000
0.01435
0.21301
0.01256
0.20124
0.00017
0.00000
0.00000
0.00000
0.00006
0.00728
0.00003
0.00000
0.00000
0.00000
0.00001
0.00045
0.00000
0.00000
0.00591
0.00085
0.00000
0.00000
0.36259
0.00000
0.36117
0.00000
0.00000
0.00000
0.04001
0.00000
0.00000
0.00000
0.00000
0.00262
0.08846
0.00001
0.00000
0.00005
0.01536
0.00013
0.00000
0.00014
0.00020
0.00000
0.00000
0.00280
0.05709
0.10625
0.00000
0.00004
0.00000
0.29629
0.09287
0.00703
0.00000
0.00000
0.00000
0.00000
0.00006
0.00000
0.00000
0.00000
0.00023
0.28964
0.00003
0.00000
0.03711
0.00000
0.16948
0.00000
0.00064
0.00000
0.02007
0.00000
0.00000
0.00013
0.00000
0.06690
0.00464
0.39859
0.00000
0.00041
0.00327
0.23281
0.15915
0.00394
0.37126
0.11101
0.00004
0.00000
0.23453
0.00000
0.00000
0.00000
0.24795
0.00000
0.00004
0.00000
0.00058
0.11586
0.00000
0.00001
0.11799
0.08186
0.08843
0.02705
0.00025
0.00000
0.00000
0.00006
0.00000
0.01181
0.15845
0.00000
0.00000
0.00000
0.00000
0.00000
0.01965
0.05574
0.00000
0.18998
0.00000
0.00648
0.00000
0.00000
0.00000
0.00269
0.00000
0.00000
0.00436
0.00000
0.38630
