0.07050
0.24571
0.36644
0.01302
0.00000
0.00000
0.00000
0.00003
0.31326
0.00000
0.00000
0.04601
0.00040
0.00004
0.00080
0.00000
0.00000
0.38591
0.00000
0.04228
0.14804
0.01998
0.28634
0.00000
0.30968
0.00000
0.35323
0.24255
0.00000
0.25605
0.22091
0.00000
0.00000
0.00000
0.00000
0.00000
0.00000
0.00245
0.00854
0.00000
0.00147
0.00376
0.00000
0.01360
0.08961
0.08353
0.00026
0.33480
0.00000
0.00000
0.00000
0.00000
0.00000
0.19909
0.35611
0.00000
0.00000
0.00707
0.00000
0.00000
0.00017
0.01807
0.00167
0.23559
0.03842
0.00009
0.00000
0.01551
0.16679
0.00784
0.15820
0.00011
0.00000
0.00000
0.00000
0.00007
0.01203
0.00004
0.00000
0.00000
0.00000
0.00000
0.00028
0.00000
0.00000
0.01009
0.00056
0.00000
0.00000
0.32882
0.00000
0.37617
0.00000
0.00000
0.00000
0.04233
0.00000
0.00000
0.00000
0.00000
0.00164
0.12025
0.00000
0.00000
0.00010
0.00946
0.00009
0.00000
0.00026
0.00025
0.00001
0.00000
0.00186
0.03958
0.07500
0.00000
0.00003
0.00000
0.26092
0.06603
0.00462
0.00000
0.00000
0.00000
0.00000
0.00004
0.00000
0.00000
0.00000
0.00043
0.33281
0.00002
0.00000
0.03486
0.00000
0.21620
0.00000
0.00117
0.00000
0.02096
0.00000
0.00000
0.00016
0.00000
0.04683
0.00783
0.39164
0.00000
0.00051
0.00237
0.18645
0.20497
0.00246
0.33806
0.14956
0.00007
0.00000
0.18683
0.00000
0.00000
0.00000
0.29350
0.00000
0.00005
0.00000
0.00110
0.08347
0.00000
0.00003
0.08497
0.11411
0.06114
0.01704
0.00049
0.00000
0.00000
0.00004
0.00000
0.00752
0.11894
0.00000
0.00000
0.00000
0.00000
0.00000
0.02001
0.08067
0.00000
0.23798
0.00000
0.00403
0.00000
0.00000
0.00000
0.00175
0.00000
0.00000
0.00260
0.00000
0.39779
