0.20345
0.26132
0.24070
0.01141
0.00000
0.00000
0.00000
0.00000
0.14735
0.00000
0.00000
0.00941
0.00004
0.00016
0.00046
0.00000
0.00000
0.26392
0.00000
0.14554
0.30788
0.00344
0.36346
0.00000
0.14560
0.00000
0.22090
0.09193
0.00000
0.10268
0.36877
0.00000
0.00000
0.00000
0.00000
0.00000
0.00000
0.01566
0.04245
0.00000
0.00084
0.00273
0.00000
0.00217
0.23893
0.01929
0.00015
0.26848
0.00000
0.00000
0.00000
0.00000
0.00000
0.35208
0.20053
0.00000
0.00000
0.00495
0.00000
0.00000
0.00007
0.07883
0.00926
0.28545
0.00887
0.00001
0.00000
0.01181
0.32426
0.03793
0.31676
0.00050
0.00000
0.00000
0.00000
0.00004
0.00186
0.00002
0.00000
0.00000
0.00000
0.00002
0.00157
0.00000
0.00000
0.00137
0.00248
0.00000
0.00000
0.37991
0.00000
0.26468
0.00000
0.00000
0.00000
0.03368
0.00000
0.00000
0.00000
0.00000
0.00842
0.03551
0.00002
0.00000
0.00001
0.04706
0.00040
0.00000
0.00003
0.00014
0.00000
0.00000
0.00785
0.12844
0.21484
0.00000
0.00015
0.00000
0.35374
0.19115
0.01955
0.00000
0.00000
0.00000
0.00000
0.00017
0.00000
0.00000
0.00000
0.00004
0.16799
0.00010
0.00000
0.04233
0.00000
0.07573
0.00000
0.00013
0.00000
0.01787
0.00000
0.00000
0.00008
0.00000
0.14603
0.00113
0.34754
0.00000
0.00026
0.00747
0.34615
0.07046
0.01244
0.38782
0.04445
0.00001
0.00000
0.34278
0.00000
0.00000
0.00000
0.13755
0.00000
0.00002
0.00000
0.00011
0.22683
0.00000
0.00000
0.23025
0.03026
0.18937
0.07635
0.00004
0.00000
0.00000
0.00016
0.00000
0.03435
0.26498
0.00000
0.00000
0.00000
0.00000
0.00000
0.01865
0.01889
0.00000
0.08894
0.00000
0.02034
0.00000
0.00000
0.00000
0.00789
0.00000
0.00000
0.01516
0.00000
0.29973
