0.17302
0.27213
0.27180
0.01168
0.00000
0.00000
0.00000
0.00000
0.17611
0.00000
0.00000
0.01293
0.00006
0.00012
0.00051
0.00000
0.00000
0.29512
0.00000
0.12105
0.28062
0.00485
0.36382
0.00000
0.17438
0.00000
0.25191
0.11425
0.00000
0.12596
0.34952
0.00000
0.00000
0.00000
0.00000
0.00000
0.00000
0.01134
0.03231
0.00000
0.00092
0.00287
0.00000
0.00310
0.20726
0.02608
0.00016
0.29328
0.00000
0.00000
0.00000
0.00000
0.00000
0.32809
0.23237
0.00000
0.00000
0.00526
0.00000
0.00000
0.00008
0.06182
0.00682
0.28988
0.01185
0.00001
0.00000
0.01241
0.29936
0.02894
0.28823
0.00038
0.00000
0.00000
0.00000
0.00004
0.00267
0.00002
0.00000
0.00000
0.00000
0.00001
0.00114
0.00000
0.00000
0.00202
0.00188
0.00000
0.00000
0.38601
0.00000
0.29497
0.00000
0.00000
0.00000
0.03536
0.00000
0.00000
0.00000
0.00000
0.00627
0.04571
0.00002
0.00000
0.00001
0.03588
0.00030
0.00000
0.00004
0.00015
0.00000
0.00000
0.00604
0.10609
0.18391
0.00000
0.00011
0.00000
0.34495
0.16209
0.01513
0.00000
0.00000
0.00000
0.00000
0.00013
0.00000
0.00000
0.00000
0.00007
0.19836
0.00008
0.00000
0.04109
0.00000
0.09555
0.00000
0.00020
0.00000
0.01843
0.00000
0.00000
0.00009
0.00000
0.12167
0.00164
0.36915
0.00000
0.00029
0.00604
0.32003
0.08892
0.00932
0.39397
0.05745
0.00001
0.00000
0.31964
0.00000
0.00000
0.00000
0.16359
0.00000
0.00003
0.00000
0.00017
0.19526
0.00000
0.00000
0.19848
0.03988
0.15964
0.05963
0.00007
0.00000
0.00000
0.00012
0.00000
0.02641
0.23925
0.00000
0.00000
0.00000
0.00000
0.00000
0.01892
0.02543
0.00000
0.11087
0.00000
0.01530
0.00000
0.00000
0.00000
0.00600
0.00000
0.00000
0.01112
0.00000
0.32792
