0.00000
0.00138
0.01088
0.00002
0.00062
0.02780
0.00000
0.00226
0.03025
0.00000
0.00000
0.07840
0.00628
0.00000
0.00001
0.00000
0.00000
0.00897
0.00000
0.00000
0.00004
0.05786
0.00062
0.00000
0.03220
0.00000
0.01316
0.05455
0.01375
0.04185
0.00014
0.00000
0.01561
0.00003
0.00001
0.00000
0.00000
0.00000
0.00000
0.00000
0.00001
0.00001
0.00061
0.05015
0.00001
0.10815
0.00000
0.00506
0.00066
0.00000
0.00000
0.00000
0.00000
0.00008
0.01804
0.00007
0.00004
0.00003
0.04395
0.00000
0.00000
0.00000
0.00000
0.00075
0.03185
0.00152
0.00000
0.00005
0.00006
0.00000
0.00004
0.00000
0.00028
0.00000
0.00000
0.00000
0.05037
0.00000
0.00000
0.00000
0.00000
0.00000
0.00000
0.00000
0.00332
0.07872
0.00000
0.00000
0.00020
0.00095
0.00000
0.00833
0.00000
0.00027
0.00000
0.00015
0.00695
0.02364
0.00000
0.00000
0.00000
0.05041
0.00000
0.00000
0.00170
0.00000
0.00000
0.00000
0.00339
0.00000
0.00045
0.00000
0.00000
0.00000
0.00000
0.00000
0.00000
0.00000
0.00026
0.00000
0.00000
0.00000
0.00000
0.00000
0.00000
0.00000
0.00003
0.00000
0.00000
0.00535
0.02500
0.00000
0.00009
0.00002
0.00000
0.06814
0.00000
0.01173
0.00000
0.00005
0.00000
0.00000
0.00000
0.00042
0.00000
0.03969
0.00282
0.00000
0.00001
0.00000
0.00006
0.06234
0.00000
0.00095
0.07362
0.00201
0.00000
0.00008
0.00000
0.00000
0.00364
0.02363
0.00000
0.00000
0.00000
0.01907
0.00001
0.00000
0.00079
0.00001
0.08478
0.00000
0.00000
0.01468
0.01157
0.00000
0.00000
0.00000
0.00000
0.00003
0.00000
0.00000
0.00000
0.00000
0.00000
0.00003
0.09289
0.00004
0.05757
0.00000
0.00000
0.00000
0.00000
0.01125
0.00000
0.00000
0.00000
0.00000
0.00000
0.00543
