0.30303
0.19659
0.14505
0.01081
0.00000
0.00000
0.00000
0.00000
0.07582
0.00000
0.00000
0.00331
0.00001
0.00043
0.00038
0.00000
0.00000
0.16517
0.00000
0.22430
0.35984
0.00113
0.31593
0.00000
0.07392
0.00000
0.12881
0.04207
0.00000
0.04932
0.38425
0.00000
0.00000
0.00000
0.00000
0.00000
0.00000
0.04015
0.09202
0.00000
0.00067
0.00243
0.00000
0.00069
0.32898
0.00698
0.00012
0.17691
0.00000
0.00000
0.00000
0.00000
0.00000
0.39470
0.11255
0.00000
0.00000
0.00422
0.00000
0.00000
0.00005
0.15297
0.02325
0.23276
0.00348
0.00000
0.00000
0.01027
0.36392
0.08235
0.38316
0.00127
0.00000
0.00000
0.00000
0.00003
0.00058
0.00001
0.00000
0.00000
0.00000
0.00006
0.00432
0.00000
0.00000
0.00039
0.00593
0.00000
0.00000
0.31795
0.00000
0.16630
0.00000
0.00000
0.00000
0.02880
0.00000
0.00000
0.00000
0.00000
0.02057
0.01514
0.00006
0.00000
0.00000
0.10093
0.00102
0.00000
0.00001
0.00011
0.00000
0.00000
0.01761
0.21449
0.30823
0.00000
0.00044
0.00000
0.34916
0.28955
0.04199
0.00001
0.00000
0.00000
0.00000
0.00044
0.00000
0.00000
0.00000
0.00001
0.08941
0.00028
0.00000
0.04603
0.00000
0.03303
0.00000
0.00004
0.00000
0.01637
0.00000
0.00000
0.00007
0.00000
0.23659
0.00035
0.25753
0.00000
0.00020
0.01453
0.39607
0.03103
0.02959
0.32647
0.01838
0.00000
0.00000
0.37390
0.00000
0.00000
0.00000
0.07320
0.00000
0.00002
0.00000
0.00003
0.32429
0.00000
0.00000
0.32692
0.01183
0.28564
0.14961
0.00001
0.00000
0.00000
0.00040
0.00000
0.07356
0.31542
0.00000
0.00000
0.00000
0.00000
0.00000
0.01799
0.00697
0.00000
0.04026
0.00000
0.04698
0.00000
0.00000
0.00000
0.01822
0.00000
0.00000
0.03777
0.00000
0.20327
