0.00032
0.00793
0.05997
0.00600
0.00035
0.00198
0.00000
0.01662
0.15380
0.00000
0.00001
0.37834
0.05640
0.00000
0.00195
0.00008
0.00000
0.06218
0.00000
0.00008
0.00114
0.31954
0.00756
0.00000
0.14021
0.00000
0.06396
0.22031
0.00183
0.22158
0.00327
0.00000
0.00173
0.00005
0.00001
0.00000
0.00001
0.00000
0.00001
0.00001
0.00327
0.00375
0.00012
0.28671
0.00041
0.38647
0.00082
0.02755
0.00025
0.00006
0.00000
0.00001
0.00002
0.00325
0.09784
0.00010
0.00006
0.00683
0.00254
0.00000
0.00115
0.00003
0.00000
0.00557
0.29492
0.02036
0.00001
0.01004
0.00152
0.00001
0.00191
0.00000
0.00017
0.00000
0.00000
0.00042
0.27970
0.00031
0.00000
0.00007
0.00000
0.00000
0.00000
0.00010
0.00049
0.29513
0.00000
0.00001
0.00008
0.01233
0.00000
0.05203
0.00001
0.00015
0.00000
0.01867
0.00112
0.00203
0.00000
0.00000
0.00000
0.33320
0.00000
0.00000
0.02225
0.00001
0.00000
0.00000
0.03944
0.00081
0.00573
0.00000
0.00001
0.00018
0.00028
0.00000
0.00000
0.00003
0.01011
0.00033
0.00002
0.00000
0.00000
0.00000
0.00000
0.00000
0.00005
0.00000
0.00000
0.05470
0.12988
0.00000
0.00006
0.00493
0.00008
0.23797
0.00003
0.09736
0.00000
0.00926
0.00000
0.00000
0.00061
0.00015
0.00022
0.23832
0.03566
0.00000
0.00186
0.00003
0.00255
0.26979
0.00001
0.01374
0.32932
0.02112
0.00000
0.00204
0.00000
0.00003
0.00108
0.18214
0.00016
0.00034
0.00000
0.11037
0.00043
0.00007
0.01083
0.00042
0.36212
0.00019
0.00003
0.07799
0.00103
0.00000
0.00000
0.00000
0.00002
0.00067
0.00000
0.00000
0.00000
0.00000
0.00000
0.00701
0.38598
0.00009
0.22052
0.00000
0.00001
0.00000
0.00000
0.00203
0.00001
0.00000
0.00000
0.00000
0.00000
0.05784
