0.26409
0.22659
0.18134
0.01098
0.00000
0.00000
0.00000
0.00000
0.10049
0.00000
0.00000
0.00504
0.00002
0.00029
0.00040
0.00000
0.00000
0.20314
0.00000
0.19424
0.34687
0.00176
0.34252
0.00000
0.09863
0.00000
0.16321
0.05834
0.00000
0.06700
0.38702
0.00000
0.00000
0.00000
0.00000
0.00000
0.00000
0.02802
0.06875
0.00000
0.00072
0.00252
0.00000
0.00109
0.29671
0.01056
0.00013
0.21412
0.00000
0.00000
0.00000
0.00000
0.00000
0.38467
0.14442
0.00000
0.00000
0.00446
0.00000
0.00000
0.00006
0.11982
0.01626
0.25977
0.00506
0.00000
0.00000
0.01079
0.35650
0.06138
0.36227
0.00087
0.00000
0.00000
0.00000
0.00003
0.00092
0.00002
0.00000
0.00000
0.00000
0.00004
0.00289
0.00000
0.00000
0.00064
0.00419
0.00000
0.00000
0.34928
0.00000
0.20448
0.00000
0.00000
0.00000
0.03061
0.00000
0.00000
0.00000
0.00000
0.01451
0.02142
0.00004
0.00000
0.00000
0.07582
0.00070
0.00000
0.00001
0.00012
0.00000
0.00000
0.01281
0.17784
0.27356
0.00000
0.00029
0.00000
0.35677
0.25029
0.03121
0.00001
0.00000
0.00000
0.00000
0.00030
0.00000
0.00000
0.00000
0.00002
0.11703
0.00018
0.00000
0.04452
0.00000
0.04669
0.00000
0.00006
0.00000
0.01688
0.00000
0.00000
0.00007
0.00000
0.19867
0.00055
0.29582
0.00000
0.00022
0.01115
0.38322
0.04360
0.02114
0.35745
0.02642
0.00000
0.00000
0.37021
0.00000
0.00000
0.00000
0.09539
0.00000
0.00002
0.00000
0.00005
0.28739
0.00000
0.00000
0.29067
0.01737
0.24843
0.11681
0.00002
0.00000
0.00000
0.00028
0.00000
0.05501
0.30256
0.00000
0.00000
0.00000
0.00000
0.00000
0.01817
0.01045
0.00000
0.05609
0.00000
0.03404
0.00000
0.00000
0.00000
0.01311
0.00000
0.00000
0.02659
0.00000
0.24161
