0.30389
0.19586
0.14426
0.01081
0.00000
0.00000
0.00000
0.00000
0.07531
0.00000
0.00000
0.00327
0.00001
0.00043
0.00038
0.00000
0.00000
0.16433
0.00000
0.22494
0.35999
0.00112
0.31522
0.00000
0.07341
0.00000
0.12807
0.04174
0.00000
0.04897
0.38405
0.00000
0.00000
0.00000
0.00000
0.00000
0.00000
0.04047
0.09261
0.00000
0.00067
0.00243
0.00000
0.00068
0.32964
0.00691
0.00012
0.17607
0.00000
0.00000
0.00000
0.00000
0.00000
0.39482
0.11188
0.00000
0.00000
0.00422
0.00000
0.00000
0.00005
0.15378
0.02344
0.23207
0.00345
0.00000
0.00000
0.01025
0.36394
0.08289
0.38354
0.00128
0.00000
0.00000
0.00000
0.00003
0.00057
0.00001
0.00000
0.00000
0.00000
0.00006
0.00436
0.00000
0.00000
0.00039
0.00598
0.00000
0.00000
0.31715
0.00000
0.16546
0.00000
0.00000
0.00000
0.02876
0.00000
0.00000
0.00000
0.00000
0.02074
0.01501
0.00007
0.00000
0.00000
0.10156
0.00103
0.00000
0.00001
0.00011
0.00000
0.00000
0.01774
0.21536
0.30896
0.00000
0.00045
0.00000
0.34891
0.29043
0.04228
0.00001
0.00000
0.00000
0.00000
0.00045
0.00000
0.00000
0.00000
0.00001
0.08883
0.00028
0.00000
0.04607
0.00000
0.03276
0.00000
0.00004
0.00000
0.01636
0.00000
0.00000
0.00007
0.00000
0.23747
0.00034
0.25663
0.00000
0.00020
0.01462
0.39624
0.03078
0.02982
0.32568
0.01822
0.00000
0.00000
0.37384
0.00000
0.00000
0.00000
0.07275
0.00000
0.00002
0.00000
0.00003
0.32508
0.00000
0.00000
0.32769
0.01173
0.28644
0.15041
0.00001
0.00000
0.00000
0.00040
0.00000
0.07404
0.31559
0.00000
0.00000
0.00000
0.00000
0.00000
0.01798
0.00690
0.00000
0.03994
0.00000
0.04732
0.00000
0.00000
0.00000
0.01835
0.00000
0.00000
0.03807
0.00000
0.20241
