0.23819
0.24330
0.20622
0.01114
0.00000
0.00000
0.00000
0.00000
0.11905
0.00000
0.00000
0.00659
0.00002
0.00023
0.00043
0.00000
0.00000
0.22881
0.00000
0.17357
0.33279
0.00234
0.35453
0.00000
0.11723
0.00000
0.18717
0.07123
0.00000
0.08080
0.38245
0.00000
0.00000
0.00000
0.00000
0.00000
0.00000
0.02200
0.05635
0.00000
0.00077
0.00260
0.00000
0.00146
0.27299
0.01370
0.00013
0.23793
0.00000
0.00000
0.00000
0.00000
0.00000
0.37319
0.16729
0.00000
0.00000
0.00465
0.00000
0.00000
0.00006
0.10100
0.01284
0.27324
0.00643
0.00000
0.00000
0.01119
0.34560
0.05029
0.34467
0.00069
0.00000
0.00000
0.00000
0.00003
0.00124
0.00002
0.00000
0.00000
0.00000
0.00003
0.00223
0.00000
0.00000
0.00089
0.00335
0.00000
0.00000
0.36510
0.00000
0.23006
0.00000
0.00000
0.00000
0.03188
0.00000
0.00000
0.00000
0.00000
0.01154
0.02665
0.00003
0.00000
0.00001
0.06230
0.00055
0.00000
0.00002
0.00012
0.00000
0.00000
0.01042
0.15582
0.24904
0.00000
0.00022
0.00000
0.35769
0.22480
0.02566
0.00000
0.00000
0.00000
0.00000
0.00023
0.00000
0.00000
0.00000
0.00003
0.13743
0.00014
0.00000
0.04360
0.00000
0.05771
0.00000
0.00008
0.00000
0.01728
0.00000
0.00000
0.00008
0.00000
0.17542
0.00075
0.31911
0.00000
0.00023
0.00940
0.36981
0.05377
0.01693
0.37312
0.03311
0.00000
0.00000
0.36154
0.00000
0.00000
0.00000
0.11206
0.00000
0.00002
0.00000
0.00007
0.26193
0.00000
0.00000
0.26538
0.02208
0.22329
0.09821
0.00003
0.00000
0.00000
0.00022
0.00000
0.04524
0.28886
0.00000
0.00000
0.00000
0.00000
0.00000
0.01836
0.01349
0.00000
0.06867
0.00000
0.02746
0.00000
0.00000
0.00000
0.01058
0.00000
0.00000
0.02104
0.00000
0.26665
