0.30864
0.19177
0.13990
0.01080
0.00000
0.00000
0.00001
0.00000
0.07253
0.00000
0.00000
0.00310
0.00001
0.00046
0.00038
0.00000
0.00000
0.15972
0.00000
0.22845
0.36075
0.00106
0.31119
0.00000
0.07063
0.00000
0.12398
0.03997
0.00000
0.04702
0.38279
0.00000
0.00000
0.00000
0.00000
0.00000
0.00000
0.04232
0.09598
0.00000
0.00067
0.00242
0.00000
0.00064
0.33320
0.00655
0.00012
0.17140
0.00000
0.00000
0.00000
0.00000
0.00000
0.39535
0.10816
0.00000
0.00000
0.00420
0.00000
0.00000
0.00005
0.15835
0.02452
0.22817
0.00329
0.00000
0.00000
0.01020
0.36397
0.08595
0.38555
0.00135
0.00000
0.00000
0.00000
0.00003
0.00054
0.00001
0.00000
0.00000
0.00000
0.00006
0.00459
0.00000
0.00000
0.00036
0.00626
0.00000
0.00000
0.31264
0.00000
0.16080
0.00000
0.00000
0.00000
0.02855
0.00000
0.00000
0.00000
0.00000
0.02167
0.01435
0.00007
0.00000
0.00000
0.10517
0.00109
0.00000
0.00001
0.00011
0.00000
0.00000
0.01847
0.22023
0.31294
0.00000
0.00047
0.00000
0.34740
0.29533
0.04388
0.00001
0.00000
0.00000
0.00000
0.00047
0.00000
0.00000
0.00000
0.00001
0.08568
0.00030
0.00000
0.04628
0.00000
0.03129
0.00000
0.00003
0.00000
0.01631
0.00000
0.00000
0.00007
0.00000
0.24243
0.00032
0.25165
0.00000
0.00020
0.01513
0.39710
0.02943
0.03111
0.32122
0.01738
0.00000
0.00000
0.37338
0.00000
0.00000
0.00000
0.07024
0.00000
0.00002
0.00000
0.00003
0.32944
0.00000
0.00000
0.33192
0.01116
0.29089
0.15493
0.00001
0.00000
0.00000
0.00042
0.00000
0.07676
0.31637
0.00000
0.00000
0.00000
0.00000
0.00000
0.01797
0.00655
0.00000
0.03823
0.00000
0.04926
0.00000
0.00000
0.00000
0.01914
0.00000
0.00000
0.03977
0.00000
0.19763
