0.13039
0.27653
0.31559
0.01212
0.00000
0.00000
0.00000
0.00001
0.22437
0.00000
0.00000
0.02074
0.00012
0.00008
0.00059
0.00000
0.00000
0.33821
0.00000
0.08730
0.23372
0.00815
0.34980
0.00000
0.22250
0.00000
0.29681
0.15481
0.00000
0.16765
0.30978
0.00000
0.00000
0.00000
0.00000
0.00000
0.00000
0.00673
0.02069
0.00000
0.00107
0.00313
0.00000
0.00532
0.16034
0.04056
0.00018
0.32232
0.00000
0.00000
0.00000
0.00000
0.00000
0.28484
0.28156
0.00000
0.00000
0.00581
0.00000
0.00000
0.00010
0.04124
0.00420
0.28354
0.01827
0.00002
0.00000
0.01342
0.25427
0.01864
0.24131
0.00024
0.00000
0.00000
0.00000
0.00005
0.00462
0.00003
0.00000
0.00000
0.00000
0.00001
0.00069
0.00000
0.00000
0.00364
0.00123
0.00000
0.00000
0.38072
0.00000
0.33570
0.00000
0.00000
0.00000
0.03791
0.00000
0.00000
0.00000
0.00000
0.00393
0.06607
0.00001
0.00000
0.00003
0.02299
0.00019
0.00000
0.00008
0.00017
0.00000
0.00000
0.00400
0.07693
0.13937
0.00000
0.00007
0.00000
0.32249
0.12186
0.01006
0.00000
0.00000
0.00000
0.00000
0.00008
0.00000
0.00000
0.00000
0.00013
0.24781
0.00005
0.00000
0.03902
0.00000
0.13248
0.00000
0.00037
0.00000
0.01932
0.00000
0.00000
0.00011
0.00000
0.08931
0.00289
0.39167
0.00000
0.00035
0.00434
0.27418
0.12370
0.00589
0.38897
0.08317
0.00002
0.00000
0.27593
0.00000
0.00000
0.00000
0.20789
0.00000
0.00003
0.00000
0.00033
0.14983
0.00000
0.00001
0.15251
0.05961
0.11822
0.03950
0.00014
0.00000
0.00000
0.00008
0.00000
0.01726
0.19576
0.00000
0.00000
0.00000
0.00000
0.00000
0.01933
0.03934
0.00000
0.15088
0.00000
0.00970
0.00000
0.00000
0.00000
0.00391
0.00000
0.00000
0.00676
0.00000
0.36453
