0.00248
0.02533
0.13164
0.01930
0.00004
0.00024
0.00000
0.00625
0.25973
0.00000
0.00000
0.33434
0.02900
0.00000
0.00464
0.00011
0.00000
0.14219
0.00000
0.00069
0.00654
0.24824
0.02858
0.00000
0.23515
0.00000
0.13444
0.31170
0.00022
0.33124
0.01574
0.00000
0.00020
0.00001
0.00000
0.00000
0.00000
0.00004
0.00017
0.00000
0.00764
0.01056
0.00001
0.21038
0.00291
0.37053
0.00193
0.07055
0.00003
0.00007
0.00000
0.00001
0.00003
0.01674
0.19046
0.00001
0.00001
0.01844
0.00033
0.00000
0.00215
0.00036
0.00005
0.01991
0.29433
0.00992
0.00001
0.02864
0.00824
0.00018
0.01095
0.00001
0.00002
0.00000
0.00000
0.00089
0.19980
0.00061
0.00000
0.00011
0.00000
0.00000
0.00001
0.00012
0.00005
0.18770
0.00004
0.00000
0.00001
0.04344
0.00000
0.12109
0.00000
0.00001
0.00000
0.05415
0.00012
0.00024
0.00000
0.00000
0.00006
0.39663
0.00000
0.00000
0.01093
0.00018
0.00001
0.00000
0.02076
0.00188
0.00222
0.00000
0.00012
0.00154
0.00213
0.00000
0.00000
0.00003
0.04224
0.00255
0.00022
0.00000
0.00000
0.00000
0.00000
0.00000
0.00001
0.00000
0.00000
0.02937
0.23187
0.00000
0.00001
0.02033
0.00009
0.31479
0.00003
0.05558
0.00000
0.02886
0.00000
0.00000
0.00138
0.00001
0.00187
0.16221
0.10233
0.00000
0.00399
0.00031
0.01364
0.35488
0.00008
0.04837
0.38754
0.00943
0.00000
0.01059
0.00000
0.00002
0.00013
0.31212
0.00019
0.00071
0.00000
0.05695
0.00313
0.00007
0.00477
0.00310
0.38932
0.00156
0.00031
0.03577
0.00011
0.00000
0.00001
0.00000
0.00023
0.00402
0.00000
0.00000
0.00000
0.00000
0.00000
0.02353
0.37638
0.00001
0.30791
0.00000
0.00011
0.00000
0.00000
0.00025
0.00009
0.00000
0.00000
0.00005
0.00000
0.14517
