0.27792
0.21660
0.16832
0.01091
0.00000
0.00000
0.00000
0.00000
0.09133
0.00000
0.00000
0.00435
0.00001
0.00033
0.00039
0.00000
0.00000
0.18959
0.00000
0.20511
0.35269
0.00151
0.33428
0.00000
0.08945
0.00000
0.15079
0.05218
0.00000
0.06035
0.38743
0.00000
0.00000
0.00000
0.00000
0.00000
0.00000
0.03183
0.07628
0.00000
0.00070
0.00248
0.00000
0.00093
0.30870
0.00915
0.00012
0.20110
0.00000
0.00000
0.00000
0.00000
0.00000
0.38928
0.13279
0.00000
0.00000
0.00437
0.00000
0.00000
0.00005
0.13085
0.01844
0.25112
0.00444
0.00000
0.00000
0.01059
0.36045
0.06814
0.37049
0.00100
0.00000
0.00000
0.00000
0.00003
0.00078
0.00001
0.00000
0.00000
0.00000
0.00004
0.00333
0.00000
0.00000
0.00054
0.00473
0.00000
0.00000
0.33921
0.00000
0.19090
0.00000
0.00000
0.00000
0.02995
0.00000
0.00000
0.00000
0.00000
0.01640
0.01900
0.00005
0.00000
0.00000
0.08398
0.00080
0.00000
0.00001
0.00012
0.00000
0.00000
0.01432
0.19030
0.28622
0.00000
0.00033
0.00000
0.35495
0.26409
0.03464
0.00001
0.00000
0.00000
0.00000
0.00034
0.00000
0.00000
0.00000
0.00002
0.10684
0.00021
0.00000
0.04503
0.00000
0.04148
0.00000
0.00005
0.00000
0.01669
0.00000
0.00000
0.00007
0.00000
0.21167
0.00047
0.28268
0.00000
0.00021
0.01222
0.38884
0.03881
0.02379
0.34749
0.02332
0.00000
0.00000
0.37288
0.00000
0.00000
0.00000
0.08716
0.00000
0.00002
0.00000
0.00004
0.30071
0.00000
0.00000
0.30382
0.01522
0.26175
0.12771
0.00001
0.00000
0.00000
0.00031
0.00000
0.06098
0.30828
0.00000
0.00000
0.00000
0.00000
0.00000
0.01809
0.00908
0.00000
0.05009
0.00000
0.03815
0.00000
0.00000
0.00000
0.01471
0.00000
0.00000
0.03010
0.00000
0.22811
