0.28493
0.21127
0.16179
0.01088
0.00000
0.00000
0.00000
0.00000
0.08687
0.00000
0.00000
0.00404
0.00001
0.00036
0.00039
0.00000
0.00000
0.18276
0.00000
0.21054
0.35515
0.00139
0.32961
0.00000
0.08498
0.00000
0.14459
0.04923
0.00000
0.05714
0.38707
0.00000
0.00000
0.00000
0.00000
0.00000
0.00000
0.03395
0.08038
0.00000
0.00069
0.00247
0.00000
0.00086
0.31456
0.00850
0.00012
0.19443
0.00000
0.00000
0.00000
0.00000
0.00000
0.39119
0.12704
0.00000
0.00000
0.00432
0.00000
0.00000
0.00005
0.13672
0.01965
0.24635
0.00416
0.00000
0.00000
0.01050
0.36192
0.07183
0.37433
0.00106
0.00000
0.00000
0.00000
0.00003
0.00072
0.00001
0.00000
0.00000
0.00000
0.00005
0.00357
0.00000
0.00000
0.00049
0.00503
0.00000
0.00000
0.33368
0.00000
0.18403
0.00000
0.00000
0.00000
0.02962
0.00000
0.00000
0.00000
0.00000
0.01746
0.01786
0.00005
0.00000
0.00000
0.08841
0.00085
0.00000
0.00001
0.00011
0.00000
0.00000
0.01515
0.19683
0.29250
0.00000
0.00036
0.00000
0.35366
0.27113
0.03653
0.00001
0.00000
0.00000
0.00000
0.00037
0.00000
0.00000
0.00000
0.00002
0.10185
0.00023
0.00000
0.04530
0.00000
0.03900
0.00000
0.00005
0.00000
0.01659
0.00000
0.00000
0.00007
0.00000
0.21843
0.00043
0.27584
0.00000
0.00021
0.01281
0.39126
0.03652
0.02527
0.34202
0.02186
0.00000
0.00000
0.37368
0.00000
0.00000
0.00000
0.08315
0.00000
0.00002
0.00000
0.00004
0.30737
0.00000
0.00000
0.31037
0.01421
0.26846
0.13353
0.00001
0.00000
0.00000
0.00033
0.00000
0.06424
0.31072
0.00000
0.00000
0.00000
0.00000
0.00000
0.01806
0.00845
0.00000
0.04722
0.00000
0.04041
0.00000
0.00000
0.00000
0.01560
0.00000
0.00000
0.03205
0.00000
0.22123
