0.30999
0.19059
0.13866
0.01080
0.00000
0.00000
0.00001
0.00000
0.07174
0.00000
0.00000
0.00305
0.00001
0.00046
0.00037
0.00000
0.00000
0.15841
0.00000
0.22944
0.36094
0.00104
0.31001
0.00000
0.06984
0.00000
0.12282
0.03948
0.00000
0.04648
0.38239
0.00000
0.00000
0.00000
0.00000
0.00000
0.00000
0.04286
0.09696
0.00000
0.00066
0.00242
0.00000
0.00063
0.33420
0.00645
0.00012
0.17006
0.00000
0.00000
0.00000
0.00000
0.00000
0.39547
0.10711
0.00000
0.00000
0.00419
0.00000
0.00000
0.00005
0.15968
0.02484
0.22703
0.00325
0.00000
0.00000
0.01018
0.36393
0.08684
0.38610
0.00137
0.00000
0.00000
0.00000
0.00003
0.00053
0.00001
0.00000
0.00000
0.00000
0.00006
0.00466
0.00000
0.00000
0.00036
0.00634
0.00000
0.00000
0.31132
0.00000
0.15947
0.00000
0.00000
0.00000
0.02849
0.00000
0.00000
0.00000
0.00000
0.02195
0.01417
0.00007
0.00000
0.00000
0.10622
0.00110
0.00000
0.00001
0.00011
0.00000
0.00000
0.01869
0.22163
0.31406
0.00000
0.00048
0.00000
0.34695
0.29673
0.04436
0.00001
0.00000
0.00000
0.00000
0.00048
0.00000
0.00000
0.00000
0.00001
0.08479
0.00030
0.00000
0.04634
0.00000
0.03088
0.00000
0.00003
0.00000
0.01630
0.00000
0.00000
0.00007
0.00000
0.24386
0.00032
0.25022
0.00000
0.00020
0.01528
0.39732
0.02905
0.03149
0.31992
0.01715
0.00000
0.00000
0.37321
0.00000
0.00000
0.00000
0.06953
0.00000
0.00002
0.00000
0.00003
0.33067
0.00000
0.00000
0.33312
0.01100
0.29215
0.15624
0.00001
0.00000
0.00000
0.00043
0.00000
0.07755
0.31656
0.00000
0.00000
0.00000
0.00000
0.00000
0.01797
0.00645
0.00000
0.03775
0.00000
0.04983
0.00000
0.00000
0.00000
0.01937
0.00000
0.00000
0.04027
0.00000
0.19627
