0.30979
0.19076
0.13884
0.01080
0.00000
0.00000
0.00001
0.00000
0.07186
0.00000
0.00000
0.00306
0.00001
0.00046
0.00037
0.00000
0.00000
0.15860
0.00000
0.22929
0.36091
0.00104
0.31018
0.00000
0.06996
0.00000
0.12299
0.03955
0.00000
0.04656
0.38245
0.00000
0.00000
0.00000
0.00000
0.00000
0.00000
0.04278
0.09681
0.00000
0.00066
0.00242
0.00000
0.00064
0.33406
0.00647
0.00012
0.17026
0.00000
0.00000
0.00000
0.00000
0.00000
0.39545
0.10726
0.00000
0.00000
0.00419
0.00000
0.00000
0.00005
0.15948
0.02479
0.22720
0.00325
0.00000
0.00000
0.01019
0.36394
0.08671
0.38602
0.00137
0.00000
0.00000
0.00000
0.00003
0.00053
0.00001
0.00000
0.00000
0.00000
0.00006
0.00465
0.00000
0.00000
0.00036
0.00633
0.00000
0.00000
0.31152
0.00000
0.15966
0.00000
0.00000
0.00000
0.02850
0.00000
0.00000
0.00000
0.00000
0.02191
0.01420
0.00007
0.00000
0.00000
0.10606
0.00110
0.00000
0.00001
0.00011
0.00000
0.00000
0.01866
0.22142
0.31390
0.00000
0.00048
0.00000
0.34702
0.29652
0.04429
0.00001
0.00000
0.00000
0.00000
0.00048
0.00000
0.00000
0.00000
0.00001
0.08492
0.00030
0.00000
0.04633
0.00000
0.03094
0.00000
0.00003
0.00000
0.01630
0.00000
0.00000
0.00007
0.00000
0.24365
0.00032
0.25043
0.00000
0.00020
0.01526
0.39729
0.02911
0.03143
0.32011
0.01718
0.00000
0.00000
0.37323
0.00000
0.00000
0.00000
0.06963
0.00000
0.00002
0.00000
0.00003
0.33049
0.00000
0.00000
0.33294
0.01102
0.29197
0.15605
0.00001
0.00000
0.00000
0.00043
0.00000
0.07743
0.31653
0.00000
0.00000
0.00000
0.00000
0.00000
0.01797
0.00646
0.00000
0.03782
0.00000
0.04975
0.00000
0.00000
0.00000
0.01934
0.00000
0.00000
0.04019
0.00000
0.19647
