0.30996
0.19061
0.13868
0.01080
0.00000
0.00000
0.00001
0.00000
0.07176
0.00000
0.00000
0.00305
0.00001
0.00046
0.00037
0.00000
0.00000
0.15843
0.00000
0.22942
0.36093
0.00104
0.31003
0.00000
0.06986
0.00000
0.12284
0.03949
0.00000
0.04649
0.38240
0.00000
0.00000
0.00000
0.00000
0.00000
0.00000
0.04285
0.09694
0.00000
0.00066
0.00242
0.00000
0.00063
0.33419
0.00645
0.00012
0.17008
0.00000
0.00000
0.00000
0.00000
0.00000
0.39547
0.10713
0.00000
0.00000
0.00419
0.00000
0.00000
0.00005
0.15966
0.02483
0.22705
0.00325
0.00000
0.00000
0.01018
0.36393
0.08682
0.38609
0.00137
0.00000
0.00000
0.00000
0.00003
0.00053
0.00001
0.00000
0.00000
0.00000
0.00006
0.00466
0.00000
0.00000
0.00036
0.00634
0.00000
0.00000
0.31135
0.00000
0.15949
0.00000
0.00000
0.00000
0.02849
0.00000
0.00000
0.00000
0.00000
0.02194
0.01417
0.00007
0.00000
0.00000
0.10620
0.00110
0.00000
0.00001
0.00011
0.00000
0.00000
0.01868
0.22161
0.31404
0.00000
0.00048
0.00000
0.34696
0.29670
0.04435
0.00001
0.00000
0.00000
0.00000
0.00048
0.00000
0.00000
0.00000
0.00001
0.08480
0.00030
0.00000
0.04634
0.00000
0.03089
0.00000
0.00003
0.00000
0.01630
0.00000
0.00000
0.00007
0.00000
0.24383
0.00032
0.25024
0.00000
0.00020
0.01528
0.39731
0.02906
0.03148
0.31994
0.01715
0.00000
0.00000
0.37321
0.00000
0.00000
0.00000
0.06954
0.00000
0.00002
0.00000
0.00003
0.33065
0.00000
0.00000
0.33310
0.01100
0.29213
0.15622
0.00001
0.00000
0.00000
0.00043
0.00000
0.07754
0.31656
0.00000
0.00000
0.00000
0.00000
0.00000
0.01797
0.00645
0.00000
0.03775
0.00000
0.04982
0.00000
0.00000
0.00000
0.01937
0.00000
0.00000
0.04026
0.00000
0.19629
