0.01623
0.11374
0.30490
0.01599
0.00000
0.00002
0.00000
0.00052
0.38751
0.00000
0.00000
0.15751
0.00385
0.00001
0.00180
0.00001
0.00000
0.31960
0.00000
0.00705
0.04109
0.08704
0.12363
0.00000
0.37179
0.00000
0.30468
0.37437
0.00001
0.38879
0.07764
0.00000
0.00001
0.00000
0.00000
0.00000
0.00000
0.00032
0.00136
0.00000
0.00319
0.00611
0.00000
0.06546
0.02061
0.23204
0.00064
0.21728
0.00000
0.00001
0.00000
0.00000
0.00000
0.07264
0.35726
0.00000
0.00000
0.01135
0.00004
0.00000
0.00054
0.00299
0.00029
0.09759
0.12864
0.00100
0.00000
0.02152
0.04916
0.00133
0.05183
0.00003
0.00000
0.00000
0.00000
0.00023
0.06000
0.00014
0.00000
0.00002
0.00000
0.00000
0.00006
0.00001
0.00000
0.05457
0.00015
0.00000
0.00000
0.16120
0.00000
0.29469
0.00000
0.00000
0.00000
0.05104
0.00001
0.00002
0.00000
0.00000
0.00032
0.27827
0.00000
0.00000
0.00113
0.00146
0.00003
0.00000
0.00256
0.00061
0.00015
0.00000
0.00046
0.00908
0.01610
0.00000
0.00001
0.00000
0.13006
0.01569
0.00103
0.00000
0.00000
0.00000
0.00000
0.00001
0.00000
0.00000
0.00000
0.00398
0.37895
0.00001
0.00000
0.02793
0.00001
0.35746
0.00000
0.00925
0.00000
0.02533
0.00000
0.00000
0.00042
0.00000
0.01097
0.04306
0.26456
0.00000
0.00132
0.00083
0.06383
0.36184
0.00047
0.17072
0.31800
0.00090
0.00000
0.05884
0.00000
0.00000
0.00001
0.39581
0.00002
0.00017
0.00000
0.00929
0.02005
0.00001
0.00039
0.02022
0.27683
0.01234
0.00271
0.00490
0.00001
0.00000
0.00001
0.00000
0.00141
0.02944
0.00000
0.00000
0.00000
0.00000
0.00000
0.02225
0.22697
0.00000
0.36989
0.00000
0.00071
0.00000
0.00000
0.00001
0.00040
0.00000
0.00000
0.00039
0.00000
0.31800
