0.30925
0.19124
0.13934
0.01080
0.00000
0.00000
0.00001
0.00000
0.07217
0.00000
0.00000
0.00308
0.00001
0.00046
0.00038
0.00000
0.00000
0.15913
0.00000
0.22890
0.36084
0.00105
0.31066
0.00000
0.07027
0.00000
0.12345
0.03975
0.00000
0.04678
0.38261
0.00000
0.00000
0.00000
0.00000
0.00000
0.00000
0.04256
0.09642
0.00000
0.00067
0.00242
0.00000
0.00064
0.33366
0.00651
0.00012
0.17079
0.00000
0.00000
0.00000
0.00000
0.00000
0.39541
0.10768
0.00000
0.00000
0.00419
0.00000
0.00000
0.00005
0.15895
0.02467
0.22765
0.00327
0.00000
0.00000
0.01019
0.36395
0.08635
0.38580
0.00136
0.00000
0.00000
0.00000
0.00003
0.00054
0.00001
0.00000
0.00000
0.00000
0.00006
0.00462
0.00000
0.00000
0.00036
0.00629
0.00000
0.00000
0.31204
0.00000
0.16019
0.00000
0.00000
0.00000
0.02852
0.00000
0.00000
0.00000
0.00000
0.02180
0.01427
0.00007
0.00000
0.00000
0.10564
0.00109
0.00000
0.00001
0.00011
0.00000
0.00000
0.01857
0.22086
0.31345
0.00000
0.00048
0.00000
0.34720
0.29596
0.04410
0.00001
0.00000
0.00000
0.00000
0.00047
0.00000
0.00000
0.00000
0.00001
0.08527
0.00030
0.00000
0.04630
0.00000
0.03111
0.00000
0.00003
0.00000
0.01631
0.00000
0.00000
0.00007
0.00000
0.24308
0.00032
0.25100
0.00000
0.00020
0.01520
0.39720
0.02926
0.03128
0.32063
0.01727
0.00000
0.00000
0.37330
0.00000
0.00000
0.00000
0.06992
0.00000
0.00002
0.00000
0.00003
0.33000
0.00000
0.00000
0.33246
0.01109
0.29146
0.15553
0.00001
0.00000
0.00000
0.00043
0.00000
0.07711
0.31646
0.00000
0.00000
0.00000
0.00000
0.00000
0.01797
0.00650
0.00000
0.03801
0.00000
0.04952
0.00000
0.00000
0.00000
0.01924
0.00000
0.00000
0.03999
0.00000
0.19701
