0.14103
0.27688
0.30477
0.01200
0.00000
0.00000
0.00000
0.00001
0.21132
0.00000
0.00000
0.01835
0.00010
0.00009
0.00056
0.00000
0.00000
0.32767
0.00000
0.09563
0.24642
0.00712
0.35515
0.00000
0.20952
0.00000
0.28555
0.14343
0.00000
0.15602
0.32123
0.00000
0.00000
0.00000
0.00000
0.00000
0.00000
0.00774
0.02334
0.00000
0.00103
0.00306
0.00000
0.00462
0.17233
0.03621
0.00018
0.31596
0.00000
0.00000
0.00000
0.00000
0.00000
0.29679
0.26879
0.00000
0.00000
0.00566
0.00000
0.00000
0.00010
0.04605
0.00478
0.28675
0.01632
0.00002
0.00000
0.01315
0.26671
0.02099
0.25385
0.00027
0.00000
0.00000
0.00000
0.00005
0.00400
0.00002
0.00000
0.00000
0.00000
0.00001
0.00079
0.00000
0.00000
0.00312
0.00137
0.00000
0.00000
0.38385
0.00000
0.32591
0.00000
0.00000
0.00000
0.03725
0.00000
0.00000
0.00000
0.00000
0.00445
0.06011
0.00001
0.00000
0.00002
0.02594
0.00022
0.00000
0.00006
0.00017
0.00000
0.00000
0.00446
0.08399
0.15060
0.00000
0.00008
0.00000
0.32938
0.13186
0.01122
0.00000
0.00000
0.00000
0.00000
0.00009
0.00000
0.00000
0.00000
0.00011
0.23463
0.00005
0.00000
0.03959
0.00000
0.12200
0.00000
0.00032
0.00000
0.01908
0.00000
0.00000
0.00010
0.00000
0.09721
0.00250
0.38716
0.00000
0.00033
0.00474
0.28673
0.11378
0.00666
0.39199
0.07568
0.00002
0.00000
0.28817
0.00000
0.00000
0.00000
0.19581
0.00000
0.00003
0.00000
0.00028
0.16130
0.00000
0.00001
0.16414
0.05377
0.12852
0.04419
0.00011
0.00000
0.00000
0.00009
0.00000
0.01936
0.20744
0.00000
0.00000
0.00000
0.00000
0.00000
0.01922
0.03516
0.00000
0.13964
0.00000
0.01096
0.00000
0.00000
0.00000
0.00438
0.00000
0.00000
0.00773
0.00000
0.35588
