0.30994
0.19063
0.13871
0.01080
0.00000
0.00000
0.00001
0.00000
0.07177
0.00000
0.00000
0.00306
0.00001
0.00046
0.00037
0.00000
0.00000
0.15846
0.00000
0.22940
0.36093
0.00104
0.31005
0.00000
0.06987
0.00000
0.12286
0.03950
0.00000
0.04650
0.38240
0.00000
0.00000
0.00000
0.00000
0.00000
0.00000
0.04284
0.09692
0.00000
0.00066
0.00242
0.00000
0.00063
0.33417
0.00646
0.00012
0.17011
0.00000
0.00000
0.00000
0.00000
0.00000
0.39547
0.10715
0.00000
0.00000
0.00419
0.00000
0.00000
0.00005
0.15963
0.02483
0.22707
0.00325
0.00000
0.00000
0.01018
0.36393
0.08681
0.38608
0.00137
0.00000
0.00000
0.00000
0.00003
0.00053
0.00001
0.00000
0.00000
0.00000
0.00006
0.00466
0.00000
0.00000
0.00036
0.00633
0.00000
0.00000
0.31137
0.00000
0.15952
0.00000
0.00000
0.00000
0.02849
0.00000
0.00000
0.00000
0.00000
0.02194
0.01418
0.00007
0.00000
0.00000
0.10618
0.00110
0.00000
0.00001
0.00011
0.00000
0.00000
0.01868
0.22158
0.31402
0.00000
0.00048
0.00000
0.34697
0.29667
0.04434
0.00001
0.00000
0.00000
0.00000
0.00048
0.00000
0.00000
0.00000
0.00001
0.08482
0.00030
0.00000
0.04633
0.00000
0.03090
0.00000
0.00003
0.00000
0.01630
0.00000
0.00000
0.00007
0.00000
0.24380
0.00032
0.25027
0.00000
0.00020
0.01528
0.39731
0.02907
0.03148
0.31996
0.01715
0.00000
0.00000
0.37321
0.00000
0.00000
0.00000
0.06956
0.00000
0.00002
0.00000
0.00003
0.33062
0.00000
0.00000
0.33307
0.01101
0.29211
0.15619
0.00001
0.00000
0.00000
0.00043
0.00000
0.07752
0.31655
0.00000
0.00000
0.00000
0.00000
0.00000
0.01797
0.00645
0.00000
0.03776
0.00000
0.04981
0.00000
0.00000
0.00000
0.01936
0.00000
0.00000
0.04025
0.00000
0.19632
