0.29970
0.19939
0.14812
0.01082
0.00000
0.00000
0.00000
0.00000
0.07780
0.00000
0.00000
0.00343
0.00001
0.00041
0.00038
0.00000
0.00000
0.16840
0.00000
0.22181
0.35916
0.00117
0.31863
0.00000
0.07590
0.00000
0.13169
0.04334
0.00000
0.05072
0.38498
0.00000
0.00000
0.00000
0.00000
0.00000
0.00000
0.03892
0.08975
0.00000
0.00068
0.00244
0.00000
0.00072
0.32642
0.00724
0.00012
0.18017
0.00000
0.00000
0.00000
0.00000
0.00000
0.39422
0.11518
0.00000
0.00000
0.00424
0.00000
0.00000
0.00005
0.14986
0.02254
0.23540
0.00360
0.00000
0.00000
0.01031
0.36376
0.08030
0.38166
0.00123
0.00000
0.00000
0.00000
0.00003
0.00061
0.00001
0.00000
0.00000
0.00000
0.00006
0.00417
0.00000
0.00000
0.00041
0.00575
0.00000
0.00000
0.32100
0.00000
0.16956
0.00000
0.00000
0.00000
0.02895
0.00000
0.00000
0.00000
0.00000
0.01995
0.01561
0.00006
0.00000
0.00000
0.09850
0.00099
0.00000
0.00001
0.00011
0.00000
0.00000
0.01712
0.21115
0.30540
0.00000
0.00043
0.00000
0.35012
0.28614
0.04092
0.00001
0.00000
0.00000
0.00000
0.00043
0.00000
0.00000
0.00000
0.00001
0.09165
0.00027
0.00000
0.04589
0.00000
0.03408
0.00000
0.00004
0.00000
0.01641
0.00000
0.00000
0.00007
0.00000
0.23317
0.00036
0.26097
0.00000
0.00020
0.01419
0.39535
0.03200
0.02874
0.32949
0.01899
0.00000
0.00000
0.37407
0.00000
0.00000
0.00000
0.07499
0.00000
0.00002
0.00000
0.00003
0.32121
0.00000
0.00000
0.32392
0.01225
0.28250
0.14652
0.00001
0.00000
0.00000
0.00039
0.00000
0.07174
0.31474
0.00000
0.00000
0.00000
0.00000
0.00000
0.01800
0.00722
0.00000
0.04149
0.00000
0.04569
0.00000
0.00000
0.00000
0.01770
0.00000
0.00000
0.03664
0.00000
0.20659
