0.30761
0.19266
0.14084
0.01080
0.00000
0.00000
0.00001
0.00000
0.07313
0.00000
0.00000
0.00314
0.00001
0.00045
0.00038
0.00000
0.00000
0.16072
0.00000
0.22769
0.36061
0.00107
0.31208
0.00000
0.07123
0.00000
0.12486
0.04035
0.00000
0.04744
0.38308
0.00000
0.00000
0.00000
0.00000
0.00000
0.00000
0.04191
0.09524
0.00000
0.00067
0.00242
0.00000
0.00065
0.33244
0.00663
0.00012
0.17241
0.00000
0.00000
0.00000
0.00000
0.00000
0.39525
0.10896
0.00000
0.00000
0.00420
0.00000
0.00000
0.00005
0.15735
0.02428
0.22902
0.00333
0.00000
0.00000
0.01021
0.36398
0.08528
0.38513
0.00133
0.00000
0.00000
0.00000
0.00003
0.00055
0.00001
0.00000
0.00000
0.00000
0.00006
0.00454
0.00000
0.00000
0.00037
0.00620
0.00000
0.00000
0.31363
0.00000
0.16180
0.00000
0.00000
0.00000
0.02860
0.00000
0.00000
0.00000
0.00000
0.02147
0.01449
0.00007
0.00000
0.00000
0.10438
0.00107
0.00000
0.00001
0.00011
0.00000
0.00000
0.01831
0.21917
0.31208
0.00000
0.00047
0.00000
0.34774
0.29427
0.04353
0.00001
0.00000
0.00000
0.00000
0.00047
0.00000
0.00000
0.00000
0.00001
0.08636
0.00029
0.00000
0.04623
0.00000
0.03161
0.00000
0.00003
0.00000
0.01632
0.00000
0.00000
0.00007
0.00000
0.24135
0.00033
0.25273
0.00000
0.00020
0.01502
0.39693
0.02972
0.03083
0.32219
0.01756
0.00000
0.00000
0.37350
0.00000
0.00000
0.00000
0.07078
0.00000
0.00002
0.00000
0.00003
0.32850
0.00000
0.00000
0.33101
0.01128
0.28993
0.15394
0.00001
0.00000
0.00000
0.00042
0.00000
0.07616
0.31622
0.00000
0.00000
0.00000
0.00000
0.00000
0.01797
0.00662
0.00000
0.03859
0.00000
0.04884
0.00000
0.00000
0.00000
0.01897
0.00000
0.00000
0.03939
0.00000
0.19867
