0.22184
0.25245
0.22229
0.01126
0.00000
0.00000
0.00000
0.00000
0.13183
0.00000
0.00000
0.00779
0.00003
0.00019
0.00044
0.00000
0.00000
0.24524
0.00000
0.16040
0.32190
0.00280
0.35979
0.00000
0.13004
0.00000
0.20281
0.08043
0.00000
0.09056
0.37709
0.00000
0.00000
0.00000
0.00000
0.00000
0.00000
0.01880
0.04946
0.00000
0.00080
0.00266
0.00000
0.00176
0.25726
0.01610
0.00014
0.25253
0.00000
0.00000
0.00000
0.00000
0.00000
0.36407
0.18254
0.00000
0.00000
0.00479
0.00000
0.00000
0.00007
0.09017
0.01104
0.27986
0.00748
0.00001
0.00000
0.01147
0.33650
0.04416
0.33215
0.00059
0.00000
0.00000
0.00000
0.00003
0.00150
0.00002
0.00000
0.00000
0.00000
0.00002
0.00190
0.00000
0.00000
0.00109
0.00291
0.00000
0.00000
0.37303
0.00000
0.24632
0.00000
0.00000
0.00000
0.03271
0.00000
0.00000
0.00000
0.00000
0.00997
0.03052
0.00003
0.00000
0.00001
0.05476
0.00047
0.00000
0.00002
0.00013
0.00000
0.00000
0.00913
0.14266
0.23312
0.00000
0.00018
0.00000
0.35659
0.20890
0.02262
0.00000
0.00000
0.00000
0.00000
0.00020
0.00000
0.00000
0.00000
0.00003
0.15131
0.00012
0.00000
0.04301
0.00000
0.06567
0.00000
0.00010
0.00000
0.01755
0.00000
0.00000
0.00008
0.00000
0.16136
0.00091
0.33292
0.00000
0.00024
0.00844
0.35948
0.06113
0.01468
0.38097
0.03806
0.00000
0.00000
0.35371
0.00000
0.00000
0.00000
0.12356
0.00000
0.00002
0.00000
0.00009
0.24554
0.00000
0.00000
0.24901
0.02562
0.20734
0.08753
0.00003
0.00000
0.00000
0.00019
0.00000
0.03984
0.27838
0.00000
0.00000
0.00000
0.00000
0.00000
0.01849
0.01581
0.00000
0.07766
0.00000
0.02390
0.00000
0.00000
0.00000
0.00923
0.00000
0.00000
0.01808
0.00000
0.28229
