0.30882
0.19161
0.13973
0.01080
0.00000
0.00000
0.00001
0.00000
0.07242
0.00000
0.00000
0.00310
0.00001
0.00046
0.00038
0.00000
0.00000
0.15954
0.00000
0.22858
0.36078
0.00105
0.31103
0.00000
0.07052
0.00000
0.12382
0.03991
0.00000
0.04695
0.38273
0.00000
0.00000
0.00000
0.00000
0.00000
0.00000
0.04239
0.09611
0.00000
0.00067
0.00242
0.00000
0.00064
0.33334
0.00654
0.00012
0.17121
0.00000
0.00000
0.00000
0.00000
0.00000
0.39537
0.10802
0.00000
0.00000
0.00419
0.00000
0.00000
0.00005
0.15853
0.02456
0.22801
0.00329
0.00000
0.00000
0.01020
0.36396
0.08607
0.38563
0.00135
0.00000
0.00000
0.00000
0.00003
0.00054
0.00001
0.00000
0.00000
0.00000
0.00006
0.00460
0.00000
0.00000
0.00036
0.00627
0.00000
0.00000
0.31246
0.00000
0.16061
0.00000
0.00000
0.00000
0.02854
0.00000
0.00000
0.00000
0.00000
0.02171
0.01433
0.00007
0.00000
0.00000
0.10531
0.00109
0.00000
0.00001
0.00011
0.00000
0.00000
0.01850
0.22042
0.31309
0.00000
0.00047
0.00000
0.34734
0.29552
0.04395
0.00001
0.00000
0.00000
0.00000
0.00047
0.00000
0.00000
0.00000
0.00001
0.08556
0.00030
0.00000
0.04628
0.00000
0.03124
0.00000
0.00003
0.00000
0.01631
0.00000
0.00000
0.00007
0.00000
0.24262
0.00032
0.25146
0.00000
0.00020
0.01515
0.39713
0.02938
0.03116
0.32104
0.01735
0.00000
0.00000
0.37336
0.00000
0.00000
0.00000
0.07014
0.00000
0.00002
0.00000
0.00003
0.32961
0.00000
0.00000
0.33208
0.01114
0.29106
0.15511
0.00001
0.00000
0.00000
0.00042
0.00000
0.07686
0.31640
0.00000
0.00000
0.00000
0.00000
0.00000
0.01797
0.00654
0.00000
0.03816
0.00000
0.04934
0.00000
0.00000
0.00000
0.01917
0.00000
0.00000
0.03983
0.00000
0.19745
