0.02902
0.16439
0.35126
0.01460
0.00000
0.00001
0.00000
0.00019
0.38337
0.00000
0.00000
0.10506
0.00170
0.00002
0.00129
0.00001
0.00000
0.36704
0.00000
0.01445
0.06997
0.05272
0.18062
0.00000
0.37336
0.00000
0.34707
0.34155
0.00000
0.35489
0.12109
0.00000
0.00000
0.00000
0.00000
0.00000
0.00000
0.00068
0.00271
0.00000
0.00232
0.00498
0.00000
0.03811
0.03727
0.16894
0.00044
0.27574
0.00000
0.00000
0.00000
0.00000
0.00000
0.11034
0.38287
0.00000
0.00000
0.00934
0.00001
0.00000
0.00034
0.00596
0.00055
0.14646
0.08534
0.00041
0.00000
0.01884
0.08199
0.00258
0.08168
0.00005
0.00000
0.00000
0.00000
0.00014
0.03448
0.00008
0.00000
0.00001
0.00000
0.00000
0.00010
0.00001
0.00000
0.03064
0.00023
0.00000
0.00000
0.22391
0.00000
0.34660
0.00000
0.00000
0.00000
0.04763
0.00000
0.00001
0.00000
0.00000
0.00057
0.21464
0.00000
0.00000
0.00046
0.00296
0.00004
0.00000
0.00111
0.00042
0.00005
0.00000
0.00076
0.01601
0.02984
0.00000
0.00001
0.00000
0.17533
0.02761
0.00178
0.00000
0.00000
0.00000
0.00000
0.00002
0.00000
0.00000
0.00000
0.00178
0.38698
0.00001
0.00000
0.03017
0.00000
0.31852
0.00000
0.00440
0.00000
0.02339
0.00000
0.00000
0.00028
0.00000
0.01924
0.02379
0.32463
0.00000
0.00090
0.00119
0.09943
0.31288
0.00085
0.23387
0.25562
0.00036
0.00000
0.09570
0.00000
0.00000
0.00000
0.37529
0.00001
0.00010
0.00000
0.00434
0.03539
0.00000
0.00015
0.03587
0.21163
0.02333
0.00549
0.00215
0.00000
0.00000
0.00002
0.00000
0.00262
0.05258
0.00000
0.00000
0.00000
0.00000
0.00000
0.02117
0.16391
0.00000
0.33693
0.00000
0.00135
0.00000
0.00000
0.00000
0.00068
0.00000
0.00000
0.00079
0.00000
0.36686
