0.30792
0.19240
0.14056
0.01080
0.00000
0.00000
0.00001
0.00000
0.07295
0.00000
0.00000
0.00313
0.00001
0.00045
0.00038
0.00000
0.00000
0.16042
0.00000
0.22792
0.36065
0.00107
0.31181
0.00000
0.07105
0.00000
0.12460
0.04024
0.00000
0.04732
0.38299
0.00000
0.00000
0.00000
0.00000
0.00000
0.00000
0.04203
0.09546
0.00000
0.00067
0.00242
0.00000
0.00065
0.33267
0.00661
0.00012
0.17211
0.00000
0.00000
0.00000
0.00000
0.00000
0.39528
0.10872
0.00000
0.00000
0.00420
0.00000
0.00000
0.00005
0.15765
0.02435
0.22877
0.00332
0.00000
0.00000
0.01021
0.36398
0.08548
0.38525
0.00134
0.00000
0.00000
0.00000
0.00003
0.00055
0.00001
0.00000
0.00000
0.00000
0.00006
0.00456
0.00000
0.00000
0.00037
0.00621
0.00000
0.00000
0.31333
0.00000
0.16150
0.00000
0.00000
0.00000
0.02858
0.00000
0.00000
0.00000
0.00000
0.02153
0.01445
0.00007
0.00000
0.00000
0.10461
0.00108
0.00000
0.00001
0.00011
0.00000
0.00000
0.01836
0.21948
0.31234
0.00000
0.00047
0.00000
0.34764
0.29459
0.04364
0.00001
0.00000
0.00000
0.00000
0.00047
0.00000
0.00000
0.00000
0.00001
0.08615
0.00029
0.00000
0.04624
0.00000
0.03151
0.00000
0.00003
0.00000
0.01632
0.00000
0.00000
0.00007
0.00000
0.24167
0.00033
0.25241
0.00000
0.00020
0.01505
0.39698
0.02963
0.03091
0.32190
0.01751
0.00000
0.00000
0.37346
0.00000
0.00000
0.00000
0.07062
0.00000
0.00002
0.00000
0.00003
0.32878
0.00000
0.00000
0.33128
0.01124
0.29022
0.15424
0.00001
0.00000
0.00000
0.00042
0.00000
0.07634
0.31627
0.00000
0.00000
0.00000
0.00000
0.00000
0.01797
0.00660
0.00000
0.03848
0.00000
0.04896
0.00000
0.00000
0.00000
0.01902
0.00000
0.00000
0.03950
0.00000
0.19836
