0.25846
0.23044
0.18669
0.01101
0.00000
0.00000
0.00000
0.00000
0.10436
0.00000
0.00000
0.00534
0.00002
0.00027
0.00041
0.00000
0.00000
0.20868
0.00000
0.18978
0.34416
0.00187
0.34551
0.00000
0.10251
0.00000
0.16834
0.06099
0.00000
0.06985
0.38644
0.00000
0.00000
0.00000
0.00000
0.00000
0.00000
0.02660
0.06588
0.00000
0.00073
0.00253
0.00000
0.00116
0.29169
0.01118
0.00013
0.21936
0.00000
0.00000
0.00000
0.00000
0.00000
0.38249
0.14927
0.00000
0.00000
0.00450
0.00000
0.00000
0.00006
0.11554
0.01545
0.26300
0.00533
0.00000
0.00000
0.01087
0.35451
0.05881
0.35868
0.00083
0.00000
0.00000
0.00000
0.00003
0.00098
0.00002
0.00000
0.00000
0.00000
0.00004
0.00274
0.00000
0.00000
0.00069
0.00399
0.00000
0.00000
0.35306
0.00000
0.21002
0.00000
0.00000
0.00000
0.03088
0.00000
0.00000
0.00000
0.00000
0.01381
0.02248
0.00004
0.00000
0.00000
0.07270
0.00066
0.00000
0.00001
0.00012
0.00000
0.00000
0.01225
0.17292
0.26831
0.00000
0.00027
0.00000
0.35724
0.24471
0.02992
0.00001
0.00000
0.00000
0.00000
0.00028
0.00000
0.00000
0.00000
0.00002
0.12131
0.00017
0.00000
0.04432
0.00000
0.04894
0.00000
0.00007
0.00000
0.01696
0.00000
0.00000
0.00007
0.00000
0.19350
0.00059
0.30102
0.00000
0.00022
0.01074
0.38062
0.04567
0.02015
0.36118
0.02777
0.00000
0.00000
0.36872
0.00000
0.00000
0.00000
0.09887
0.00000
0.00002
0.00000
0.00005
0.28191
0.00000
0.00000
0.28524
0.01831
0.24298
0.11258
0.00002
0.00000
0.00000
0.00026
0.00000
0.05275
0.29990
0.00000
0.00000
0.00000
0.00000
0.00000
0.01821
0.01105
0.00000
0.05867
0.00000
0.03250
0.00000
0.00000
0.00000
0.01252
0.00000
0.00000
0.02528
0.00000
0.24708
