0.30843
0.19195
0.14009
0.01080
0.00000
0.00000
0.00001
0.00000
0.07265
0.00000
0.00000
0.00311
0.00001
0.00046
0.00038
0.00000
0.00000
0.15992
0.00000
0.22829
0.36073
0.00106
0.31137
0.00000
0.07075
0.00000
0.12416
0.04005
0.00000
0.04711
0.38285
0.00000
0.00000
0.00000
0.00000
0.00000
0.00000
0.04224
0.09582
0.00000
0.00067
0.00242
0.00000
0.00065
0.33305
0.00657
0.00012
0.17160
0.00000
0.00000
0.00000
0.00000
0.00000
0.39533
0.10832
0.00000
0.00000
0.00420
0.00000
0.00000
0.00005
0.15815
0.02447
0.22834
0.00330
0.00000
0.00000
0.01020
0.36397
0.08581
0.38546
0.00135
0.00000
0.00000
0.00000
0.00003
0.00054
0.00001
0.00000
0.00000
0.00000
0.00006
0.00458
0.00000
0.00000
0.00036
0.00624
0.00000
0.00000
0.31284
0.00000
0.16100
0.00000
0.00000
0.00000
0.02856
0.00000
0.00000
0.00000
0.00000
0.02163
0.01438
0.00007
0.00000
0.00000
0.10500
0.00108
0.00000
0.00001
0.00011
0.00000
0.00000
0.01844
0.22001
0.31277
0.00000
0.00047
0.00000
0.34747
0.29511
0.04381
0.00001
0.00000
0.00000
0.00000
0.00047
0.00000
0.00000
0.00000
0.00001
0.08582
0.00029
0.00000
0.04627
0.00000
0.03136
0.00000
0.00003
0.00000
0.01631
0.00000
0.00000
0.00007
0.00000
0.24221
0.00032
0.25187
0.00000
0.00020
0.01511
0.39707
0.02949
0.03105
0.32142
0.01742
0.00000
0.00000
0.37340
0.00000
0.00000
0.00000
0.07035
0.00000
0.00002
0.00000
0.00003
0.32925
0.00000
0.00000
0.33174
0.01118
0.29070
0.15473
0.00001
0.00000
0.00000
0.00042
0.00000
0.07663
0.31634
0.00000
0.00000
0.00000
0.00000
0.00000
0.01797
0.00656
0.00000
0.03830
0.00000
0.04918
0.00000
0.00000
0.00000
0.01910
0.00000
0.00000
0.03969
0.00000
0.19784
