0.30531
0.19465
0.14296
0.01081
0.00000
0.00000
0.00000
0.00000
0.07448
0.00000
0.00000
0.00322
0.00001
0.00044
0.00038
0.00000
0.00000
0.16295
0.00000
0.22599
0.36024
0.00110
0.31403
0.00000
0.07258
0.00000
0.12684
0.04121
0.00000
0.04838
0.38369
0.00000
0.00000
0.00000
0.00000
0.00000
0.00000
0.04102
0.09360
0.00000
0.00067
0.00243
0.00000
0.00067
0.33071
0.00680
0.00012
0.17468
0.00000
0.00000
0.00000
0.00000
0.00000
0.39499
0.11076
0.00000
0.00000
0.00421
0.00000
0.00000
0.00005
0.15514
0.02376
0.23092
0.00340
0.00000
0.00000
0.01024
0.36397
0.08379
0.38415
0.00130
0.00000
0.00000
0.00000
0.00003
0.00056
0.00001
0.00000
0.00000
0.00000
0.00006
0.00443
0.00000
0.00000
0.00038
0.00606
0.00000
0.00000
0.31582
0.00000
0.16407
0.00000
0.00000
0.00000
0.02870
0.00000
0.00000
0.00000
0.00000
0.02101
0.01481
0.00007
0.00000
0.00000
0.10263
0.00105
0.00000
0.00001
0.00011
0.00000
0.00000
0.01795
0.21680
0.31016
0.00000
0.00045
0.00000
0.34847
0.29190
0.04275
0.00001
0.00000
0.00000
0.00000
0.00045
0.00000
0.00000
0.00000
0.00001
0.08789
0.00028
0.00000
0.04613
0.00000
0.03232
0.00000
0.00004
0.00000
0.01635
0.00000
0.00000
0.00007
0.00000
0.23895
0.00034
0.25515
0.00000
0.00020
0.01477
0.39651
0.03037
0.03020
0.32436
0.01797
0.00000
0.00000
0.37372
0.00000
0.00000
0.00000
0.07199
0.00000
0.00002
0.00000
0.00003
0.32639
0.00000
0.00000
0.32896
0.01156
0.28777
0.15175
0.00001
0.00000
0.00000
0.00041
0.00000
0.07484
0.31584
0.00000
0.00000
0.00000
0.00000
0.00000
0.01798
0.00679
0.00000
0.03943
0.00000
0.04789
0.00000
0.00000
0.00000
0.01858
0.00000
0.00000
0.03856
0.00000
0.20098
