0.29486
0.20338
0.15259
0.01084
0.00000
0.00000
0.00000
0.00000
0.08073
0.00000
0.00000
0.00362
0.00001
0.00039
0.00038
0.00000
0.00000
0.17310
0.00000
0.21815
0.35803
0.00124
0.32241
0.00000
0.07883
0.00000
0.13590
0.04522
0.00000
0.05278
0.38587
0.00000
0.00000
0.00000
0.00000
0.00000
0.00000
0.03721
0.08656
0.00000
0.00068
0.00244
0.00000
0.00076
0.32261
0.00764
0.00012
0.18488
0.00000
0.00000
0.00000
0.00000
0.00000
0.39338
0.11903
0.00000
0.00000
0.00427
0.00000
0.00000
0.00005
0.14543
0.02154
0.23913
0.00377
0.00000
0.00000
0.01037
0.36335
0.07741
0.37938
0.00117
0.00000
0.00000
0.00000
0.00003
0.00064
0.00001
0.00000
0.00000
0.00000
0.00005
0.00396
0.00000
0.00000
0.00044
0.00550
0.00000
0.00000
0.32531
0.00000
0.17431
0.00000
0.00000
0.00000
0.02917
0.00000
0.00000
0.00000
0.00000
0.01909
0.01633
0.00006
0.00000
0.00000
0.09507
0.00094
0.00000
0.00001
0.00011
0.00000
0.00000
0.01644
0.20636
0.30122
0.00000
0.00040
0.00000
0.35141
0.28120
0.03942
0.00001
0.00000
0.00000
0.00000
0.00041
0.00000
0.00000
0.00000
0.00001
0.09495
0.00025
0.00000
0.04569
0.00000
0.03565
0.00000
0.00004
0.00000
0.01647
0.00000
0.00000
0.00007
0.00000
0.22826
0.00038
0.26592
0.00000
0.00020
0.01372
0.39416
0.03344
0.02754
0.33375
0.01990
0.00000
0.00000
0.37415
0.00000
0.00000
0.00000
0.07762
0.00000
0.00002
0.00000
0.00003
0.31671
0.00000
0.00000
0.31952
0.01287
0.27792
0.14215
0.00001
0.00000
0.00000
0.00037
0.00000
0.06918
0.31360
0.00000
0.00000
0.00000
0.00000
0.00000
0.01801
0.00761
0.00000
0.04332
0.00000
0.04388
0.00000
0.00000
0.00000
0.01697
0.00000
0.00000
0.03506
0.00000
0.21141
