0.25227
0.23454
0.19261
0.01105
0.00000
0.00000
0.00000
0.00000
0.10872
0.00000
0.00000
0.00570
0.00002
0.00026
0.00041
0.00000
0.00000
0.21480
0.00000
0.18485
0.34095
0.00201
0.34855
0.00000
0.10687
0.00000
0.17402
0.06399
0.00000
0.07307
0.38553
0.00000
0.00000
0.00000
0.00000
0.00000
0.00000
0.02511
0.06284
0.00000
0.00074
0.00255
0.00000
0.00124
0.28608
0.01190
0.00013
0.22507
0.00000
0.00000
0.00000
0.00000
0.00000
0.37989
0.15467
0.00000
0.00000
0.00454
0.00000
0.00000
0.00006
0.11096
0.01460
0.26636
0.00565
0.00000
0.00000
0.01097
0.35208
0.05609
0.35459
0.00078
0.00000
0.00000
0.00000
0.00003
0.00106
0.00002
0.00000
0.00000
0.00000
0.00003
0.00257
0.00000
0.00000
0.00075
0.00378
0.00000
0.00000
0.35699
0.00000
0.21612
0.00000
0.00000
0.00000
0.03118
0.00000
0.00000
0.00000
0.00000
0.01307
0.02369
0.00004
0.00000
0.00000
0.06939
0.00063
0.00000
0.00001
0.00012
0.00000
0.00000
0.01166
0.16760
0.26249
0.00000
0.00025
0.00000
0.35759
0.23861
0.02855
0.00000
0.00000
0.00000
0.00000
0.00027
0.00000
0.00000
0.00000
0.00002
0.12611
0.00016
0.00000
0.04410
0.00000
0.05150
0.00000
0.00007
0.00000
0.01706
0.00000
0.00000
0.00007
0.00000
0.18790
0.00064
0.30665
0.00000
0.00022
0.01031
0.37756
0.04803
0.01911
0.36508
0.02932
0.00000
0.00000
0.36683
0.00000
0.00000
0.00000
0.10278
0.00000
0.00002
0.00000
0.00006
0.27586
0.00000
0.00000
0.27923
0.01940
0.23698
0.10806
0.00002
0.00000
0.00000
0.00025
0.00000
0.05035
0.29677
0.00000
0.00000
0.00000
0.00000
0.00000
0.01825
0.01175
0.00000
0.06160
0.00000
0.03088
0.00000
0.00000
0.00000
0.01189
0.00000
0.00000
0.02391
0.00000
0.25307
