0.24552
0.23884
0.19911
0.01109
0.00000
0.00000
0.00000
0.00000
0.11360
0.00000
0.00000
0.00611
0.00002
0.00024
0.00042
0.00000
0.00000
0.22150
0.00000
0.17945
0.33718
0.00216
0.35158
0.00000
0.11176
0.00000
0.18029
0.06739
0.00000
0.07670
0.38423
0.00000
0.00000
0.00000
0.00000
0.00000
0.00000
0.02357
0.05966
0.00000
0.00076
0.00257
0.00000
0.00134
0.27986
0.01274
0.00013
0.23127
0.00000
0.00000
0.00000
0.00000
0.00000
0.37681
0.16066
0.00000
0.00000
0.00459
0.00000
0.00000
0.00006
0.10611
0.01373
0.26979
0.00601
0.00000
0.00000
0.01108
0.34914
0.05325
0.34993
0.00074
0.00000
0.00000
0.00000
0.00003
0.00114
0.00002
0.00000
0.00000
0.00000
0.00003
0.00240
0.00000
0.00000
0.00081
0.00357
0.00000
0.00000
0.36103
0.00000
0.22280
0.00000
0.00000
0.00000
0.03151
0.00000
0.00000
0.00000
0.00000
0.01232
0.02507
0.00003
0.00000
0.00001
0.06592
0.00059
0.00000
0.00001
0.00012
0.00000
0.00000
0.01105
0.16190
0.25607
0.00000
0.00024
0.00000
0.35775
0.23197
0.02713
0.00000
0.00000
0.00000
0.00000
0.00025
0.00000
0.00000
0.00000
0.00003
0.13146
0.00015
0.00000
0.04386
0.00000
0.05441
0.00000
0.00008
0.00000
0.01716
0.00000
0.00000
0.00008
0.00000
0.18187
0.00069
0.31269
0.00000
0.00023
0.00986
0.37397
0.05072
0.01803
0.36908
0.03109
0.00000
0.00000
0.36446
0.00000
0.00000
0.00000
0.10716
0.00000
0.00002
0.00000
0.00006
0.26920
0.00000
0.00000
0.27262
0.02065
0.23042
0.10326
0.00002
0.00000
0.00000
0.00023
0.00000
0.04784
0.29311
0.00000
0.00000
0.00000
0.00000
0.00000
0.01830
0.01256
0.00000
0.06491
0.00000
0.02920
0.00000
0.00000
0.00000
0.01125
0.00000
0.00000
0.02249
0.00000
0.25959
