0.30898
0.19147
0.13958
0.01080
0.00000
0.00000
0.00001
0.00000
0.07233
0.00000
0.00000
0.00309
0.00001
0.00046
0.00038
0.00000
0.00000
0.15938
0.00000
0.22870
0.36080
0.00105
0.31089
0.00000
0.07043
0.00000
0.12368
0.03985
0.00000
0.04688
0.38269
0.00000
0.00000
0.00000
0.00000
0.00000
0.00000
0.04246
0.09623
0.00000
0.00067
0.00242
0.00000
0.00064
0.33346
0.00653
0.00012
0.17105
0.00000
0.00000
0.00000
0.00000
0.00000
0.39538
0.10789
0.00000
0.00000
0.00419
0.00000
0.00000
0.00005
0.15869
0.02460
0.22788
0.00328
0.00000
0.00000
0.01020
0.36396
0.08617
0.38569
0.00135
0.00000
0.00000
0.00000
0.00003
0.00054
0.00001
0.00000
0.00000
0.00000
0.00006
0.00461
0.00000
0.00000
0.00036
0.00628
0.00000
0.00000
0.31230
0.00000
0.16046
0.00000
0.00000
0.00000
0.02854
0.00000
0.00000
0.00000
0.00000
0.02174
0.01431
0.00007
0.00000
0.00000
0.10543
0.00109
0.00000
0.00001
0.00011
0.00000
0.00000
0.01853
0.22058
0.31323
0.00000
0.00047
0.00000
0.34729
0.29569
0.04400
0.00001
0.00000
0.00000
0.00000
0.00047
0.00000
0.00000
0.00000
0.00001
0.08545
0.00030
0.00000
0.04629
0.00000
0.03119
0.00000
0.00003
0.00000
0.01631
0.00000
0.00000
0.00007
0.00000
0.24279
0.00032
0.25128
0.00000
0.00020
0.01517
0.39716
0.02934
0.03121
0.32088
0.01732
0.00000
0.00000
0.37334
0.00000
0.00000
0.00000
0.07006
0.00000
0.00002
0.00000
0.00003
0.32975
0.00000
0.00000
0.33223
0.01112
0.29121
0.15527
0.00001
0.00000
0.00000
0.00042
0.00000
0.07696
0.31642
0.00000
0.00000
0.00000
0.00000
0.00000
0.01797
0.00652
0.00000
0.03810
0.00000
0.04941
0.00000
0.00000
0.00000
0.01920
0.00000
0.00000
0.03989
0.00000
0.19728
