0.11987
0.27502
0.32606
0.01225
0.00000
0.00000
0.00000
0.00001
0.23802
0.00000
0.00000
0.02350
0.00014
0.00007
0.00061
0.00000
0.00000
0.34833
0.00000
0.07914
0.22047
0.00937
0.34308
0.00000
0.23604
0.00000
0.30785
0.16705
0.00000
0.18011
0.29734
0.00000
0.00000
0.00000
0.00000
0.00000
0.00000
0.00581
0.01822
0.00000
0.00112
0.00321
0.00000
0.00614
0.14832
0.04552
0.00019
0.32780
0.00000
0.00000
0.00000
0.00000
0.00000
0.27218
0.29448
0.00000
0.00000
0.00598
0.00000
0.00000
0.00011
0.03670
0.00367
0.27911
0.02051
0.00003
0.00000
0.01372
0.24114
0.01645
0.22834
0.00022
0.00000
0.00000
0.00000
0.00005
0.00536
0.00003
0.00000
0.00000
0.00000
0.00001
0.00060
0.00000
0.00000
0.00426
0.00109
0.00000
0.00000
0.37620
0.00000
0.34496
0.00000
0.00000
0.00000
0.03860
0.00000
0.00000
0.00000
0.00000
0.00345
0.07272
0.00001
0.00000
0.00003
0.02025
0.00017
0.00000
0.00009
0.00018
0.00000
0.00000
0.00357
0.07007
0.12819
0.00000
0.00006
0.00000
0.31470
0.11200
0.00898
0.00000
0.00000
0.00000
0.00000
0.00007
0.00000
0.00000
0.00000
0.00016
0.26143
0.00004
0.00000
0.03842
0.00000
0.14385
0.00000
0.00044
0.00000
0.01956
0.00000
0.00000
0.00011
0.00000
0.08161
0.00337
0.39519
0.00000
0.00037
0.00397
0.26099
0.13452
0.00518
0.38457
0.09150
0.00002
0.00000
0.26288
0.00000
0.00000
0.00000
0.22061
0.00000
0.00004
0.00000
0.00040
0.13839
0.00000
0.00001
0.14090
0.06617
0.10807
0.03508
0.00017
0.00000
0.00000
0.00007
0.00000
0.01531
0.18366
0.00000
0.00000
0.00000
0.00000
0.00000
0.01943
0.04410
0.00000
0.16299
0.00000
0.00853
0.00000
0.00000
0.00000
0.00347
0.00000
0.00000
0.00588
0.00000
0.37259
