0.29048
0.20690
0.15663
0.01085
0.00000
0.00000
0.00000
0.00000
0.08341
0.00000
0.00000
0.00380
0.00001
0.00038
0.00039
0.00000
0.00000
0.17735
0.00000
0.21481
0.35685
0.00131
0.32567
0.00000
0.08151
0.00000
0.13972
0.04696
0.00000
0.05468
0.38650
0.00000
0.00000
0.00000
0.00000
0.00000
0.00000
0.03573
0.08378
0.00000
0.00069
0.00245
0.00000
0.00080
0.31910
0.00801
0.00012
0.18910
0.00000
0.00000
0.00000
0.00000
0.00000
0.39249
0.12254
0.00000
0.00000
0.00429
0.00000
0.00000
0.00005
0.14154
0.02069
0.24238
0.00394
0.00000
0.00000
0.01042
0.36282
0.07490
0.37721
0.00112
0.00000
0.00000
0.00000
0.00003
0.00068
0.00001
0.00000
0.00000
0.00000
0.00005
0.00379
0.00000
0.00000
0.00046
0.00529
0.00000
0.00000
0.32907
0.00000
0.17859
0.00000
0.00000
0.00000
0.02937
0.00000
0.00000
0.00000
0.00000
0.01835
0.01699
0.00006
0.00000
0.00000
0.09208
0.00090
0.00000
0.00001
0.00011
0.00000
0.00000
0.01586
0.20212
0.29741
0.00000
0.00038
0.00000
0.35247
0.27675
0.03811
0.00001
0.00000
0.00000
0.00000
0.00039
0.00000
0.00000
0.00000
0.00001
0.09796
0.00024
0.00000
0.04551
0.00000
0.03711
0.00000
0.00004
0.00000
0.01652
0.00000
0.00000
0.00007
0.00000
0.22390
0.00040
0.27032
0.00000
0.00020
0.01331
0.39296
0.03478
0.02651
0.33747
0.02075
0.00000
0.00000
0.37404
0.00000
0.00000
0.00000
0.08003
0.00000
0.00002
0.00000
0.00003
0.31261
0.00000
0.00000
0.31551
0.01345
0.27376
0.13829
0.00001
0.00000
0.00000
0.00035
0.00000
0.06696
0.31241
0.00000
0.00000
0.00000
0.00000
0.00000
0.01803
0.00797
0.00000
0.04501
0.00000
0.04231
0.00000
0.00000
0.00000
0.01635
0.00000
0.00000
0.03370
0.00000
0.21575
