0.01119
0.08691
0.26835
0.01698
0.00000
0.00004
0.00000
0.00092
0.37481
0.00000
0.00000
0.19484
0.00621
0.00001
0.00224
0.00002
0.00000
0.28256
0.00000
0.00443
0.02885
0.11454
0.09463
0.00000
0.35564
0.00000
0.26968
0.37994
0.00003
0.39563
0.05747
0.00000
0.00003
0.00000
0.00000
0.00000
0.00000
0.00020
0.00089
0.00000
0.00391
0.00699
0.00000
0.08833
0.01403
0.27081
0.00082
0.17999
0.00000
0.00001
0.00000
0.00000
0.00001
0.05501
0.32893
0.00000
0.00000
0.01284
0.00006
0.00000
0.00074
0.00194
0.00020
0.07304
0.16083
0.00170
0.00000
0.02338
0.03492
0.00088
0.03846
0.00003
0.00000
0.00000
0.00000
0.00031
0.08160
0.00019
0.00000
0.00002
0.00000
0.00000
0.00004
0.00002
0.00000
0.07497
0.00011
0.00000
0.00000
0.12743
0.00000
0.25638
0.00000
0.00000
0.00000
0.05304
0.00001
0.00004
0.00000
0.00000
0.00022
0.31541
0.00000
0.00000
0.00191
0.00095
0.00002
0.00000
0.00418
0.00079
0.00028
0.00000
0.00035
0.00637
0.01081
0.00000
0.00001
0.00000
0.10603
0.01095
0.00075
0.00000
0.00000
0.00000
0.00000
0.00001
0.00000
0.00000
0.00000
0.00638
0.35942
0.00001
0.00000
0.02666
0.00001
0.36758
0.00001
0.01422
0.00000
0.02663
0.00000
0.00000
0.00054
0.00000
0.00771
0.06009
0.22592
0.00000
0.00170
0.00068
0.04757
0.38005
0.00033
0.13628
0.34973
0.00156
0.00000
0.04245
0.00000
0.00000
0.00001
0.39498
0.00003
0.00023
0.00000
0.01439
0.01391
0.00001
0.00070
0.01398
0.31400
0.00819
0.00175
0.00788
0.00001
0.00000
0.00001
0.00000
0.00097
0.02003
0.00000
0.00000
0.00000
0.00000
0.00000
0.02300
0.26671
0.00000
0.37554
0.00000
0.00049
0.00000
0.00000
0.00003
0.00030
0.00000
0.00000
0.00026
0.00000
0.28170
