0.30912
0.19135
0.13945
0.01080
0.00000
0.00000
0.00001
0.00000
0.07224
0.00000
0.00000
0.00308
0.00001
0.00046
0.00038
0.00000
0.00000
0.15925
0.00000
0.22881
0.36082
0.00105
0.31077
0.00000
0.07034
0.00000
0.12356
0.03979
0.00000
0.04683
0.38265
0.00000
0.00000
0.00000
0.00000
0.00000
0.00000
0.04251
0.09633
0.00000
0.00067
0.00242
0.00000
0.00064
0.33357
0.00652
0.00012
0.17091
0.00000
0.00000
0.00000
0.00000
0.00000
0.39540
0.10778
0.00000
0.00000
0.00419
0.00000
0.00000
0.00005
0.15883
0.02464
0.22776
0.00328
0.00000
0.00000
0.01019
0.36396
0.08627
0.38575
0.00136
0.00000
0.00000
0.00000
0.00003
0.00054
0.00001
0.00000
0.00000
0.00000
0.00006
0.00462
0.00000
0.00000
0.00036
0.00629
0.00000
0.00000
0.31216
0.00000
0.16032
0.00000
0.00000
0.00000
0.02853
0.00000
0.00000
0.00000
0.00000
0.02177
0.01429
0.00007
0.00000
0.00000
0.10555
0.00109
0.00000
0.00001
0.00011
0.00000
0.00000
0.01855
0.22073
0.31335
0.00000
0.00048
0.00000
0.34724
0.29583
0.04405
0.00001
0.00000
0.00000
0.00000
0.00047
0.00000
0.00000
0.00000
0.00001
0.08535
0.00030
0.00000
0.04630
0.00000
0.03114
0.00000
0.00003
0.00000
0.01631
0.00000
0.00000
0.00007
0.00000
0.24294
0.00032
0.25113
0.00000
0.00020
0.01519
0.39718
0.02930
0.03125
0.32075
0.01730
0.00000
0.00000
0.37332
0.00000
0.00000
0.00000
0.06998
0.00000
0.00002
0.00000
0.00003
0.32988
0.00000
0.00000
0.33235
0.01110
0.29135
0.15540
0.00001
0.00000
0.00000
0.00043
0.00000
0.07704
0.31644
0.00000
0.00000
0.00000
0.00000
0.00000
0.01797
0.00651
0.00000
0.03805
0.00000
0.04947
0.00000
0.00000
0.00000
0.01922
0.00000
0.00000
0.03995
0.00000
0.19714
