0.28162
0.21381
0.16486
0.01089
0.00000
0.00000
0.00000
0.00000
0.08896
0.00000
0.00000
0.00418
0.00001
0.00034
0.00039
0.00000
0.00000
0.18598
0.00000
0.20799
0.35403
0.00145
0.33186
0.00000
0.08707
0.00000
0.14751
0.05061
0.00000
0.05864
0.38728
0.00000
0.00000
0.00000
0.00000
0.00000
0.00000
0.03293
0.07842
0.00000
0.00070
0.00247
0.00000
0.00089
0.31181
0.00880
0.00012
0.19759
0.00000
0.00000
0.00000
0.00000
0.00000
0.39032
0.12974
0.00000
0.00000
0.00434
0.00000
0.00000
0.00005
0.13392
0.01907
0.24864
0.00429
0.00000
0.00000
0.01054
0.36127
0.07007
0.37255
0.00103
0.00000
0.00000
0.00000
0.00003
0.00075
0.00001
0.00000
0.00000
0.00000
0.00005
0.00346
0.00000
0.00000
0.00052
0.00489
0.00000
0.00000
0.33633
0.00000
0.18727
0.00000
0.00000
0.00000
0.02978
0.00000
0.00000
0.00000
0.00000
0.01695
0.01839
0.00005
0.00000
0.00000
0.08629
0.00083
0.00000
0.00001
0.00012
0.00000
0.00000
0.01475
0.19373
0.28955
0.00000
0.00035
0.00000
0.35430
0.26780
0.03563
0.00001
0.00000
0.00000
0.00000
0.00036
0.00000
0.00000
0.00000
0.00002
0.10419
0.00022
0.00000
0.04517
0.00000
0.04016
0.00000
0.00005
0.00000
0.01664
0.00000
0.00000
0.00007
0.00000
0.21523
0.00045
0.27908
0.00000
0.00021
0.01253
0.39016
0.03759
0.02456
0.34464
0.02254
0.00000
0.00000
0.37335
0.00000
0.00000
0.00000
0.08503
0.00000
0.00002
0.00000
0.00004
0.30424
0.00000
0.00000
0.30729
0.01468
0.26530
0.13076
0.00001
0.00000
0.00000
0.00032
0.00000
0.06268
0.30961
0.00000
0.00000
0.00000
0.00000
0.00000
0.01807
0.00874
0.00000
0.04856
0.00000
0.03933
0.00000
0.00000
0.00000
0.01517
0.00000
0.00000
0.03112
0.00000
0.22448
