0.03645
0.18604
0.36309
0.01413
0.00000
0.00000
0.00000
0.00013
0.37277
0.00000
0.00000
0.08729
0.00120
0.00002
0.00114
0.00000
0.00000
0.37956
0.00000
0.01909
0.08550
0.04220
0.20639
0.00000
0.36480
0.00000
0.35684
0.32105
0.00000
0.33431
0.14271
0.00000
0.00000
0.00000
0.00000
0.00000
0.00000
0.00093
0.00360
0.00000
0.00206
0.00461
0.00000
0.03003
0.04684
0.14504
0.00038
0.29620
0.00000
0.00000
0.00000
0.00000
0.00000
0.12919
0.38450
0.00000
0.00000
0.00868
0.00001
0.00000
0.00028
0.00786
0.00072
0.16856
0.07108
0.00028
0.00000
0.01790
0.09928
0.00339
0.09720
0.00006
0.00000
0.00000
0.00000
0.00012
0.02703
0.00007
0.00000
0.00001
0.00000
0.00000
0.00012
0.00000
0.00000
0.02373
0.00029
0.00000
0.00000
0.25086
0.00000
0.36157
0.00000
0.00000
0.00000
0.04629
0.00000
0.00000
0.00000
0.00000
0.00073
0.18939
0.00000
0.00000
0.00032
0.00395
0.00005
0.00000
0.00078
0.00036
0.00003
0.00000
0.00093
0.02009
0.03790
0.00000
0.00001
0.00000
0.19563
0.03449
0.00224
0.00000
0.00000
0.00000
0.00000
0.00002
0.00000
0.00000
0.00000
0.00127
0.38113
0.00001
0.00000
0.03121
0.00000
0.29630
0.00000
0.00321
0.00000
0.02271
0.00000
0.00000
0.00024
0.00000
0.02408
0.01836
0.34615
0.00000
0.00077
0.00140
0.11756
0.28803
0.00110
0.26079
0.22864
0.00024
0.00000
0.11470
0.00000
0.00000
0.00000
0.35987
0.00001
0.00009
0.00000
0.00314
0.04416
0.00000
0.00010
0.04483
0.18549
0.02991
0.00729
0.00152
0.00000
0.00000
0.00002
0.00000
0.00339
0.06541
0.00000
0.00000
0.00000
0.00000
0.00000
0.02081
0.14041
0.00000
0.31640
0.00000
0.00176
0.00000
0.00000
0.00000
0.00085
0.00000
0.00000
0.00105
0.00000
0.38122
