0.30987
0.19069
0.13877
0.01080
0.00000
0.00000
0.00001
0.00000
0.07181
0.00000
0.00000
0.00306
0.00001
0.00046
0.00037
0.00000
0.00000
0.15852
0.00000
0.22936
0.36092
0.00104
0.31011
0.00000
0.06991
0.00000
0.12292
0.03952
0.00000
0.04652
0.38242
0.00000
0.00000
0.00000
0.00000
0.00000
0.00000
0.04281
0.09687
0.00000
0.00066
0.00242
0.00000
0.00064
0.33412
0.00646
0.00012
0.17017
0.00000
0.00000
0.00000
0.00000
0.00000
0.39546
0.10720
0.00000
0.00000
0.00419
0.00000
0.00000
0.00005
0.15957
0.02481
0.22713
0.00325
0.00000
0.00000
0.01019
0.36394
0.08676
0.38605
0.00137
0.00000
0.00000
0.00000
0.00003
0.00053
0.00001
0.00000
0.00000
0.00000
0.00006
0.00466
0.00000
0.00000
0.00036
0.00633
0.00000
0.00000
0.31143
0.00000
0.15958
0.00000
0.00000
0.00000
0.02850
0.00000
0.00000
0.00000
0.00000
0.02193
0.01418
0.00007
0.00000
0.00000
0.10613
0.00110
0.00000
0.00001
0.00011
0.00000
0.00000
0.01867
0.22151
0.31397
0.00000
0.00048
0.00000
0.34699
0.29661
0.04432
0.00001
0.00000
0.00000
0.00000
0.00048
0.00000
0.00000
0.00000
0.00001
0.08486
0.00030
0.00000
0.04633
0.00000
0.03092
0.00000
0.00003
0.00000
0.01630
0.00000
0.00000
0.00007
0.00000
0.24373
0.00032
0.25034
0.00000
0.00020
0.01527
0.39730
0.02909
0.03146
0.32003
0.01717
0.00000
0.00000
0.37322
0.00000
0.00000
0.00000
0.06959
0.00000
0.00002
0.00000
0.00003
0.33057
0.00000
0.00000
0.33302
0.01101
0.29205
0.15613
0.00001
0.00000
0.00000
0.00043
0.00000
0.07748
0.31655
0.00000
0.00000
0.00000
0.00000
0.00000
0.01797
0.00646
0.00000
0.03779
0.00000
0.04979
0.00000
0.00000
0.00000
0.01935
0.00000
0.00000
0.04022
0.00000
0.19638
