0.19361
0.26538
0.25068
0.01149
0.00000
0.00000
0.00000
0.00000
0.15620
0.00000
0.00000
0.01042
0.00005
0.00015
0.00048
0.00000
0.00000
0.27398
0.00000
0.13761
0.29962
0.00384
0.36439
0.00000
0.15446
0.00000
0.23078
0.09866
0.00000
0.10973
0.36332
0.00000
0.00000
0.00000
0.00000
0.00000
0.00000
0.01415
0.03898
0.00000
0.00087
0.00277
0.00000
0.00243
0.22887
0.02125
0.00015
0.27674
0.00000
0.00000
0.00000
0.00000
0.00000
0.34491
0.21053
0.00000
0.00000
0.00505
0.00000
0.00000
0.00007
0.07310
0.00841
0.28758
0.00973
0.00001
0.00000
0.01199
0.31685
0.03485
0.30796
0.00046
0.00000
0.00000
0.00000
0.00004
0.00208
0.00002
0.00000
0.00000
0.00000
0.00002
0.00142
0.00000
0.00000
0.00155
0.00227
0.00000
0.00000
0.38264
0.00000
0.27450
0.00000
0.00000
0.00000
0.03421
0.00000
0.00000
0.00000
0.00000
0.00767
0.03851
0.00002
0.00000
0.00001
0.04325
0.00036
0.00000
0.00003
0.00014
0.00000
0.00000
0.00723
0.12106
0.20493
0.00000
0.00014
0.00000
0.35147
0.18172
0.01803
0.00000
0.00000
0.00000
0.00000
0.00015
0.00000
0.00000
0.00000
0.00005
0.17741
0.00009
0.00000
0.04195
0.00000
0.08166
0.00000
0.00015
0.00000
0.01805
0.00000
0.00000
0.00009
0.00000
0.13803
0.00127
0.35491
0.00000
0.00027
0.00698
0.33827
0.07597
0.01136
0.39055
0.04828
0.00001
0.00000
0.33599
0.00000
0.00000
0.00000
0.14554
0.00000
0.00003
0.00000
0.00013
0.21671
0.00000
0.00000
0.22008
0.03307
0.17975
0.07072
0.00005
0.00000
0.00000
0.00015
0.00000
0.03164
0.25715
0.00000
0.00000
0.00000
0.00000
0.00000
0.01873
0.02078
0.00000
0.09554
0.00000
0.01860
0.00000
0.00000
0.00000
0.00724
0.00000
0.00000
0.01376
0.00000
0.30895
