0.30095
0.19834
0.14696
0.01082
0.00000
0.00000
0.00000
0.00000
0.07705
0.00000
0.00000
0.00338
0.00001
0.00042
0.00038
0.00000
0.00000
0.16718
0.00000
0.22275
0.35943
0.00116
0.31762
0.00000
0.07515
0.00000
0.13061
0.04286
0.00000
0.05019
0.38472
0.00000
0.00000
0.00000
0.00000
0.00000
0.00000
0.03938
0.09060
0.00000
0.00067
0.00243
0.00000
0.00071
0.32739
0.00714
0.00012
0.17895
0.00000
0.00000
0.00000
0.00000
0.00000
0.39441
0.11419
0.00000
0.00000
0.00423
0.00000
0.00000
0.00005
0.15102
0.02280
0.23442
0.00355
0.00000
0.00000
0.01029
0.36383
0.08107
0.38223
0.00125
0.00000
0.00000
0.00000
0.00003
0.00060
0.00001
0.00000
0.00000
0.00000
0.00006
0.00423
0.00000
0.00000
0.00040
0.00582
0.00000
0.00000
0.31986
0.00000
0.16834
0.00000
0.00000
0.00000
0.02889
0.00000
0.00000
0.00000
0.00000
0.02018
0.01543
0.00006
0.00000
0.00000
0.09940
0.00100
0.00000
0.00001
0.00011
0.00000
0.00000
0.01730
0.21240
0.30647
0.00000
0.00043
0.00000
0.34977
0.28742
0.04132
0.00001
0.00000
0.00000
0.00000
0.00043
0.00000
0.00000
0.00000
0.00001
0.09080
0.00027
0.00000
0.04594
0.00000
0.03368
0.00000
0.00004
0.00000
0.01640
0.00000
0.00000
0.00007
0.00000
0.23445
0.00035
0.25968
0.00000
0.00020
0.01432
0.39563
0.03163
0.02906
0.32836
0.01876
0.00000
0.00000
0.37402
0.00000
0.00000
0.00000
0.07432
0.00000
0.00002
0.00000
0.00003
0.32237
0.00000
0.00000
0.32505
0.01209
0.28368
0.14768
0.00001
0.00000
0.00000
0.00039
0.00000
0.07242
0.31501
0.00000
0.00000
0.00000
0.00000
0.00000
0.01799
0.00713
0.00000
0.04102
0.00000
0.04617
0.00000
0.00000
0.00000
0.01789
0.00000
0.00000
0.03706
0.00000
0.20534
