0.02223
0.14006
0.33234
0.01520
0.00000
0.00001
0.00000
0.00031
0.38922
0.00000
0.00000
0.12797
0.00250
0.00001
0.00150
0.00001
0.00000
0.34753
0.00000
0.01041
0.05500
0.06711
0.15278
0.00000
0.37663
0.00000
0.33022
0.36023
0.00001
0.37390
0.09918
0.00000
0.00001
0.00000
0.00000
0.00000
0.00000
0.00048
0.00196
0.00000
0.00268
0.00546
0.00000
0.04940
0.02844
0.19780
0.00052
0.24951
0.00000
0.00000
0.00000
0.00000
0.00000
0.09133
0.37456
0.00000
0.00000
0.01021
0.00002
0.00000
0.00042
0.00433
0.00041
0.12254
0.10400
0.00062
0.00000
0.02002
0.06510
0.00189
0.06643
0.00004
0.00000
0.00000
0.00000
0.00018
0.04497
0.00011
0.00000
0.00001
0.00000
0.00000
0.00007
0.00001
0.00000
0.04044
0.00019
0.00000
0.00000
0.19383
0.00000
0.32469
0.00000
0.00000
0.00000
0.04921
0.00000
0.00001
0.00000
0.00000
0.00043
0.24425
0.00000
0.00000
0.00070
0.00213
0.00003
0.00000
0.00164
0.00050
0.00009
0.00000
0.00060
0.01232
0.02251
0.00000
0.00001
0.00000
0.15338
0.02130
0.00138
0.00000
0.00000
0.00000
0.00000
0.00001
0.00000
0.00000
0.00000
0.00260
0.38716
0.00001
0.00000
0.02909
0.00001
0.33976
0.00000
0.00626
0.00000
0.02425
0.00000
0.00000
0.00033
0.00000
0.01485
0.03159
0.29759
0.00000
0.00107
0.00101
0.08135
0.33819
0.00064
0.20368
0.28573
0.00055
0.00000
0.07687
0.00000
0.00000
0.00000
0.38808
0.00001
0.00013
0.00000
0.00623
0.02729
0.00000
0.00024
0.02760
0.24214
0.01743
0.00396
0.00318
0.00000
0.00000
0.00002
0.00000
0.00196
0.04045
0.00000
0.00000
0.00000
0.00000
0.00000
0.02164
0.19255
0.00000
0.35567
0.00000
0.00100
0.00000
0.00000
0.00001
0.00053
0.00000
0.00000
0.00057
0.00000
0.34619
