0.10952
0.27223
0.33602
0.01238
0.00000
0.00000
0.00000
0.00001
0.25222
0.00000
0.00000
0.02670
0.00017
0.00006
0.00064
0.00000
0.00000
0.35786
0.00000
0.07120
0.20674
0.01080
0.33493
0.00000
0.25008
0.00000
0.31851
0.18020
0.00000
0.19343
0.28394
0.00000
0.00000
0.00000
0.00000
0.00000
0.00000
0.00498
0.01594
0.00000
0.00118
0.00330
0.00000
0.00713
0.13633
0.05117
0.00020
0.33221
0.00000
0.00000
0.00000
0.00000
0.00000
0.25884
0.30740
0.00000
0.00000
0.00616
0.00000
0.00000
0.00012
0.03243
0.00318
0.27337
0.02308
0.00004
0.00000
0.01402
0.22737
0.01442
0.21497
0.00019
0.00000
0.00000
0.00000
0.00006
0.00623
0.00003
0.00000
0.00000
0.00000
0.00001
0.00052
0.00000
0.00000
0.00500
0.00097
0.00000
0.00000
0.37019
0.00000
0.35352
0.00000
0.00000
0.00000
0.03930
0.00000
0.00000
0.00000
0.00000
0.00302
0.08015
0.00001
0.00000
0.00004
0.01771
0.00015
0.00000
0.00011
0.00019
0.00000
0.00000
0.00317
0.06345
0.11713
0.00000
0.00005
0.00000
0.30598
0.10233
0.00796
0.00000
0.00000
0.00000
0.00000
0.00006
0.00000
0.00000
0.00000
0.00019
0.27540
0.00004
0.00000
0.03778
0.00000
0.15616
0.00000
0.00053
0.00000
0.01981
0.00000
0.00000
0.00012
0.00000
0.07413
0.00394
0.39756
0.00000
0.00039
0.00361
0.24719
0.14631
0.00453
0.37871
0.10074
0.00003
0.00000
0.24907
0.00000
0.00000
0.00000
0.23397
0.00000
0.00004
0.00000
0.00048
0.12706
0.00000
0.00001
0.12937
0.07355
0.09813
0.03092
0.00020
0.00000
0.00000
0.00007
0.00000
0.01349
0.17121
0.00000
0.00000
0.00000
0.00000
0.00000
0.01954
0.04953
0.00000
0.17601
0.00000
0.00746
0.00000
0.00000
0.00000
0.00306
0.00000
0.00000
0.00508
0.00000
0.37990
