0.05273
0.22089
0.37139
0.01348
0.00000
0.00000
0.00000
0.00006
0.34459
0.00000
0.00000
0.06229
0.00067
0.00003
0.00093
0.00000
0.00000
0.38938
0.00000
0.02986
0.11700
0.02836
0.25085
0.00000
0.33939
0.00000
0.36133
0.28008
0.00000
0.29346
0.18368
0.00000
0.00000
0.00000
0.00000
0.00000
0.00000
0.00158
0.00579
0.00000
0.00170
0.00410
0.00000
0.01968
0.06753
0.10890
0.00030
0.32266
0.00000
0.00000
0.00000
0.00000
0.00000
0.16539
0.37501
0.00000
0.00000
0.00773
0.00000
0.00000
0.00021
0.01246
0.00114
0.20625
0.05127
0.00015
0.00000
0.01652
0.13368
0.00537
0.12812
0.00008
0.00000
0.00000
0.00000
0.00009
0.01755
0.00005
0.00000
0.00000
0.00000
0.00000
0.00019
0.00000
0.00000
0.01505
0.00041
0.00000
0.00000
0.29535
0.00000
0.37589
0.00000
0.00000
0.00000
0.04411
0.00000
0.00000
0.00000
0.00000
0.00113
0.14964
0.00000
0.00000
0.00017
0.00639
0.00007
0.00000
0.00043
0.00029
0.00002
0.00000
0.00135
0.02926
0.05565
0.00000
0.00002
0.00000
0.23125
0.04957
0.00332
0.00000
0.00000
0.00000
0.00000
0.00003
0.00000
0.00000
0.00000
0.00071
0.35985
0.00002
0.00000
0.03313
0.00000
0.25373
0.00000
0.00186
0.00000
0.02170
0.00000
0.00000
0.00019
0.00000
0.03484
0.01164
0.37563
0.00000
0.00061
0.00186
0.15294
0.24298
0.00170
0.30499
0.18403
0.00013
0.00000
0.15184
0.00000
0.00000
0.00000
0.32647
0.00000
0.00007
0.00000
0.00178
0.06313
0.00000
0.00005
0.06421
0.14433
0.04468
0.01166
0.00083
0.00000
0.00000
0.00003
0.00000
0.00525
0.09205
0.00000
0.00000
0.00000
0.00000
0.00000
0.02033
0.10521
0.00000
0.27542
0.00000
0.00276
0.00000
0.00000
0.00000
0.00126
0.00000
0.00000
0.00172
0.00000
0.39587
