-1.63098,-0.06274
-1.63937,-0.14378
-1.62023,0.01406
-1.00055,0.26200
-0.94526,0.22358
-1.16881,0.32183
-1.57952,0.19739
-1.61817,0.02604
-1.63429,-0.09190
-1.63473,-0.09601
-1.61732,0.03105
-1.59938,0.11797
-1.63030,-0.05901
-1.63026,-0.07090
-1.63124,-0.56597
-1.64562,-0.46978
-1.64890,-0.37420
-1.64754,-0.28001
-1.64279,-0.18768
-1.63496,-0.09768
-1.62401,-0.01037
-1.60980,0.07435
-1.59210,0.15728
-1.57071,0.23975
-1.54564,0.32301
-1.51737,0.40753
-1.48678,0.49288
-1.45491,0.57784
-1.42263,0.66062
-1.39061,0.73901
-1.35942,0.81050
-1.32982,0.87266
-1.30297,0.92366
-1.28016,0.96291
-1.26209,0.99149
-1.24810,1.01219
-1.23631,1.02873
-1.22449,1.04457
-1.21087,1.06192
-1.19431,1.08184
-1.62121,0.00787
-1.63721,-0.12006
-1.63891,-0.13845
-1.63849,-0.13386
-1.61680,0.03492
-1.11273,0.32181
-1.05710,0.27174
-1.50033,0.35471
-1.61833,0.02533
-1.63434,-0.09236
-1.63253,-0.07615
-1.59014,0.15629
-1.63145,-0.06752
-1.63883,-0.14811
-1.63122,-0.56604
-1.64570,-0.46862
-1.64892,-0.37140
-1.64737,-0.27519
-1.64228,-0.18047
-1.63388,-0.08771
-1.62207,0.00269
-1.60661,0.09073
-1.58733,0.17696
-1.56422,0.26237
-1.53757,0.34791
-1.50810,0.43390
-1.47680,0.51986
-1.44462,0.60458
-1.41233,0.68629
-1.38050,0.76278
-1.34968,0.83162
-1.32067,0.89064
-1.29456,0.93856
-1.27229,0.97562
-1.25387,1.00379
-1.23811,1.02626
-1.22315,1.04631
-1.20726,1.06636
-1.18922,1.08772
-1.16822,1.11089
-1.34354,0.43067
-1.56338,0.25736
-1.60682,0.08903
-1.62332,-0.00589
-1.63609,-0.10877
-1.63682,-0.11606
-1.62281,-0.00242
-1.53114,0.33667
-1.15372,0.33732
-1.60542,0.09451
-1.63337,-0.08342
-1.61475,0.04559
-1.64053,-0.15799
-1.63885,-0.14862
-1.63143,-0.56534
-1.64585,-0.46645
-1.64893,-0.36737
-1.64714,-0.26892
-1.64163,-0.17159
-1.63255,-0.07588
-1.61971,0.01778
-1.60284,0.10917
-1.58185,0.19857
-1.55697,0.28668
-1.52880,0.37421
-1.49825,0.46141
-1.46632,0.54780
-1.43386,0.63219
-1.40151,0.71282
-1.36972,0.78750
-1.33903,0.85398
-1.31020,0.91045
-1.28415,0.95631
-1.26136,0.99259
-1.24133,1.02178
-1.22274,1.04685
-1.20406,1.07026
-1.18404,1.09359
-1.16183,1.11761
-1.13682,1.14256
-1.03489,0.29550
-1.10105,0.33089
-1.16492,0.37909
-1.51744,0.36538
-1.58431,0.18660
-1.61462,0.04758
-1.62636,-0.02703
-1.63509,-0.09907
-1.63520,-0.10009
-1.61894,0.02226
-1.55658,0.27692
-1.62911,-0.04796
-1.61315,0.05432
-1.62579,-0.03237
-1.63177,-0.56418
-1.64605,-0.46324
-1.64894,-0.36185
-1.64682,-0.26081
-1.64077,-0.16056
-1.63086,-0.06162
-1.61680,0.03544
-1.59831,0.13018
-1.57547,0.22254
-1.54881,0.31301
-1.51922,0.40222
-1.48769,0.49040
-1.45518,0.57712
-1.42239,0.66122
-1.38979,0.74095
-1.35774,0.81418
-1.32670,0.87886
-1.29737,0.93365
-1.27041,0.97859
-1.24595,1.01527
-1.22327,1.04616
-1.20124,1.07366
-1.17871,1.09953
-1.15481,1.12482
-1.12891,1.15003
-1.10056,1.17535
-0.83036,0.22484
-0.93540,0.25637
-1.01073,0.28701
-1.07281,0.31819
-1.12877,0.35321
-1.19883,0.44107
-1.53679,0.33343
-1.58867,0.16976
-1.61414,0.05036
-1.62998,-0.05454
-1.63316,-0.08132
-1.63381,-0.08709
-1.63071,-0.06044
-1.63859,-0.13492
-1.63128,-0.56573
-1.64628,-0.45964
-1.64893,-0.35442
-1.64635,-0.25000
-1.63960,-0.14634
-1.62863,-0.04384
-1.61307,0.05675
-1.59272,0.15467
-1.56792,0.24958
-1.53954,0.34191
-1.50864,0.43238
-1.47624,0.52135
-1.44312,0.60844
-1.40981,0.69250
-1.37661,0.77177
-1.34375,0.84417
-1.31161,0.90783
-1.28082,0.96183
-1.25187,1.00673
-1.22473,1.04425
-1.19878,1.07658
-1.17316,1.10559
-1.14705,1.13260
-1.11981,1.15840
-1.09097,1.18342
-1.06020,1.20781
-0.52465,-0.03772
-0.61334,0.13597
-0.78990,0.21641
-0.90079,0.24750
-0.97601,0.27556
-1.03568,0.30345
-1.08724,0.33230
-1.13525,0.36585
-1.33019,0.43381
-1.53083,0.35086
-1.58072,0.20099
-1.60649,0.09091
-1.62379,-0.00894
-1.62966,-0.05195
-1.63709,-0.11881
-1.63659,-0.11362
-1.64887,-0.34276
-1.64549,-0.23221
-1.63769,-0.12508
-1.62529,-0.01924
-1.60786,0.08440
-1.58542,0.18461
-1.55871,0.28094
-1.52883,0.37411
-1.49688,0.46521
-1.46367,0.55481
-1.42980,0.64252
-1.39558,0.72712
-1.36114,0.80669
-1.32660,0.87906
-1.29232,0.94245
-1.25895,0.99623
-1.22704,1.04122
-1.19661,1.07914
-1.16726,1.11191
-1.13836,1.14108
-1.10930,1.16778
-1.07958,1.19271
-1.04883,1.21628
-1.01681,1.23862
-0.43891,-0.34860
-0.47709,-0.22428
-0.51417,-0.07907
-0.56958,0.08444
-0.71965,0.19786
-0.84633,0.23491
-0.92641,0.26108
-0.98609,0.28639
-1.03503,0.31169
-1.07726,0.33766
-1.11499,0.36586
-1.15075,0.40040
-1.43757,0.45690
-1.52623,0.36942
-1.55799,0.28119
-1.57867,0.21022
-1.59407,0.14879
-1.60507,0.09834
-1.61170,0.06421
-1.60926,0.07717
-1.59655,0.13804
-1.57401,0.22790
-1.54672,0.31962
-1.51632,0.41054
-1.48379,0.50102
-1.44979,0.59117
-1.41479,0.68020
-1.37894,0.76639
-1.34222,0.84735
-1.30473,0.92049
-1.26701,0.98391
-1.23004,1.03723
-1.19456,1.08154
-1.16079,1.11868
-1.12845,1.15046
-1.09703,1.17835
-1.06600,1.20338
-1.03493,1.22623
-1.00352,1.24728
-0.97163,1.26666
-0.35048,-0.57111
-0.39243,-0.47397
-0.43080,-0.37218
-0.46652,-0.26115
-0.50043,-0.13505
-0.53649,0.00676
-0.61651,0.14411
-0.75530,0.21409
-0.85176,0.24304
-0.91646,0.26662
-0.96479,0.28943
-1.00270,0.31193
-1.03265,0.33429
-1.05590,0.35687
-1.07334,0.38023
-1.08599,0.40488
-1.09541,0.43047
-1.10515,0.45309
-1.12880,0.45571
-1.48115,0.50337
-1.50242,0.44959
-1.51598,0.41149
-1.51640,0.41030
-1.50126,0.45306
-1.46978,0.53862
-1.43475,0.62992
-1.39770,0.72202
-1.35886,0.81171
-1.31818,0.89541
-1.27601,0.96967
-1.23353,1.03252
-1.19230,1.08418
-1.15331,1.12634
-1.11679,1.16113
-1.08240,1.19044
-1.04962,1.21569
-1.01791,1.23788
-0.98687,1.25764
-0.95625,1.27532
-0.92600,1.29109
-0.26408,-0.73885
-0.30435,-0.66533
-0.34347,-0.58619
-0.38273,-0.49758
-0.41983,-0.40283
-0.45261,-0.30666
-0.48331,-0.20142
-0.51200,-0.08704
-0.54477,0.03542
-0.61410,0.14811
-0.72484,0.21252
-0.80829,0.24236
-0.86308,0.26475
-0.90069,0.28582
-0.92705,0.30702
-0.94552,0.32931
-0.95857,0.35373
-0.96825,0.38110
-0.97629,0.41165
-0.98413,0.44457
-0.99334,0.47733
-1.00719,0.50442
-1.03341,0.51570
-1.08621,0.49454
-1.46357,0.55507
-1.42067,0.66552
-1.37852,0.76734
-1.33392,0.86440
-1.28654,0.95229
-1.23757,1.02701
-1.18939,1.08753
-1.14404,1.13556
-1.10240,1.17377
-1.06436,1.20464
-1.02936,1.23011
-0.99673,1.25157
-0.96589,1.26994
-0.93643,1.28584
-0.90815,1.29961
-0.88109,1.31145
-0.16738,-0.88907
-0.21600,-0.81767
-0.26044,-0.74513
-0.30042,-0.67284
-0.33710,-0.59966
-0.37210,-0.52261
-0.40575,-0.44026
-0.43646,-0.35579
-0.46359,-0.27097
-0.48871,-0.18087
-0.51211,-0.08564
-0.53615,0.01266
-0.57147,0.10620
-0.63304,0.18021
-0.70219,0.22600
-0.75510,0.25588
-0.79273,0.28184
-0.82124,0.30885
-0.84482,0.33900
-0.86564,0.37324
-0.88439,0.41179
-0.90134,0.45400
-0.91817,0.49727
-0.94209,0.53404
-0.99835,0.54343
-1.42400,0.65714
-1.36002,0.80916
-1.30232,0.92483
-1.24362,1.01857
-1.18573,1.09169
-1.13188,1.14724
-1.08364,1.18943
-1.04103,1.22191
-1.00332,1.24740
-0.96956,1.26785
-0.93889,1.28457
-0.91064,1.29846
-0.88440,1.31007
-0.85999,1.31977
-0.83748,1.32779
-0.07016,-1.01260
-0.11822,-0.95435
-0.16692,-0.88971
-0.21405,-0.82068
-0.25769,-0.74984
-0.29688,-0.67954
-0.33173,-0.61082
-0.36319,-0.54298
-0.39228,-0.47432
-0.41958,-0.40350
-0.44493,-0.33046
-0.46798,-0.25604
-0.48887,-0.18006
-0.50804,-0.10186
-0.52592,-0.02305
-0.54442,0.05417
-0.56910,0.12784
-0.60877,0.19513
-0.66393,0.25156
-0.72001,0.29776
-0.76663,0.34114
-0.80277,0.38758
-0.82995,0.43985
-0.85121,0.49746
-0.87847,0.55197
-0.96571,0.57050
-1.35623,0.81743
-1.26337,0.98953
-1.18435,1.09325
-1.11592,1.16190
-1.05783,1.20960
-1.00906,1.24371
-0.96803,1.26872
-0.93314,1.28752
-0.90294,1.30200
-0.87632,1.31340
-0.85251,1.32254
-0.83103,1.32992
-0.81169,1.33587
-0.79455,1.34060
0.00113,-1.09061
-0.03968,-1.04710
-0.08317,-0.99732
-0.12811,-0.94171
-0.17304,-0.88114
-0.21646,-0.81695
-0.25707,-0.75090
-0.29413,-0.68470
-0.32753,-0.61944
-0.35768,-0.55529
-0.38521,-0.49160
-0.41069,-0.42734
-0.43448,-0.36154
-0.45670,-0.29354
-0.47736,-0.22298
-0.49649,-0.14964
-0.51435,-0.07308
-0.53160,0.00751
-0.55031,0.09245
-0.57854,0.17901
-0.63025,0.25796
-0.69317,0.32180
-0.74248,0.38094
-0.77369,0.44731
-0.79276,0.52221
-0.82965,0.58997
-1.38331,0.72852
-1.22382,1.04543
-1.10170,1.17437
-1.02130,1.23561
-0.96236,1.27193
-0.91721,1.29536
-0.88171,1.31119
-0.85303,1.32235
-0.82921,1.33051
-0.80891,1.33667
-0.79123,1.34146
-0.77567,1.34523
-0.76203,1.34819
-0.75031,1.35048
0.05092,-1.13990
0.01533,-1.10509
-0.02313,-1.06510
-0.06366,-1.02011
-0.10528,-0.97053
-0.14698,-0.91694
-0.18774,-0.86009
-0.22672,-0.80085
-0.26341,-0.74001
-0.29764,-0.67809
-0.32960,-0.61521
-0.35957,-0.55109
-0.38781,-0.48530
-0.41444,-0.41739
-0.43946,-0.34690
-0.46286,-0.27331
-0.48467,-0.19587
-0.50504,-0.11375
-0.52419,-0.02649
-0.54276,0.06533
-0.56421,0.15916
-0.60079,0.24888
-0.65459,0.32770
-0.69701,0.40405
-0.71439,0.49089
-0.73056,0.58006
-0.83010,0.64693
-1.19212,1.08431
-0.98049,1.26146
-0.88947,1.30792
-0.83901,1.32727
-0.80541,1.33766
-0.78127,1.34392
-0.76300,1.34799
-0.74849,1.35082
-0.73648,1.35290
-0.72616,1.35449
-0.71710,1.35575
-0.70915,1.35674
-0.70231,1.35752
0.09062,-1.17633
0.05778,-1.14637
0.02205,-1.11182
-0.01599,-1.07271
-0.05558,-1.02933
-0.09585,-0.98209
-0.13598,-0.93149
-0.17526,-0.87800
-0.21323,-0.82195
-0.24966,-0.76344
-0.28458,-0.70234
-0.31814,-0.63837
-0.35041,-0.57126
-0.38136,-0.50083
-0.41083,-0.42697
-0.43857,-0.34954
-0.46435,-0.26830
-0.48801,-0.18307
-0.50956,-0.09392
-0.52918,-0.00144
-0.54745,0.09325
-0.56680,0.18832
-0.59325,0.28148
-0.61899,0.37415
-0.62483,0.47153
-0.63423,0.56931
-0.68657,0.66424
-1.16770,1.10997
-0.78096,1.34399
-0.71274,1.35630
-0.69004,1.35872
-0.67786,1.35968
-0.67049,1.36015
-0.66569,1.36042
-0.66229,1.36058
-0.65956,1.36070
-0.65704,1.36080
-0.65450,1.36090
-0.65189,1.36098
-0.64927,1.36106
0.12693,-1.20747
0.09546,-1.18060
0.06113,-1.14950
0.02426,-1.11402
-0.01455,-1.07424
-0.05457,-1.03047
-0.09503,-0.98308
-0.13527,-0.93242
-0.17480,-0.87865
-0.21337,-0.82172
-0.25092,-0.76132
-0.28747,-0.69704
-0.32301,-0.62861
-0.35738,-0.55596
-0.39030,-0.47920
-0.42140,-0.39849
-0.45028,-0.31391
-0.47660,-0.22563
-0.50023,-0.13398
-0.52132,-0.03955
-0.54018,0.05700
-0.55637,0.15538
-0.56337,0.25651
-0.54325,0.35932
-0.52340,0.45813
-0.53607,0.56111
-0.57311,0.66750
-0.84797,0.83053
-0.52266,1.35348
-0.52766,1.35417
-0.53822,1.35553
-0.54839,1.35671
-0.55774,1.35767
-0.56618,1.35845
-0.57358,1.35906
-0.57982,1.35952
-0.58478,1.35985
-0.58840,1.36007
-0.59072,1.36020
-0.59185,1.36026
0.16302,-1.23634
0.13212,-1.21175
0.09855,-1.18331
0.06232,-1.15061
0.02380,-1.11355
-0.01641,-1.07227
-0.05762,-1.02701
-0.09916,-0.97805
-0.14052,-0.92551
-0.18136,-0.86930
-0.22151,-0.80908
-0.26087,-0.74439
-0.29934,-0.67488
-0.33669,-0.60051
-0.37260,-0.52145
-0.40664,-0.43794
-0.43835,-0.35018
-0.46730,-0.25829
-0.49324,-0.16248
-0.51632,-0.06297
-0.53678,0.04030
-0.55175,0.14819
-0.53245,0.26200
-0.46666,0.36037
-0.43984,0.45402
-0.44925,0.56002
-0.47250,0.66980
-0.43377,0.76243
-0.32784,1.30441
-0.37011,1.31865
-0.40162,1.32797
-0.42767,1.33486
-0.44988,1.34013
-0.46904,1.34423
-0.48558,1.34744
-0.49968,1.34993
-0.51136,1.35181
-0.52065,1.35320
-0.52758,1.35416
-0.53225,1.35478
0.20035,-1.26395
0.16954,-1.24132
0.13637,-1.21523
0.10058,-1.18508
0.06227,-1.15057
0.02187,-1.11163
-0.02004,-1.06841
-0.06282,-1.02107
-0.10595,-0.96971
-0.14900,-0.91422
-0.19173,-0.85425
-0.23393,-0.78931
-0.27536,-0.71899
-0.31572,-0.64316
-0.35465,-0.56199
-0.39171,-0.47574
-0.42646,-0.38442
-0.45850,-0.28765
-0.48762,-0.18452
-0.51399,-0.07349
-0.53725,0.04688
-0.53976,0.17699
-0.45055,0.29241
-0.38797,0.37444
-0.37040,0.46775
-0.37044,0.56982
-0.35840,0.66641
0.08587,1.01459
-0.18014,1.23781
-0.23806,1.26728
-0.28190,1.28663
-0.31843,1.30097
-0.34978,1.31206
-0.37706,1.32080
-0.40090,1.32778
-0.42159,1.33332
-0.43920,1.33766
-0.45371,1.34098
-0.46508,1.34342
-0.47333,1.34510
0.23948,-1.29033
0.20851,-1.26967
0.17560,-1.24591
0.14022,-1.21835
0.10222,-1.18651
0.06182,-1.15015
0.01947,-1.10924
-0.02429,-1.06385
-0.06892,-1.01404
-0.11401,-0.95966
-0.15924,-0.90033
-0.20434,-0.83548
-0.24899,-0.76455
-0.29276,-0.68725
-0.33516,-0.60370
-0.37578,-0.51403
-0.41434,-0.41764
-0.45091,-0.31193
-0.48614,-0.19013
-0.51945,-0.04632
-0.53100,0.11300
-0.40190,0.23953
-0.33083,0.31171
-0.30903,0.39802
-0.29806,0.49005
-0.27408,0.57480
0.14078,0.63905
0.06709,1.03748
-0.06131,1.16013
-0.12627,1.20582
-0.17749,1.23634
-0.22087,1.25902
-0.25862,1.27666
-0.29194,1.29073
-0.32153,1.30212
-0.34771,1.31136
-0.37056,1.31880
-0.38999,1.32466
-0.40583,1.32914
-0.41792,1.33237
0.28042,-1.31499
0.24936,-1.29656
0.21677,-1.27535
0.18194,-1.25062
0.14449,-1.22178
0.10441,-1.18840
0.06197,-1.15029
0.01763,-1.10739
-0.02816,-1.05968
-0.07500,-1.00696
-0.12260,-0.94878
-0.17073,-0.88440
-0.21904,-0.81294
-0.26706,-0.73365
-0.31425,-0.64606
-0.36050,-0.54901
-0.40745,-0.43583
-0.45877,-0.28669
-0.49622,-0.08673
-0.14916,-0.05732
-0.16173,0.06141
-0.19578,0.20186
-0.21693,0.31997
-0.21997,0.41729
-0.19413,0.49204
0.24661,0.54391
0.22163,0.79519
0.11032,0.98244
0.02868,1.07979
-0.03474,1.13875
-0.08857,1.18036
-0.13562,1.21172
-0.17743,1.23631
-0.21503,1.25612
-0.24904,1.27236
-0.27979,1.28576
-0.30732,1.29678
-0.33146,1.30572
-0.35191,1.31277
-0.36832,1.31809
0.32266,-1.33711
0.29196,-1.32137
0.26008,-1.30313
0.22621,-1.28169
0.18977,-1.25636
0.15050,-1.22656
0.10849,-1.19192
0.06405,-1.15222
0.01755,-1.10732
-0.03070,-1.05692
-0.08052,-1.00046
-0.13182,-0.93690
-0.18459,-0.86466
-0.23899,-0.78109
-0.29710,-0.67911
-0.36768,-0.53275
-0.06195,-0.34721
0.02759,-0.36854
0.04604,-0.31013
0.04139,-0.21266
0.01060,-0.05721
-0.04491,0.14433
-0.08782,0.29912
-0.06460,0.37119
0.35294,0.49050
0.28615,0.65528
0.21913,0.80019
0.15374,0.91777
0.09284,1.00573
0.03623,1.07192
-0.01587,1.12244
-0.06352,1.16183
-0.10718,1.19327
-0.14739,1.21893
-0.18458,1.24024
-0.21902,1.25811
-0.25068,1.27310
-0.27934,1.28557
-0.30459,1.29573
-0.32590,1.30372
0.36526,-1.35582
0.33581,-1.34328
0.30548,-1.32853
0.27337,-1.31096
0.23872,-1.28985
0.20107,-1.26446
0.16028,-1.23422
0.11646,-1.19870
0.06983,-1.15756
0.02057,-1.11034
-0.03130,-1.05627
-0.08609,-0.99385
-0.14494,-0.91965
-0.21474,-0.81962
-0.32586,-0.62279
0.04593,-0.45565
0.10184,-0.42424
0.12967,-0.36928
0.14634,-0.30325
0.15153,-0.21972
0.13940,-0.10045
0.11883,0.05029
0.44989,0.19520
0.38305,0.41344
0.33251,0.54362
0.28461,0.65887
0.23677,0.76426
0.18814,0.85902
0.13876,0.94122
0.08948,1.01004
0.04144,1.06636
-0.00454,1.11219
-0.04814,1.14975
-0.08943,1.18097
-0.12861,1.20731
-0.16581,1.22976
-0.20098,1.24896
-0.23385,1.26530
-0.26396,1.27901
-0.29066,1.29022
0.40692,-1.37050
0.38011,-1.36147
0.35264,-1.35066
0.32359,-1.33756
0.29208,-1.32144
0.25738,-1.30149
0.21907,-1.27691
0.17700,-1.24695
0.13116,-1.21096
0.08151,-1.16819
0.02778,-1.11750
-0.03107,-1.05652
-0.10052,-0.97639
-0.24091,-0.77793
0.09452,-0.50736
0.15285,-0.46042
0.18598,-0.39862
0.21447,-0.33710
0.24198,-0.27669
0.27353,-0.21628
0.36512,-0.16969
0.47258,0.16314
0.41689,0.32185
0.37620,0.43160
0.33725,0.53176
0.29779,0.62802
0.25738,0.72020
0.21586,0.80666
0.17320,0.88538
0.12969,0.95483
0.08597,1.01449
0.04274,1.06495
0.00048,1.10751
-0.04066,1.14366
-0.08072,1.17470
-0.11974,1.20160
-0.15766,1.22504
-0.19420,1.24540
-0.22889,1.26293
-0.26107,1.27774
0.44624,-1.38100
0.42388,-1.37543
0.40110,-1.36867
0.37699,-1.36032
0.35058,-1.34979
0.32094,-1.33627
0.28728,-1.31881
0.24901,-1.29635
0.20571,-1.26772
0.15694,-1.23162
0.10187,-1.18620
0.03794,-1.12743
-0.06120,-1.02293
0.12300,-0.56673
0.20054,-0.51311
0.22922,-0.43366
0.26029,-0.36325
0.29847,-0.30387
0.35641,-0.25705
0.56530,-0.14761
0.50248,0.07528
0.45731,0.20772
0.42101,0.31045
0.38573,0.40637
0.35007,0.49934
0.31377,0.58973
0.27678,0.67684
0.23907,0.75947
0.20052,0.83619
0.16112,0.90574
0.12106,0.96736
0.08072,1.02105
0.04039,1.06748
0.00023,1.10775
-0.03980,1.14295
-0.07973,1.17397
-0.11951,1.20145
-0.15892,1.22577
-0.19752,1.24715
-0.23467,1.26569
0.48229,-1.38774
0.46648,-1.38512
0.45050,-1.38194
0.43357,-1.37797
0.41482,-1.37287
0.39322,-1.36607
0.36771,-1.35678
0.33718,-1.34390
0.30047,-1.32592
0.25621,-1.30078
0.20234,-1.26535
0.13251,-1.21207
-0.06947,-1.01338
0.30333,-0.63238
0.29250,-0.51286
0.30090,-0.41095
0.33437,-0.33693
0.39947,-0.28784
0.59327,-0.17633
0.53951,-0.03057
0.49874,0.08645
0.46455,0.18681
0.43137,0.28156
0.39794,0.37364
0.36398,0.46357
0.32951,0.55109
0.29460,0.63555
0.25926,0.71608
0.22340,0.79166
0.18688,0.86128
0.14970,0.92422
0.11192,0.98022
0.07367,1.02965
0.03494,1.07328
-0.00437,1.11203
-0.04438,1.14671
-0.08513,1.17789
-0.12645,1.20593
-0.16798,1.23100
-0.20913,1.25315
0.51562,-1.39154
0.50834,-1.39091
0.50106,-1.39016
0.49338,-1.38926
0.48473,-1.38809
0.47443,-1.38650
0.46160,-1.38420
0.44518,-1.38075
0.42377,-1.37540
0.39531,-1.36677
0.35622,-1.35215
0.29439,-1.32268
0.65285,-0.80460
0.56881,-0.68860
0.46225,-0.56440
0.40432,-0.42869
0.44619,-0.35136
0.63414,-0.22912
0.58210,-0.12889
0.53953,-0.03026
0.50599,0.06515
0.47437,0.15820
0.44270,0.24959
0.41054,0.33936
0.37787,0.42722
0.34479,0.51277
0.31140,0.59546
0.27775,0.67464
0.24377,0.74955
0.20934,0.81937
0.17435,0.88340
0.13871,0.94130
0.10238,0.99320
0.06524,1.03965
0.02708,1.08144
-0.01237,1.11932
-0.05326,1.15383
-0.09554,1.18528
-0.13893,1.21377
-0.18291,1.23933
0.54906,-1.39305
0.55132,-1.39307
0.55371,-1.39309
0.55625,-1.39309
0.55891,-1.39307
0.56162,-1.39304
0.56432,-1.39300
0.56706,-1.39294
0.57018,-1.39285
0.57479,-1.39269
0.58497,-1.39219
0.63995,-1.38613
1.18584,-1.03521
0.81593,-0.59882
0.78289,-0.48065
0.75906,-0.36632
0.70955,-0.28351
0.64745,-0.21676
0.59090,-0.14269
0.54982,-0.05681
0.51687,0.03343
0.48597,0.12415
0.45517,0.21394
0.42401,0.30214
0.39247,0.38836
0.36061,0.47228
0.32852,0.55355
0.29621,0.63175
0.26368,0.70632
0.23081,0.77659
0.19747,0.84190
0.16351,0.90178
0.12880,0.95615
0.09313,1.00536
0.05621,1.05005
0.01767,1.09092
-0.02277,1.12852
-0.06523,1.16314
-0.10954,1.19486
-0.15526,1.22362
0.58626,-1.39212
0.59761,-1.39130
0.60921,-1.39021
0.62143,-1.38880
0.63464,-1.38696
0.64931,-1.38456
0.66607,-1.38135
0.68591,-1.37692
0.71059,-1.37051
0.74355,-1.36040
0.79314,-1.34199
0.89858,-1.29035
1.22666,-0.98673
0.91376,-0.54093
0.84833,-0.44610
0.79696,-0.36424
0.74086,-0.30078
0.68146,-0.24534
0.62087,-0.18357
0.57064,-0.10417
0.53367,-0.01406
0.50177,0.07761
0.47115,0.16762
0.44074,0.25516
0.41026,0.34012
0.37963,0.42258
0.34880,0.50259
0.31774,0.58006
0.28641,0.65469
0.25474,0.72597
0.22260,0.79326
0.18982,0.85598
0.15622,0.91376
0.12157,0.96664
0.08556,1.01501
0.04781,1.05943
0.00792,1.10045
-0.03436,1.13842
-0.07900,1.17344
-0.12569,1.20544
0.62914,-1.38776
0.64807,-1.38477
0.66734,-1.38108
0.68747,-1.37655
0.70907,-1.37093
0.73284,-1.36387
0.75967,-1.35483
0.79082,-1.34294
0.82814,-1.32674
0.87470,-1.30356
0.93646,-1.26754
1.03201,-1.19865
1.22960,-0.98290
0.98783,-0.53135
0.89561,-0.46370
0.84065,-0.39606
0.78892,-0.33939
0.73622,-0.28993
0.67929,-0.24025
0.61775,-0.17814
0.56602,-0.09393
0.52850,0.00040
0.49644,0.09332
0.46618,0.18209
0.43660,0.26687
0.40721,0.34846
0.37774,0.42757
0.34798,0.50467
0.31781,0.57989
0.28713,0.65304
0.25581,0.72363
0.22371,0.79103
0.19058,0.85458
0.15618,0.91382
0.12022,0.96857
0.08237,1.01900
0.04228,1.06545
-0.00031,1.10825
-0.04549,1.14760
-0.09306,1.18353
0.67740,-1.37890
0.70199,-1.37286
0.72691,-1.36572
0.75276,-1.35727
0.78021,-1.34716
0.81003,-1.33487
0.84313,-1.31963
0.88069,-1.30033
0.92419,-1.27520
0.97564,-1.24138
1.03813,-1.19362
1.11821,-1.11935
1.23810,-0.97057
1.38675,-0.58243
0.95350,-0.49223
0.89425,-0.43813
0.84688,-0.38812
0.80237,-0.34407
0.75737,-0.30343
0.70791,-0.26161
0.64944,-0.21017
0.58861,-0.13542
0.54363,-0.04023
0.50912,0.05615
0.47827,0.14682
0.44894,0.23183
0.42025,0.31260
0.39172,0.39038
0.36299,0.46614
0.33375,0.54053
0.30372,0.61393
0.27260,0.68635
0.24005,0.75739
0.20572,0.82632
0.16921,0.89220
0.13015,0.95415
0.08833,1.01151
0.04366,1.06396
-0.00373,1.11144
-0.05355,1.15406
0.72957,-1.36490
0.75789,-1.35547
0.78649,-1.34468
0.81594,-1.33227
0.84694,-1.31778
0.88025,-1.30057
0.91672,-1.27973
0.95730,-1.25397
1.00300,-1.22144
1.05477,-1.17950
1.11346,-1.12424
1.17997,-1.04930
1.25817,-0.94015
1.36184,-0.75583
1.03520,-0.50996
0.95820,-0.47980
0.91229,-0.44047
0.87465,-0.40357
0.84066,-0.37045
0.80792,-0.34003
0.77353,-0.30998
0.73291,-0.27653
0.67930,-0.23288
0.61073,-0.16449
0.55304,-0.06277
0.51300,0.04505
0.47911,0.14443
0.44762,0.23563
0.41754,0.32009
0.38854,0.39890
0.36016,0.47344
0.33176,0.54549
0.30246,0.61694
0.27128,0.68933
0.23725,0.76326
0.19948,0.83813
0.15723,0.91212
0.11012,0.98272
0.05846,1.04749
0.00328,1.10487
0.78389,-1.34571
0.81425,-1.33301
0.84476,-1.31884
0.87599,-1.30286
0.90862,-1.28454
0.94338,-1.26312
0.98103,-1.23756
1.02229,-1.20648
1.06767,-1.16812
1.11731,-1.12029
1.17073,-1.06062
1.22694,-0.98677
1.28526,-0.89633
1.34855,-0.78187
1.42829,-0.61742
1.04053,-0.50348
0.98804,-0.48597
0.95388,-0.46130
0.92755,-0.43717
0.90577,-0.41530
0.88621,-0.39521
0.86617,-0.37531
0.84229,-0.35340
0.81046,-0.32683
0.76531,-0.29209
0.69832,-0.24197
0.60637,-0.15520
0.53848,-0.02532
0.49535,0.09682
0.45969,0.20098
0.42686,0.29425
0.39516,0.38114
0.36474,0.46159
0.33550,0.53616
0.30639,0.60754
0.27557,0.67960
0.24084,0.75574
0.19999,0.83717
0.15121,0.92181
0.09374,1.00457
0.83873,-1.32176
0.86967,-1.30622
0.90059,-1.28921
0.93207,-1.27031
0.96477,-1.24892
0.99938,-1.22416
1.03658,-1.19491
1.07688,-1.15974
1.12045,-1.11703
1.16689,-1.06523
1.21523,-1.00317
1.26425,-0.93060
1.31294,-0.84828
1.36096,-0.75761
1.40914,-0.65870
1.46154,-0.54355
1.09280,-0.49427
1.05445,-0.49750
1.03057,-0.49058
1.01475,-0.48069
1.00317,-0.47005
0.99246,-0.45856
0.97946,-0.44512
0.96141,-0.42837
0.93621,-0.40718
0.90206,-0.38061
0.85673,-0.34744
0.79566,-0.30488
0.70823,-0.24426
0.59269,-0.13377
0.52283,0.01769
0.47898,0.14493
0.44275,0.24952
0.40946,0.34233
0.37639,0.43115
0.34394,0.51492
0.31259,0.59259
0.28085,0.66754
0.24551,0.74585
0.20251,0.83242
0.89261,-1.29374
0.92288,-1.27600
0.95296,-1.25686
0.98341,-1.23586
1.01490,-1.21230
1.04813,-1.18521
1.08374,-1.15336
1.12213,-1.11528
1.16323,-1.06956
1.20642,-1.01516
1.25065,-0.95176
1.29490,-0.87997
1.33847,-0.80118
1.38104,-0.71725
1.42232,-0.63045
1.46121,-0.54430
1.49264,-0.47124
1.49666,-0.46163
1.50774,-0.43474
1.50999,-0.42919
1.51061,-0.42764
1.51322,-0.42111
1.50016,-0.45284
1.47707,-0.50650
1.15910,-0.45621
1.08241,-0.47457
1.03462,-0.45360
0.98667,-0.42414
0.93359,-0.38944
0.87160,-0.34878
0.79383,-0.29827
0.68465,-0.22396
0.56387,-0.08264
0.50391,0.07208
0.46163,0.19545
0.42555,0.29793
0.39120,0.39179
0.35572,0.48490
0.32042,0.57351
0.28589,0.65590
0.94418,-1.26260
0.97274,-1.24341
1.00092,-1.22301
1.02931,-1.20085
1.05861,-1.17616
1.08961,-1.14780
1.12298,-1.11438
1.15911,-1.07440
1.19779,-1.02660
1.23827,-0.97033
1.27954,-0.90585
1.32074,-0.83417
1.36141,-0.75673
1.40140,-0.67506
1.44057,-0.59056
1.47850,-0.50454
1.51431,-0.41853
1.54662,-0.33519
1.57354,-0.25994
1.59312,-0.20095
1.60672,-0.15743
1.61858,-0.11754
1.62531,-0.09408
1.62221,-0.10496
1.61738,-0.12167
1.60011,-0.17882
1.57653,-0.25112
1.53433,-0.36705
1.43680,-0.55422
1.06255,-0.45699
0.99610,-0.42074
0.93039,-0.38060
0.85692,-0.33479
0.76442,-0.27652
0.63357,-0.17919
0.53381,-0.01157
0.48271,0.13412
0.44169,0.25256
0.40512,0.35421
0.36785,0.45352
0.99222,-1.22947
1.01819,-1.20973
1.04360,-1.18905
1.06913,-1.16681
1.09559,-1.14204
1.12392,-1.11340
1.15495,-1.07923
1.18901,-1.03793
1.22578,-0.98842
1.26434,-0.93046
1.30368,-0.86472
1.34302,-0.79252
1.38199,-0.71533
1.42046,-0.63446
1.45832,-0.55086
1.49522,-0.46507
1.53061,-0.37731
1.56382,-0.28783
1.59431,-0.19722
1.62171,-0.10672
1.64573,-0.01856
1.66580,0.06264
1.67999,0.12496
1.68362,0.14164
1.68128,0.13084
1.67999,0.12496
1.66337,0.05239
1.64912,-0.00538
1.62274,-0.10312
1.59005,-0.21040
1.53799,-0.35721
1.16525,-0.45064
1.04881,-0.44490
0.97806,-0.40526
0.90643,-0.36232
0.82359,-0.31172
0.71195,-0.24056
0.57346,-0.09959
0.50403,0.07189
0.45737,0.20777
1.03563,-1.19569
1.05830,-1.17643
1.08030,-1.15657
1.10242,-1.13534
1.12574,-1.11148
1.15146,-1.08323
1.18050,-1.04865
1.21311,-1.00608
1.24870,-0.95473
1.28615,-0.89483
1.32438,-0.82750
1.36265,-0.75428
1.40058,-0.67677
1.43802,-0.59620
1.47473,-0.51332
1.51035,-0.42835
1.54440,-0.34114
1.57642,-0.25150
1.60609,-0.15950
1.63324,-0.06555
1.65789,0.02971
1.68012,0.12554
1.70002,0.22112
1.71759,0.31522
1.73252,0.40494
1.74316,0.47674
1.72428,0.35409
1.70473,0.24533
1.68165,0.13256
1.66575,0.06241
1.64112,-0.03619
1.61507,-0.12954
1.57521,-0.25481
1.50497,-0.43769
1.09852,-0.46280
1.01883,-0.42555
0.94733,-0.38444
0.86941,-0.33798
0.77129,-0.27813
0.62851,-0.17268
1.07351,-1.16283
1.09234,-1.14518
1.11048,-1.12728
1.12898,-1.10804
1.14929,-1.08569
1.17290,-1.05799
1.20075,-1.02271
1.23275,-0.97841
1.26792,-0.92475
1.30494,-0.86251
1.34266,-0.79321
1.38034,-0.71868
1.41761,-0.64060
1.45418,-0.56020
1.48974,-0.47814
1.52391,-0.39446
1.55633,-0.30876
1.58674,-0.22062
1.61498,-0.12987
1.64100,-0.03667
1.66483,0.05853
1.68654,0.15527
1.70622,0.25313
1.72389,0.35180
1.73951,0.45116
1.75284,0.55128
1.76329,0.65267
1.76926,0.75690
1.76350,0.86671
1.59754,-0.18692
1.65569,0.02078
1.65356,0.01223
1.63936,-0.04285
1.62088,-0.10958
1.58908,-0.21331
1.54126,-0.34819
1.18915,-0.43277
1.05521,-0.44273
0.98178,-0.40264
0.90553,-0.35819
1.10518,-1.13260
1.11980,-1.11772
1.13387,-1.10277
1.14891,-1.08612
1.16684,-1.06529
1.18931,-1.03756
1.21697,-1.00078
1.24920,-0.95398
1.28460,-0.89743
1.32168,-0.83245
1.35928,-0.76095
1.39668,-0.68496
1.43343,-0.60627
1.46917,-0.52613
1.50350,-0.44510
1.53610,-0.36306
1.56679,-0.27940
1.59551,-0.19343
1.62227,-0.10475
1.64707,-0.01338
1.66994,0.08037
1.69090,0.17603
1.70998,0.27318
1.72716,0.37147
1.74230,0.47063
1.75509,0.57054
1.76477,0.67116
1.76952,0.77259
1.76166,0.87531
1.57879,-0.23727
1.66139,0.04414
1.53279,-0.36740
1.12394,-0.46228
1.59333,-0.20015
1.61688,-0.12334
1.61171,-0.14081
1.59327,-0.20032
1.55669,-0.30704
1.49358,-0.46023
1.08869,-0.45647
1.13019,-1.10675
1.14039,-1.09565
1.15054,-1.08428
1.16278,-1.07010
1.17944,-1.04997
1.20200,-1.02105
1.23048,-0.98169
1.26362,-0.93160
1.29970,-0.87167
1.33714,-0.80370
1.37482,-0.72989
1.41206,-0.65247
1.44834,-0.57329
1.48319,-0.49360
1.51618,-0.41389
1.54713,-0.33383
1.57607,-0.25255
1.60315,-0.16907
1.62849,-0.08276
1.65213,0.00652
1.67408,0.09848
1.69432,0.19269
1.71283,0.28866
1.72952,0.38601
1.74423,0.48443
1.75656,0.58369
1.76569,0.68369
1.76955,0.78442
1.75852,0.88632
1.67533,0.10404
1.63797,-0.04795
1.60520,-0.16209
1.63830,-0.04678
1.15272,-0.45362
0.83855,-0.30769
1.04291,-0.43026
1.55110,-0.32203
1.59160,-0.20549
1.59029,-0.20953
1.56556,-0.28239
1.14826,-1.08685
1.15411,-1.08019
1.16098,-1.07222
1.17165,-1.05950
1.18852,-1.03857
1.21240,-1.00707
1.24247,-0.96411
1.27695,-0.91012
1.31393,-0.84652
1.35186,-0.77547
1.38972,-0.69942
1.42681,-0.62071
1.46255,-0.54128
1.49636,-0.46234
1.52790,-0.38427
1.55714,-0.30652
1.58434,-0.22789
1.60985,-0.14707
1.63388,-0.06321
1.65647,0.02394
1.67759,0.11411
1.69718,0.20684
1.71517,0.30163
1.73143,0.39802
1.74576,0.49568
1.75771,0.59435
1.76638,0.69389
1.76947,0.79429
1.75454,0.89609
1.67120,0.08589
1.66016,0.03905
1.11062,-0.42765
1.61282,-0.13695
1.63240,-0.06853
1.58045,-0.23860
1.00881,-0.39143
0.55589,-0.06021
0.75230,-0.26016
1.06885,-0.44409
1.54763,-0.33118
