-1.63063,-0.06281
-1.63918,-0.14380
-1.61896,0.01380
-1.04610,0.16321
-0.99593,0.12406
-1.20665,0.19033
-1.54471,0.18684
-1.61469,0.02528
-1.63328,-0.09207
-1.63379,-0.09617
-1.61348,0.03021
-1.57538,0.11162
-1.62567,-0.05984
-1.60041,-0.07623
-1.63130,-0.56597
-1.64562,-0.46978
-1.64890,-0.37420
-1.64754,-0.28001
-1.64279,-0.18768
-1.63496,-0.09768
-1.62402,-0.01037
-1.60980,0.07435
-1.59210,0.15728
-1.57071,0.23975
-1.54564,0.32301
-1.51737,0.40753
-1.48679,0.49288
-1.45491,0.57784
-1.42264,0.66062
-1.39061,0.73901
-1.35943,0.81051
-1.32983,0.87267
-1.30298,0.92367
-1.28018,0.96292
-1.26210,0.99150
-1.24811,1.01220
-1.23633,1.02875
-1.22450,1.04458
-1.21088,1.06193
-1.19432,1.08185
-1.62020,0.00765
-1.63700,-0.12009
-1.63871,-0.13848
-1.63830,-0.13389
-1.61535,0.03460
-1.15384,0.21086
-1.10080,0.16234
-1.32862,0.27812
-1.61550,0.02472
-1.63343,-0.09251
-1.63146,-0.07633
-1.55915,0.14749
-1.62896,-0.06795
-1.62125,-0.15065
-1.63128,-0.56604
-1.64570,-0.46862
-1.64892,-0.37140
-1.64737,-0.27519
-1.64228,-0.18047
-1.63388,-0.08771
-1.62207,0.00269
-1.60661,0.09073
-1.58734,0.17696
-1.56422,0.26237
-1.53757,0.34791
-1.50811,0.43390
-1.47680,0.51986
-1.44462,0.60459
-1.41234,0.68630
-1.38050,0.76278
-1.34969,0.83162
-1.32068,0.89064
-1.29457,0.93856
-1.27230,0.97563
-1.25388,1.00380
-1.23812,1.02627
-1.22316,1.04632
-1.20728,1.06637
-1.18923,1.08773
-1.16823,1.11090
-1.23746,0.28428
-1.53442,0.24793
-1.60461,0.08849
-1.62275,-0.00601
-1.63588,-0.10881
-1.63661,-0.11609
-1.62221,-0.00254
-1.44312,0.30415
-1.19291,0.21560
-1.59821,0.09271
-1.63265,-0.08354
-1.60954,0.04441
-1.63972,-0.15810
-1.62090,-0.15121
-1.63148,-0.56534
-1.64585,-0.46645
-1.64893,-0.36737
-1.64714,-0.26892
-1.64163,-0.17159
-1.63255,-0.07588
-1.61971,0.01778
-1.60284,0.10917
-1.58185,0.19857
-1.55697,0.28668
-1.52880,0.37421
-1.49826,0.46141
-1.46633,0.54780
-1.43387,0.63219
-1.40151,0.71282
-1.36973,0.78751
-1.33903,0.85399
-1.31021,0.91046
-1.28416,0.95631
-1.26137,0.99260
-1.24134,1.02179
-1.22275,1.04686
-1.20407,1.07027
-1.18405,1.09360
-1.16184,1.11762
-1.13682,1.14257
-1.07805,0.19845
-1.14234,0.22585
-1.20365,0.26113
-1.40926,0.32379
-1.57527,0.18396
-1.61317,0.04725
-1.62600,-0.02710
-1.63488,-0.09911
-1.63499,-0.10013
-1.61813,0.02209
-1.51735,0.26375
-1.62817,-0.04813
-1.60699,0.05291
-1.60280,-0.03683
-1.63180,-0.56418
-1.64606,-0.46324
-1.64894,-0.36185
-1.64682,-0.26081
-1.64077,-0.16056
-1.63086,-0.06162
-1.61680,0.03545
-1.59831,0.13018
-1.57547,0.22255
-1.54882,0.31301
-1.51922,0.40222
-1.48770,0.49040
-1.45519,0.57713
-1.42239,0.66123
-1.38980,0.74095
-1.35775,0.81419
-1.32671,0.87887
-1.29738,0.93365
-1.27042,0.97860
-1.24596,1.01528
-1.22328,1.04617
-1.20125,1.07367
-1.17872,1.09954
-1.15482,1.12482
-1.12892,1.15004
-1.10056,1.17536
-0.88626,0.15080
-0.98270,0.17081
-1.05455,0.19344
-1.11477,0.21768
-1.16923,0.24511
-1.22701,0.28740
-1.48070,0.31335
-1.58205,0.16788
-1.61289,0.05008
-1.62972,-0.05459
-1.63297,-0.08135
-1.63371,-0.08711
-1.63048,-0.06048
-1.63839,-0.13495
-1.63121,-0.56573
-1.64628,-0.45964
-1.64893,-0.35442
-1.64635,-0.25000
-1.63960,-0.14634
-1.62863,-0.04384
-1.61307,0.05675
-1.59272,0.15467
-1.56792,0.24959
-1.53954,0.34191
-1.50864,0.43238
-1.47625,0.52135
-1.44313,0.60844
-1.40982,0.69250
-1.37661,0.77177
-1.34375,0.84417
-1.31162,0.90783
-1.28082,0.96184
-1.25188,1.00673
-1.22474,1.04426
-1.19879,1.07659
-1.17316,1.10560
-1.14706,1.13261
-1.11982,1.15841
-1.09098,1.18343
-1.06021,1.20782
-0.53460,-0.04023
-0.67535,0.10870
-0.84964,0.14850
-0.94996,0.16665
-1.02092,0.18685
-1.07847,0.20848
-1.12871,0.23164
-1.17551,0.25871
-1.22753,0.30248
-1.47358,0.33007
-1.57331,0.19878
-1.60511,0.09057
-1.62350,-0.00900
-1.62958,-0.05197
-1.63705,-0.11882
-1.63657,-0.11363
-1.64886,-0.34276
-1.64548,-0.23221
-1.63769,-0.12508
-1.62529,-0.01924
-1.60786,0.08440
-1.58542,0.18460
-1.55870,0.28094
-1.52883,0.37411
-1.49688,0.46521
-1.46367,0.55481
-1.42980,0.64253
-1.39558,0.72712
-1.36115,0.80669
-1.32660,0.87907
-1.29232,0.94246
-1.25896,0.99624
-1.22704,1.04122
-1.19662,1.07915
-1.16727,1.11191
-1.13837,1.14109
-1.10931,1.16779
-1.07959,1.19272
-1.04883,1.21628
-1.01681,1.23862
-0.43909,-0.34866
-0.47785,-0.22452
-0.51954,-0.08046
-0.61009,0.07199
-0.78575,0.14284
-0.89927,0.16149
-0.97327,0.17925
-1.03008,0.19864
-1.07745,0.21923
-1.11869,0.24126
-1.15568,0.26600
-1.19065,0.29726
-1.23975,0.36051
-1.48306,0.35369
-1.54952,0.27840
-1.57695,0.20970
-1.59371,0.14869
-1.60500,0.09832
-1.61169,0.06421
-1.60926,0.07716
-1.59655,0.13804
-1.57400,0.22790
-1.54672,0.31961
-1.51632,0.41053
-1.48378,0.50101
-1.44979,0.59117
-1.41479,0.68019
-1.37894,0.76639
-1.34223,0.84735
-1.30473,0.92049
-1.26702,0.98391
-1.23004,1.03724
-1.19457,1.08155
-1.16080,1.11869
-1.12845,1.15047
-1.09703,1.17836
-1.06600,1.20339
-1.03494,1.22624
-1.00352,1.24728
-0.97163,1.26667
-0.35050,-0.57112
-0.39248,-0.47399
-0.43093,-0.37223
-0.46696,-0.26129
-0.50271,-0.13568
-0.55213,0.00283
-0.67632,0.11753
-0.81610,0.15481
-0.90277,0.17172
-0.96268,0.18906
-1.00852,0.20781
-1.04497,0.22769
-1.07401,0.24878
-1.09661,0.27156
-1.11353,0.29692
-1.12558,0.32608
-1.13376,0.36020
-1.13945,0.39925
-1.14829,0.43262
-1.46354,0.49653
-1.50152,0.44926
-1.51590,0.41146
-1.51638,0.41029
-1.50124,0.45305
-1.46976,0.53862
-1.43474,0.62991
-1.39769,0.72202
-1.35886,0.81171
-1.31818,0.89541
-1.27601,0.96967
-1.23353,1.03253
-1.19230,1.08418
-1.15331,1.12634
-1.11679,1.16114
-1.08240,1.19045
-1.04962,1.21570
-1.01792,1.23789
-0.98688,1.25764
-0.95625,1.27533
-0.92600,1.29110
-0.26408,-0.73885
-0.30436,-0.66533
-0.34349,-0.58620
-0.38276,-0.49760
-0.41991,-0.40286
-0.45284,-0.30674
-0.48413,-0.20167
-0.51585,-0.08805
-0.56443,0.03041
-0.66987,0.12414
-0.78481,0.16232
-0.85991,0.18125
-0.90958,0.19919
-0.94413,0.21861
-0.96836,0.24009
-0.98508,0.26432
-0.99647,0.29212
-1.00446,0.32407
-1.01070,0.36017
-1.01645,0.39956
-1.02269,0.44012
-1.03149,0.47692
-1.04973,0.49914
-1.09403,0.48699
-1.46352,0.55505
-1.42064,0.66551
-1.37851,0.76733
-1.33391,0.86440
-1.28654,0.95229
-1.23757,1.02700
-1.18939,1.08753
-1.14405,1.13556
-1.10241,1.17377
-1.06437,1.20464
-1.02937,1.23011
-0.99673,1.25157
-0.96589,1.26995
-0.93643,1.28585
-0.90816,1.29962
-0.88109,1.31146
-0.16739,-0.88907
-0.21600,-0.81767
-0.26045,-0.74513
-0.30043,-0.67284
-0.33711,-0.59967
-0.37212,-0.52263
-0.40580,-0.44028
-0.43657,-0.35583
-0.46386,-0.27107
-0.48954,-0.18112
-0.51510,-0.08642
-0.54741,0.00992
-0.60370,0.09675
-0.68429,0.15582
-0.75354,0.18901
-0.80073,0.21408
-0.83313,0.23955
-0.85730,0.26818
-0.87731,0.30093
-0.89526,0.33817
-0.91177,0.37995
-0.92678,0.42583
-0.94109,0.47387
-0.96021,0.51732
-1.00734,0.53566
-1.42384,0.65707
-1.35997,0.80913
-1.30229,0.92482
-1.24360,1.01856
-1.18572,1.09168
-1.13188,1.14724
-1.08364,1.18943
-1.04103,1.22191
-1.00332,1.24741
-0.96956,1.26785
-0.93889,1.28458
-0.91065,1.29846
-0.88440,1.31008
-0.86000,1.31978
-0.83748,1.32779
-0.07017,-1.01260
-0.11822,-0.95435
-0.16693,-0.88972
-0.21405,-0.82068
-0.25770,-0.74984
-0.29688,-0.67955
-0.33174,-0.61082
-0.36320,-0.54298
-0.39231,-0.47434
-0.41963,-0.40352
-0.44503,-0.33049
-0.46819,-0.25611
-0.48937,-0.18021
-0.50939,-0.10222
-0.52969,-0.02396
-0.55415,0.05189
-0.58953,0.12246
-0.63988,0.18391
-0.69728,0.23386
-0.74933,0.27690
-0.79164,0.31999
-0.82479,0.36748
-0.85001,0.42158
-0.86940,0.48203
-0.89247,0.54135
-0.96691,0.56963
-1.35605,0.81733
-1.26332,0.98949
-1.18433,1.09322
-1.11591,1.16189
-1.05782,1.20959
-1.00905,1.24371
-0.96803,1.26872
-0.93314,1.28752
-0.90294,1.30200
-0.87632,1.31340
-0.85251,1.32254
-0.83103,1.32992
-0.81169,1.33588
-0.79455,1.34061
0.00112,-1.09061
-0.03968,-1.04710
-0.08317,-0.99732
-0.12811,-0.94172
-0.17305,-0.88114
-0.21646,-0.81695
-0.25708,-0.75090
-0.29414,-0.68470
-0.32754,-0.61945
-0.35769,-0.55530
-0.38523,-0.49161
-0.41072,-0.42735
-0.43452,-0.36156
-0.45677,-0.29357
-0.47750,-0.22302
-0.49680,-0.14973
-0.51512,-0.07328
-0.53374,0.00701
-0.55652,0.09107
-0.59359,0.17518
-0.65238,0.24936
-0.71359,0.31005
-0.75936,0.36920
-0.78831,0.43695
-0.80558,0.51410
-0.83641,0.58621
-1.30454,0.69021
-1.22372,1.04533
-1.10167,1.17434
-1.02129,1.23559
-0.96235,1.27193
-0.91721,1.29535
-0.88171,1.31119
-0.85303,1.32235
-0.82921,1.33051
-0.80891,1.33668
-0.79123,1.34147
-0.77567,1.34523
-0.76203,1.34820
-0.75031,1.35049
0.05092,-1.13990
0.01533,-1.10509
-0.02313,-1.06510
-0.06366,-1.02012
-0.10528,-0.97053
-0.14698,-0.91694
-0.18774,-0.86009
-0.22673,-0.80085
-0.26341,-0.74001
-0.29765,-0.67810
-0.32960,-0.61521
-0.35958,-0.55109
-0.38782,-0.48531
-0.41445,-0.41739
-0.43948,-0.34691
-0.46290,-0.27333
-0.48476,-0.19590
-0.50525,-0.11381
-0.52482,-0.02664
-0.54494,0.06485
-0.57122,0.15764
-0.61479,0.24494
-0.66911,0.32162
-0.70833,0.39841
-0.72413,0.48651
-0.73752,0.57752
-0.81789,0.65147
-1.19178,1.08395
-0.98048,1.26142
-0.88946,1.30791
-0.83900,1.32726
-0.80541,1.33766
-0.78127,1.34392
-0.76300,1.34799
-0.74850,1.35082
-0.73648,1.35290
-0.72616,1.35450
-0.71711,1.35575
-0.70915,1.35675
-0.70231,1.35752
0.09062,-1.17633
0.05778,-1.14637
0.02205,-1.11182
-0.01599,-1.07272
-0.05558,-1.02933
-0.09585,-0.98209
-0.13598,-0.93149
-0.17526,-0.87800
-0.21323,-0.82195
-0.24966,-0.76344
-0.28459,-0.70234
-0.31814,-0.63837
-0.35041,-0.57126
-0.38137,-0.50083
-0.41084,-0.42697
-0.43858,-0.34954
-0.46437,-0.26831
-0.48806,-0.18309
-0.50969,-0.09396
-0.52961,-0.00154
-0.54899,0.09293
-0.57148,0.18738
-0.60148,0.27963
-0.62726,0.37213
-0.63312,0.47004
-0.64051,0.56854
-0.68242,0.66481
-1.16030,1.10149
-0.78095,1.34395
-0.71274,1.35628
-0.69004,1.35871
-0.67786,1.35968
-0.67049,1.36015
-0.66569,1.36042
-0.66229,1.36058
-0.65956,1.36071
-0.65704,1.36081
-0.65450,1.36090
-0.65189,1.36099
-0.64927,1.36106
0.12693,-1.20747
0.09545,-1.18060
0.06113,-1.14951
0.02426,-1.11402
-0.01456,-1.07424
-0.05457,-1.03047
-0.09503,-0.98308
-0.13527,-0.93242
-0.17480,-0.87865
-0.21337,-0.82172
-0.25092,-0.76132
-0.28747,-0.69705
-0.32301,-0.62861
-0.35738,-0.55596
-0.39031,-0.47921
-0.42141,-0.39849
-0.45029,-0.31392
-0.47662,-0.22564
-0.50026,-0.13399
-0.52140,-0.03957
-0.54037,0.05696
-0.55663,0.15533
-0.56345,0.25650
-0.54695,0.35936
-0.53128,0.45918
-0.54153,0.56185
-0.57126,0.66734
-0.70172,0.78418
-0.52267,1.35345
-0.52766,1.35415
-0.53822,1.35552
-0.54839,1.35670
-0.55774,1.35767
-0.56618,1.35845
-0.57358,1.35906
-0.57982,1.35952
-0.58478,1.35985
-0.58840,1.36007
-0.59072,1.36020
-0.59185,1.36027
0.16302,-1.23634
0.13212,-1.21176
0.09855,-1.18331
0.06232,-1.15061
0.02380,-1.11356
-0.01642,-1.07227
-0.05762,-1.02701
-0.09916,-0.97805
-0.14052,-0.92552
-0.18136,-0.86931
-0.22151,-0.80908
-0.26087,-0.74439
-0.29934,-0.67488
-0.33669,-0.60051
-0.37260,-0.52145
-0.40664,-0.43794
-0.43835,-0.35018
-0.46729,-0.25829
-0.49323,-0.16248
-0.51624,-0.06295
-0.53624,0.04042
-0.54841,0.14878
-0.52358,0.26215
-0.46582,0.36015
-0.44357,0.45540
-0.45154,0.56081
-0.47027,0.66918
-0.44120,0.76432
-0.32784,1.30439
-0.37011,1.31864
-0.40162,1.32797
-0.42768,1.33485
-0.44988,1.34013
-0.46904,1.34423
-0.48558,1.34744
-0.49967,1.34993
-0.51136,1.35182
-0.52065,1.35320
-0.52758,1.35417
-0.53225,1.35478
0.20034,-1.26395
0.16953,-1.24133
0.13637,-1.21523
0.10058,-1.18508
0.06227,-1.15057
0.02187,-1.11164
-0.02004,-1.06841
-0.06282,-1.02107
-0.10595,-0.96971
-0.14901,-0.91422
-0.19173,-0.85425
-0.23393,-0.78932
-0.27536,-0.71899
-0.31572,-0.64316
-0.35465,-0.56199
-0.39171,-0.47574
-0.42646,-0.38442
-0.45849,-0.28765
-0.48756,-0.18451
-0.51372,-0.07342
-0.53519,0.04732
-0.52531,0.17856
-0.43588,0.28827
-0.38337,0.37213
-0.36851,0.46674
-0.36834,0.56879
-0.35852,0.66647
0.08561,1.01434
-0.18015,1.23779
-0.23806,1.26727
-0.28190,1.28663
-0.31843,1.30097
-0.34978,1.31206
-0.37706,1.32081
-0.40090,1.32778
-0.42159,1.33332
-0.43920,1.33766
-0.45371,1.34099
-0.46508,1.34343
-0.47333,1.34510
0.23948,-1.29034
0.20851,-1.26968
0.17560,-1.24591
0.14022,-1.21835
0.10222,-1.18651
0.06182,-1.15015
0.01946,-1.10924
-0.02429,-1.06386
-0.06892,-1.01404
-0.11401,-0.95966
-0.15924,-0.90033
-0.20434,-0.83548
-0.24899,-0.76455
-0.29276,-0.68725
-0.33516,-0.60370
-0.37577,-0.51402
-0.41433,-0.41764
-0.45087,-0.31192
-0.48599,-0.19008
-0.51795,-0.04596
-0.50733,0.11607
-0.37162,0.22718
-0.31724,0.30277
-0.30011,0.39186
-0.29090,0.48538
-0.27067,0.57276
-0.06898,0.59798
0.06708,1.03747
-0.06132,1.16012
-0.12627,1.20581
-0.17750,1.23634
-0.22087,1.25902
-0.25862,1.27666
-0.29194,1.29073
-0.32153,1.30212
-0.34771,1.31136
-0.37056,1.31880
-0.38999,1.32467
-0.40583,1.32914
-0.41792,1.33237
0.28042,-1.31500
0.24936,-1.29657
0.21677,-1.27535
0.18194,-1.25063
0.14449,-1.22178
0.10441,-1.18840
0.06197,-1.15029
0.01762,-1.10739
-0.02816,-1.05968
-0.07500,-1.00696
-0.12260,-0.94878
-0.17073,-0.88440
-0.21904,-0.81294
-0.26706,-0.73365
-0.31425,-0.64606
-0.36048,-0.54901
-0.40742,-0.43581
-0.45854,-0.28661
-0.44181,-0.07534
-0.15073,-0.05528
-0.15937,0.05842
-0.18498,0.19019
-0.20340,0.30736
-0.20727,0.40682
-0.18610,0.48611
0.04559,0.48944
0.22156,0.79515
0.11031,0.98243
0.02868,1.07979
-0.03474,1.13874
-0.08857,1.18036
-0.13562,1.21172
-0.17743,1.23631
-0.21503,1.25612
-0.24904,1.27236
-0.27979,1.28576
-0.30732,1.29678
-0.33146,1.30572
-0.35191,1.31278
-0.36832,1.31810
0.32266,-1.33712
0.29195,-1.32138
0.26008,-1.30313
0.22621,-1.28169
0.18976,-1.25636
0.15049,-1.22656
0.10849,-1.19192
0.06405,-1.15222
0.01755,-1.10732
-0.03070,-1.05692
-0.08052,-1.00046
-0.13182,-0.93690
-0.18458,-0.86465
-0.23898,-0.78109
-0.29709,-0.67910
-0.36762,-0.53272
-0.05897,-0.35048
0.01378,-0.34986
0.02735,-0.28195
0.02067,-0.17757
-0.00528,-0.02857
-0.04662,0.14691
-0.07883,0.28899
-0.06120,0.36809
0.34755,0.48826
0.28607,0.65524
0.21911,0.80018
0.15373,0.91776
0.09284,1.00573
0.03623,1.07192
-0.01587,1.12244
-0.06352,1.16183
-0.10718,1.19327
-0.14738,1.21893
-0.18458,1.24024
-0.21902,1.25811
-0.25068,1.27310
-0.27934,1.28557
-0.30459,1.29573
-0.32590,1.30372
0.36525,-1.35583
0.33581,-1.34328
0.30548,-1.32854
0.27336,-1.31097
0.23872,-1.28985
0.20107,-1.26446
0.16028,-1.23422
0.11646,-1.19870
0.06983,-1.15756
0.02057,-1.11034
-0.03130,-1.05627
-0.08609,-0.99384
-0.14494,-0.91965
-0.21473,-0.81961
-0.32561,-0.62266
0.04673,-0.45653
0.09477,-0.41557
0.11803,-0.35391
0.13035,-0.28054
0.13136,-0.18861
0.11802,-0.06474
0.10077,0.07861
0.38723,0.17491
0.38280,0.41334
0.33245,0.54359
0.28459,0.65886
0.23677,0.76425
0.18813,0.85902
0.13876,0.94122
0.08948,1.01004
0.04144,1.06636
-0.00454,1.11219
-0.04814,1.14975
-0.08943,1.18097
-0.12861,1.20731
-0.16581,1.22976
-0.20098,1.24896
-0.23385,1.26530
-0.26396,1.27901
-0.29066,1.29022
0.40691,-1.37051
0.38011,-1.36148
0.35264,-1.35067
0.32359,-1.33756
0.29208,-1.32144
0.25738,-1.30150
0.21907,-1.27691
0.17700,-1.24695
0.13116,-1.21096
0.08151,-1.16819
0.02779,-1.11750
-0.03107,-1.05652
-0.10051,-0.97638
-0.24081,-0.77786
0.10317,-0.51606
0.15298,-0.46057
0.18181,-0.39366
0.20635,-0.32708
0.22896,-0.26042
0.25273,-0.19137
0.31619,-0.13288
0.47197,0.16293
0.41680,0.32182
0.37617,0.43158
0.33723,0.53176
0.29778,0.62802
0.25738,0.72020
0.21586,0.80665
0.17320,0.88538
0.12969,0.95483
0.08597,1.01449
0.04274,1.06495
0.00048,1.10751
-0.04066,1.14366
-0.08072,1.17470
-0.11974,1.20161
-0.15766,1.22504
-0.19420,1.24540
-0.22889,1.26293
-0.26107,1.27774
0.44624,-1.38101
0.42388,-1.37544
0.40110,-1.36868
0.37699,-1.36032
0.35058,-1.34979
0.32094,-1.33628
0.28728,-1.31882
0.24901,-1.29635
0.20571,-1.26772
0.15694,-1.23162
0.10187,-1.18619
0.03795,-1.12742
-0.06118,-1.02291
0.14646,-0.58654
0.20943,-0.52175
0.23294,-0.43760
0.25981,-0.36272
0.29332,-0.29838
0.34309,-0.24529
0.52968,-0.15852
0.50216,0.07517
0.45724,0.20769
0.42098,0.31044
0.38572,0.40636
0.35007,0.49933
0.31376,0.58973
0.27678,0.67684
0.23907,0.75947
0.20052,0.83619
0.16112,0.90574
0.12106,0.96736
0.08072,1.02105
0.04039,1.06748
0.00023,1.10775
-0.03979,1.14295
-0.07972,1.17397
-0.11951,1.20145
-0.15892,1.22578
-0.19751,1.24715
-0.23467,1.26569
0.48228,-1.38775
0.46648,-1.38513
0.45050,-1.38195
0.43357,-1.37798
0.41482,-1.37288
0.39322,-1.36608
0.36771,-1.35678
0.33719,-1.34390
0.30047,-1.32591
0.25621,-1.30077
0.20234,-1.26534
0.13253,-1.21205
-0.06925,-1.01318
0.31706,-0.64150
0.30568,-0.52397
0.30973,-0.41931
0.33759,-0.33993
0.39374,-0.28376
0.57234,-0.18515
0.53893,-0.03078
0.49865,0.08642
0.46452,0.18680
0.43136,0.28156
0.39793,0.37364
0.36397,0.46357
0.32951,0.55109
0.29460,0.63555
0.25926,0.71608
0.22340,0.79166
0.18688,0.86128
0.14970,0.92422
0.11192,0.98022
0.07367,1.02965
0.03494,1.07328
-0.00437,1.11203
-0.04438,1.14671
-0.08513,1.17789
-0.12645,1.20594
-0.16798,1.23100
-0.20913,1.25315
0.51562,-1.39155
0.50834,-1.39092
0.50106,-1.39017
0.49338,-1.38927
0.48473,-1.38810
0.47443,-1.38650
0.46160,-1.38420
0.44518,-1.38075
0.42377,-1.37539
0.39532,-1.36675
0.35623,-1.35212
0.29441,-1.32262
0.56441,-0.78933
0.53573,-0.68512
0.46203,-0.56430
0.41816,-0.43777
0.45002,-0.35337
0.61456,-0.24012
0.58051,-0.12959
0.53936,-0.03032
0.50596,0.06514
0.47436,0.15820
0.44270,0.24959
0.41054,0.33936
0.37787,0.42723
0.34479,0.51277
0.31140,0.59546
0.27775,0.67464
0.24377,0.74955
0.20934,0.81937
0.17435,0.88340
0.13871,0.94130
0.10238,0.99320
0.06525,1.03965
0.02708,1.08144
-0.01237,1.11932
-0.05326,1.15383
-0.09554,1.18528
-0.13893,1.21378
-0.18291,1.23933
0.54906,-1.39307
0.55132,-1.39309
0.55371,-1.39310
0.55625,-1.39309
0.55891,-1.39308
0.56162,-1.39304
0.56432,-1.39300
0.56706,-1.39293
0.57018,-1.39284
0.57479,-1.39267
0.58496,-1.39214
0.63993,-1.38603
1.15071,-1.00456
0.76067,-0.62753
0.74151,-0.50949
0.73581,-0.38631
0.70079,-0.29084
0.64489,-0.21844
0.59059,-0.14284
0.54985,-0.05680
0.51691,0.03344
0.48599,0.12416
0.45518,0.21395
0.42402,0.30215
0.39248,0.38837
0.36062,0.47228
0.32852,0.55355
0.29622,0.63175
0.26368,0.70632
0.23081,0.77659
0.19747,0.84190
0.16351,0.90178
0.12880,0.95615
0.09313,1.00536
0.05621,1.05005
0.01767,1.09093
-0.02277,1.12852
-0.06523,1.16314
-0.10953,1.19486
-0.15525,1.22363
0.58626,-1.39213
0.59761,-1.39131
0.60921,-1.39022
0.62143,-1.38881
0.63464,-1.38697
0.64931,-1.38456
0.66607,-1.38135
0.68591,-1.37692
0.71059,-1.37050
0.74354,-1.36038
0.79313,-1.34196
0.89855,-1.29030
1.22428,-0.98488
0.88187,-0.56628
0.83060,-0.46282
0.78887,-0.37234
0.73797,-0.30350
0.68108,-0.24564
0.62159,-0.18317
0.57114,-0.10396
0.53383,-0.01400
0.50184,0.07763
0.47118,0.16763
0.44076,0.25516
0.41028,0.34012
0.37964,0.42258
0.34881,0.50259
0.31775,0.58006
0.28642,0.65469
0.25475,0.72597
0.22260,0.79326
0.18982,0.85598
0.15622,0.91376
0.12157,0.96664
0.08556,1.01501
0.04781,1.05943
0.00792,1.10046
-0.03436,1.13842
-0.07900,1.17344
-0.12569,1.20545
0.62914,-1.38778
0.64807,-1.38478
0.66734,-1.38109
0.68747,-1.37656
0.70907,-1.37094
0.73284,-1.36388
0.75967,-1.35483
0.79082,-1.34294
0.82814,-1.32673
0.87469,-1.30355
0.93645,-1.26753
1.03198,-1.19862
1.22934,-0.98270
0.96862,-0.54837
0.88612,-0.47329
0.83667,-0.40029
0.78813,-0.34021
0.73717,-0.28903
0.68120,-0.23877
0.61980,-0.17700
0.56695,-0.09356
0.52877,0.00049
0.49654,0.09336
0.46624,0.18211
0.43663,0.26688
0.40724,0.34846
0.37775,0.42758
0.34799,0.50468
0.31782,0.57990
0.28713,0.65304
0.25582,0.72363
0.22371,0.79103
0.19058,0.85459
0.15618,0.91382
0.12022,0.96857
0.08237,1.01900
0.04228,1.06545
-0.00031,1.10825
-0.04549,1.14761
-0.09306,1.18354
0.67741,-1.37891
0.70199,-1.37287
0.72691,-1.36573
0.75276,-1.35728
0.78021,-1.34716
0.81003,-1.33487
0.84314,-1.31964
0.88069,-1.30033
0.92419,-1.27519
0.97564,-1.24137
1.03812,-1.19361
1.11819,-1.11933
1.23804,-0.97052
1.20203,-0.51144
0.94827,-0.49761
0.89298,-0.43951
0.84802,-0.38686
0.80495,-0.34129
0.76079,-0.30000
0.71182,-0.25818
0.65349,-0.20743
0.59129,-0.13417
0.54447,-0.03993
0.50939,0.05624
0.47839,0.14686
0.44900,0.23186
0.42029,0.31261
0.39175,0.39039
0.36301,0.46614
0.33377,0.54053
0.30373,0.61393
0.27260,0.68635
0.24006,0.75739
0.20573,0.82632
0.16921,0.89220
0.13015,0.95415
0.08833,1.01151
0.04366,1.06396
-0.00373,1.11144
-0.05354,1.15406
0.72957,-1.36491
0.75790,-1.35547
0.78649,-1.34469
0.81595,-1.33227
0.84694,-1.31778
0.88025,-1.30057
0.91672,-1.27973
0.95730,-1.25397
1.00300,-1.22144
1.05477,-1.17950
1.11346,-1.12423
1.17996,-1.04929
1.25815,-0.94013
1.36165,-0.75573
1.03202,-0.51315
0.95909,-0.47882
0.91556,-0.43676
0.87947,-0.39803
0.84653,-0.36374
0.81456,-0.33265
0.78071,-0.30240
0.74039,-0.26935
0.68676,-0.22698
0.61678,-0.16122
0.55522,-0.06194
0.51360,0.04525
0.47934,0.14450
0.44773,0.23567
0.41761,0.32012
0.38858,0.39892
0.36019,0.47345
0.33178,0.54550
0.30247,0.61695
0.27128,0.68933
0.23725,0.76327
0.19948,0.83814
0.15723,0.91212
0.11012,0.98272
0.05846,1.04749
0.00329,1.10487
0.78389,-1.34572
0.81426,-1.33302
0.84476,-1.31885
0.87599,-1.30287
0.90863,-1.28454
0.94339,-1.26312
0.98104,-1.23756
1.02229,-1.20649
1.06767,-1.16812
1.11730,-1.12029
1.17072,-1.06061
1.22693,-0.98676
1.28524,-0.89632
1.34852,-0.78185
1.42791,-0.61724
1.04217,-0.50177
0.99278,-0.48068
0.96093,-0.45311
0.93638,-0.42666
0.91610,-0.40281
0.89787,-0.38100
0.87897,-0.35970
0.85590,-0.33699
0.82439,-0.31063
0.77890,-0.27757
0.71085,-0.23108
0.61553,-0.15033
0.54086,-0.02447
0.49596,0.09703
0.45993,0.20106
0.42697,0.29430
0.39523,0.38117
0.36478,0.46161
0.33553,0.53617
0.30640,0.60755
0.27558,0.67961
0.24085,0.75574
0.20000,0.83717
0.15122,0.92181
0.09374,1.00457
0.83873,-1.32177
0.86967,-1.30623
0.90059,-1.28922
0.93207,-1.27032
0.96477,-1.24892
0.99938,-1.22417
1.03658,-1.19491
1.07688,-1.15974
1.12045,-1.11703
1.16689,-1.06523
1.21523,-1.00317
1.26425,-0.93060
1.31293,-0.84828
1.36095,-0.75760
1.40911,-0.65868
1.46145,-0.54351
1.09589,-0.49112
1.06064,-0.49079
1.03991,-0.47994
1.02699,-0.46619
1.01806,-0.45176
1.00978,-0.43661
0.99888,-0.41980
0.98243,-0.40037
0.95812,-0.37767
0.92406,-0.35124
0.87789,-0.32023
0.81505,-0.28223
0.72495,-0.22898
0.60306,-0.12871
0.52483,0.01839
0.47951,0.14511
0.44297,0.24960
0.40957,0.34237
0.37645,0.43117
0.34398,0.51494
0.31261,0.59260
0.28086,0.66755
0.24552,0.74585
0.20252,0.83243
0.89261,-1.29375
0.92288,-1.27600
0.95296,-1.25687
0.98342,-1.23587
1.01491,-1.21231
1.04814,-1.18522
1.08374,-1.15336
1.12213,-1.11528
1.16324,-1.06957
1.20642,-1.01516
1.25066,-0.95176
1.29490,-0.87997
1.33847,-0.80118
1.38104,-0.71725
1.42231,-0.63045
1.46120,-0.54429
1.49263,-0.47123
1.49663,-0.46162
1.50768,-0.43472
1.50985,-0.42912
1.51033,-0.42752
1.51260,-0.42085
1.49851,-0.45212
1.47113,-0.50382
1.16830,-0.44687
1.10608,-0.44394
1.06241,-0.41448
1.01505,-0.38326
0.96100,-0.35054
0.89695,-0.31474
0.81613,-0.27194
0.70302,-0.20861
0.57147,-0.07955
0.50524,0.07254
0.46204,0.19559
0.42572,0.29799
0.39129,0.39182
0.35577,0.48492
0.32045,0.57352
0.28591,0.65591
0.94419,-1.26261
0.97274,-1.24342
1.00092,-1.22301
1.02931,-1.20086
1.05862,-1.17616
1.08961,-1.14780
1.12299,-1.11439
1.15911,-1.07441
1.19779,-1.02660
1.23828,-0.97033
1.27954,-0.90585
1.32074,-0.83417
1.36141,-0.75673
1.40140,-0.67506
1.44057,-0.59056
1.47850,-0.50454
1.51431,-0.41853
1.54662,-0.33518
1.57354,-0.25994
1.59311,-0.20095
1.60671,-0.15743
1.61858,-0.11754
1.62530,-0.09408
1.62220,-0.10496
1.61736,-0.12166
1.60002,-0.17878
1.57611,-0.25097
1.53144,-0.36587
1.32156,-0.50052
1.09359,-0.41188
1.02758,-0.37369
0.96003,-0.33766
0.88364,-0.29912
0.78724,-0.25123
0.65082,-0.16808
0.53765,-0.01021
0.48352,0.13439
0.44197,0.25267
0.40525,0.35426
0.36791,0.45355
0.99223,-1.22947
1.01819,-1.20974
1.04361,-1.18906
1.06913,-1.16681
1.09559,-1.14205
1.12393,-1.11340
1.15495,-1.07923
1.18902,-1.03794
1.22578,-0.98842
1.26435,-0.93046
1.30368,-0.86473
1.34302,-0.79252
1.38199,-0.71533
1.42047,-0.63446
1.45832,-0.55086
1.49522,-0.46507
1.53061,-0.37731
1.56382,-0.28783
1.59431,-0.19722
1.62171,-0.10672
1.64573,-0.01856
1.66580,0.06264
1.67999,0.12496
1.68362,0.14164
1.68128,0.13084
1.67999,0.12496
1.66337,0.05239
1.64911,-0.00537
1.62267,-0.10310
1.58962,-0.21024
1.53371,-0.35546
1.17753,-0.43785
1.08229,-0.39411
1.01062,-0.35596
0.93644,-0.31931
0.85000,-0.27813
0.73378,-0.22004
0.58402,-0.09501
0.50567,0.07245
0.45782,0.20793
1.03564,-1.19570
1.05830,-1.17644
1.08030,-1.15658
1.10243,-1.13535
1.12575,-1.11148
1.15146,-1.08324
1.18051,-1.04865
1.21312,-1.00609
1.24870,-0.95474
1.28616,-0.89484
1.32439,-0.82750
1.36265,-0.75429
1.40059,-0.67677
1.43802,-0.59620
1.47473,-0.51332
1.51035,-0.42835
1.54440,-0.34114
1.57642,-0.25150
1.60609,-0.15950
1.63324,-0.06555
1.65789,0.02971
1.68012,0.12554
1.70002,0.22112
1.71759,0.31522
1.73252,0.40494
1.74316,0.47674
1.72428,0.35409
1.70473,0.24533
1.68165,0.13256
1.66574,0.06241
1.64110,-0.03618
1.61491,-0.12948
1.57391,-0.25432
1.48868,-0.43063
1.13082,-0.41587
1.05324,-0.37220
0.97975,-0.33583
0.89860,-0.29776
0.79614,-0.24990
0.64679,-0.16122
1.07351,-1.16284
1.09234,-1.14519
1.11048,-1.12729
1.12899,-1.10804
1.14930,-1.08570
1.17291,-1.05799
1.20075,-1.02272
1.23275,-0.97842
1.26792,-0.92476
1.30494,-0.86251
1.34266,-0.79321
1.38035,-0.71868
1.41762,-0.64060
1.45419,-0.56020
1.48974,-0.47814
1.52391,-0.39446
1.55633,-0.30876
1.58674,-0.22062
1.61498,-0.12987
1.64100,-0.03667
1.66483,0.05853
1.68654,0.15527
1.70622,0.25313
1.72389,0.35180
1.73951,0.45116
1.75284,0.55128
1.76329,0.65267
1.76926,0.75690
1.76350,0.86671
1.59689,-0.18670
1.65568,0.02078
1.65355,0.01223
1.63932,-0.04284
1.62074,-0.10953
1.58825,-0.21301
1.53514,-0.34571
1.18812,-0.43369
1.09048,-0.38780
1.01592,-0.34993
0.93682,-0.31287
1.10519,-1.13261
1.11980,-1.11772
1.13388,-1.10278
1.14892,-1.08612
1.16684,-1.06529
1.18931,-1.03756
1.21697,-1.00079
1.24920,-0.95398
1.28461,-0.89744
1.32169,-0.83246
1.35928,-0.76095
1.39668,-0.68496
1.43344,-0.60627
1.46918,-0.52613
1.50351,-0.44510
1.53610,-0.36306
1.56679,-0.27940
1.59551,-0.19343
1.62227,-0.10475
1.64707,-0.01338
1.66994,0.08037
1.69090,0.17603
1.70998,0.27318
1.72716,0.37147
1.74230,0.47063
1.75509,0.57054
1.76477,0.67116
1.76952,0.77259
1.76166,0.87531
1.54464,-0.22431
1.66136,0.04415
1.51400,-0.35960
1.15637,-0.41556
1.59254,-0.19988
1.61669,-0.12328
1.61145,-0.14073
1.59251,-0.20005
1.55320,-0.30567
1.45917,-0.44500
1.12345,-0.40354
1.13019,-1.10675
1.14039,-1.09566
1.15055,-1.08428
1.16279,-1.07011
1.17944,-1.04997
1.20201,-1.02106
1.23048,-0.98170
1.26363,-0.93160
1.29971,-0.87168
1.33714,-0.80371
1.37483,-0.72990
1.41207,-0.65247
1.44835,-0.57329
1.48319,-0.49360
1.51618,-0.41389
1.54713,-0.33383
1.57607,-0.25255
1.60315,-0.16907
1.62849,-0.08276
1.65213,0.00652
1.67408,0.09848
1.69432,0.19269
1.71283,0.28866
1.72952,0.38601
1.74423,0.48443
1.75656,0.58369
1.76569,0.68369
1.76955,0.78442
1.75853,0.88632
1.67494,0.10415
1.63709,-0.04768
1.60344,-0.16148
1.63808,-0.04671
1.18683,-0.40048
0.87194,-0.26237
1.08008,-0.37034
1.54597,-0.32000
1.59069,-0.20516
1.58933,-0.20918
1.56297,-0.28139
1.14827,-1.08686
1.15412,-1.08020
1.16098,-1.07223
1.17166,-1.05951
1.18852,-1.03857
1.21240,-1.00707
1.24247,-0.96412
1.27696,-0.91012
1.31393,-0.84652
1.35187,-0.77547
1.38973,-0.69942
1.42682,-0.62072
1.46255,-0.54128
1.49637,-0.46234
1.52790,-0.38428
1.55714,-0.30652
1.58434,-0.22789
1.60985,-0.14707
1.63388,-0.06321
1.65647,0.02394
1.67759,0.11411
1.69718,0.20684
1.71517,0.30163
1.73143,0.39802
1.74576,0.49568
1.75771,0.59435
1.76638,0.69389
1.76947,0.79429
1.75458,0.89608
1.67064,0.08604
1.65995,0.03911
1.15671,-0.33467
1.61165,-0.13656
1.63202,-0.06841
1.57538,-0.23672
1.05084,-0.31845
0.56850,-0.05519
0.78055,-0.22925
1.10574,-0.38526
1.54147,-0.32872
