-1.44263,-0.40053
-1.45094,-0.37843
-1.41407,-0.37355
-1.19391,-0.50076
-1.17448,-0.63068
-1.32526,-0.60318
-1.40240,-0.57573
-1.44368,-0.55425
-1.46584,-0.53664
-1.46988,-0.52637
-1.44130,-0.55102
-1.44850,-0.73024
-1.58332,-0.74955
-1.62970,-0.66229
-1.64662,-0.56611
-1.65346,-0.46951
-1.65531,-0.37379
-1.65376,-0.27942
-1.64927,-0.18686
-1.64193,-0.09656
-1.63162,-0.00886
-1.61815,0.07634
-1.60128,0.15981
-1.58081,0.24289
-1.55680,0.32680
-1.52974,0.41202
-1.50047,0.49810
-1.46991,0.58388
-1.43885,0.66766
-1.40797,0.74732
-1.37787,0.82047
-1.34935,0.88464
-1.32349,0.93782
-1.30152,0.97916
-1.28418,1.00961
-1.27091,1.03196
-1.25983,1.05007
-1.24856,1.06738
-1.23515,1.08610
-1.21837,1.10720
-1.41817,-0.36207
-1.44156,-0.35712
-1.45058,-0.35685
-1.44775,-0.35543
-1.40759,-0.36702
-1.27189,-0.45004
-1.24063,-0.56390
-1.36906,-0.55483
-1.44022,-0.53218
-1.46857,-0.51605
-1.45720,-0.52270
-1.42772,-0.67658
-1.57384,-0.74761
-1.62734,-0.66295
-1.64560,-0.56617
-1.65275,-0.46837
-1.65460,-0.37102
-1.65284,-0.27466
-1.64798,-0.17973
-1.64002,-0.08670
-1.62881,0.00407
-1.61408,0.09256
-1.59565,0.17932
-1.57351,0.26534
-1.54799,0.35153
-1.51979,0.43821
-1.48980,0.52490
-1.45889,0.61046
-1.42777,0.69319
-1.39701,0.77099
-1.36724,0.84150
-1.33926,0.90251
-1.31410,0.95254
-1.29267,0.99165
-1.27501,1.02171
-1.25994,1.04593
-1.24550,1.06760
-1.22983,1.08912
-1.21162,1.11175
-1.19006,1.13597
-1.32278,-0.38140
-1.36383,-0.36858
-1.39768,-0.35818
-1.42280,-0.35057
-1.43737,-0.34601
-1.43992,-0.34388
-1.42169,-0.34817
-1.35157,-0.38885
-1.30374,-0.48754
-1.41243,-0.50143
-1.46710,-0.48916
-1.43324,-0.54573
-1.54695,-0.73722
-1.62222,-0.66278
-1.64359,-0.56545
-1.65140,-0.46625
-1.65330,-0.36708
-1.65133,-0.26851
-1.64601,-0.17101
-1.63735,-0.07506
-1.62509,0.01892
-1.60896,0.11073
-1.58888,0.20064
-1.56507,0.28934
-1.53813,0.37752
-1.50891,0.46541
-1.47831,0.55254
-1.44710,0.63778
-1.41587,0.71945
-1.38513,0.79549
-1.35548,0.86368
-1.32767,0.92213
-1.30256,0.97009
-1.28061,1.00843
-1.26130,1.03955
-1.24322,1.06639
-1.22478,1.09140
-1.20466,1.11609
-1.18200,1.14125
-1.15626,1.16717
-1.21106,-0.40834
-1.25979,-0.39197
-1.30349,-0.37709
-1.34203,-0.36378
-1.37509,-0.35202
-1.40211,-0.34184
-1.42211,-0.33339
-1.43364,-0.32692
-1.43438,-0.32284
-1.41307,-0.32990
-1.36258,-0.39211
-1.44366,-0.44235
-1.43049,-0.55824
-1.60530,-0.66145
-1.63876,-0.56426
-1.64851,-0.46315
-1.65074,-0.36172
-1.64858,-0.26063
-1.64276,-0.16029
-1.63328,-0.06119
-1.61984,0.03611
-1.60219,0.13120
-1.58041,0.22405
-1.55499,0.31510
-1.52679,0.40496
-1.49672,0.49385
-1.46562,0.58133
-1.43411,0.66631
-1.40266,0.74714
-1.37170,0.82178
-1.34174,0.88822
-1.31346,0.94503
-1.28746,0.99211
-1.26378,1.03087
-1.24168,1.06368
-1.21993,1.09291
-1.19739,1.12027
-1.17317,1.14681
-1.14670,1.17310
-1.11762,1.19940
-1.08641,-0.43746
-1.14252,-0.41979
-1.19288,-0.40260
-1.23823,-0.38626
-1.27906,-0.37085
-1.31569,-0.35627
-1.34827,-0.34232
-1.37677,-0.32879
-1.40089,-0.31549
-1.41992,-0.30236
-1.43257,-0.28955
-1.43669,-0.27753
-1.42145,-0.27786
-1.44727,-0.36490
-1.61896,-0.56549
-1.64144,-0.45982
-1.64529,-0.35469
-1.64317,-0.25033
-1.63685,-0.14673
-1.62648,-0.04424
-1.61176,0.05645
-1.59255,0.15462
-1.56915,0.24998
-1.54238,0.34290
-1.51323,0.43407
-1.48257,0.52381
-1.45109,0.61174
-1.41925,0.69676
-1.38737,0.77721
-1.35575,0.85111
-1.32482,0.91662
-1.29516,0.97273
-1.26717,1.01980
-1.24073,1.05941
-1.21519,1.09363
-1.18968,1.12427
-1.16341,1.15267
-1.13580,1.17969
-1.10643,1.20582
-1.07505,1.23134
-0.93461,-0.46237
-1.00657,-0.44642
-1.06744,-0.42957
-1.12046,-0.41232
-1.16752,-0.39511
-1.20975,-0.37815
-1.24790,-0.36135
-1.28245,-0.34450
-1.31363,-0.32727
-1.34147,-0.30922
-1.36591,-0.28976
-1.38688,-0.26805
-1.40457,-0.24283
-1.42008,-0.21186
-1.44231,-0.16765
-1.53834,-0.13081
-1.63335,-0.34395
-1.63207,-0.23373
-1.62512,-0.12700
-1.61382,-0.02150
-1.59792,0.08197
-1.57742,0.18228
-1.55297,0.27905
-1.52557,0.37294
-1.49614,0.46493
-1.46539,0.55549
-1.43376,0.64422
-1.40152,0.72992
-1.36883,0.81083
-1.33589,0.88486
-1.30310,0.95026
-1.27103,1.00627
-1.24011,1.05350
-1.21035,1.09351
-1.18133,1.12811
-1.15249,1.15889
-1.12329,1.18699
-1.09327,1.21322
-1.06212,1.23807
-1.02966,1.26180
-0.70517,-0.49231
-0.81914,-0.46715
-0.90919,-0.45103
-0.98045,-0.43569
-1.03918,-0.41934
-1.08935,-0.40208
-1.13330,-0.38415
-1.17242,-0.36559
-1.20746,-0.34624
-1.23876,-0.32575
-1.26636,-0.30363
-1.29016,-0.27913
-1.31008,-0.25120
-1.32627,-0.21834
-1.33926,-0.17857
-1.35028,-0.12928
-1.36264,-0.06632
-1.40013,0.02335
-1.52453,0.04215
-1.57587,0.06894
-1.56883,0.13045
-1.55006,0.22042
-1.52711,0.31287
-1.50124,0.40499
-1.47316,0.49691
-1.44336,0.58853
-1.41207,0.67898
-1.37941,0.76662
-1.34541,0.84920
-1.31028,0.92430
-1.27460,0.99002
-1.23927,1.04581
-1.20498,1.09252
-1.17197,1.13182
-1.14004,1.16551
-1.10878,1.19508
-1.07773,1.22167
-1.04652,1.24602
-1.01489,1.26863
-0.98271,1.28973
-0.44377,-0.61842
-0.54034,-0.54420
-0.66039,-0.48631
-0.77628,-0.45422
-0.86919,-0.43610
-0.94108,-0.42072
-0.99861,-0.40431
-1.04652,-0.38626
-1.08756,-0.36650
-1.12318,-0.34496
-1.15400,-0.32133
-1.18021,-0.29509
-1.20179,-0.26540
-1.21875,-0.23108
-1.23133,-0.19061
-1.24007,-0.14233
-1.24573,-0.08489
-1.24927,-0.01775
-1.25186,0.05866
-1.25509,0.14388
-1.26329,0.24169
-1.37568,0.35619
-1.46255,0.39016
-1.46231,0.43825
-1.43999,0.52678
-1.41348,0.62088
-1.38367,0.71541
-1.35073,0.80728
-1.31480,0.89321
-1.27651,0.97006
-1.23715,1.03584
-1.19823,1.09048
-1.16085,1.13541
-1.12535,1.17264
-1.09159,1.20410
-1.05916,1.23129
-1.02761,1.25531
-0.99659,1.27689
-0.96590,1.29646
-0.93549,1.31427
-0.30741,-0.76541
-0.35966,-0.69629
-0.41973,-0.62529
-0.49778,-0.55215
-0.59932,-0.48610
-0.70996,-0.44128
-0.80637,-0.41586
-0.88167,-0.39777
-0.94031,-0.37978
-0.98734,-0.35952
-1.02590,-0.33630
-1.05759,-0.30973
-1.08318,-0.27924
-1.10303,-0.24395
-1.11754,-0.20264
-1.12733,-0.15396
-1.13323,-0.09691
-1.13627,-0.03142
-1.13758,0.04129
-1.13822,0.11911
-1.13883,0.20003
-1.13938,0.28272
-1.13937,0.36533
-1.14167,0.43280
-1.38683,0.52388
-1.37071,0.64340
-1.34505,0.75036
-1.31243,0.85132
-1.27399,0.94294
-1.23179,1.02178
-1.18855,1.08664
-1.14659,1.13871
-1.10715,1.18042
-1.07051,1.21427
-1.03640,1.24232
-1.00431,1.26611
-0.97378,1.28670
-0.94448,1.30477
-0.91623,1.32076
-0.88910,1.33490
-0.19364,-0.90880
-0.24686,-0.83866
-0.29771,-0.76814
-0.34686,-0.69903
-0.39776,-0.63111
-0.45640,-0.56302
-0.52913,-0.49588
-0.61662,-0.43678
-0.70780,-0.39327
-0.78826,-0.36322
-0.85255,-0.33842
-0.90230,-0.31280
-0.94046,-0.28345
-0.96924,-0.24892
-0.99012,-0.20810
-1.00441,-0.15994
-1.01344,-0.10375
-1.01879,-0.03980
-1.02213,0.03046
-1.02501,0.10490
-1.02832,0.18181
-1.03208,0.26050
-1.03584,0.34091
-1.03984,0.42152
-1.05183,0.49170
-1.26103,0.58527
-1.29105,0.77124
-1.26080,0.89577
-1.21943,0.99715
-1.17315,1.07805
-1.12676,1.14066
-1.08313,1.18867
-1.04335,1.22579
-1.00739,1.25505
-0.97473,1.27868
-0.94475,1.29824
-0.91692,1.31475
-0.89091,1.32889
-0.86659,1.34107
-0.84405,1.35154
-0.08893,-1.02956
-0.13840,-0.97103
-0.18946,-0.90667
-0.24012,-0.83848
-0.28865,-0.76906
-0.33439,-0.70085
-0.37818,-0.63512
-0.42223,-0.57163
-0.46945,-0.50928
-0.52255,-0.44752
-0.58287,-0.38762
-0.64837,-0.33257
-0.71271,-0.28440
-0.76848,-0.24119
-0.81184,-0.19823
-0.84309,-0.15128
-0.86475,-0.09809
-0.88006,-0.03840
-0.89217,0.02666
-0.90337,0.09553
-0.91446,0.16731
-0.92508,0.24216
-0.93436,0.32100
-0.94170,0.40445
-0.94881,0.49008
-0.97200,0.56587
-1.18252,0.72035
-1.19297,0.93159
-1.14765,1.05330
-1.09739,1.13698
-1.04935,1.19606
-1.00622,1.23847
-0.96846,1.26963
-0.93552,1.29320
-0.90652,1.31159
-0.88065,1.32637
-0.85728,1.33854
-0.83605,1.34873
-0.81682,1.35734
-0.79970,1.36460
-0.01506,-1.10732
-0.05595,-1.06266
-0.09984,-1.01203
-0.14565,-0.95594
-0.19211,-0.89530
-0.23783,-0.83146
-0.28158,-0.76612
-0.32262,-0.70096
-0.36088,-0.63702
-0.39692,-0.57449
-0.43166,-0.51276
-0.46607,-0.45086
-0.50098,-0.38794
-0.53695,-0.32348
-0.57413,-0.25742
-0.61214,-0.19009
-0.65034,-0.12192
-0.68823,-0.05338
-0.72530,0.01507
-0.76013,0.08332
-0.79060,0.15239
-0.81526,0.22446
-0.83361,0.30206
-0.84557,0.38718
-0.85230,0.47900
-0.86141,0.57103
-0.91574,0.65233
-1.10488,0.93246
-1.05516,1.10919
-0.99965,1.19703
-0.95238,1.25045
-0.91323,1.28526
-0.88099,1.30909
-0.85418,1.32620
-0.83147,1.33904
-0.81182,1.34910
-0.79454,1.35726
-0.77921,1.36405
-0.76567,1.36978
-0.75399,1.37464
0.03580,-1.15712
0.00049,-1.12084
-0.03774,-1.07952
-0.07818,-1.03341
-0.11994,-0.98295
-0.16208,-0.92875
-0.20365,-0.87156
-0.24382,-0.81220
-0.28205,-0.75142
-0.31811,-0.68966
-0.35212,-0.62699
-0.38439,-0.56312
-0.41523,-0.49761
-0.44488,-0.43000
-0.47357,-0.35989
-0.50163,-0.28684
-0.52977,-0.21033
-0.55928,-0.13001
-0.59197,-0.04634
-0.62921,0.03861
-0.66938,0.12167
-0.70649,0.20204
-0.73436,0.28392
-0.75061,0.37271
-0.75675,0.46924
-0.76062,0.56806
-0.78116,0.66336
-0.95343,0.84278
-0.93378,1.16661
-0.87074,1.25456
-0.83082,1.29773
-0.80206,1.32304
-0.78036,1.33923
-0.76340,1.35035
-0.74965,1.35852
-0.73807,1.36488
-0.72802,1.37009
-0.71912,1.37450
-0.71124,1.37834
-0.70443,1.38171
0.07619,-1.19420
0.04373,-1.16260
0.00841,-1.12650
-0.02924,-1.08597
-0.06850,-1.04134
-0.10856,-0.99306
-0.14864,-0.94162
-0.18806,-0.88747
-0.22633,-0.83090
-0.26322,-0.77199
-0.29871,-0.71057
-0.33293,-0.64632
-0.36595,-0.57896
-0.39777,-0.50829
-0.42826,-0.43422
-0.45732,-0.35662
-0.48495,-0.27532
-0.51144,-0.19023
-0.53745,-0.10166
-0.56402,-0.01051
-0.59192,0.08176
-0.61991,0.17383
-0.64305,0.26660
-0.65554,0.36329
-0.65816,0.46407
-0.65995,0.56543
-0.67048,0.66626
-0.72801,0.77363
-0.75800,1.22593
-0.70627,1.29318
-0.68757,1.32465
-0.67691,1.34275
-0.67021,1.35417
-0.66576,1.36199
-0.66255,1.36778
-0.65994,1.37236
-0.65749,1.37618
-0.65499,1.37951
-0.65238,1.38248
-0.64974,1.38518
0.11311,-1.22605
0.08204,-1.19740
0.04818,-1.16458
0.01181,-1.12747
-0.02650,-1.08622
-0.06605,-1.04115
-0.10611,-0.99265
-0.14606,-0.94105
-0.18540,-0.88650
-0.22386,-0.82889
-0.26137,-0.76789
-0.29792,-0.70308
-0.33345,-0.63415
-0.36778,-0.56101
-0.40062,-0.48377
-0.43157,-0.40256
-0.46027,-0.31749
-0.48640,-0.22875
-0.50983,-0.13667
-0.53048,-0.04183
-0.54788,0.05529
-0.56014,0.15465
-0.56386,0.25644
-0.55944,0.35918
-0.55577,0.46125
-0.55835,0.56365
-0.56586,0.66684
-0.58248,0.77158
-0.53599,1.24310
-0.53470,1.29456
-0.54170,1.32332
-0.54995,1.34068
-0.55823,1.35206
-0.56605,1.36011
-0.57308,1.36619
-0.57909,1.37104
-0.58390,1.37508
-0.58742,1.37854
-0.58963,1.38158
-0.59066,1.38428
0.14984,-1.25572
0.11932,-1.22920
0.08622,-1.19887
0.05054,-1.16437
0.01261,-1.12564
-0.02699,-1.08285
-0.06762,-1.03627
-0.10862,-0.98616
-0.14951,-0.93263
-0.18991,-0.87555
-0.22964,-0.81454
-0.26856,-0.74911
-0.30647,-0.67889
-0.34310,-0.60379
-0.37800,-0.52396
-0.41066,-0.43963
-0.44044,-0.35096
-0.46663,-0.25808
-0.48837,-0.16110
-0.50427,-0.06005
-0.51130,0.04525
-0.50380,0.15387
-0.48175,0.25957
-0.46277,0.35932
-0.45657,0.45992
-0.45892,0.56326
-0.46370,0.66730
-0.45760,0.76831
-0.35657,1.21625
-0.38401,1.26973
-0.40836,1.30127
-0.43064,1.32175
-0.45071,1.33606
-0.46859,1.34667
-0.48434,1.35493
-0.49791,1.36158
-0.50924,1.36705
-0.51826,1.37163
-0.52497,1.37549
-0.52944,1.37876
0.18788,-1.28426
0.15739,-1.25951
0.12468,-1.23134
0.08944,-1.19920
0.05178,-1.16282
0.01208,-1.12218
-0.02911,-1.07743
-0.07117,-1.02873
-0.11359,-0.97618
-0.15592,-0.91961
-0.19788,-0.85864
-0.23916,-0.79273
-0.27942,-0.72141
-0.31821,-0.64450
-0.35495,-0.56214
-0.38894,-0.47452
-0.41936,-0.38165
-0.44503,-0.28308
-0.46396,-0.17775
-0.47148,-0.06387
-0.45626,0.05784
-0.41448,0.17111
-0.38080,0.26718
-0.36611,0.36298
-0.36170,0.46304
-0.36148,0.56537
-0.35887,0.66662
-0.24853,0.76175
-0.21175,1.17456
-0.25365,1.23101
-0.28949,1.26670
-0.32162,1.29163
-0.35038,1.31011
-0.37605,1.32443
-0.39883,1.33590
-0.41878,1.34529
-0.43587,1.35305
-0.44999,1.35948
-0.46105,1.36478
-0.46900,1.36911
0.22784,-1.31174
0.19712,-1.28871
0.16461,-1.26265
0.12977,-1.23288
0.09244,-1.19896
0.05281,-1.16066
0.01130,-1.11799
-0.03156,-1.07102
-0.07524,-1.01977
-0.11928,-0.96405
-0.16329,-0.90342
-0.20685,-0.83722
-0.24942,-0.76481
-0.29025,-0.68582
-0.32844,-0.60025
-0.36297,-0.50816
-0.39262,-0.40887
-0.41518,-0.29959
-0.42288,-0.17289
-0.38395,-0.02719
-0.31040,0.08348
-0.28135,0.17354
-0.27203,0.26935
-0.26849,0.36852
-0.26597,0.46837
-0.26006,0.56634
-0.23231,0.65588
-0.00617,0.96350
-0.08906,1.11975
-0.14025,1.18173
-0.18418,1.22319
-0.22335,1.25357
-0.25849,1.27698
-0.29011,1.29567
-0.31852,1.31099
-0.34386,1.32374
-0.36608,1.33439
-0.38502,1.34325
-0.40046,1.35054
-0.41218,1.35642
0.26975,-1.33766
0.23883,-1.31658
0.20658,-1.29281
0.17227,-1.26563
0.13550,-1.23444
0.09624,-1.19885
0.05477,-1.15870
0.01152,-1.11392
-0.03302,-1.06444
-0.07838,-1.01000
-0.12413,-0.95003
-0.16975,-0.88367
-0.21447,-0.80985
-0.25711,-0.72764
-0.29610,-0.63628
-0.32947,-0.53425
-0.35320,-0.41369
-0.31803,-0.24475
-0.16950,-0.13804
-0.15338,-0.05187
-0.15480,0.05253
-0.15999,0.16135
-0.16515,0.26873
-0.16724,0.37157
-0.16182,0.46772
-0.13308,0.55257
0.05060,0.69847
0.06833,0.94580
0.00823,1.05680
-0.04515,1.12475
-0.09322,1.17314
-0.13672,1.20979
-0.17620,1.23873
-0.21218,1.26229
-0.24502,1.28191
-0.27489,1.29847
-0.30173,1.31251
-0.32533,1.32434
-0.34533,1.33417
-0.36134,1.34213
0.31315,-1.36122
0.28246,-1.34249
0.25084,-1.32139
0.21743,-1.29720
0.18167,-1.26921
0.14329,-1.23687
0.10239,-1.19981
0.05929,-1.15782
0.01442,-1.11067
-0.03176,-1.05795
-0.07878,-0.99891
-0.12603,-0.93223
-0.17258,-0.85594
-0.21687,-0.76685
-0.25648,-0.65637
-0.24834,-0.47894
-0.05276,-0.35734
-0.03443,-0.28127
-0.03245,-0.18537
-0.03576,-0.07837
-0.04219,0.03605
-0.05038,0.15251
-0.05699,0.26337
-0.05328,0.36082
-0.00737,0.43830
0.14522,0.59033
0.16764,0.76942
0.12927,0.89939
0.08016,0.99408
0.03008,1.06518
-0.01795,1.11979
-0.06290,1.16273
-0.10465,1.19739
-0.14344,1.22607
-0.17955,1.25028
-0.21311,1.27101
-0.24407,1.28885
-0.27217,1.30413
-0.29695,1.31705
-0.31786,1.32770
0.35711,-1.38144
0.32754,-1.36559
0.29735,-1.34767
0.26564,-1.32701
0.23166,-1.30284
0.19497,-1.27448
0.15545,-1.24132
0.11328,-1.20290
0.06881,-1.15876
0.02251,-1.10826
-0.02511,-1.05023
-0.07332,-0.98259
-0.12126,-0.90102
-0.16939,-0.78885
-0.05801,-0.51870
0.04990,-0.46002
0.06475,-0.37712
0.07071,-0.28646
0.07200,-0.18923
0.06970,-0.08432
0.06493,0.02756
0.06089,0.13968
0.07617,0.23271
0.20954,0.35228
0.25100,0.50918
0.24093,0.63766
0.21310,0.75088
0.17561,0.85068
0.13264,0.93640
0.08731,1.00803
0.04191,1.06688
-0.00215,1.11513
-0.04428,1.15510
-0.08440,1.18877
-0.12261,1.21762
-0.15900,1.24267
-0.19347,1.26458
-0.22576,1.28369
-0.25539,1.30020
-0.28170,1.31417
0.40034,-1.39752
0.37327,-1.38496
0.34583,-1.37070
0.31710,-1.35414
0.28622,-1.33453
0.25253,-1.31102
0.21568,-1.28280
0.17565,-1.24903
0.13268,-1.20888
0.08723,-1.16118
0.03998,-1.10411
-0.00814,-1.03404
-0.05775,-0.93961
-0.02699,-0.65179
0.13843,-0.55002
0.15357,-0.46123
0.16297,-0.37058
0.17031,-0.27970
0.17530,-0.18655
0.17830,-0.08915
0.18533,0.00899
0.29225,0.11605
0.34044,0.29459
0.32818,0.41283
0.30705,0.51888
0.27981,0.61954
0.24761,0.71502
0.21139,0.80394
0.17210,0.88461
0.13083,0.95575
0.08872,1.01706
0.04676,1.06925
0.00556,1.11366
-0.03465,1.15183
-0.07388,1.18506
-0.11215,1.21436
-0.14938,1.24039
-0.18532,1.26353
-0.21950,1.28397
-0.25128,1.30174
0.44137,-1.40906
0.41867,-1.39993
0.39582,-1.38954
0.37193,-1.37743
0.34609,-1.36290
0.31745,-1.34511
0.28538,-1.32300
0.24954,-1.29534
0.20994,-1.26064
0.16697,-1.21687
0.12154,-1.16080
0.07486,-1.08570
0.01795,-0.94906
0.22804,-0.64810
0.24315,-0.55270
0.24901,-0.45416
0.25755,-0.36024
0.26876,-0.27099
0.28336,-0.18507
0.31727,-0.10332
0.41697,0.05071
0.41172,0.19234
0.39164,0.29979
0.36720,0.39917
0.33927,0.49482
0.30847,0.58733
0.27528,0.67609
0.24008,0.76004
0.20317,0.83788
0.16489,0.90850
0.12572,0.97125
0.08614,1.02621
0.04655,1.07411
0.00709,1.11607
-0.03223,1.15320
-0.07147,1.18643
-0.11059,1.21641
-0.14937,1.24353
-0.18741,1.26796
-0.22410,1.28973
0.47913,-1.41637
0.46302,-1.41029
0.44694,-1.40344
0.43016,-1.39549
0.41184,-1.38594
0.39110,-1.37406
0.36708,-1.35882
0.33905,-1.33875
0.30655,-1.31166
0.26954,-1.27421
0.22876,-1.22070
0.18468,-1.13824
0.22114,-0.77143
0.35050,-0.66191
0.34636,-0.55531
0.34486,-0.45020
0.35208,-0.35300
0.37012,-0.26565
0.41499,-0.18343
0.47743,-0.04847
0.46919,0.07691
0.44752,0.18099
0.42196,0.27817
0.39377,0.37205
0.36353,0.46339
0.33166,0.55203
0.29847,0.63740
0.26418,0.71868
0.22893,0.79493
0.19282,0.86525
0.15598,0.92898
0.11858,0.98595
0.08077,1.03656
0.04255,1.08161
0.00381,1.12206
-0.03559,1.15877
-0.07569,1.19234
-0.11635,1.22317
-0.15726,1.25140
-0.19786,1.27707
0.51409,-1.42036
0.50667,-1.41640
0.49937,-1.41199
0.49177,-1.40696
0.48337,-1.40102
0.47354,-1.39369
0.46159,-1.38424
0.44679,-1.37140
0.42843,-1.35297
0.40597,-1.32496
0.37931,-1.27949
0.34590,-1.19824
0.47261,-0.77180
0.47386,-0.67076
0.46162,-0.56414
0.45315,-0.45751
0.45924,-0.35791
0.49385,-0.26419
0.52875,-0.14726
0.52000,-0.03683
0.49836,0.06259
0.47268,0.15762
0.44469,0.25031
0.41501,0.34104
0.38403,0.42967
0.35202,0.51584
0.31921,0.59904
0.28576,0.67865
0.25174,0.75397
0.21719,0.82423
0.18211,0.88882
0.14652,0.94745
0.11037,1.00028
0.07354,1.04793
0.03579,1.09120
-0.00313,1.13091
-0.04341,1.16766
-0.08502,1.20182
-0.12773,1.23352
-0.17106,1.26278
0.54914,-1.42188
0.55148,-1.41854
0.55393,-1.41485
0.55650,-1.41066
0.55915,-1.40576
0.56178,-1.39983
0.56430,-1.39231
0.56673,-1.38216
0.56929,-1.36747
0.57281,-1.34440
0.58018,-1.30487
0.61896,-1.22689
0.62969,-0.77589
0.60230,-0.66712
0.59836,-0.56279
0.60252,-0.45671
0.60993,-0.34679
0.60327,-0.24183
0.58095,-0.14714
0.55325,-0.05553
0.52461,0.03612
0.49553,0.12745
0.46578,0.21770
0.43529,0.30631
0.40411,0.39288
0.37232,0.47710
0.34002,0.55862
0.30729,0.63703
0.27417,0.71180
0.24070,0.78231
0.20685,0.84795
0.17257,0.90833
0.13773,0.96341
0.10213,1.01358
0.06545,1.05953
0.02731,1.10201
-0.01260,1.14164
-0.05441,1.17881
-0.09800,1.21367
-0.14298,1.24619
0.58806,-1.42068
0.59964,-1.41637
0.61132,-1.41153
0.62345,-1.40599
0.63636,-1.39947
0.65043,-1.39157
0.66611,-1.38160
0.68410,-1.36837
0.70547,-1.34966
0.73213,-1.32107
0.76843,-1.27279
0.83652,-1.16773
0.78922,-0.77068
0.72364,-0.65113
0.71760,-0.54233
0.71428,-0.43395
0.70078,-0.33516
0.67465,-0.25054
0.63840,-0.17310
0.59757,-0.09207
0.55901,-0.00452
0.52430,0.08555
0.49179,0.17490
0.46015,0.26220
0.42871,0.34709
0.39714,0.42955
0.36529,0.50955
0.33309,0.58700
0.30053,0.66160
0.26762,0.73287
0.23436,0.80024
0.20068,0.86317
0.16647,0.92137
0.13150,0.97492
0.09544,1.02425
0.05786,1.07001
0.01835,1.11281
-0.02335,1.15309
-0.06728,1.19106
-0.11318,1.22673
0.63277,-1.41561
0.65193,-1.40907
0.67120,-1.40171
0.69110,-1.39330
0.71217,-1.38345
0.73501,-1.37161
0.76034,-1.35693
0.78903,-1.33799
0.82224,-1.31240
0.86144,-1.27579
0.90898,-1.21928
0.97171,-1.11683
0.98062,-0.80707
0.83584,-0.63721
0.81366,-0.53498
0.79892,-0.43687
0.77871,-0.34977
0.75149,-0.27504
0.71680,-0.20840
0.67337,-0.14171
0.62391,-0.06610
0.57711,0.01944
0.53691,0.10798
0.50137,0.19473
0.46820,0.27849
0.43600,0.35945
0.40401,0.43810
0.37180,0.51477
0.33918,0.58957
0.30608,0.66230
0.27248,0.73254
0.23834,0.79968
0.20358,0.86316
0.16799,0.92257
0.13129,0.97783
0.09312,1.02916
0.05308,1.07700
0.01085,1.12177
-0.03372,1.16378
-0.08050,1.20314
0.68282,-1.40561
0.70754,-1.39617
0.73236,-1.38564
0.75785,-1.37372
0.78465,-1.35994
0.81343,-1.34363
0.84495,-1.32380
0.88004,-1.29898
0.91957,-1.26684
0.96435,-1.22360
1.01492,-1.16269
1.07184,-1.06967
1.12144,-0.88338
0.95484,-0.62750
0.90415,-0.53850
0.88145,-0.45176
0.86013,-0.37303
0.83702,-0.30386
0.81154,-0.24237
0.78213,-0.18514
0.74550,-0.12791
0.69879,-0.06508
0.64527,0.00833
0.59403,0.09014
0.54919,0.17336
0.50929,0.25427
0.47222,0.33234
0.43668,0.40811
0.40190,0.48222
0.36732,0.55523
0.33248,0.62742
0.29699,0.69878
0.26056,0.76890
0.22293,0.83711
0.18385,0.90259
0.14303,0.96457
0.10021,1.02253
0.05523,1.07628
0.00808,1.12587
-0.04111,1.17152
0.73663,-1.39032
0.76500,-1.37783
0.79341,-1.36407
0.82246,-1.34866
0.85280,-1.33105
0.88510,-1.31050
0.92008,-1.28594
0.95845,-1.25586
1.00074,-1.21814
1.04714,-1.16978
1.09709,-1.10647
1.14887,-1.02145
1.19832,-0.89777
1.16539,-0.65965
1.00068,-0.54231
0.96728,-0.46971
0.94673,-0.39841
0.92921,-0.33274
0.91346,-0.27244
0.89886,-0.21572
0.88375,-0.16069
0.86513,-0.10606
0.83898,-0.05108
0.80126,0.00514
0.74979,0.06488
0.68749,0.13122
0.62240,0.20433
0.56160,0.28032
0.50765,0.35530
0.46021,0.42765
0.41789,0.49760
0.37890,0.56630
0.34128,0.63525
0.30318,0.70566
0.26315,0.77794
0.22024,0.85143
0.17395,0.92447
0.12413,0.99483
0.07113,1.06038
0.01572,1.11977
0.79248,-1.36999
0.82283,-1.35467
0.85315,-1.33797
0.88400,-1.31945
0.91603,-1.29850
0.94990,-1.27427
0.98626,-1.24566
1.02566,-1.21116
1.06833,-1.16892
1.11397,-1.11672
1.16149,-1.05212
1.20883,-0.97269
1.25301,-0.87524
1.28797,-0.74840
1.18219,-0.52501
1.05976,-0.48240
1.03834,-0.42268
1.02660,-0.36053
1.01917,-0.29997
1.01468,-0.24079
1.01147,-0.18208
1.00700,-0.12348
0.99844,-0.06544
0.98328,-0.00887
0.95961,0.04531
0.92588,0.09640
0.88040,0.14440
0.82132,0.19071
0.74822,0.23901
0.66540,0.29433
0.58281,0.35853
0.50988,0.42786
0.44965,0.49719
0.39998,0.56453
0.35680,0.63115
0.31573,0.69994
0.27274,0.77362
0.22481,0.85304
0.17025,0.93615
0.10891,1.01838
0.84882,-1.34520
0.87976,-1.32749
0.91053,-1.30836
0.94170,-1.28731
0.97390,-1.26367
1.00776,-1.23652
1.04389,-1.20468
1.08269,-1.16670
1.12418,-1.12100
1.16779,-1.06606
1.21230,-1.00082
1.25607,-0.92492
1.29724,-0.83877
1.33390,-0.74302
1.36379,-0.63633
1.33797,-0.48615
1.13556,-0.44441
1.13023,-0.39190
1.13094,-0.33057
1.13389,-0.26766
1.13701,-0.20441
1.13789,-0.14166
1.13435,-0.08055
1.12488,-0.02213
1.10869,0.03289
1.08555,0.08414
1.05541,0.13154
1.01810,0.17506
0.97298,0.21479
0.91868,0.25109
0.85302,0.28521
0.77386,0.32048
0.68241,0.36290
0.58726,0.41782
0.50135,0.48360
0.43169,0.55316
0.37639,0.62211
0.32923,0.69172
0.28303,0.76658
0.23122,0.85062
0.90428,-1.31674
0.93460,-1.29720
0.96460,-1.27627
0.99483,-1.25341
1.02591,-1.22788
1.05851,-1.19866
1.09322,-1.16451
1.13039,-1.12401
1.16990,-1.07582
1.21107,-1.01899
1.25280,-0.95331
1.29390,-0.87933
1.33332,-0.79825
1.37022,-0.71164
1.40389,-0.62152
1.43354,-0.53155
1.45608,-0.45500
1.42990,-0.43180
1.39588,-0.38402
1.31919,-0.33049
1.29736,-0.24722
1.28830,-0.17284
1.27850,-0.10507
1.26487,-0.04322
1.24646,0.01303
1.22310,0.06412
1.19491,0.11068
1.16213,0.15334
1.12495,0.19263
1.08335,0.22889
1.03697,0.26226
0.98482,0.29280
0.92504,0.32080
0.85469,0.34743
0.77040,0.37611
0.67181,0.41369
0.56760,0.46739
0.47393,0.53593
0.40006,0.60986
0.34252,0.68385
0.95761,-1.28551
0.98628,-1.26482
1.01444,-1.24285
1.04264,-1.21902
1.07158,-1.19249
1.10200,-1.16215
1.13458,-1.12661
1.16965,-1.08442
1.20704,-1.03442
1.24601,-0.97613
1.28557,-0.90985
1.32481,-0.83658
1.36309,-0.75763
1.40001,-0.67436
1.43528,-0.58807
1.46864,-0.50011
1.49974,-0.41231
1.52801,-0.32767
1.55182,-0.25166
1.56708,-0.19150
1.57032,-0.14459
1.56630,-0.09936
1.55297,-0.06861
1.49978,-0.05639
1.42817,-0.01611
1.37652,0.03616
1.33519,0.08418
1.29657,0.12685
1.25773,0.16530
1.21754,0.20057
1.17550,0.23334
1.13123,0.26398
1.08419,0.29263
1.03343,0.31929
0.97730,0.34397
0.91307,0.36700
0.83668,0.38989
0.74355,0.41711
0.63380,0.45774
0.52107,0.51968
1.00760,-1.25256
1.03371,-1.23150
1.05911,-1.20937
1.08442,-1.18552
1.11048,-1.15899
1.13822,-1.12843
1.16846,-1.09221
1.20155,-1.04883
1.23718,-0.99729
1.27453,-0.93752
1.31261,-0.87027
1.35064,-0.79680
1.38812,-0.71850
1.42477,-0.63655
1.46036,-0.55180
1.49462,-0.46481
1.52727,-0.37593
1.55805,-0.28561
1.58685,-0.19457
1.61361,-0.10408
1.63816,-0.01630
1.65969,0.06433
1.67553,0.12612
1.67773,0.14314
1.66310,0.13563
1.64922,0.13332
1.57450,0.08147
1.46255,0.09655
1.39617,0.13580
1.34603,0.17150
1.30083,0.20351
1.25697,0.23298
1.21297,0.26065
1.16795,0.28693
1.12113,0.31200
1.07149,0.33588
1.01752,0.35852
0.95679,0.37993
0.88539,0.40068
0.79768,0.42333
1.05312,-1.21911
1.07588,-1.19859
1.09776,-1.17731
1.11957,-1.15449
1.14238,-1.12888
1.16744,-1.09875
1.19567,-1.06217
1.22734,-1.01758
1.26188,-0.96430
1.29827,-0.90272
1.33549,-0.83402
1.37278,-0.75973
1.40967,-0.68132
1.44584,-0.59990
1.48098,-0.51613
1.51478,-0.43024
1.54691,-0.34215
1.57712,-0.25176
1.60532,-0.15924
1.63155,-0.06502
1.65589,0.03028
1.67839,0.12599
1.69894,0.22137
1.71726,0.31529
1.73274,0.40490
1.74359,0.47666
1.72663,0.35359
1.69386,0.24789
1.62167,0.14979
1.49245,0.14644
1.42337,0.17729
1.37287,0.20584
1.32801,0.23176
1.28478,0.25605
1.24152,0.27939
1.19724,0.30213
1.15114,0.32445
1.10228,0.34637
1.04930,0.36779
0.99004,0.38856
1.09314,-1.18657
1.11190,-1.16764
1.12973,-1.14830
1.14774,-1.12747
1.16743,-1.10341
1.19032,-1.07386
1.21734,-1.03663
1.24839,-0.99032
1.28255,-0.93478
1.31858,-0.87094
1.35542,-0.80038
1.39229,-0.72488
1.42869,-0.64599
1.46422,-0.56485
1.49850,-0.48200
1.53118,-0.39749
1.56198,-0.31097
1.59077,-0.22208
1.61754,-0.13071
1.64237,-0.03709
1.66537,0.05839
1.68661,0.15526
1.70613,0.25315
1.72382,0.35182
1.73950,0.45116
1.75283,0.55128
1.76327,0.65267
1.76918,0.75691
1.74014,0.86904
1.35233,0.28070
1.44723,0.19729
1.44277,0.20164
1.41386,0.21719
1.37932,0.23531
1.34260,0.25410
1.30410,0.27319
1.26369,0.29261
1.22104,0.31242
1.17575,0.33268
1.12714,0.35330
1.12680,-1.15655
1.14108,-1.14034
1.15461,-1.12396
1.16901,-1.10576
1.18624,-1.08329
1.20798,-1.05376
1.23479,-1.01501
1.26604,-0.96618
1.30042,-0.90777
1.33654,-0.84124
1.37331,-0.76854
1.40994,-0.69164
1.44589,-0.61220
1.48066,-0.53133
1.51381,-0.44954
1.54503,-0.36669
1.57419,-0.28221
1.60132,-0.19547
1.62652,-0.10612
1.64993,-0.01422
1.67166,0.07991
1.69179,0.17582
1.71035,0.27310
1.72726,0.37145
1.74231,0.47063
1.75509,0.57054
1.76477,0.67116
1.76956,0.77259
1.76351,0.87512
1.70329,0.97682
1.44696,0.48951
1.32149,0.47724
1.25895,0.36026
1.34720,0.27743
1.37451,0.26037
1.36885,0.26290
1.34721,0.27291
1.31682,0.28653
1.28070,0.30233
1.24009,0.31976
1.15345,-1.13076
1.16302,-1.11834
1.17244,-1.10559
1.18396,-1.08999
1.19995,-1.06830
1.22179,-1.03757
1.24938,-0.99617
1.28149,-0.94400
1.31651,-0.88220
1.35299,-0.81272
1.38985,-0.73778
1.42633,-0.65948
1.46179,-0.57955
1.49565,-0.49914
1.52748,-0.41865
1.55707,-0.33778
1.58448,-0.25566
1.60993,-0.17138
1.63362,-0.08437
1.65573,0.00548
1.67636,0.09788
1.69557,0.19238
1.71337,0.28854
1.72967,0.38598
1.74424,0.48442
1.75656,0.58369
1.76569,0.68369
1.76971,0.78440
1.76389,0.88580
1.73176,0.98660
1.57078,1.04379
1.39475,0.59123
1.42122,0.52107
1.29524,0.55012
1.12350,0.52773
1.22028,0.37667
1.31322,0.30883
1.34511,0.29016
1.34366,0.28973
1.32382,0.29759
1.17274,-1.11082
1.17772,-1.10292
1.18379,-1.09375
1.19381,-1.07976
1.21007,-1.05731
1.23321,-1.02391
1.26232,-0.97879
1.29568,-0.92263
1.33155,-0.85715
1.36852,-0.78463
1.40555,-0.70749
1.44185,-0.62794
1.47671,-0.54775
1.50952,-0.46807
1.53987,-0.38922
1.56773,-0.31063
1.59337,-0.23115
1.61719,-0.14952
1.63949,-0.06493
1.66045,0.02282
1.68013,0.11345
1.69858,0.20651
1.71577,0.30150
1.73160,0.39799
1.74577,0.49568
1.75772,0.59435
1.76638,0.69389
1.76967,0.79427
1.76283,0.89535
1.73210,0.99554
1.62205,1.07296
1.35309,0.84660
1.40079,0.58642
1.41632,0.55437
1.36667,0.57016
1.23965,0.61147
1.03827,0.63442
1.07267,0.49140
1.23391,0.36406
1.31075,0.31808
