-1.62930,-0.06304
-1.63844,-0.14391
-1.61440,0.01283
-1.07008,0.09906
-1.02303,0.05793
-1.22399,0.11033
-1.46880,0.16140
-1.60270,0.02265
-1.62951,-0.09269
-1.63027,-0.09674
-1.60037,0.02730
-1.51457,0.09429
-1.60957,-0.06277
-1.52581,-0.09140
-1.63141,-0.56597
-1.64563,-0.46978
-1.64890,-0.37420
-1.64754,-0.28001
-1.64279,-0.18768
-1.63496,-0.09768
-1.62402,-0.01037
-1.60981,0.07435
-1.59211,0.15728
-1.57072,0.23976
-1.54565,0.32301
-1.51738,0.40754
-1.48680,0.49289
-1.45493,0.57785
-1.42266,0.66063
-1.39064,0.73902
-1.35945,0.81052
-1.32986,0.87269
-1.30301,0.92369
-1.28021,0.96294
-1.26213,0.99153
-1.24814,1.01222
-1.23636,1.02878
-1.22454,1.04461
-1.21091,1.06197
-1.19436,1.08188
-1.61653,0.00689
-1.63622,-0.12021
-1.63798,-0.13859
-1.63755,-0.13400
-1.61021,0.03346
-1.17388,0.14108
-1.12295,0.09278
-1.29888,0.15875
-1.60569,0.02257
-1.63001,-0.09307
-1.62750,-0.07701
-1.48760,0.12519
-1.62001,-0.06954
-1.56962,-0.15877
-1.63138,-0.56604
-1.64571,-0.46862
-1.64892,-0.37140
-1.64737,-0.27519
-1.64229,-0.18047
-1.63389,-0.08771
-1.62207,0.00269
-1.60661,0.09073
-1.58734,0.17696
-1.56423,0.26237
-1.53758,0.34791
-1.50812,0.43390
-1.47682,0.51987
-1.44464,0.60459
-1.41236,0.68631
-1.38053,0.76279
-1.34971,0.83164
-1.32070,0.89066
-1.29460,0.93858
-1.27233,0.97565
-1.25391,1.00382
-1.23815,1.02630
-1.22319,1.04635
-1.20731,1.06640
-1.18926,1.08776
-1.16826,1.11093
-1.24949,0.19978
-1.46896,0.22501
-1.59705,0.08661
-1.62065,-0.00643
-1.63507,-0.10893
-1.63582,-0.11621
-1.62002,-0.00299
-1.33170,0.24694
-1.21106,0.14024
-1.57539,0.08688
-1.62994,-0.08399
-1.59221,0.04042
-1.63665,-0.15853
-1.56845,-0.15948
-1.63156,-0.56534
-1.64585,-0.46645
-1.64893,-0.36737
-1.64714,-0.26892
-1.64163,-0.17159
-1.63255,-0.07588
-1.61971,0.01778
-1.60284,0.10917
-1.58186,0.19857
-1.55698,0.28668
-1.52881,0.37421
-1.49827,0.46141
-1.46634,0.54781
-1.43388,0.63220
-1.40153,0.71283
-1.36975,0.78752
-1.33906,0.85400
-1.31023,0.91047
-1.28419,0.95633
-1.26140,0.99262
-1.24137,1.02182
-1.22278,1.04688
-1.20410,1.07030
-1.18408,1.09363
-1.16186,1.11765
-1.13685,1.14260
-1.10049,0.13612
-1.16274,0.15933
-1.22088,0.18703
-1.30047,0.24328
-1.54847,0.17593
-1.60806,0.04609
-1.62468,-0.02735
-1.63405,-0.09924
-1.63417,-0.10026
-1.61524,0.02147
-1.43835,0.23451
-1.62472,-0.04877
-1.58687,0.04817
-1.54107,-0.04995
-1.63184,-0.56418
-1.64606,-0.46324
-1.64894,-0.36185
-1.64682,-0.26081
-1.64078,-0.16056
-1.63086,-0.06162
-1.61680,0.03545
-1.59831,0.13018
-1.57548,0.22255
-1.54882,0.31302
-1.51922,0.40222
-1.48771,0.49041
-1.45520,0.57713
-1.42241,0.66123
-1.38981,0.74096
-1.35777,0.81420
-1.32673,0.87888
-1.29740,0.93367
-1.27045,0.97862
-1.24598,1.01530
-1.22331,1.04619
-1.20127,1.07369
-1.17874,1.09956
-1.15485,1.12485
-1.12894,1.15007
-1.10058,1.17539
-0.91851,0.09788
-1.00872,0.11361
-1.07769,0.13286
-1.13604,0.15369
-1.18858,0.17663
-1.24101,0.20700
-1.38680,0.27490
-1.56161,0.16196
-1.60848,0.04907
-1.62876,-0.05476
-1.63226,-0.08147
-1.63333,-0.08717
-1.62961,-0.06064
-1.63764,-0.13506
-1.63110,-0.56573
-1.64627,-0.45964
-1.64893,-0.35442
-1.64635,-0.25000
-1.63960,-0.14634
-1.62863,-0.04384
-1.61307,0.05675
-1.59272,0.15467
-1.56792,0.24959
-1.53954,0.34191
-1.50865,0.43238
-1.47625,0.52135
-1.44314,0.60845
-1.40983,0.69251
-1.37663,0.77178
-1.34377,0.84418
-1.31164,0.90784
-1.28084,0.96186
-1.25190,1.00675
-1.22476,1.04428
-1.19881,1.07662
-1.17319,1.10563
-1.14708,1.13263
-1.11984,1.15843
-1.09100,1.18345
-1.06022,1.20784
-0.54924,-0.04421
-0.72445,0.07800
-0.88481,0.09815
-0.97751,0.11158
-1.04514,0.12865
-1.10076,0.14746
-1.14951,0.16761
-1.19457,0.19044
-1.24096,0.22172
-1.37940,0.29116
-1.55102,0.19201
-1.60031,0.08938
-1.62245,-0.00921
-1.62929,-0.05202
-1.63689,-0.11884
-1.63652,-0.11364
-1.64886,-0.34276
-1.64548,-0.23221
-1.63769,-0.12508
-1.62528,-0.01924
-1.60785,0.08440
-1.58542,0.18460
-1.55870,0.28094
-1.52883,0.37411
-1.49688,0.46521
-1.46368,0.55481
-1.42980,0.64253
-1.39559,0.72713
-1.36116,0.80670
-1.32661,0.87908
-1.29234,0.94247
-1.25898,0.99625
-1.22706,1.04124
-1.19664,1.07917
-1.16728,1.11193
-1.13838,1.14111
-1.10932,1.16781
-1.07960,1.19274
-1.04884,1.21630
-1.01683,1.23865
-0.43953,-0.34883
-0.47946,-0.22503
-0.52821,-0.08280
-0.65107,0.05517
-0.82669,0.09794
-0.92976,0.10969
-0.99927,0.12430
-1.05374,0.14130
-1.09961,0.15976
-1.13969,0.17968
-1.17555,0.20194
-1.20884,0.22888
-1.24498,0.26875
-1.40271,0.32191
-1.52538,0.27029
-1.57136,0.20801
-1.59250,0.14835
-1.60474,0.09826
-1.61163,0.06419
-1.60924,0.07716
-1.59653,0.13803
-1.57398,0.22790
-1.54670,0.31961
-1.51630,0.41053
-1.48377,0.50101
-1.44978,0.59116
-1.41478,0.68019
-1.37894,0.76639
-1.34223,0.84735
-1.30474,0.92049
-1.26703,0.98392
-1.23005,1.03725
-1.19458,1.08157
-1.16081,1.11870
-1.12847,1.15049
-1.09704,1.17837
-1.06602,1.20341
-1.03495,1.22626
-1.00354,1.24730
-0.97164,1.26669
-0.35057,-0.57116
-0.39262,-0.47405
-0.43125,-0.37235
-0.46794,-0.26162
-0.50683,-0.13684
-0.57266,-0.00299
-0.72301,0.08839
-0.85288,0.10917
-0.93222,0.12164
-0.98859,0.13675
-1.03243,0.15402
-1.06763,0.17297
-1.09580,0.19363
-1.11779,0.21658
-1.13428,0.24283
-1.14606,0.27379
-1.15411,0.31106
-1.15965,0.35603
-1.16454,0.40820
-1.42298,0.48047
-1.49891,0.44828
-1.51566,0.41137
-1.51632,0.41027
-1.50120,0.45303
-1.46972,0.53860
-1.43471,0.62990
-1.39767,0.72201
-1.35885,0.81170
-1.31818,0.89540
-1.27601,0.96967
-1.23354,1.03253
-1.19231,1.08419
-1.15332,1.12635
-1.11680,1.16115
-1.08241,1.19046
-1.04963,1.21572
-1.01793,1.23790
-0.98688,1.25766
-0.95626,1.27535
-0.92601,1.29112
-0.26411,-0.73887
-0.30440,-0.66535
-0.34355,-0.58623
-0.38286,-0.49764
-0.42013,-0.40295
-0.45338,-0.30693
-0.48578,-0.20217
-0.52216,-0.08974
-0.58819,0.02334
-0.71372,0.09804
-0.82220,0.12215
-0.89059,0.13702
-0.93659,0.15370
-0.96896,0.17310
-0.99170,0.19548
-1.00726,0.22148
-1.01763,0.25186
-1.02461,0.28709
-1.02986,0.32695
-1.03455,0.37053
-1.03943,0.41592
-1.04588,0.45872
-1.05982,0.48814
-1.09882,0.48224
-1.46340,0.55500
-1.42056,0.66547
-1.37845,0.76731
-1.33388,0.86437
-1.28652,0.95227
-1.23756,1.02700
-1.18939,1.08753
-1.14405,1.13556
-1.10241,1.17378
-1.06437,1.20465
-1.02937,1.23013
-0.99674,1.25158
-0.96590,1.26996
-0.93644,1.28586
-0.90816,1.29964
-0.88110,1.31148
-0.16740,-0.88908
-0.21602,-0.81768
-0.26047,-0.74514
-0.30046,-0.67286
-0.33716,-0.59969
-0.37219,-0.52266
-0.40593,-0.44034
-0.43684,-0.35593
-0.46447,-0.27127
-0.49116,-0.18160
-0.51998,-0.08771
-0.56188,0.00606
-0.63474,0.08511
-0.72161,0.13218
-0.78651,0.15914
-0.82893,0.18301
-0.85766,0.20952
-0.87888,0.24023
-0.89646,0.27553
-0.91242,0.31542
-0.92736,0.35980
-0.94107,0.40835
-0.95396,0.45949
-0.97057,0.50704
-1.01265,0.53091
-1.42341,0.65688
-1.35985,0.80907
-1.30222,0.92477
-1.24356,1.01852
-1.18570,1.09166
-1.13187,1.14723
-1.08364,1.18943
-1.04104,1.22191
-1.00333,1.24741
-0.96957,1.26786
-0.93890,1.28459
-0.91065,1.29848
-0.88441,1.31009
-0.86000,1.31980
-0.83749,1.32781
-0.07017,-1.01261
-0.11823,-0.95436
-0.16694,-0.88972
-0.21407,-0.82069
-0.25772,-0.74985
-0.29691,-0.67956
-0.33178,-0.61084
-0.36325,-0.54301
-0.39239,-0.47437
-0.41976,-0.40357
-0.44527,-0.33058
-0.46866,-0.25626
-0.49036,-0.18050
-0.51167,-0.10282
-0.53496,-0.02527
-0.56520,0.04907
-0.60814,0.11662
-0.66289,0.17357
-0.71883,0.22012
-0.76722,0.26232
-0.80643,0.30609
-0.83744,0.35486
-0.86122,0.41051
-0.87940,0.47292
-0.90022,0.53514
-0.96759,0.56913
-1.35556,0.81707
-1.26319,0.98938
-1.18427,1.09316
-1.11589,1.16186
-1.05781,1.20958
-1.00905,1.24370
-0.96803,1.26872
-0.93314,1.28752
-0.90294,1.30201
-0.87633,1.31342
-0.85251,1.32256
-0.83103,1.32994
-0.81170,1.33590
-0.79455,1.34063
0.00111,-1.09062
-0.03969,-1.04711
-0.08318,-0.99733
-0.12812,-0.94172
-0.17306,-0.88115
-0.21648,-0.81696
-0.25709,-0.75091
-0.29415,-0.68471
-0.32756,-0.61946
-0.35772,-0.55532
-0.38528,-0.49163
-0.41079,-0.42738
-0.43463,-0.36160
-0.45694,-0.29363
-0.47780,-0.22312
-0.49738,-0.14989
-0.51633,-0.07359
-0.53648,0.00636
-0.56278,0.08960
-0.60533,0.17173
-0.66653,0.24293
-0.72558,0.30235
-0.76889,0.36203
-0.79628,0.43093
-0.81242,0.50952
-0.84005,0.58413
-1.20122,0.64106
-1.22346,1.04509
-1.10161,1.17425
-1.02127,1.23555
-0.96234,1.27190
-0.91721,1.29534
-0.88171,1.31119
-0.85303,1.32235
-0.82921,1.33052
-0.80891,1.33669
-0.79123,1.34148
-0.77568,1.34525
-0.76203,1.34821
-0.75031,1.35051
0.05091,-1.13991
0.01532,-1.10510
-0.02314,-1.06511
-0.06367,-1.02012
-0.10529,-0.97054
-0.14699,-0.91694
-0.18775,-0.86010
-0.22673,-0.80086
-0.26342,-0.74002
-0.29766,-0.67810
-0.32962,-0.61522
-0.35960,-0.55111
-0.38785,-0.48532
-0.41449,-0.41741
-0.43954,-0.34694
-0.46300,-0.27336
-0.48493,-0.19595
-0.50561,-0.11390
-0.52569,-0.02685
-0.54730,0.06433
-0.57698,0.15630
-0.62386,0.24203
-0.67736,0.31780
-0.71439,0.39518
-0.72918,0.48410
-0.74113,0.57615
-0.81174,0.65364
-1.19086,1.08297
-0.98042,1.26131
-0.88944,1.30785
-0.83900,1.32723
-0.80540,1.33765
-0.78127,1.34391
-0.76300,1.34799
-0.74850,1.35083
-0.73648,1.35291
-0.72616,1.35451
-0.71711,1.35577
-0.70915,1.35677
-0.70232,1.35754
0.09061,-1.17634
0.05777,-1.14638
0.02204,-1.11183
-0.01600,-1.07272
-0.05559,-1.02934
-0.09586,-0.98210
-0.13598,-0.93150
-0.17527,-0.87801
-0.21324,-0.82195
-0.24967,-0.76344
-0.28460,-0.70235
-0.31815,-0.63838
-0.35043,-0.57127
-0.38139,-0.50084
-0.41086,-0.42698
-0.43862,-0.34955
-0.46443,-0.26833
-0.48816,-0.18311
-0.50991,-0.09401
-0.53017,-0.00167
-0.55053,0.09260
-0.57499,0.18664
-0.60639,0.27841
-0.63157,0.37098
-0.63727,0.46920
-0.64368,0.56810
-0.68038,0.66508
-1.14164,1.08010
-0.78092,1.34381
-0.71273,1.35622
-0.69004,1.35868
-0.67786,1.35966
-0.67049,1.36015
-0.66569,1.36042
-0.66229,1.36059
-0.65956,1.36072
-0.65704,1.36082
-0.65450,1.36092
-0.65189,1.36101
-0.64927,1.36108
0.12692,-1.20749
0.09545,-1.18061
0.06112,-1.14952
0.02425,-1.11402
-0.01456,-1.07425
-0.05458,-1.03047
-0.09504,-0.98309
-0.13528,-0.93242
-0.17481,-0.87866
-0.21338,-0.82173
-0.25093,-0.76132
-0.28748,-0.69705
-0.32302,-0.62862
-0.35739,-0.55597
-0.39032,-0.47921
-0.42142,-0.39849
-0.45031,-0.31392
-0.47665,-0.22565
-0.50032,-0.13401
-0.52151,-0.03959
-0.54057,0.05692
-0.55684,0.15529
-0.56349,0.25649
-0.54888,0.35937
-0.53528,0.45964
-0.54429,0.56220
-0.57034,0.66726
-0.66739,0.78034
-0.52268,1.35334
-0.52767,1.35410
-0.53823,1.35549
-0.54839,1.35669
-0.55774,1.35767
-0.56618,1.35846
-0.57358,1.35907
-0.57982,1.35953
-0.58478,1.35987
-0.58840,1.36009
-0.59071,1.36022
-0.59185,1.36029
0.16301,-1.23636
0.13211,-1.21177
0.09854,-1.18332
0.06231,-1.15062
0.02379,-1.11356
-0.01642,-1.07227
-0.05763,-1.02702
-0.09917,-0.97806
-0.14053,-0.92552
-0.18136,-0.86931
-0.22151,-0.80908
-0.26088,-0.74439
-0.29935,-0.67489
-0.33670,-0.60051
-0.37260,-0.52145
-0.40665,-0.43795
-0.43836,-0.35018
-0.46729,-0.25829
-0.49320,-0.16247
-0.51611,-0.06292
-0.53562,0.04055
-0.54563,0.14925
-0.51832,0.26213
-0.46537,0.36002
-0.44555,0.45611
-0.45272,0.56121
-0.46917,0.66887
-0.44450,0.76515
-0.32787,1.30432
-0.37012,1.31860
-0.40162,1.32795
-0.42768,1.33484
-0.44988,1.34012
-0.46904,1.34424
-0.48558,1.34745
-0.49967,1.34994
-0.51136,1.35183
-0.52065,1.35322
-0.52757,1.35418
-0.53224,1.35480
0.20033,-1.26397
0.16952,-1.24134
0.13636,-1.21524
0.10057,-1.18509
0.06226,-1.15057
0.02186,-1.11164
-0.02004,-1.06842
-0.06283,-1.02108
-0.10595,-0.96971
-0.14901,-0.91422
-0.19174,-0.85425
-0.23393,-0.78932
-0.27536,-0.71899
-0.31573,-0.64316
-0.35465,-0.56199
-0.39171,-0.47573
-0.42645,-0.38441
-0.45845,-0.28764
-0.48745,-0.18448
-0.51328,-0.07331
-0.53286,0.04780
-0.51472,0.17934
-0.42787,0.28575
-0.38088,0.37086
-0.36750,0.46620
-0.36726,0.56826
-0.35858,0.66649
0.08466,1.01345
-0.18017,1.23775
-0.23807,1.26725
-0.28191,1.28661
-0.31843,1.30097
-0.34978,1.31205
-0.37706,1.32081
-0.40090,1.32778
-0.42158,1.33333
-0.43919,1.33768
-0.45371,1.34100
-0.46508,1.34344
-0.47333,1.34512
0.23947,-1.29036
0.20850,-1.26969
0.17559,-1.24592
0.14021,-1.21836
0.10221,-1.18652
0.06181,-1.15015
0.01946,-1.10924
-0.02429,-1.06386
-0.06893,-1.01404
-0.11401,-0.95966
-0.15924,-0.90033
-0.20435,-0.83548
-0.24900,-0.76455
-0.29276,-0.68725
-0.33516,-0.60369
-0.37576,-0.51402
-0.41429,-0.41762
-0.45079,-0.31188
-0.48568,-0.18999
-0.51577,-0.04544
-0.48709,0.11763
-0.35600,0.21974
-0.31010,0.29788
-0.29534,0.38849
-0.28712,0.48287
-0.26894,0.57172
-0.12128,0.61110
0.06704,1.03743
-0.06133,1.16010
-0.12628,1.20580
-0.17750,1.23633
-0.22087,1.25902
-0.25862,1.27666
-0.29194,1.29074
-0.32153,1.30213
-0.34771,1.31137
-0.37056,1.31881
-0.38999,1.32468
-0.40582,1.32916
-0.41791,1.33239
0.28041,-1.31502
0.24935,-1.29659
0.21676,-1.27536
0.18193,-1.25064
0.14448,-1.22179
0.10440,-1.18841
0.06197,-1.15029
0.01762,-1.10740
-0.02816,-1.05968
-0.07500,-1.00696
-0.12260,-0.94878
-0.17073,-0.88440
-0.21904,-0.81293
-0.26705,-0.73365
-0.31423,-0.64605
-0.36045,-0.54899
-0.40733,-0.43578
-0.45800,-0.28642
-0.37846,-0.06726
-0.15136,-0.05448
-0.15838,0.05715
-0.18006,0.18472
-0.19671,0.30093
-0.20075,0.40132
-0.18205,0.48310
-0.02119,0.50157
0.22133,0.79501
0.11029,0.98241
0.02867,1.07978
-0.03475,1.13874
-0.08858,1.18036
-0.13562,1.21172
-0.17743,1.23631
-0.21503,1.25613
-0.24904,1.27237
-0.27979,1.28577
-0.30732,1.29679
-0.33146,1.30573
-0.35191,1.31279
-0.36831,1.31811
0.32265,-1.33714
0.29194,-1.32140
0.26007,-1.30315
0.22620,-1.28171
0.18976,-1.25637
0.15049,-1.22657
0.10849,-1.19192
0.06405,-1.15223
0.01755,-1.10732
-0.03070,-1.05693
-0.08052,-1.00046
-0.13182,-0.93690
-0.18458,-0.86465
-0.23897,-0.78108
-0.29706,-0.67908
-0.36744,-0.53263
-0.05769,-0.35189
0.00635,-0.33962
0.01755,-0.26674
0.01048,-0.15992
-0.01253,-0.01560
-0.04738,0.14804
-0.07466,0.28422
-0.05965,0.36667
0.33407,0.48270
0.28582,0.65512
0.21907,0.80016
0.15372,0.91775
0.09283,1.00572
0.03622,1.07191
-0.01587,1.12244
-0.06352,1.16183
-0.10718,1.19327
-0.14738,1.21893
-0.18458,1.24025
-0.21901,1.25812
-0.25067,1.27311
-0.27934,1.28559
-0.30459,1.29575
-0.32590,1.30374
0.36524,-1.35586
0.33580,-1.34331
0.30547,-1.32855
0.27336,-1.31098
0.23871,-1.28986
0.20107,-1.26447
0.16028,-1.23423
0.11645,-1.19870
0.06983,-1.15756
0.02057,-1.11034
-0.03130,-1.05627
-0.08608,-0.99384
-0.14492,-0.91964
-0.21470,-0.81959
-0.32483,-0.62225
0.04717,-0.45702
0.09074,-0.41057
0.11144,-0.34501
0.12156,-0.26763
0.12092,-0.17189
0.10792,-0.04746
0.09275,0.09112
0.30674,0.15346
0.38216,0.41309
0.33231,0.54353
0.28454,0.65884
0.23675,0.76424
0.18813,0.85902
0.13876,0.94122
0.08948,1.01004
0.04144,1.06636
-0.00454,1.11219
-0.04814,1.14975
-0.08943,1.18097
-0.12861,1.20732
-0.16580,1.22977
-0.20097,1.24897
-0.23385,1.26531
-0.26396,1.27902
-0.29066,1.29024
0.40691,-1.37054
0.38010,-1.36150
0.35263,-1.35069
0.32359,-1.33758
0.29207,-1.32146
0.25738,-1.30150
0.21907,-1.27691
0.17700,-1.24695
0.13116,-1.21096
0.08152,-1.16818
0.02779,-1.11749
-0.03105,-1.05651
-0.10048,-0.97636
-0.24048,-0.77765
0.10801,-0.52087
0.15306,-0.46066
0.17939,-0.39076
0.20164,-0.32116
0.22151,-0.25083
0.24124,-0.17694
0.29170,-0.11108
0.47072,0.16250
0.41658,0.32174
0.37607,0.43154
0.33719,0.53174
0.29776,0.62801
0.25737,0.72020
0.21586,0.80665
0.17320,0.88538
0.12969,0.95483
0.08597,1.01449
0.04275,1.06495
0.00048,1.10752
-0.04066,1.14367
-0.08072,1.17470
-0.11974,1.20161
-0.15765,1.22505
-0.19419,1.24541
-0.22888,1.26294
-0.26106,1.27776
0.44623,-1.38104
0.42387,-1.37547
0.40109,-1.36870
0.37698,-1.36034
0.35057,-1.34981
0.32093,-1.33628
0.28727,-1.31882
0.24901,-1.29635
0.20572,-1.26771
0.15695,-1.23160
0.10189,-1.18617
0.03797,-1.12740
-0.06113,-1.02286
0.15904,-0.59679
0.21432,-0.52642
0.23506,-0.43984
0.25952,-0.36241
0.29027,-0.29509
0.33535,-0.23818
0.50022,-0.16349
0.50156,0.07497
0.45708,0.20763
0.42091,0.31041
0.38568,0.40635
0.35005,0.49933
0.31376,0.58973
0.27678,0.67684
0.23907,0.75947
0.20052,0.83619
0.16112,0.90575
0.12107,0.96737
0.08072,1.02105
0.04040,1.06749
0.00023,1.10776
-0.03979,1.14295
-0.07972,1.17398
-0.11950,1.20146
-0.15891,1.22579
-0.19751,1.24717
-0.23466,1.26570
0.48228,-1.38779
0.46648,-1.38516
0.45049,-1.38197
0.43357,-1.37800
0.41481,-1.37289
0.39322,-1.36609
0.36771,-1.35679
0.33719,-1.34389
0.30048,-1.32590
0.25623,-1.30074
0.20237,-1.26530
0.13257,-1.21199
-0.06850,-1.01250
0.32347,-0.64562
0.31246,-0.52952
0.31469,-0.42390
0.33946,-0.34165
0.39056,-0.28144
0.55465,-0.19115
0.53809,-0.03108
0.49848,0.08637
0.46446,0.18678
0.43134,0.28155
0.39792,0.37364
0.36397,0.46357
0.32951,0.55109
0.29461,0.63555
0.25927,0.71608
0.22340,0.79166
0.18689,0.86129
0.14970,0.92422
0.11193,0.98023
0.07367,1.02965
0.03494,1.07328
-0.00437,1.11203
-0.04438,1.14671
-0.08512,1.17790
-0.12644,1.20594
-0.16797,1.23101
-0.20912,1.25317
0.51561,-1.39159
0.50834,-1.39095
0.50106,-1.39020
0.49338,-1.38929
0.48473,-1.38812
0.47442,-1.38651
0.46160,-1.38420
0.44518,-1.38074
0.42378,-1.37536
0.39533,-1.36670
0.35626,-1.35202
0.29448,-1.32246
0.53772,-0.78476
0.52197,-0.68282
0.46194,-0.56427
0.42483,-0.44189
0.45181,-0.35427
0.59930,-0.24751
0.57880,-0.13032
0.53912,-0.03041
0.50592,0.06512
0.47436,0.15819
0.44270,0.24960
0.41055,0.33937
0.37788,0.42723
0.34480,0.51277
0.31141,0.59546
0.27776,0.67465
0.24378,0.74955
0.20935,0.81937
0.17435,0.88341
0.13871,0.94131
0.10239,0.99320
0.06525,1.03965
0.02708,1.08145
-0.01237,1.11933
-0.05325,1.15384
-0.09553,1.18529
-0.13892,1.21379
-0.18290,1.23934
0.54906,-1.39311
0.55132,-1.39312
0.55371,-1.39313
0.55625,-1.39312
0.55891,-1.39309
0.56162,-1.39305
0.56432,-1.39300
0.56706,-1.39292
0.57018,-1.39280
0.57478,-1.39260
0.58495,-1.39201
0.63989,-1.38576
1.07990,-0.94311
0.73165,-0.63954
0.71745,-0.52353
0.71937,-0.39910
0.69364,-0.29658
0.64260,-0.21991
0.59027,-0.14298
0.54991,-0.05678
0.51696,0.03346
0.48603,0.12417
0.45521,0.21396
0.42405,0.30216
0.39250,0.38837
0.36064,0.47229
0.32854,0.55356
0.29623,0.63176
0.26369,0.70633
0.23082,0.77660
0.19747,0.84190
0.16351,0.90178
0.12880,0.95615
0.09313,1.00536
0.05621,1.05006
0.01768,1.09093
-0.02276,1.12853
-0.06522,1.16315
-0.10953,1.19487
-0.15525,1.22364
0.58626,-1.39217
0.59762,-1.39134
0.60922,-1.39025
0.62143,-1.38883
0.63465,-1.38698
0.64931,-1.38457
0.66607,-1.38135
0.68590,-1.37691
0.71058,-1.37047
0.74353,-1.36034
0.79310,-1.34188
0.89847,-1.29014
1.21760,-0.97969
0.86128,-0.58099
0.81835,-0.47363
0.78272,-0.37830
0.73558,-0.30571
0.68074,-0.24590
0.62227,-0.18278
0.57174,-0.10372
0.53409,-0.01391
0.50196,0.07767
0.47125,0.16765
0.44081,0.25518
0.41031,0.34013
0.37967,0.42259
0.34883,0.50260
0.31776,0.58007
0.28643,0.65470
0.25476,0.72597
0.22261,0.79326
0.18982,0.85598
0.15622,0.91377
0.12157,0.96665
0.08557,1.01501
0.04781,1.05943
0.00792,1.10046
-0.03435,1.13843
-0.07899,1.17345
-0.12568,1.20546
0.62915,-1.38781
0.64808,-1.38481
0.66734,-1.38112
0.68748,-1.37657
0.70908,-1.37095
0.73284,-1.36389
0.75967,-1.35483
0.79082,-1.34293
0.82813,-1.32672
0.87468,-1.30352
0.93642,-1.26747
1.03191,-1.19851
1.22859,-0.98212
0.95510,-0.55960
0.87939,-0.47986
0.83370,-0.40340
0.78751,-0.34085
0.73797,-0.28827
0.68288,-0.23744
0.62178,-0.17588
0.56808,-0.09311
0.52919,0.00064
0.49674,0.09342
0.46635,0.18215
0.43671,0.26691
0.40729,0.34849
0.37780,0.42759
0.34802,0.50469
0.31784,0.57991
0.28715,0.65305
0.25583,0.72364
0.22372,0.79104
0.19059,0.85459
0.15619,0.91382
0.12023,0.96857
0.08237,1.01900
0.04229,1.06545
-0.00030,1.10826
-0.04548,1.14761
-0.09305,1.18355
0.67741,-1.37894
0.70199,-1.37289
0.72692,-1.36575
0.75277,-1.35729
0.78021,-1.34717
0.81003,-1.33488
0.84314,-1.31964
0.88069,-1.30033
0.92418,-1.27518
0.97563,-1.24135
1.03809,-1.19358
1.11814,-1.11927
1.23785,-0.97037
1.13450,-0.52840
0.94450,-0.50141
0.89206,-0.44051
0.84890,-0.38589
0.80699,-0.33906
0.76364,-0.29710
0.71525,-0.25513
0.65724,-0.20484
0.59419,-0.13281
0.54567,-0.03949
0.50987,0.05641
0.47864,0.14694
0.44916,0.23191
0.42040,0.31265
0.39182,0.39042
0.36306,0.46617
0.33381,0.54055
0.30376,0.61395
0.27262,0.68636
0.24007,0.75740
0.20574,0.82633
0.16922,0.89221
0.13016,0.95416
0.08833,1.01152
0.04367,1.06396
-0.00372,1.11144
-0.05354,1.15407
0.72958,-1.36494
0.75790,-1.35550
0.78650,-1.34471
0.81595,-1.33229
0.84695,-1.31779
0.88025,-1.30058
0.91672,-1.27974
0.95730,-1.25397
1.00299,-1.22143
1.05476,-1.17949
1.11344,-1.12421
1.17992,-1.04926
1.25807,-0.94007
1.36111,-0.75544
1.02962,-0.51553
0.95974,-0.47811
0.91797,-0.43399
0.88309,-0.39378
0.85108,-0.35842
0.81988,-0.32657
0.78668,-0.29591
0.74688,-0.26292
0.69356,-0.22140
0.62290,-0.15778
0.55815,-0.06082
0.51465,0.04561
0.47981,0.14467
0.44799,0.23576
0.41778,0.32018
0.38869,0.39896
0.36027,0.47349
0.33183,0.54552
0.30251,0.61697
0.27131,0.68934
0.23727,0.76328
0.19950,0.83814
0.15724,0.91213
0.11012,0.98272
0.05847,1.04749
0.00329,1.10488
0.78390,-1.34575
0.81427,-1.33304
0.84477,-1.31887
0.87600,-1.30288
0.90863,-1.28456
0.94339,-1.26313
0.98104,-1.23757
1.02229,-1.20649
1.06767,-1.16812
1.11730,-1.12029
1.17071,-1.06060
1.22691,-0.98674
1.28520,-0.89630
1.34843,-0.78180
1.42686,-0.61673
1.04342,-0.50045
0.99629,-0.47669
0.96611,-0.44693
0.94291,-0.41860
0.92382,-0.39306
0.90671,-0.36968
0.88884,-0.34700
0.86664,-0.32329
0.83574,-0.29664
0.79050,-0.26445
0.72229,-0.22057
0.62509,-0.14494
0.54440,-0.02317
0.49711,0.09742
0.46044,0.20124
0.42725,0.29440
0.39540,0.38123
0.36489,0.46165
0.33560,0.53620
0.30645,0.60757
0.27561,0.67962
0.24087,0.75576
0.20001,0.83718
0.15122,0.92182
0.09375,1.00458
0.83874,-1.32179
0.86968,-1.30625
0.90060,-1.28923
0.93208,-1.27033
0.96478,-1.24894
0.99939,-1.22418
1.03659,-1.19492
1.07689,-1.15975
1.12046,-1.11704
1.16689,-1.06523
1.21523,-1.00317
1.26424,-0.93059
1.31292,-0.84827
1.36092,-0.75758
1.40904,-0.65865
1.46121,-0.54340
1.09832,-0.48860
1.06544,-0.48543
1.04700,-0.47149
1.03614,-0.45469
1.02908,-0.43724
1.02251,-0.41909
1.01308,-0.39950
0.99780,-0.37778
0.97429,-0.35360
0.94064,-0.32681
0.89449,-0.29686
0.83122,-0.26174
0.74024,-0.21397
0.61453,-0.12269
0.52814,0.01955
0.48059,0.14548
0.44346,0.24977
0.40984,0.34247
0.37660,0.43123
0.34407,0.51498
0.31267,0.59262
0.28090,0.66757
0.24554,0.74587
0.20253,0.83244
0.89262,-1.29377
0.92289,-1.27602
0.95297,-1.25688
0.98343,-1.23588
1.01492,-1.21232
1.04815,-1.18523
1.08375,-1.15337
1.12214,-1.11529
1.16324,-1.06957
1.20643,-1.01516
1.25066,-0.95176
1.29490,-0.87997
1.33846,-0.80117
1.38103,-0.71724
1.42229,-0.63043
1.46116,-0.54428
1.49258,-0.47121
1.49654,-0.46158
1.50751,-0.43464
1.50941,-0.42894
1.50952,-0.42717
1.51078,-0.42007
1.49378,-0.45006
1.45542,-0.49673
1.17566,-0.43904
1.12454,-0.41553
1.08232,-0.38149
1.03527,-0.34954
0.98106,-0.31810
0.91651,-0.28532
0.83482,-0.24771
0.72033,-0.19290
0.58120,-0.07536
0.50769,0.07338
0.46291,0.19589
0.42614,0.29814
0.39152,0.39191
0.35590,0.48497
0.32052,0.57356
0.28596,0.65593
0.94420,-1.26263
0.97276,-1.24344
1.00093,-1.22303
1.02932,-1.20088
1.05863,-1.17618
1.08962,-1.14782
1.12300,-1.11440
1.15912,-1.07442
1.19780,-1.02661
1.23828,-0.97034
1.27955,-0.90586
1.32075,-0.83417
1.36141,-0.75673
1.40140,-0.67506
1.44056,-0.59056
1.47849,-0.50454
1.51429,-0.41853
1.54660,-0.33518
1.57353,-0.25993
1.59310,-0.20095
1.60670,-0.15743
1.61856,-0.11754
1.62528,-0.09408
1.62216,-0.10495
1.61725,-0.12163
1.59965,-0.17865
1.57466,-0.25043
1.52282,-0.36230
1.21166,-0.46649
1.11564,-0.37217
1.04962,-0.33461
0.98166,-0.30151
0.90454,-0.26771
0.80704,-0.22712
0.66824,-0.15577
0.54359,-0.00803
0.48513,0.13495
0.44262,0.25290
0.40557,0.35438
0.36808,0.45362
0.99224,-1.22950
1.01821,-1.20976
1.04362,-1.18908
1.06915,-1.16683
1.09561,-1.14206
1.12394,-1.11342
1.15497,-1.07925
1.18903,-1.03795
1.22579,-0.98843
1.26436,-0.93047
1.30369,-0.86473
1.34303,-0.79253
1.38200,-0.71533
1.42047,-0.63446
1.45832,-0.55086
1.49522,-0.46507
1.53061,-0.37731
1.56382,-0.28783
1.59431,-0.19722
1.62171,-0.10672
1.64573,-0.01856
1.66580,0.06264
1.67999,0.12496
1.68362,0.14164
1.68128,0.13084
1.67999,0.12496
1.66336,0.05240
1.64908,-0.00536
1.62241,-0.10301
1.58807,-0.20969
1.52108,-0.35027
1.19457,-0.41479
1.10536,-0.35051
1.03346,-0.31488
0.95872,-0.28250
0.87141,-0.24762
0.75386,-0.19931
0.59697,-0.08894
0.50867,0.07348
0.45878,0.20827
1.03565,-1.19572
1.05832,-1.17646
1.08032,-1.15660
1.10245,-1.13537
1.12577,-1.11150
1.15148,-1.08325
1.18052,-1.04867
1.21313,-1.00610
1.24872,-0.95475
1.28617,-0.89484
1.32440,-0.82750
1.36266,-0.75429
1.40060,-0.67678
1.43803,-0.59620
1.47474,-0.51332
1.51035,-0.42835
1.54440,-0.34114
1.57642,-0.25150
1.60609,-0.15950
1.63324,-0.06555
1.65789,0.02971
1.68012,0.12554
1.70002,0.22112
1.71759,0.31522
1.73252,0.40494
1.74316,0.47674
1.72428,0.35409
1.70473,0.24533
1.68165,0.13256
1.66573,0.06242
1.64099,-0.03615
1.61426,-0.12927
1.56950,-0.25266
1.44939,-0.41322
1.15431,-0.36964
1.07676,-0.32749
1.00290,-0.29494
0.92108,-0.26242
0.81755,-0.22292
0.66552,-0.14824
1.07353,-1.16286
1.09236,-1.14521
1.11050,-1.12731
1.12901,-1.10806
1.14932,-1.08572
1.17293,-1.05801
1.20077,-1.02273
1.23277,-0.97843
1.26794,-0.92477
1.30496,-0.86252
1.34268,-0.79322
1.38036,-0.71869
1.41763,-0.64060
1.45420,-0.56021
1.48975,-0.47815
1.52391,-0.39446
1.55633,-0.30876
1.58674,-0.22062
1.61498,-0.12987
1.64100,-0.03667
1.66483,0.05853
1.68654,0.15527
1.70622,0.25313
1.72389,0.35180
1.73951,0.45116
1.75284,0.55128
1.76329,0.65267
1.76926,0.75690
1.76348,0.86672
1.59446,-0.18584
1.65564,0.02079
1.65350,0.01225
1.63914,-0.04278
1.62016,-0.10935
1.58527,-0.21194
1.51739,-0.33842
1.20777,-0.40471
1.11437,-0.34037
1.03961,-0.30591
0.96000,-0.27391
1.10521,-1.13264
1.11982,-1.11775
1.13390,-1.10280
1.14894,-1.08614
1.16686,-1.06531
1.18933,-1.03758
1.21699,-1.00080
1.24922,-0.95399
1.28463,-0.89745
1.32170,-0.83246
1.35930,-0.76096
1.39670,-0.68497
1.43345,-0.60628
1.46919,-0.52613
1.50352,-0.44511
1.53611,-0.36307
1.56680,-0.27940
1.59552,-0.19344
1.62227,-0.10475
1.64707,-0.01338
1.66994,0.08037
1.69090,0.17603
1.70998,0.27318
1.72716,0.37147
1.74230,0.47063
1.75509,0.57054
1.76477,0.67116
1.76952,0.77259
1.76167,0.87531
1.46483,-0.18905
1.66118,0.04420
1.46791,-0.33971
1.18069,-0.36116
1.58967,-0.19885
1.61587,-0.12301
1.61039,-0.14037
1.58971,-0.19906
1.54231,-0.30136
1.39164,-0.41384
1.14749,-0.35412
1.13022,-1.10678
1.14042,-1.09568
1.15057,-1.08431
1.16281,-1.07013
1.17946,-1.04999
1.20203,-1.02107
1.23050,-0.98171
1.26365,-0.93161
1.29972,-0.87169
1.33716,-0.80372
1.37485,-0.72991
1.41209,-0.65248
1.44837,-0.57330
1.48320,-0.49361
1.51619,-0.41389
1.54714,-0.33383
1.57607,-0.25255
1.60315,-0.16907
1.62849,-0.08276
1.65213,0.00652
1.67408,0.09848
1.69432,0.19269
1.71283,0.28866
1.72952,0.38601
1.74423,0.48443
1.75656,0.58369
1.76569,0.68369
1.76955,0.78442
1.75855,0.88631
1.67233,0.10484
1.63300,-0.04643
1.59675,-0.15918
1.63700,-0.04639
1.20932,-0.32481
0.89834,-0.22079
1.10476,-0.31944
1.53055,-0.31380
1.58737,-0.20398
1.58584,-0.20793
1.55457,-0.27815
1.14830,-1.08689
1.15415,-1.08022
1.16101,-1.07225
1.17168,-1.05953
1.18854,-1.03859
1.21242,-1.00709
1.24249,-0.96414
1.27697,-0.91014
1.31395,-0.84653
1.35189,-0.77548
1.38975,-0.69943
1.42684,-0.62072
1.46257,-0.54129
1.49638,-0.46235
1.52791,-0.38428
1.55715,-0.30653
1.58435,-0.22789
1.60986,-0.14707
1.63388,-0.06321
1.65647,0.02394
1.67759,0.11411
1.69718,0.20684
1.71517,0.30163
1.73143,0.39802
1.74576,0.49568
1.75771,0.59435
1.76638,0.69389
1.76947,0.79429
1.75465,0.89608
1.66707,0.08700
1.65879,0.03943
1.18105,-0.25372
1.60698,-0.13499
1.63025,-0.06786
1.55872,-0.23046
1.07787,-0.25733
0.58600,-0.04757
0.80548,-0.19859
1.13029,-0.33357
1.52333,-0.32135
