-1.52411,-0.08408
-1.56773,-0.15495
-1.40813,-0.06219
-1.14041,-0.17205
-1.10282,-0.23072
-1.27310,-0.20147
-1.35601,-0.18165
-1.40039,-0.16800
-1.42817,-0.15545
-1.43792,-0.14782
-1.39852,-0.16675
-1.37818,-0.23331
-1.42186,-0.27285
-1.54716,-0.64531
-1.63368,-0.56600
-1.64613,-0.46976
-1.64921,-0.37418
-1.64781,-0.27998
-1.64308,-0.18764
-1.63528,-0.09763
-1.62438,-0.01029
-1.61023,0.07445
-1.59260,0.15742
-1.57130,0.23994
-1.54634,0.32325
-1.51821,0.40784
-1.48777,0.49326
-1.45604,0.57830
-1.42389,0.66117
-1.39198,0.73967
-1.36088,0.81130
-1.33138,0.87362
-1.30462,0.92480
-1.28188,0.96422
-1.26386,0.99294
-1.24992,1.01377
-1.23818,1.03043
-1.22639,1.04636
-1.21276,1.06381
-1.19617,1.08380
-1.43084,-0.04747
-1.56262,-0.13246
-1.56730,-0.14978
-1.56584,-0.14550
-1.39691,-0.06145
-1.22987,-0.13759
-1.18629,-0.19562
-1.32423,-0.17626
-1.40060,-0.15772
-1.44170,-0.14111
-1.42191,-0.14942
-1.36718,-0.21762
-1.43031,-0.26061
-1.53712,-0.64182
-1.63352,-0.56607
-1.64615,-0.46860
-1.64919,-0.37138
-1.64761,-0.27516
-1.64254,-0.18043
-1.63417,-0.08767
-1.62239,0.00276
-1.60700,0.09083
-1.58779,0.17709
-1.56477,0.26255
-1.53824,0.34814
-1.50891,0.43420
-1.47776,0.52023
-1.44571,0.60504
-1.41354,0.68684
-1.38181,0.76343
-1.35108,0.83241
-1.32216,0.89159
-1.29614,0.93969
-1.27393,0.97691
-1.25557,1.00523
-1.23985,1.02783
-1.22492,1.04800
-1.20903,1.06814
-1.19095,1.08958
-1.16988,1.11279
-1.28905,-0.09283
-1.33591,-0.07813
-1.38191,-0.06027
-1.48351,-0.03934
-1.56001,-0.12181
-1.56175,-0.12867
-1.47994,-0.03706
-1.32031,-0.09294
-1.26147,-0.15277
-1.37565,-0.14616
-1.46586,-0.12051
-1.39116,-0.16518
-1.43713,-0.24314
-1.51464,-0.62989
-1.63338,-0.56536
-1.64620,-0.46644
-1.64914,-0.36736
-1.64733,-0.26890
-1.64183,-0.17157
-1.63278,-0.07584
-1.61997,0.01784
-1.60316,0.10926
-1.58225,0.19869
-1.55746,0.28684
-1.52942,0.37443
-1.49901,0.46169
-1.46722,0.54816
-1.43489,0.63263
-1.40264,0.71335
-1.37095,0.78815
-1.34035,0.85476
-1.31161,0.91140
-1.28564,0.95742
-1.26291,0.99387
-1.24293,1.02321
-1.22437,1.04840
-1.20568,1.07192
-1.18564,1.09533
-1.16336,1.11940
-1.13826,1.14439
-1.16592,-0.12213
-1.22003,-0.10718
-1.26823,-0.09293
-1.31143,-0.07913
-1.35126,-0.06442
-1.39620,-0.04371
-1.52198,-0.04948
-1.55808,-0.11260
-1.55890,-0.11344
-1.45268,-0.02260
-1.33241,-0.09306
-1.43969,-0.09796
-1.38654,-0.17124
-1.43567,-0.46311
-1.63291,-0.56420
-1.64621,-0.46323
-1.64903,-0.36184
-1.64690,-0.26080
-1.64086,-0.16055
-1.63098,-0.06160
-1.61695,0.03548
-1.59852,0.13023
-1.57576,0.22263
-1.54920,0.31315
-1.51973,0.40240
-1.48835,0.49065
-1.45598,0.57745
-1.42331,0.66163
-1.39082,0.74144
-1.35886,0.81480
-1.32792,0.87962
-1.29867,0.93457
-1.27180,0.97969
-1.24739,1.01653
-1.22474,1.04756
-1.20271,1.07517
-1.18016,1.10113
-1.15621,1.12648
-1.13023,1.15174
-1.10179,1.17709
-1.01904,-0.14738
-1.08801,-0.13505
-1.14609,-0.12087
-1.19682,-0.10648
-1.24196,-0.09242
-1.28264,-0.07859
-1.32002,-0.06424
-1.35668,-0.04724
-1.40961,-0.01963
-1.54567,-0.07113
-1.56487,-0.09369
-1.59302,-0.09415
-1.55211,-0.07558
-1.56567,-0.14658
-1.62880,-0.56570
-1.64596,-0.45965
-1.64875,-0.35444
-1.64620,-0.25001
-1.63947,-0.14636
-1.62852,-0.04386
-1.61300,0.05674
-1.59271,0.15467
-1.56799,0.24961
-1.53972,0.34198
-1.50897,0.43250
-1.47672,0.52153
-1.44375,0.60870
-1.41057,0.69284
-1.37748,0.77221
-1.34472,0.84473
-1.31269,0.90855
-1.28199,0.96273
-1.25311,1.00779
-1.22602,1.04547
-1.20008,1.07793
-1.17444,1.10704
-1.14829,1.13412
-1.12099,1.15997
-1.09208,1.18503
-1.06124,1.20946
-0.75395,-0.15141
-0.90467,-0.14802
-0.99541,-0.14328
-1.06268,-0.13245
-1.11807,-0.11915
-1.16595,-0.10503
-1.20845,-0.09063
-1.24678,-0.07595
-1.28179,-0.06052
-1.31447,-0.04332
-1.34739,-0.02173
-1.39864,0.01360
-1.53570,-0.02819
-1.59772,-0.05791
-1.61807,-0.12178
-1.62996,-0.11466
-1.64808,-0.34282
-1.64485,-0.23228
-1.63708,-0.12518
-1.62471,-0.01935
-1.60732,0.08427
-1.58495,0.18447
-1.55834,0.28082
-1.52861,0.37403
-1.49682,0.46519
-1.46381,0.55486
-1.43012,0.64266
-1.39606,0.72735
-1.36177,0.80703
-1.32736,0.87954
-1.29320,0.94310
-1.25994,0.99706
-1.22810,1.04221
-1.19771,1.08028
-1.16835,1.11316
-1.13943,1.14242
-1.11033,1.16919
-1.08056,1.19418
-1.04975,1.21780
-1.01769,1.24020
-0.46209,-0.35737
-0.53915,-0.24531
-0.69616,-0.15433
-0.86094,-0.13927
-0.95812,-0.13692
-1.02576,-0.12813
-1.07953,-0.11574
-1.12504,-0.10155
-1.16473,-0.08622
-1.19975,-0.06984
-1.23061,-0.05206
-1.25761,-0.03217
-1.28112,-0.00892
-1.30217,0.01996
-1.32419,0.05909
-1.37124,0.12241
-1.50642,0.12306
-1.58025,0.09202
-1.60551,0.06276
-1.60730,0.07669
-1.59488,0.13759
-1.57246,0.22743
-1.54537,0.31915
-1.51521,0.41013
-1.48295,0.50070
-1.44927,0.59095
-1.41456,0.68009
-1.37898,0.76640
-1.34249,0.84750
-1.30519,0.92080
-1.26765,0.98442
-1.23079,1.03793
-1.19540,1.08242
-1.16166,1.11970
-1.12932,1.15160
-1.09789,1.17957
-1.06683,1.20468
-1.03574,1.22761
-1.00429,1.24873
-0.97237,1.26820
-0.35573,-0.57370
-0.40145,-0.47794
-0.44851,-0.37906
-0.50813,-0.27549
-0.61691,-0.17561
-0.78316,-0.12895
-0.89858,-0.12538
-0.97182,-0.11920
-1.02611,-0.10791
-1.06980,-0.09332
-1.10606,-0.07630
-1.13620,-0.05698
-1.16072,-0.03493
-1.17996,-0.00922
-1.19434,0.02153
-1.20452,0.05907
-1.21142,0.10511
-1.21626,0.16097
-1.22077,0.22783
-1.22940,0.31188
-1.38638,0.40398
-1.49930,0.40536
-1.51185,0.40864
-1.49802,0.45184
-1.46723,0.53762
-1.43291,0.62914
-1.39649,0.72145
-1.35817,0.81133
-1.31790,0.89522
-1.27605,0.96970
-1.23383,1.03280
-1.19278,1.08469
-1.15390,1.12705
-1.11743,1.16200
-1.08307,1.19144
-1.05029,1.21680
-1.01858,1.23908
-0.98753,1.25894
-0.95689,1.27673
-0.92662,1.29262
-0.26636,-0.74024
-0.30737,-0.66700
-0.34782,-0.58838
-0.38970,-0.50073
-0.43236,-0.40788
-0.47783,-0.31572
-0.54217,-0.22080
-0.65534,-0.13983
-0.79336,-0.10715
-0.88690,-0.09980
-0.94811,-0.08965
-0.99225,-0.07429
-1.02539,-0.05440
-1.05009,-0.03005
-1.06780,-0.00059
-1.07969,0.03500
-1.08700,0.07768
-1.09112,0.12768
-1.09350,0.18410
-1.09533,0.24530
-1.09712,0.30957
-1.09875,0.37483
-1.10127,0.43442
-1.11889,0.46099
-1.45579,0.55197
-1.41589,0.66342
-1.37544,0.76579
-1.33200,0.86324
-1.28544,0.95147
-1.23708,1.02656
-1.18932,1.08746
-1.14424,1.13581
-1.10276,1.17427
-1.06481,1.20534
-1.02986,1.23097
-0.99725,1.25256
-0.96642,1.27107
-0.93696,1.28710
-0.90869,1.30101
-0.88162,1.31299
-0.16871,-0.89007
-0.21758,-0.81875
-0.26243,-0.74635
-0.30299,-0.67428
-0.34061,-0.60146
-0.37725,-0.52501
-0.41395,-0.44371
-0.45057,-0.36114
-0.48983,-0.27999
-0.54217,-0.19795
-0.62396,-0.12346
-0.73052,-0.07534
-0.81695,-0.05292
-0.87291,-0.03353
-0.90902,-0.00876
-0.93260,0.02289
-0.94805,0.06167
-0.95863,0.10721
-0.96699,0.15844
-0.97498,0.21401
-0.98328,0.27304
-0.99155,0.33531
-0.99931,0.40039
-1.00822,0.46465
-1.03303,0.51151
-1.40025,0.64677
-1.35290,0.80530
-1.29836,0.92208
-1.24144,1.01664
-1.18466,1.09054
-1.13148,1.14672
-1.08361,1.18938
-1.04120,1.22219
-1.00360,1.24794
-0.96991,1.26859
-0.93928,1.28549
-0.91106,1.29954
-0.88483,1.31132
-0.86043,1.32118
-0.83791,1.32935
-0.07112,-1.01347
-0.11924,-0.95520
-0.16807,-0.89058
-0.21541,-0.82160
-0.25936,-0.75087
-0.29899,-0.68073
-0.33448,-0.61224
-0.36687,-0.54473
-0.39742,-0.47658
-0.42707,-0.40652
-0.45644,-0.33468
-0.48665,-0.26228
-0.52062,-0.18986
-0.56334,-0.11832
-0.61815,-0.05222
-0.67907,0.00349
-0.73343,0.04998
-0.77627,0.09371
-0.81031,0.13927
-0.83886,0.18838
-0.86344,0.24184
-0.88428,0.30058
-0.90107,0.36575
-0.91392,0.43764
-0.92711,0.51158
-0.97001,0.56735
-1.33009,0.80296
-1.25606,0.98354
-1.18101,1.08962
-1.11441,1.15987
-1.05719,1.20857
-1.00885,1.24333
-0.96806,1.26879
-0.93330,1.28791
-0.90318,1.30264
-0.87661,1.31427
-0.85283,1.32360
-0.83136,1.33116
-0.81203,1.33729
-0.79489,1.34218
0.00027,-1.09150
-0.04052,-1.04790
-0.08402,-0.99808
-0.12900,-0.94244
-0.17403,-0.88187
-0.21759,-0.81771
-0.25842,-0.75173
-0.29576,-0.68562
-0.32954,-0.62050
-0.36019,-0.55651
-0.38840,-0.49303
-0.41481,-0.42904
-0.43996,-0.36363
-0.46426,-0.29617
-0.48822,-0.22642
-0.51280,-0.15436
-0.53994,-0.08000
-0.57321,-0.00356
-0.61740,0.07283
-0.67263,0.14373
-0.72772,0.20635
-0.77193,0.26675
-0.80349,0.33250
-0.82358,0.40812
-0.83505,0.49302
-0.85216,0.57689
-0.97414,0.63270
-1.20942,1.03172
-1.09756,1.16856
-1.01962,1.23261
-0.96163,1.27037
-0.91694,1.29465
-0.88166,1.31105
-0.85310,1.32261
-0.82936,1.33108
-0.80910,1.33751
-0.79145,1.34251
-0.77591,1.34647
-0.76227,1.34961
-0.75055,1.35207
0.05010,-1.14084
0.01454,-1.10593
-0.02390,-1.06586
-0.06441,-1.02080
-0.10604,-0.97117
-0.14776,-0.91755
-0.18857,-0.86069
-0.22765,-0.80146
-0.26445,-0.74065
-0.29885,-0.67877
-0.33100,-0.61594
-0.36122,-0.55189
-0.38978,-0.48618
-0.41685,-0.41837
-0.44250,-0.34804
-0.46687,-0.27466
-0.49033,-0.19759
-0.51379,-0.11614
-0.53923,-0.03025
-0.57066,0.05852
-0.61310,0.14577
-0.66369,0.22586
-0.70761,0.30148
-0.73470,0.38326
-0.74519,0.47583
-0.75251,0.57157
-0.79331,0.65971
-1.14481,1.03413
-0.97647,1.25331
-0.88805,1.30389
-0.83842,1.32515
-0.80517,1.33664
-0.78121,1.34360
-0.76302,1.34815
-0.74857,1.35134
-0.73658,1.35370
-0.72628,1.35553
-0.71724,1.35699
-0.70929,1.35816
-0.70245,1.35910
0.08981,-1.17734
0.05701,-1.14727
0.02132,-1.11261
-0.01669,-1.07342
-0.05625,-1.02996
-0.09651,-0.98266
-0.13663,-0.93202
-0.17594,-0.87850
-0.21393,-0.82243
-0.25042,-0.76392
-0.28541,-0.70282
-0.31906,-0.63886
-0.35144,-0.57177
-0.38255,-0.50136
-0.41223,-0.42754
-0.44028,-0.35017
-0.46656,-0.26904
-0.49113,-0.18400
-0.51447,-0.09522
-0.53782,-0.00349
-0.56360,0.08961
-0.59405,0.18194
-0.62541,0.27288
-0.64540,0.36681
-0.64976,0.46632
-0.65335,0.56661
-0.67438,0.66582
-0.87125,0.80963
-0.77902,1.33402
-0.71226,1.35155
-0.68987,1.35629
-0.67780,1.35851
-0.67047,1.35975
-0.66570,1.36052
-0.66231,1.36106
-0.65958,1.36147
-0.65707,1.36182
-0.65454,1.36211
-0.65192,1.36238
-0.64930,1.36262
0.12613,-1.20856
0.09470,-1.18156
0.06041,-1.15034
0.02359,-1.11475
-0.01519,-1.07488
-0.05517,-1.03103
-0.09561,-0.98358
-0.13583,-0.93287
-0.17536,-0.87907
-0.21394,-0.82211
-0.25151,-0.76169
-0.28809,-0.69740
-0.32367,-0.62896
-0.35809,-0.55631
-0.39108,-0.47955
-0.42227,-0.39883
-0.45127,-0.31427
-0.47779,-0.22600
-0.50174,-0.13440
-0.52332,-0.04004
-0.54264,0.05647
-0.55815,0.15504
-0.56368,0.25647
-0.55503,0.35930
-0.54749,0.46075
-0.55267,0.56313
-0.56763,0.66701
-0.60698,0.77435
-0.52375,1.34483
-0.52818,1.34990
-0.53846,1.35332
-0.54850,1.35563
-0.55778,1.35730
-0.56617,1.35856
-0.57355,1.35953
-0.57977,1.36027
-0.58472,1.36083
-0.58834,1.36126
-0.59065,1.36157
-0.59177,1.36179
0.16223,-1.23751
0.13138,-1.21278
0.09785,-1.18420
0.06167,-1.15138
0.02319,-1.11421
-0.01698,-1.07283
-0.05814,-1.02750
-0.09966,-0.97848
-0.14099,-0.92589
-0.18182,-0.86964
-0.22195,-0.80938
-0.26132,-0.74466
-0.29978,-0.67513
-0.33711,-0.60072
-0.37299,-0.52163
-0.40697,-0.43808
-0.43855,-0.35025
-0.46722,-0.25827
-0.49253,-0.16228
-0.51385,-0.06236
-0.52890,0.04197
-0.52855,0.15169
-0.49862,0.26126
-0.46388,0.35962
-0.45193,0.45836
-0.45638,0.56243
-0.46587,0.66793
-0.45298,0.76722
-0.32994,1.29807
-0.37106,1.31535
-0.40206,1.32622
-0.42787,1.33401
-0.44993,1.33987
-0.46901,1.34439
-0.48550,1.34792
-0.49956,1.35067
-0.51123,1.35278
-0.52050,1.35436
-0.52741,1.35551
-0.53207,1.35629
0.19957,-1.26522
0.16880,-1.24243
0.13568,-1.21618
0.09994,-1.18589
0.06168,-1.15125
0.02133,-1.11221
-0.02052,-1.06889
-0.06326,-1.02148
-0.10635,-0.97005
-0.14937,-0.91450
-0.19206,-0.85449
-0.23422,-0.78951
-0.27560,-0.71914
-0.31588,-0.64324
-0.35467,-0.56200
-0.39149,-0.47564
-0.42582,-0.38417
-0.45703,-0.28715
-0.48425,-0.18353
-0.50521,-0.07131
-0.50919,0.05215
-0.46421,0.17875
-0.40102,0.27594
-0.37251,0.36646
-0.36418,0.46440
-0.36387,0.56657
-0.35875,0.66657
0.00523,0.93790
-0.18223,1.23368
-0.23905,1.26499
-0.28238,1.28539
-0.31863,1.30039
-0.34981,1.31193
-0.37700,1.32103
-0.40078,1.32828
-0.42141,1.33406
-0.43899,1.33862
-0.45348,1.34213
-0.46484,1.34474
-0.47307,1.34658
0.23873,-1.29173
0.20780,-1.27088
0.17493,-1.24694
0.13960,-1.21921
0.10166,-1.18723
0.06131,-1.15074
0.01902,-1.10972
-0.02468,-1.06424
-0.06926,-1.01434
-0.11429,-0.95989
-0.15946,-0.90049
-0.20448,-0.83558
-0.24902,-0.76456
-0.29260,-0.68716
-0.33470,-0.60346
-0.37480,-0.51358
-0.41241,-0.41686
-0.44701,-0.31055
-0.47653,-0.18730
-0.48141,-0.03807
-0.38561,0.10957
-0.30970,0.19324
-0.28760,0.28152
-0.27983,0.37717
-0.27488,0.47459
-0.26366,0.56853
-0.20096,0.64203
0.06231,1.03272
-0.06295,1.15776
-0.12709,1.20441
-0.17789,1.23557
-0.22102,1.25870
-0.25861,1.27668
-0.29183,1.29103
-0.32135,1.30266
-0.34748,1.31211
-0.37029,1.31974
-0.38969,1.32579
-0.40550,1.33044
-0.41757,1.33383
0.27971,-1.31653
0.24867,-1.29788
0.21612,-1.27646
0.18134,-1.25156
0.14395,-1.22254
0.10393,-1.18901
0.06156,-1.15076
0.01729,-1.10775
-0.02842,-1.05994
-0.07518,-1.00712
-0.12269,-0.94884
-0.17067,-0.88436
-0.21878,-0.81276
-0.26645,-0.73328
-0.31302,-0.64540
-0.35810,-0.54786
-0.40233,-0.43369
-0.43697,-0.27936
-0.20354,-0.10964
-0.15275,-0.05268
-0.15600,0.05408
-0.16716,0.16989
-0.17729,0.28149
-0.18074,0.38385
-0.16988,0.47391
-0.10476,0.53743
0.20203,0.78353
0.10789,0.98033
0.02757,1.07855
-0.03531,1.13799
-0.08883,1.17996
-0.13568,1.21161
-0.17736,1.23645
-0.21486,1.25648
-0.24881,1.27292
-0.27950,1.28651
-0.30699,1.29771
-0.33110,1.30683
-0.35152,1.31405
-0.36790,1.31953
0.32200,-1.33881
0.29131,-1.32283
0.25947,-1.30435
0.22565,-1.28270
0.18926,-1.25717
0.15006,-1.22719
0.10813,-1.19238
0.06378,-1.15254
0.01738,-1.10750
-0.03076,-1.05698
-0.08043,-1.00038
-0.13151,-0.93665
-0.18390,-0.86416
-0.23762,-0.78021
-0.29424,-0.67749
-0.35511,-0.52685
-0.05448,-0.35543
-0.01761,-0.30573
-0.01262,-0.21826
-0.01841,-0.10901
-0.03159,0.01791
-0.04932,0.15094
-0.06345,0.27110
-0.05558,0.36293
0.10838,0.41219
0.26932,0.64708
0.21552,0.79803
0.15236,0.91673
0.09218,1.00513
0.03591,1.07157
-0.01597,1.12231
-0.06349,1.16188
-0.10704,1.19349
-0.14717,1.21933
-0.18430,1.24081
-0.21868,1.25885
-0.25030,1.27401
-0.27893,1.28665
-0.30415,1.29698
-0.32543,1.30513
0.36467,-1.35770
0.33522,-1.34488
0.30492,-1.32987
0.27284,-1.31206
0.23826,-1.29070
0.20069,-1.26510
0.15998,-1.23466
0.11627,-1.19895
0.06977,-1.15763
0.02068,-1.11022
-0.03095,-1.05594
-0.08537,-0.99321
-0.14356,-0.91856
-0.21178,-0.81760
-0.27319,-0.59545
0.04870,-0.45870
0.07640,-0.39237
0.08852,-0.31280
0.09261,-0.22298
0.08959,-0.11928
0.08058,0.00016
0.07215,0.12278
0.11597,0.19782
0.35317,0.40183
0.32389,0.53988
0.28106,0.65713
0.23520,0.76337
0.18742,0.85855
0.13844,0.94097
0.08937,1.00994
0.04146,1.06639
-0.00442,1.11234
-0.04794,1.15002
-0.08916,1.18139
-0.12828,1.20787
-0.16543,1.23048
-0.20056,1.24984
-0.23339,1.26635
-0.26347,1.28023
-0.29014,1.29161
0.40642,-1.37255
0.37960,-1.36322
0.35215,-1.35213
0.32313,-1.33874
0.29167,-1.32235
0.25705,-1.30214
0.21885,-1.27729
0.17691,-1.24708
0.13125,-1.21083
0.08186,-1.16777
0.02850,-1.11671
-0.02971,-1.05520
-0.09785,-0.97410
-0.21238,-0.75964
0.12493,-0.53732
0.15333,-0.46097
0.17051,-0.37996
0.18450,-0.29893
0.19542,-0.21556
0.20387,-0.12657
0.22336,-0.03850
0.43335,0.15018
0.40722,0.31828
0.37120,0.42961
0.33455,0.53060
0.29640,0.62736
0.25673,0.71985
0.21559,0.80649
0.17314,0.88534
0.12975,0.95487
0.08611,1.01462
0.04294,1.06516
0.00074,1.10782
-0.04035,1.14408
-0.08036,1.17524
-0.11934,1.20229
-0.15721,1.22588
-0.19370,1.24642
-0.22836,1.26412
-0.26051,1.27912
0.44587,-1.38317
0.42349,-1.37731
0.40070,-1.37026
0.37661,-1.36160
0.35025,-1.35076
0.32069,-1.33691
0.28714,-1.31911
0.24905,-1.29628
0.20600,-1.26725
0.15759,-1.23066
0.10314,-1.18458
0.04035,-1.12474
-0.05545,-1.01762
0.19960,-0.62798
0.23079,-0.54168
0.24271,-0.44776
0.25847,-0.36125
0.27879,-0.28243
0.30695,-0.21033
0.38782,-0.14453
0.48674,0.07008
0.45134,0.20563
0.41776,0.30926
0.38393,0.40566
0.34913,0.49894
0.31335,0.58954
0.27668,0.67679
0.23913,0.75950
0.20066,0.83628
0.16131,0.90589
0.12130,0.96756
0.08098,1.02130
0.04069,1.06781
0.00057,1.10817
-0.03941,1.14347
-0.07929,1.17462
-0.11903,1.20225
-0.15840,1.22675
-0.19695,1.24831
-0.23407,1.26705
0.48204,-1.38998
0.46622,-1.38710
0.45022,-1.38362
0.43331,-1.37934
0.41459,-1.37389
0.39306,-1.36669
0.36767,-1.35694
0.33733,-1.34351
0.30092,-1.32487
0.25719,-1.29885
0.20428,-1.26213
0.13649,-1.20659
-0.00786,-0.95696
0.34072,-0.65621
0.33302,-0.54553
0.33177,-0.43914
0.34631,-0.34788
0.37936,-0.27298
0.47352,-0.19894
0.52456,-0.03567
0.49409,0.08489
0.46240,0.18607
0.43035,0.28119
0.39753,0.37349
0.36394,0.46356
0.32968,0.55116
0.29488,0.63568
0.25958,0.71625
0.22372,0.79185
0.18720,0.86150
0.15002,0.92446
0.11225,0.98051
0.07401,1.02999
0.03531,1.07369
-0.00396,1.11253
-0.04393,1.14732
-0.08464,1.17865
-0.12591,1.20686
-0.16739,1.23212
-0.20850,1.25449
0.51550,-1.39381
0.50821,-1.39292
0.50093,-1.39190
0.49325,-1.39067
0.48462,-1.38913
0.47435,-1.38708
0.46160,-1.38421
0.44531,-1.37999
0.42416,-1.37354
0.39622,-1.36327
0.35828,-1.34589
0.29940,-1.31121
0.48986,-0.77556
0.48962,-0.67540
0.46172,-0.56418
0.44301,-0.45228
0.45657,-0.35663
0.53486,-0.26539
0.56276,-0.13674
0.53517,-0.03180
0.50477,0.06474
0.47415,0.15812
0.44292,0.24967
0.41097,0.33952
0.37841,0.42744
0.34537,0.51302
0.31198,0.59572
0.27829,0.67491
0.24426,0.74982
0.20978,0.81964
0.17475,0.88369
0.13910,0.94161
0.10277,0.99354
0.06565,1.04005
0.02750,1.08192
-0.01191,1.11990
-0.05276,1.15454
-0.09499,1.18615
-0.13833,1.21484
-0.18226,1.24062
0.54906,-1.39532
0.55133,-1.39509
0.55372,-1.39481
0.55627,-1.39449
0.55893,-1.39409
0.56163,-1.39359
0.56432,-1.39294
0.56703,-1.39205
0.57010,-1.39071
0.57460,-1.38847
0.58449,-1.38409
0.63758,-1.36956
0.74028,-0.78304
0.64889,-0.66221
0.64214,-0.55441
0.65164,-0.43990
0.65386,-0.32450
0.62713,-0.22933
0.58738,-0.14430
0.55064,-0.05650
0.51820,0.03388
0.48725,0.12459
0.45637,0.21436
0.42514,0.30256
0.39353,0.38877
0.36159,0.47268
0.32940,0.55394
0.29699,0.63212
0.26435,0.70667
0.23139,0.77693
0.19798,0.84223
0.16397,0.90211
0.12924,0.95651
0.09356,1.00576
0.05665,1.05051
0.01815,1.09147
-0.02226,1.12918
-0.06467,1.16394
-0.10893,1.19585
-0.15459,1.22485
0.58639,-1.39434
0.59777,-1.39325
0.60938,-1.39187
0.62158,-1.39013
0.63478,-1.38793
0.64940,-1.38510
0.66607,-1.38137
0.68577,-1.37626
0.71019,-1.36887
0.74263,-1.35727
0.79106,-1.33628
0.89274,-1.27899
1.01826,-0.83207
0.78293,-0.62664
0.76517,-0.51421
0.75075,-0.40667
0.72119,-0.31852
0.67846,-0.24765
0.62763,-0.17968
0.57840,-0.10090
0.53868,-0.01227
0.50508,0.07874
0.47363,0.16848
0.44277,0.25588
0.41200,0.34077
0.38114,0.42317
0.35011,0.50314
0.31887,0.58057
0.28737,0.65516
0.25554,0.72639
0.22327,0.79366
0.19039,0.85636
0.15673,0.91415
0.12205,0.96705
0.08604,1.01545
0.04829,1.05994
0.00843,1.10106
-0.03380,1.13916
-0.07840,1.17435
-0.12503,1.20658
0.62941,-1.38989
0.64836,-1.38662
0.66763,-1.38264
0.68774,-1.37780
0.70930,-1.37186
0.73300,-1.36445
0.75972,-1.35499
0.79069,-1.34258
0.82770,-1.32568
0.87370,-1.30147
0.93430,-1.26376
1.02669,-1.19145
1.18482,-0.94833
0.89404,-0.60369
0.84753,-0.50852
0.81812,-0.41904
0.78388,-0.34457
0.74314,-0.28332
0.69487,-0.22772
0.63804,-0.16614
0.58160,-0.08737
0.53740,0.00357
0.50202,0.09523
0.47020,0.18349
0.43977,0.26802
0.40984,0.34945
0.37994,0.42845
0.34984,0.50545
0.31935,0.58059
0.28839,0.65365
0.25684,0.72418
0.22454,0.79152
0.19127,0.85504
0.15677,0.91426
0.12076,0.96902
0.08289,1.01949
0.04281,1.06601
0.00024,1.10892
-0.04489,1.14842
-0.09241,1.18456
0.67780,-1.38088
0.70239,-1.37457
0.72730,-1.36717
0.75313,-1.35846
0.78053,-1.34807
0.81027,-1.33549
0.84326,-1.31993
0.88065,-1.30023
0.92385,-1.27459
0.97481,-1.24006
1.03633,-1.19123
1.11431,-1.11518
1.22562,-0.96119
1.02773,-0.58710
0.92585,-0.51933
0.88732,-0.44560
0.85367,-0.38051
0.81909,-0.32545
0.78189,-0.27762
0.73918,-0.23243
0.68628,-0.18291
0.62301,-0.11772
0.56504,-0.03198
0.52162,0.06051
0.48654,0.14968
0.45500,0.23399
0.42496,0.31434
0.39548,0.39184
0.36603,0.46738
0.33620,0.54159
0.30568,0.61484
0.27413,0.68713
0.24125,0.75806
0.20665,0.82690
0.16995,0.89273
0.13078,0.95466
0.08890,1.01204
0.04422,1.06455
-0.00315,1.11215
-0.05292,1.15495
0.73007,-1.36673
0.75840,-1.35706
0.78697,-1.34605
0.81640,-1.33341
0.84735,-1.31870
0.88058,-1.30126
0.91695,-1.28017
0.95738,-1.25410
1.00283,-1.22120
1.05421,-1.17878
1.11221,-1.12288
1.17746,-1.04706
1.25286,-0.93639
1.33059,-0.73901
1.01687,-0.52773
0.96308,-0.47442
0.93055,-0.41903
0.90280,-0.36936
0.87707,-0.32578
0.85190,-0.28669
0.82487,-0.24998
0.79160,-0.21322
0.74530,-0.17278
0.67890,-0.12017
0.60136,-0.04175
0.53981,0.05470
0.49509,0.15001
0.45820,0.23941
0.42508,0.32290
0.39413,0.40108
0.36443,0.47520
0.33506,0.54693
0.30501,0.61814
0.27324,0.69033
0.23872,0.76410
0.20057,0.83883
0.15805,0.91273
0.11079,0.98330
0.05907,1.04811
0.00389,1.10560
0.78449,-1.34742
0.81485,-1.33452
0.84534,-1.32017
0.87654,-1.30401
0.90913,-1.28550
0.94384,-1.26389
0.98140,-1.23813
1.02253,-1.20682
1.06772,-1.16817
1.11706,-1.12003
1.17003,-1.05997
1.22552,-0.98567
1.28261,-0.89460
1.34291,-0.77874
1.37367,-0.59120
1.05032,-0.49301
1.01472,-0.45453
0.99304,-0.41203
0.97711,-0.37177
0.96487,-0.33433
0.95451,-0.29881
0.94331,-0.26415
0.92768,-0.22963
0.90344,-0.19505
0.86565,-0.16030
0.80704,-0.12391
0.71728,-0.07667
0.60910,0.00507
0.53084,0.10956
0.47966,0.20808
0.43940,0.29887
0.40362,0.38441
0.37072,0.46403
0.33987,0.53804
0.30964,0.60905
0.27801,0.68083
0.24264,0.75675
0.20128,0.83800
0.15214,0.92251
0.09446,1.00523
0.83942,-1.32337
0.87036,-1.30768
0.90127,-1.29052
0.93273,-1.27148
0.96540,-1.24994
0.99996,-1.22502
1.03709,-1.19560
1.07730,-1.16023
1.12072,-1.11732
1.16695,-1.06529
1.21501,-1.00300
1.26363,-0.93017
1.31170,-0.84753
1.35869,-0.75638
1.40500,-0.65665
1.44660,-0.53669
1.11282,-0.47281
1.09286,-0.45158
1.08539,-0.41876
1.08361,-0.38313
1.08427,-0.34666
1.08421,-0.30963
1.08017,-0.27229
1.06944,-0.23524
1.05014,-0.19923
1.02100,-0.16489
0.98051,-0.13262
0.92554,-0.10251
0.84846,-0.07318
0.73468,-0.03320
0.60295,0.05081
0.51708,0.15860
0.46374,0.25712
0.42240,0.34722
0.38486,0.43453
0.34970,0.51737
0.31664,0.59443
0.28376,0.66899
0.24762,0.74701
0.20399,0.83336
0.89340,-1.29531
0.92368,-1.27744
0.95375,-1.25819
0.98420,-1.23707
1.01567,-1.21338
1.04886,-1.18616
1.08441,-1.15415
1.12272,-1.11591
1.16372,-1.07002
1.20676,-1.01544
1.25081,-0.95187
1.29482,-0.87992
1.33807,-0.80095
1.38017,-0.71680
1.42078,-0.62971
1.45888,-0.54323
1.48961,-0.46990
1.49054,-0.45895
1.49585,-0.42961
1.48133,-0.41678
1.46091,-0.40596
1.41927,-0.37922
1.33370,-0.37316
1.26326,-0.30686
1.22841,-0.25291
1.19498,-0.20913
1.15790,-0.17159
1.11564,-0.13847
1.06702,-0.10871
1.01000,-0.08177
0.94013,-0.05738
0.84672,-0.03358
0.71216,0.00728
0.57666,0.10021
0.49636,0.20795
0.44488,0.30508
0.40304,0.39639
0.36328,0.48804
0.32539,0.57574
0.28928,0.65755
0.94509,-1.26416
0.97366,-1.24487
1.00184,-1.22437
1.03023,-1.20211
1.05952,-1.17730
1.09048,-1.14881
1.12381,-1.11525
1.15987,-1.07512
1.19846,-1.02716
1.23883,-0.97075
1.27998,-0.90615
1.32104,-0.83435
1.36154,-0.75680
1.40129,-0.67500
1.44015,-0.59036
1.47774,-0.50420
1.51325,-0.41808
1.54538,-0.33469
1.57226,-0.25946
1.59173,-0.20046
1.60491,-0.15682
1.61614,-0.11674
1.62193,-0.09301
1.61520,-0.10269
1.60215,-0.11660
1.55929,-0.16405
1.47370,-0.20842
1.32282,-0.19934
1.24608,-0.15532
1.18724,-0.12161
1.13044,-0.09337
1.07079,-0.06844
1.00421,-0.04609
0.92370,-0.02601
0.81373,-0.00404
0.66153,0.05037
0.53989,0.15517
0.46985,0.26283
0.42104,0.36028
0.37749,0.45743
0.99327,-1.23104
1.01925,-1.21122
1.04467,-1.19045
1.07019,-1.16811
1.09663,-1.14323
1.12493,-1.11446
1.15591,-1.08015
1.18991,-1.03871
1.22660,-0.98906
1.26508,-0.93097
1.30433,-0.86513
1.34359,-0.79284
1.38246,-0.71557
1.42080,-0.63462
1.45848,-0.55093
1.49518,-0.46505
1.53038,-0.37722
1.56348,-0.28770
1.59394,-0.19709
1.62139,-0.10661
1.64551,-0.01850
1.66567,0.06268
1.67992,0.12498
1.68354,0.14166
1.68100,0.13091
1.67949,0.12509
1.66087,0.05309
1.63966,-0.00258
1.58394,-0.09004
1.47272,-0.16150
1.32000,-0.14711
1.24146,-0.11192
1.17826,-0.08445
1.11709,-0.06092
1.05265,-0.03985
0.97936,-0.02087
0.88656,-0.00329
0.75195,0.02459
0.59443,0.10802
0.49719,0.22222
1.03683,-1.19729
1.05951,-1.17796
1.08151,-1.15801
1.10362,-1.13668
1.12691,-1.11270
1.15258,-1.08433
1.18158,-1.04961
1.21413,-1.00690
1.24964,-0.95542
1.28703,-0.89540
1.32520,-0.82798
1.36341,-0.75469
1.40128,-0.67712
1.43861,-0.59648
1.47519,-0.51353
1.51066,-0.42848
1.54456,-0.34120
1.57646,-0.25152
1.60605,-0.15949
1.63318,-0.06553
1.65784,0.02973
1.68009,0.12555
1.70001,0.22112
1.71759,0.31522
1.73252,0.40494
1.74316,0.47674
1.72428,0.35409
1.70465,0.24535
1.68063,0.13282
1.65991,0.06402
1.61763,-0.02891
1.53910,-0.10185
1.37996,-0.13832
1.28307,-0.10623
1.21584,-0.07963
1.15428,-0.05722
1.09139,-0.03703
1.02211,-0.01846
0.93847,-0.00152
0.82214,0.01727
1.07486,-1.16447
1.09369,-1.14674
1.11182,-1.12874
1.13029,-1.10940
1.15056,-1.08694
1.17413,-1.05911
1.20192,-1.02370
1.23386,-0.97926
1.26897,-0.92547
1.30593,-0.86312
1.34360,-0.79374
1.38124,-0.71915
1.41845,-0.64101
1.45493,-0.56055
1.49037,-0.47842
1.52439,-0.39466
1.55666,-0.30889
1.58694,-0.22070
1.61508,-0.12990
1.64104,-0.03669
1.66484,0.05853
1.68654,0.15527
1.70622,0.25313
1.72389,0.35180
1.73951,0.45116
1.75284,0.55128
1.76329,0.65267
1.76926,0.75690
1.76166,0.86691
1.43467,-0.10951
1.64273,0.02453
1.63861,0.01660
1.60383,-0.03157
1.54650,-0.08296
1.41572,-0.12588
1.31477,-0.10225
1.24630,-0.07732
1.18499,-0.05585
1.12301,-0.03620
1.05555,-0.01768
1.10667,-1.13426
1.12127,-1.11929
1.13532,-1.10425
1.15032,-1.08749
1.16820,-1.06655
1.19062,-1.03870
1.21822,-1.00179
1.25039,-0.95484
1.28574,-0.89817
1.32276,-0.83309
1.36032,-0.76151
1.39767,-0.68546
1.43437,-0.60671
1.47002,-0.52651
1.50422,-0.44541
1.53667,-0.36329
1.56721,-0.27956
1.59579,-0.19353
1.62243,-0.10481
1.64715,-0.01340
1.66997,0.08036
1.69091,0.17603
1.70998,0.27318
1.72716,0.37147
1.74230,0.47063
1.75509,0.57054
1.76477,0.67116
1.76952,0.77259
1.76181,0.87529
1.34100,0.36989
1.60770,0.06045
1.30018,0.01110
1.23140,-0.03672
1.41919,-0.11218
1.52500,-0.08902
1.50531,-0.09934
1.42154,-0.11472
1.33716,-0.09849
1.27084,-0.07626
1.21011,-0.05563
1.13179,-1.10841
1.14195,-1.09723
1.15206,-1.08576
1.16426,-1.07149
1.18087,-1.05125
1.20339,-1.02221
1.23181,-0.98271
1.26489,-0.93248
1.30090,-0.87243
1.33829,-0.80436
1.37594,-0.73048
1.41314,-0.65300
1.44935,-0.57375
1.48408,-0.49400
1.51694,-0.41421
1.54773,-0.33407
1.57652,-0.25271
1.60345,-0.16917
1.62867,-0.08281
1.65223,0.00649
1.67412,0.09847
1.69434,0.19268
1.71283,0.28866
1.72952,0.38601
1.74423,0.48443
1.75656,0.58369
1.76569,0.68369
1.76955,0.78442
1.75915,0.88626
1.47282,0.42616
1.41848,0.17144
1.38323,0.04615
1.49593,0.01187
1.24443,0.05439
1.01451,0.07418
1.17664,-0.01948
1.32512,-0.08302
1.40644,-0.10475
1.40229,-0.10483
1.34930,-0.09403
1.14995,-1.08851
1.15575,-1.08177
1.16256,-1.07372
1.17320,-1.06091
1.19002,-1.03988
1.21385,-1.00825
1.24386,-0.96515
1.27828,-0.91101
1.31519,-0.84728
1.35308,-0.77614
1.39090,-0.70002
1.42794,-0.62125
1.46359,-0.54175
1.49728,-0.46274
1.52867,-0.38460
1.55775,-0.30676
1.58480,-0.22805
1.61016,-0.14717
1.63406,-0.06326
1.65656,0.02391
1.67763,0.11410
1.69720,0.20684
1.71517,0.30163
1.73144,0.39802
1.74576,0.49568
1.75771,0.59435
1.76638,0.69389
1.76947,0.79429
1.75599,0.89596
1.46233,0.42369
1.46186,0.17122
1.22686,0.16475
1.39721,0.04189
1.45302,0.02302
1.34302,0.04483
1.15451,0.09530
0.80967,0.13600
0.94366,0.06087
1.19656,-0.02915
1.31861,-0.07639
