-2.00000,-2.00000
-2.00000,-1.89744
-2.00000,-1.79487
-2.00000,-1.69231
-2.00000,-1.58974
-2.00000,-1.48718
-2.00000,-1.38462
-2.00000,-1.28205
-2.00000,-1.17949
-2.00000,-1.07692
-2.00000,-0.97436
-2.00000,-0.87179
-2.00000,-0.76923
-2.00000,-0.66667
-2.00000,-0.56410
-2.00000,-0.46154
-2.00000,-0.35897
-2.00000,-0.25641
-2.00000,-0.15385
-2.00000,-0.05128
-2.00000,0.05128
-2.00000,0.15385
-2.00000,0.25641
-2.00000,0.35897
-2.00000,0.46154
-2.00000,0.56410
-2.00000,0.66667
-2.00000,0.76923
-2.00000,0.87179
-2.00000,0.97436
-2.00000,1.07692
-2.00000,1.17949
-2.00000,1.28205
-2.00000,1.38462
-2.00000,1.48718
-2.00000,1.58974
-2.00000,1.69231
-2.00000,1.79487
-2.00000,1.89744
-2.00000,2.00000
-1.89744,-2.00000
-1.89744,-1.89744
-1.89744,-1.79487
-1.89744,-1.69231
-1.89744,-1.58974
-1.89744,-1.48718
-1.89744,-1.38462
-1.89744,-1.28205
-1.89744,-1.17949
-1.89744,-1.07692
-1.89744,-0.97436
-1.89744,-0.87179
-1.89744,-0.76923
-1.89744,-0.66667
-1.89744,-0.56410
-1.89744,-0.46154
-1.89744,-0.35897
-1.89744,-0.25641
-1.89744,-0.15385
-1.89744,-0.05128
-1.89744,0.05128
-1.89744,0.15385
-1.89744,0.25641
-1.89744,0.35897
-1.89744,0.46154
-1.89744,0.56410
-1.89744,0.66667
-1.89744,0.76923
-1.89744,0.87179
-1.89744,0.97436
-1.89744,1.07692
-1.89744,1.17949
-1.89744,1.28205
-1.89744,1.38462
-1.89744,1.48718
-1.89744,1.58974
-1.89744,1.69231
-1.89744,1.79487
-1.89744,1.89744
-1.89744,2.00000
-1.79487,-2.00000
-1.79487,-1.89744
-1.79487,-1.79487
-1.79487,-1.69231
-1.79487,-1.58974
-1.79487,-1.48718
-1.79487,-1.38462
-1.79487,-1.28205
-1.79487,-1.17949
-1.79487,-1.07692
-1.79487,-0.97436
-1.79487,-0.87179
-1.79487,-0.76923
-1.79487,-0.66667
-1.79487,-0.56410
-1.79487,-0.46154
-1.79487,-0.35897
-1.79487,-0.25641
-1.79487,-0.15385
-1.79487,-0.05128
-1.79487,0.05128
-1.79487,0.15385
-1.79487,0.25641
-1.79487,0.35897
-1.79487,0.46154
-1.79487,0.56410
-1.79487,0.66667
-1.79487,0.76923
-1.79487,0.87179
-1.79487,0.97436
-1.79487,1.07692
-1.79487,1.17949
-1.79487,1.28205
-1.79487,1.38462
-1.79487,1.48718
-1.79487,1.58974
-1.79487,1.69231
-1.79487,1.79487
-1.79487,1.89744
-1.79487,2.00000
-1.69231,-2.00000
-1.69231,-1.89744
-1.69231,-1.79487
-1.69231,-1.69231
-1.69231,-1.58974
-1.69231,-1.48718
-1.69231,-1.38462
-1.69231,-1.28205
-1.69231,-1.17949
-1.69231,-1.07692
-1.69231,-0.97436
-1.69231,-0.87179
-1.69231,-0.76923
-1.69231,-0.66667
-1.69231,-0.56410
-1.69231,-0.46154
-1.69231,-0.35897
-1.69231,-0.25641
-1.69231,-0.15385
-1.69231,-0.05128
-1.69231,0.05128
-1.69231,0.15385
-1.69231,0.25641
-1.69231,0.35897
-1.69231,0.46154
-1.69231,0.56410
-1.69231,0.66667
-1.69231,0.76923
-1.69231,0.87179
-1.69231,0.97436
-1.69231,1.07692
-1.69231,1.17949
-1.69231,1.28205
-1.69231,1.38462
-1.69231,1.48718
-1.69231,1.58974
-1.69231,1.69231
-1.69231,1.79487
-1.69231,1.89744
-1.69231,2.00000
-1.58974,-2.00000
-1.58974,-1.89744
-1.58974,-1.79487
-1.58974,-1.69231
-1.58974,-1.58974
-1.58974,-1.48718
-1.58974,-1.38462
-1.58974,-1.28205
-1.58974,-1.17949
-1.58974,-1.07692
-1.58974,-0.97436
-1.58974,-0.87179
-1.58974,-0.76923
-1.58974,-0.66667
-1.58974,-0.56410
-1.58974,-0.46154
-1.58974,-0.35897
-1.58974,-0.25641
-1.58974,-0.15385
-1.58974,-0.05128
-1.58974,0.05128
-1.58974,0.15385
-1.58974,0.25641
-1.58974,0.35897
-1.58974,0.46154
-1.58974,0.56410
-1.58974,0.66667
-1.58974,0.76923
-1.58974,0.87179
-1.58974,0.97436
-1.58974,1.07692
-1.58974,1.17949
-1.58974,1.28205
-1.58974,1.38462
-1.58974,1.48718
-1.58974,1.58974
-1.58974,1.69231
-1.58974,1.79487
-1.58974,1.89744
-1.58974,2.00000
-1.48718,-2.00000
-1.48718,-1.89744
-1.48718,-1.79487
-1.48718,-1.69231
-1.48718,-1.58974
-1.48718,-1.48718
-1.48718,-1.38462
-1.48718,-1.28205
-1.48718,-1.17949
-1.48718,-1.07692
-1.48718,-0.97436
-1.48718,-0.87179
-1.48718,-0.76923
-1.48718,-0.66667
-1.48718,-0.56410
-1.48718,-0.46154
-1.48718,-0.35897
-1.48718,-0.25641
-1.48718,-0.15385
-1.48718,-0.05128
-1.48718,0.05128
-1.48718,0.15385
-1.48718,0.25641
-1.48718,0.35897
-1.48718,0.46154
-1.48718,0.56410
-1.48718,0.66667
-1.48718,0.76923
-1.48718,0.87179
-1.48718,0.97436
-1.48718,1.07692
-1.48718,1.17949
-1.48718,1.28205
-1.48718,1.38462
-1.48718,1.48718
-1.48718,1.58974
-1.48718,1.69231
-1.48718,1.79487
-1.48718,1.89744
-1.48718,2.00000
-1.38462,-2.00000
-1.38462,-1.89744
-1.38462,-1.79487
-1.38462,-1.69231
-1.38462,-1.58974
-1.38462,-1.48718
-1.38462,-1.38462
-1.38462,-1.28205
-1.38462,-1.17949
-1.38462,-1.07692
-1.38462,-0.97436
-1.38462,-0.87179
-1.38462,-0.76923
-1.38462,-0.66667
-1.38462,-0.56410
-1.38462,-0.46154
-1.38462,-0.35897
-1.38462,-0.25641
-1.38462,-0.15385
-1.38462,-0.05128
-1.38462,0.05128
-1.38462,0.15385
-1.38462,0.25641
-1.38462,0.35897
-1.38462,0.46154
-1.38462,0.56410
-1.38462,0.66667
-1.38462,0.76923
-1.38462,0.87179
-1.38462,0.97436
-1.38462,1.07692
-1.38462,1.17949
-1.38462,1.28205
-1.38462,1.38462
-1.38462,1.48718
-1.38462,1.58974
-1.38462,1.69231
-1.38462,1.79487
-1.38462,1.89744
-1.38462,2.00000
-1.28205,-2.00000
-1.28205,-1.89744
-1.28205,-1.79487
-1.28205,-1.69231
-1.28205,-1.58974
-1.28205,-1.48718
-1.28205,-1.38462
-1.28205,-1.28205
-1.28205,-1.17949
-1.28205,-1.07692
-1.28205,-0.97436
-1.28205,-0.87179
-1.28205,-0.76923
-1.28205,-0.66667
-1.28205,-0.56410
-1.28205,-0.46154
-1.28205,-0.35897
-1.28205,-0.25641
-1.28205,-0.15385
-1.28205,-0.05128
-1.28205,0.05128
-1.28205,0.15385
-1.28205,0.25641
-1.28205,0.35897
-1.28205,0.46154
-1.28205,0.56410
-1.28205,0.66667
-1.28205,0.76923
-1.28205,0.87179
-1.28205,0.97436
-1.28205,1.07692
-1.28205,1.17949
-1.28205,1.28205
-1.28205,1.38462
-1.28205,1.48718
-1.28205,1.58974
-1.28205,1.69231
-1.28205,1.79487
-1.28205,1.89744
-1.28205,2.00000
-1.17949,-2.00000
-1.17949,-1.89744
-1.17949,-1.79487
-1.17949,-1.69231
-1.17949,-1.58974
-1.17949,-1.48718
-1.17949,-1.38462
-1.17949,-1.28205
-1.17949,-1.17949
-1.17949,-1.07692
-1.17949,-0.97436
-1.17949,-0.87179
-1.17949,-0.76923
-1.17949,-0.66667
-1.17949,-0.56410
-1.17949,-0.46154
-1.17949,-0.35897
-1.17949,-0.25641
-1.17949,-0.15385
-1.17949,-0.05128
-1.17949,0.05128
-1.17949,0.15385
-1.17949,0.25641
-1.17949,0.35897
-1.17949,0.46154
-1.17949,0.56410
-1.17949,0.66667
-1.17949,0.76923
-1.17949,0.87179
-1.17949,0.97436
-1.17949,1.07692
-1.17949,1.17949
-1.17949,1.28205
-1.17949,1.38462
-1.17949,1.48718
-1.17949,1.58974
-1.17949,1.69231
-1.17949,1.79487
-1.17949,1.89744
-1.17949,2.00000
-1.07692,-2.00000
-1.07692,-1.89744
-1.07692,-1.79487
-1.07692,-1.69231
-1.07692,-1.58974
-1.07692,-1.48718
-1.07692,-1.38462
-1.07692,-1.28205
-1.07692,-1.17949
-1.07692,-1.07692
-1.07692,-0.97436
-1.07692,-0.87179
-1.07692,-0.76923
-1.07692,-0.66667
-1.07692,-0.56410
-1.07692,-0.46154
-1.07692,-0.35897
-1.07692,-0.25641
-1.07692,-0.15385
-1.07692,-0.05128
-1.07692,0.05128
-1.07692,0.15385
-1.07692,0.25641
-1.07692,0.35897
-1.07692,0.46154
-1.07692,0.56410
-1.07692,0.66667
-1.07692,0.76923
-1.07692,0.87179
-1.07692,0.97436
-1.07692,1.07692
-1.07692,1.17949
-1.07692,1.28205
-1.07692,1.38462
-1.07692,1.48718
-1.07692,1.58974
-1.07692,1.69231
-1.07692,1.79487
-1.07692,1.89744
-1.07692,2.00000
-0.97436,-2.00000
-0.97436,-1.89744
-0.97436,-1.79487
-0.97436,-1.69231
-0.97436,-1.58974
-0.97436,-1.48718
-0.97436,-1.38462
-0.97436,-1.28205
-0.97436,-1.17949
-0.97436,-1.07692
-0.97436,-0.97436
-0.97436,-0.87179
-0.97436,-0.76923
-0.97436,-0.66667
-0.97436,-0.56410
-0.97436,-0.46154
-0.97436,-0.35897
-0.97436,-0.25641
-0.97436,-0.15385
-0.97436,-0.05128
-0.97436,0.05128
-0.97436,0.15385
-0.97436,0.25641
-0.97436,0.35897
-0.97436,0.46154
-0.97436,0.56410
-0.97436,0.66667
-0.97436,0.76923
-0.97436,0.87179
-0.97436,0.97436
-0.97436,1.07692
-0.97436,1.17949
-0.97436,1.28205
-0.97436,1.38462
-0.97436,1.48718
-0.97436,1.58974
-0.97436,1.69231
-0.97436,1.79487
-0.97436,1.89744
-0.97436,2.00000
-0.87179,-2.00000
-0.87179,-1.89744
-0.87179,-1.79487
-0.87179,-1.69231
-0.87179,-1.58974
-0.87179,-1.48718
-0.87179,-1.38462
-0.87179,-1.28205
-0.87179,-1.17949
-0.87179,-1.07692
-0.87179,-0.97436
-0.87179,-0.87179
-0.87179,-0.76923
-0.87179,-0.66667
-0.87179,-0.56410
-0.87179,-0.46154
-0.87179,-0.35897
-0.87179,-0.25641
-0.87179,-0.15385
-0.87179,-0.05128
-0.87179,0.05128
-0.87179,0.15385
-0.87179,0.25641
-0.87179,0.35897
-0.87179,0.46154
-0.87179,0.56410
-0.87179,0.66667
-0.87179,0.76923
-0.87179,0.87179
-0.87179,0.97436
-0.87179,1.07692
-0.87179,1.17949
-0.87179,1.28205
-0.87179,1.38462
-0.87179,1.48718
-0.87179,1.58974
-0.87179,1.69231
-0.87179,1.79487
-0.87179,1.89744
-0.87179,2.00000
-0.76923,-2.00000
-0.76923,-1.89744
-0.76923,-1.79487
-0.76923,-1.69231
-0.76923,-1.58974
-0.76923,-1.48718
-0.76923,-1.38462
-0.76923,-1.28205
-0.76923,-1.17949
-0.76923,-1.07692
-0.76923,-0.97436
-0.76923,-0.87179
-0.76923,-0.76923
-0.76923,-0.66667
-0.76923,-0.56410
-0.76923,-0.46154
-0.76923,-0.35897
-0.76923,-0.25641
-0.76923,-0.15385
-0.76923,-0.05128
-0.76923,0.05128
-0.76923,0.15385
-0.76923,0.25641
-0.76923,0.35897
-0.76923,0.46154
-0.76923,0.56410
-0.76923,0.66667
-0.76923,0.76923
-0.76923,0.87179
-0.76923,0.97436
-0.76923,1.07692
-0.76923,1.17949
-0.76923,1.28205
-0.76923,1.38462
-0.76923,1.48718
-0.76923,1.58974
-0.76923,1.69231
-0.76923,1.79487
-0.76923,1.89744
-0.76923,2.00000
-0.66667,-2.00000
-0.66667,-1.89744
-0.66667,-1.79487
-0.66667,-1.69231
-0.66667,-1.58974
-0.66667,-1.48718
-0.66667,-1.38462
-0.66667,-1.28205
-0.66667,-1.17949
-0.66667,-1.07692
-0.66667,-0.97436
-0.66667,-0.87179
-0.66667,-0.76923
-0.66667,-0.66667
-0.66667,-0.56410
-0.66667,-0.46154
-0.66667,-0.35897
-0.66667,-0.25641
-0.66667,-0.15385
-0.66667,-0.05128
-0.66667,0.05128
-0.66667,0.15385
-0.66667,0.25641
-0.66667,0.35897
-0.66667,0.46154
-0.66667,0.56410
-0.66667,0.66667
-0.66667,0.76923
-0.66667,0.87179
-0.66667,0.97436
-0.66667,1.07692
-0.66667,1.17949
-0.66667,1.28205
-0.66667,1.38462
-0.66667,1.48718
-0.66667,1.58974
-0.66667,1.69231
-0.66667,1.79487
-0.66667,1.89744
-0.66667,2.00000
-0.56410,-2.00000
-0.56410,-1.89744
-0.56410,-1.79487
-0.56410,-1.69231
-0.56410,-1.58974
-0.56410,-1.48718
-0.56410,-1.38462
-0.56410,-1.28205
-0.56410,-1.17949
-0.56410,-1.07692
-0.56410,-0.97436
-0.56410,-0.87179
-0.56410,-0.76923
-0.56410,-0.66667
-0.56410,-0.56410
-0.56410,-0.46154
-0.56410,-0.35897
-0.56410,-0.25641
-0.56410,-0.15385
-0.56410,-0.05128
-0.56410,0.05128
-0.56410,0.15385
-0.56410,0.25641
-0.56410,0.35897
-0.56410,0.46154
-0.56410,0.56410
-0.56410,0.66667
-0.56410,0.76923
-0.56410,0.87179
-0.56410,0.97436
-0.56410,1.07692
-0.56410,1.17949
-0.56410,1.28205
-0.56410,1.38462
-0.56410,1.48718
-0.56410,1.58974
-0.56410,1.69231
-0.56410,1.79487
-0.56410,1.89744
-0.56410,2.00000
-0.46154,-2.00000
-0.46154,-1.89744
-0.46154,-1.79487
-0.46154,-1.69231
-0.46154,-1.58974
-0.46154,-1.48718
-0.46154,-1.38462
-0.46154,-1.28205
-0.46154,-1.17949
-0.46154,-1.07692
-0.46154,-0.97436
-0.46154,-0.87179
-0.46154,-0.76923
-0.46154,-0.66667
-0.46154,-0.56410
-0.46154,-0.46154
-0.46154,-0.35897
-0.46154,-0.25641
-0.46154,-0.15385
-0.46154,-0.05128
-0.46154,0.05128
-0.46154,0.15385
-0.46154,0.25641
-0.46154,0.35897
-0.46154,0.46154
-0.46154,0.56410
-0.46154,0.66667
-0.46154,0.76923
-0.46154,0.87179
-0.46154,0.97436
-0.46154,1.07692
-0.46154,1.17949
-0.46154,1.28205
-0.46154,1.38462
-0.46154,1.48718
-0.46154,1.58974
-0.46154,1.69231
-0.46154,1.79487
-0.46154,1.89744
-0.46154,2.00000
-0.35897,-2.00000
-0.35897,-1.89744
-0.35897,-1.79487
-0.35897,-1.69231
-0.35897,-1.58974
-0.35897,-1.48718
-0.35897,-1.38462
-0.35897,-1.28205
-0.35897,-1.17949
-0.35897,-1.07692
-0.35897,-0.97436
-0.35897,-0.87179
-0.35897,-0.76923
-0.35897,-0.66667
-0.35897,-0.56410
-0.35897,-0.46154
-0.35897,-0.35897
-0.35897,-0.25641
-0.35897,-0.15385
-0.35897,-0.05128
-0.35897,0.05128
-0.35897,0.15385
-0.35897,0.25641
-0.35897,0.35897
-0.35897,0.46154
-0.35897,0.56410
-0.35897,0.66667
-0.35897,0.76923
-0.35897,0.87179
-0.35897,0.97436
-0.35897,1.07692
-0.35897,1.17949
-0.35897,1.28205
-0.35897,1.38462
-0.35897,1.48718
-0.35897,1.58974
-0.35897,1.69231
-0.35897,1.79487
-0.35897,1.89744
-0.35897,2.00000
-0.25641,-2.00000
-0.25641,-1.89744
-0.25641,-1.79487
-0.25641,-1.69231
-0.25641,-1.58974
-0.25641,-1.48718
-0.25641,-1.38462
-0.25641,-1.28205
-0.25641,-1.17949
-0.25641,-1.07692
-0.25641,-0.97436
-0.25641,-0.87179
-0.25641,-0.76923
-0.25641,-0.66667
-0.25641,-0.56410
-0.25641,-0.46154
-0.25641,-0.35897
-0.25641,-0.25641
-0.25641,-0.15385
-0.25641,-0.05128
-0.25641,0.05128
-0.25641,0.15385
-0.25641,0.25641
-0.25641,0.35897
-0.25641,0.46154
-0.25641,0.56410
-0.25641,0.66667
-0.25641,0.76923
-0.25641,0.87179
-0.25641,0.97436
-0.25641,1.07692
-0.25641,1.17949
-0.25641,1.28205
-0.25641,1.38462
-0.25641,1.48718
-0.25641,1.58974
-0.25641,1.69231
-0.25641,1.79487
-0.25641,1.89744
-0.25641,2.00000
-0.15385,-2.00000
-0.15385,-1.89744
-0.15385,-1.79487
-0.15385,-1.69231
-0.15385,-1.58974
-0.15385,-1.48718
-0.15385,-1.38462
-0.15385,-1.28205
-0.15385,-1.17949
-0.15385,-1.07692
-0.15385,-0.97436
-0.15385,-0.87179
-0.15385,-0.76923
-0.15385,-0.66667
-0.15385,-0.56410
-0.15385,-0.46154
-0.15385,-0.35897
-0.15385,-0.25641
-0.15385,-0.15385
-0.15385,-0.05128
-0.15385,0.05128
-0.15385,0.15385
-0.15385,0.25641
-0.15385,0.35897
-0.15385,0.46154
-0.15385,0.56410
-0.15385,0.66667
-0.15385,0.76923
-0.15385,0.87179
-0.15385,0.97436
-0.15385,1.07692
-0.15385,1.17949
-0.15385,1.28205
-0.15385,1.38462
-0.15385,1.48718
-0.15385,1.58974
-0.15385,1.69231
-0.15385,1.79487
-0.15385,1.89744
-0.15385,2.00000
-0.05128,-2.00000
-0.05128,-1.89744
-0.05128,-1.79487
-0.05128,-1.69231
-0.05128,-1.58974
-0.05128,-1.48718
-0.05128,-1.38462
-0.05128,-1.28205
-0.05128,-1.17949
-0.05128,-1.07692
-0.05128,-0.97436
-0.05128,-0.87179
-0.05128,-0.76923
-0.05128,-0.66667
-0.05128,-0.56410
-0.05128,-0.46154
-0.05128,-0.35897
-0.05128,-0.25641
-0.05128,-0.15385
-0.05128,-0.05128
-0.05128,0.05128
-0.05128,0.15385
-0.05128,0.25641
-0.05128,0.35897
-0.05128,0.46154
-0.05128,0.56410
-0.05128,0.66667
-0.05128,0.76923
-0.05128,0.87179
-0.05128,0.97436
-0.05128,1.07692
-0.05128,1.17949
-0.05128,1.28205
-0.05128,1.38462
-0.05128,1.48718
-0.05128,1.58974
-0.05128,1.69231
-0.05128,1.79487
-0.05128,1.89744
-0.05128,2.00000
0.05128,-2.00000
0.05128,-1.89744
0.05128,-1.79487
0.05128,-1.69231
0.05128,-1.58974
0.05128,-1.48718
0.05128,-1.38462
0.05128,-1.28205
0.05128,-1.17949
0.05128,-1.07692
0.05128,-0.97436
0.05128,-0.87179
0.05128,-0.76923
0.05128,-0.66667
0.05128,-0.56410
0.05128,-0.46154
0.05128,-0.35897
0.05128,-0.25641
0.05128,-0.15385
0.05128,-0.05128
0.05128,0.05128
0.05128,0.15385
0.05128,0.25641
0.05128,0.35897
0.05128,0.46154
0.05128,0.56410
0.05128,0.66667
0.05128,0.76923
0.05128,0.87179
0.05128,0.97436
0.05128,1.07692
0.05128,1.17949
0.05128,1.28205
0.05128,1.38462
0.05128,1.48718
0.05128,1.58974
0.05128,1.69231
0.05128,1.79487
0.05128,1.89744
0.05128,2.00000
0.15385,-2.00000
0.15385,-1.89744
0.15385,-1.79487
0.15385,-1.69231
0.15385,-1.58974
0.15385,-1.48718
0.15385,-1.38462
0.15385,-1.28205
0.15385,-1.17949
0.15385,-1.07692
0.15385,-0.97436
0.15385,-0.87179
0.15385,-0.76923
0.15385,-0.66667
0.15385,-0.56410
0.15385,-0.46154
0.15385,-0.35897
0.15385,-0.25641
0.15385,-0.15385
0.15385,-0.05128
0.15385,0.05128
0.15385,0.15385
0.15385,0.25641
0.15385,0.35897
0.15385,0.46154
0.15385,0.56410
0.15385,0.66667
0.15385,0.76923
0.15385,0.87179
0.15385,0.97436
0.15385,1.07692
0.15385,1.17949
0.15385,1.28205
0.15385,1.38462
0.15385,1.48718
0.15385,1.58974
0.15385,1.69231
0.15385,1.79487
0.15385,1.89744
0.15385,2.00000
0.25641,-2.00000
0.25641,-1.89744
0.25641,-1.79487
0.25641,-1.69231
0.25641,-1.58974
0.25641,-1.48718
0.25641,-1.38462
0.25641,-1.28205
0.25641,-1.17949
0.25641,-1.07692
0.25641,-0.97436
0.25641,-0.87179
0.25641,-0.76923
0.25641,-0.66667
0.25641,-0.56410
0.25641,-0.46154
0.25641,-0.35897
0.25641,-0.25641
0.25641,-0.15385
0.25641,-0.05128
0.25641,0.05128
0.25641,0.15385
0.25641,0.25641
0.25641,0.35897
0.25641,0.46154
0.25641,0.56410
0.25641,0.66667
0.25641,0.76923
0.25641,0.87179
0.25641,0.97436
0.25641,1.07692
0.25641,1.17949
0.25641,1.28205
0.25641,1.38462
0.25641,1.48718
0.25641,1.58974
0.25641,1.69231
0.25641,1.79487
0.25641,1.89744
0.25641,2.00000
0.35897,-2.00000
0.35897,-1.89744
0.35897,-1.79487
0.35897,-1.69231
0.35897,-1.58974
0.35897,-1.48718
0.35897,-1.38462
0.35897,-1.28205
0.35897,-1.17949
0.35897,-1.07692
0.35897,-0.97436
0.35897,-0.87179
0.35897,-0.76923
0.35897,-0.66667
0.35897,-0.56410
0.35897,-0.46154
0.35897,-0.35897
0.35897,-0.25641
0.35897,-0.15385
0.35897,-0.05128
0.35897,0.05128
0.35897,0.15385
0.35897,0.25641
0.35897,0.35897
0.35897,0.46154
0.35897,0.56410
0.35897,0.66667
0.35897,0.76923
0.35897,0.87179
0.35897,0.97436
0.35897,1.07692
0.35897,1.17949
0.35897,1.28205
0.35897,1.38462
0.35897,1.48718
0.35897,1.58974
0.35897,1.69231
0.35897,1.79487
0.35897,1.89744
0.35897,2.00000
0.46154,-2.00000
0.46154,-1.89744
0.46154,-1.79487
0.46154,-1.69231
0.46154,-1.58974
0.46154,-1.48718
0.46154,-1.38462
0.46154,-1.28205
0.46154,-1.17949
0.46154,-1.07692
0.46154,-0.97436
0.46154,-0.87179
0.46154,-0.76923
0.46154,-0.66667
0.46154,-0.56410
0.46154,-0.46154
0.46154,-0.35897
0.46154,-0.25641
0.46154,-0.15385
0.46154,-0.05128
0.46154,0.05128
0.46154,0.15385
0.46154,0.25641
0.46154,0.35897
0.46154,0.46154
0.46154,0.56410
0.46154,0.66667
0.46154,0.76923
0.46154,0.87179
0.46154,0.97436
0.46154,1.07692
0.46154,1.17949
0.46154,1.28205
0.46154,1.38462
0.46154,1.48718
0.46154,1.58974
0.46154,1.69231
0.46154,1.79487
0.46154,1.89744
0.46154,2.00000
0.56410,-2.00000
0.56410,-1.89744
0.56410,-1.79487
0.56410,-1.69231
0.56410,-1.58974
0.56410,-1.48718
0.56410,-1.38462
0.56410,-1.28205
0.56410,-1.17949
0.56410,-1.07692
0.56410,-0.97436
0.56410,-0.87179
0.56410,-0.76923
0.56410,-0.66667
0.56410,-0.56410
0.56410,-0.46154
0.56410,-0.35897
0.56410,-0.25641
0.56410,-0.15385
0.56410,-0.05128
0.56410,0.05128
0.56410,0.15385
0.56410,0.25641
0.56410,0.35897
0.56410,0.46154
0.56410,0.56410
0.56410,0.66667
0.56410,0.76923
0.56410,0.87179
0.56410,0.97436
0.56410,1.07692
0.56410,1.17949
0.56410,1.28205
0.56410,1.38462
0.56410,1.48718
0.56410,1.58974
0.56410,1.69231
0.56410,1.79487
0.56410,1.89744
0.56410,2.00000
0.66667,-2.00000
0.66667,-1.89744
0.66667,-1.79487
0.66667,-1.69231
0.66667,-1.58974
0.66667,-1.48718
0.66667,-1.38462
0.66667,-1.28205
0.66667,-1.17949
0.66667,-1.07692
0.66667,-0.97436
0.66667,-0.87179
0.66667,-0.76923
0.66667,-0.66667
0.66667,-0.56410
0.66667,-0.46154
0.66667,-0.35897
0.66667,-0.25641
0.66667,-0.15385
0.66667,-0.05128
0.66667,0.05128
0.66667,0.15385
0.66667,0.25641
0.66667,0.35897
0.66667,0.46154
0.66667,0.56410
0.66667,0.66667
0.66667,0.76923
0.66667,0.87179
0.66667,0.97436
0.66667,1.07692
0.66667,1.17949
0.66667,1.28205
0.66667,1.38462
0.66667,1.48718
0.66667,1.58974
0.66667,1.69231
0.66667,1.79487
0.66667,1.89744
0.66667,2.00000
0.76923,-2.00000
0.76923,-1.89744
0.76923,-1.79487
0.76923,-1.69231
0.76923,-1.58974
0.76923,-1.48718
0.76923,-1.38462
0.76923,-1.28205
0.76923,-1.17949
0.76923,-1.07692
0.76923,-0.97436
0.76923,-0.87179
0.76923,-0.76923
0.76923,-0.66667
0.76923,-0.56410
0.76923,-0.46154
0.76923,-0.35897
0.76923,-0.25641
0.76923,-0.15385
0.76923,-0.05128
0.76923,0.05128
0.76923,0.15385
0.76923,0.25641
0.76923,0.35897
0.76923,0.46154
0.76923,0.56410
0.76923,0.66667
0.76923,0.76923
0.76923,0.87179
0.76923,0.97436
0.76923,1.07692
0.76923,1.17949
0.76923,1.28205
0.76923,1.38462
0.76923,1.48718
0.76923,1.58974
0.76923,1.69231
0.76923,1.79487
0.76923,1.89744
0.76923,2.00000
0.87179,-2.00000
0.87179,-1.89744
0.87179,-1.79487
0.87179,-1.69231
0.87179,-1.58974
0.87179,-1.48718
0.87179,-1.38462
0.87179,-1.28205
0.87179,-1.17949
0.87179,-1.07692
0.87179,-0.97436
0.87179,-0.87179
0.87179,-0.76923
0.87179,-0.66667
0.87179,-0.56410
0.87179,-0.46154
0.87179,-0.35897
0.87179,-0.25641
0.87179,-0.15385
0.87179,-0.05128
0.87179,0.05128
0.87179,0.15385
0.87179,0.25641
0.87179,0.35897
0.87179,0.46154
0.87179,0.56410
0.87179,0.66667
0.87179,0.76923
0.87179,0.87179
0.87179,0.97436
0.87179,1.07692
0.87179,1.17949
0.87179,1.28205
0.87179,1.38462
0.87179,1.48718
0.87179,1.58974
0.87179,1.69231
0.87179,1.79487
0.87179,1.89744
0.87179,2.00000
0.97436,-2.00000
0.97436,-1.89744
0.97436,-1.79487
0.97436,-1.69231
0.97436,-1.58974
0.97436,-1.48718
0.97436,-1.38462
0.97436,-1.28205
0.97436,-1.17949
0.97436,-1.07692
0.97436,-0.97436
0.97436,-0.87179
0.97436,-0.76923
0.97436,-0.66667
0.97436,-0.56410
0.97436,-0.46154
0.97436,-0.35897
0.97436,-0.25641
0.97436,-0.15385
0.97436,-0.05128
0.97436,0.05128
0.97436,0.15385
0.97436,0.25641
0.97436,0.35897
0.97436,0.46154
0.97436,0.56410
0.97436,0.66667
0.97436,0.76923
0.97436,0.87179
0.97436,0.97436
0.97436,1.07692
0.97436,1.17949
0.97436,1.28205
0.97436,1.38462
0.97436,1.48718
0.97436,1.58974
0.97436,1.69231
0.97436,1.79487
0.97436,1.89744
0.97436,2.00000
1.07692,-2.00000
1.07692,-1.89744
1.07692,-1.79487
1.07692,-1.69231
1.07692,-1.58974
1.07692,-1.48718
1.07692,-1.38462
1.07692,-1.28205
1.07692,-1.17949
1.07692,-1.07692
1.07692,-0.97436
1.07692,-0.87179
1.07692,-0.76923
1.07692,-0.66667
1.07692,-0.56410
1.07692,-0.46154
1.07692,-0.35897
1.07692,-0.25641
1.07692,-0.15385
1.07692,-0.05128
1.07692,0.05128
1.07692,0.15385
1.07692,0.25641
1.07692,0.35897
1.07692,0.46154
1.07692,0.56410
1.07692,0.66667
1.07692,0.76923
1.07692,0.87179
1.07692,0.97436
1.07692,1.07692
1.07692,1.17949
1.07692,1.28205
1.07692,1.38462
1.07692,1.48718
1.07692,1.58974
1.07692,1.69231
1.07692,1.79487
1.07692,1.89744
1.07692,2.00000
1.17949,-2.00000
1.17949,-1.89744
1.17949,-1.79487
1.17949,-1.69231
1.17949,-1.58974
1.17949,-1.48718
1.17949,-1.38462
1.17949,-1.28205
1.17949,-1.17949
1.17949,-1.07692
1.17949,-0.97436
1.17949,-0.87179
1.17949,-0.76923
1.17949,-0.66667
1.17949,-0.56410
1.17949,-0.46154
1.17949,-0.35897
1.17949,-0.25641
1.17949,-0.15385
1.17949,-0.05128
1.17949,0.05128
1.17949,0.15385
1.17949,0.25641
1.17949,0.35897
1.17949,0.46154
1.17949,0.56410
1.17949,0.66667
1.17949,0.76923
1.17949,0.87179
1.17949,0.97436
1.17949,1.07692
1.17949,1.17949
1.17949,1.28205
1.17949,1.38462
1.17949,1.48718
1.17949,1.58974
1.17949,1.69231
1.17949,1.79487
1.17949,1.89744
1.17949,2.00000
1.28205,-2.00000
1.28205,-1.89744
1.28205,-1.79487
1.28205,-1.69231
1.28205,-1.58974
1.28205,-1.48718
1.28205,-1.38462
1.28205,-1.28205
1.28205,-1.17949
1.28205,-1.07692
1.28205,-0.97436
1.28205,-0.87179
1.28205,-0.76923
1.28205,-0.66667
1.28205,-0.56410
1.28205,-0.46154
1.28205,-0.35897
1.28205,-0.25641
1.28205,-0.15385
1.28205,-0.05128
1.28205,0.05128
1.28205,0.15385
1.28205,0.25641
1.28205,0.35897
1.28205,0.46154
1.28205,0.56410
1.28205,0.66667
1.28205,0.76923
1.28205,0.87179
1.28205,0.97436
1.28205,1.07692
1.28205,1.17949
1.28205,1.28205
1.28205,1.38462
1.28205,1.48718
1.28205,1.58974
1.28205,1.69231
1.28205,1.79487
1.28205,1.89744
1.28205,2.00000
1.38462,-2.00000
1.38462,-1.89744
1.38462,-1.79487
1.38462,-1.69231
1.38462,-1.58974
1.38462,-1.48718
1.38462,-1.38462
1.38462,-1.28205
1.38462,-1.17949
1.38462,-1.07692
1.38462,-0.97436
1.38462,-0.87179
1.38462,-0.76923
1.38462,-0.66667
1.38462,-0.56410
1.38462,-0.46154
1.38462,-0.35897
1.38462,-0.25641
1.38462,-0.15385
1.38462,-0.05128
1.38462,0.05128
1.38462,0.15385
1.38462,0.25641
1.38462,0.35897
1.38462,0.46154
1.38462,0.56410
1.38462,0.66667
1.38462,0.76923
1.38462,0.87179
1.38462,0.97436
1.38462,1.07692
1.38462,1.17949
1.38462,1.28205
1.38462,1.38462
1.38462,1.48718
1.38462,1.58974
1.38462,1.69231
1.38462,1.79487
1.38462,1.89744
1.38462,2.00000
1.48718,-2.00000
1.48718,-1.89744
1.48718,-1.79487
1.48718,-1.69231
1.48718,-1.58974
1.48718,-1.48718
1.48718,-1.38462
1.48718,-1.28205
1.48718,-1.17949
1.48718,-1.07692
1.48718,-0.97436
1.48718,-0.87179
1.48718,-0.76923
1.48718,-0.66667
1.48718,-0.56410
1.48718,-0.46154
1.48718,-0.35897
1.48718,-0.25641
1.48718,-0.15385
1.48718,-0.05128
1.48718,0.05128
1.48718,0.15385
1.48718,0.25641
1.48718,0.35897
1.48718,0.46154
1.48718,0.56410
1.48718,0.66667
1.48718,0.76923
1.48718,0.87179
1.48718,0.97436
1.48718,1.07692
1.48718,1.17949
1.48718,1.28205
1.48718,1.38462
1.48718,1.48718
1.48718,1.58974
1.48718,1.69231
1.48718,1.79487
1.48718,1.89744
1.48718,2.00000
1.58974,-2.00000
1.58974,-1.89744
1.58974,-1.79487
1.58974,-1.69231
1.58974,-1.58974
1.58974,-1.48718
1.58974,-1.38462
1.58974,-1.28205
1.58974,-1.17949
1.58974,-1.07692
1.58974,-0.97436
1.58974,-0.87179
1.58974,-0.76923
1.58974,-0.66667
1.58974,-0.56410
1.58974,-0.46154
1.58974,-0.35897
1.58974,-0.25641
1.58974,-0.15385
1.58974,-0.05128
1.58974,0.05128
1.58974,0.15385
1.58974,0.25641
1.58974,0.35897
1.58974,0.46154
1.58974,0.56410
1.58974,0.66667
1.58974,0.76923
1.58974,0.87179
1.58974,0.97436
1.58974,1.07692
1.58974,1.17949
1.58974,1.28205
1.58974,1.38462
1.58974,1.48718
1.58974,1.58974
1.58974,1.69231
1.58974,1.79487
1.58974,1.89744
1.58974,2.00000
1.69231,-2.00000
1.69231,-1.89744
1.69231,-1.79487
1.69231,-1.69231
1.69231,-1.58974
1.69231,-1.48718
1.69231,-1.38462
1.69231,-1.28205
1.69231,-1.17949
1.69231,-1.07692
1.69231,-0.97436
1.69231,-0.87179
1.69231,-0.76923
1.69231,-0.66667
1.69231,-0.56410
1.69231,-0.46154
1.69231,-0.35897
1.69231,-0.25641
1.69231,-0.15385
1.69231,-0.05128
1.69231,0.05128
1.69231,0.15385
1.69231,0.25641
1.69231,0.35897
1.69231,0.46154
1.69231,0.56410
1.69231,0.66667
1.69231,0.76923
1.69231,0.87179
1.69231,0.97436
1.69231,1.07692
1.69231,1.17949
1.69231,1.28205
1.69231,1.38462
1.69231,1.48718
1.69231,1.58974
1.69231,1.69231
1.69231,1.79487
1.69231,1.89744
1.69231,2.00000
1.79487,-2.00000
1.79487,-1.89744
1.79487,-1.79487
1.79487,-1.69231
1.79487,-1.58974
1.79487,-1.48718
1.79487,-1.38462
1.79487,-1.28205
1.79487,-1.17949
1.79487,-1.07692
1.79487,-0.97436
1.79487,-0.87179
1.79487,-0.76923
1.79487,-0.66667
1.79487,-0.56410
1.79487,-0.46154
1.79487,-0.35897
1.79487,-0.25641
1.79487,-0.15385
1.79487,-0.05128
1.79487,0.05128
1.79487,0.15385
1.79487,0.25641
1.79487,0.35897
1.79487,0.46154
1.79487,0.56410
1.79487,0.66667
1.79487,0.76923
1.79487,0.87179
1.79487,0.97436
1.79487,1.07692
1.79487,1.17949
1.79487,1.28205
1.79487,1.38462
1.79487,1.48718
1.79487,1.58974
1.79487,1.69231
1.79487,1.79487
1.79487,1.89744
1.79487,2.00000
1.89744,-2.00000
1.89744,-1.89744
1.89744,-1.79487
1.89744,-1.69231
1.89744,-1.58974
1.89744,-1.48718
1.89744,-1.38462
1.89744,-1.28205
1.89744,-1.17949
1.89744,-1.07692
1.89744,-0.97436
1.89744,-0.87179
1.89744,-0.76923
1.89744,-0.66667
1.89744,-0.56410
1.89744,-0.46154
1.89744,-0.35897
1.89744,-0.25641
1.89744,-0.15385
1.89744,-0.05128
1.89744,0.05128
1.89744,0.15385
1.89744,0.25641
1.89744,0.35897
1.89744,0.46154
1.89744,0.56410
1.89744,0.66667
1.89744,0.76923
1.89744,0.87179
1.89744,0.97436
1.89744,1.07692
1.89744,1.17949
1.89744,1.28205
1.89744,1.38462
1.89744,1.48718
1.89744,1.58974
1.89744,1.69231
1.89744,1.79487
1.89744,1.89744
1.89744,2.00000
2.00000,-2.00000
2.00000,-1.89744
2.00000,-1.79487
2.00000,-1.69231
2.00000,-1.58974
2.00000,-1.48718
2.00000,-1.38462
2.00000,-1.28205
2.00000,-1.17949
2.00000,-1.07692
2.00000,-0.97436
2.00000,-0.87179
2.00000,-0.76923
2.00000,-0.66667
2.00000,-0.56410
2.00000,-0.46154
2.00000,-0.35897
2.00000,-0.25641
2.00000,-0.15385
2.00000,-0.05128
2.00000,0.05128
2.00000,0.15385
2.00000,0.25641
2.00000,0.35897
2.00000,0.46154
2.00000,0.56410
2.00000,0.66667
2.00000,0.76923
2.00000,0.87179
2.00000,0.97436
2.00000,1.07692
2.00000,1.17949
2.00000,1.28205
2.00000,1.38462
2.00000,1.48718
2.00000,1.58974
2.00000,1.69231
2.00000,1.79487
2.00000,1.89744
2.00000,2.00000
