-1.59913,-0.06853
-1.62039,-0.14655
-1.53418,-0.00563
-1.11758,-0.06573
-1.07678,-0.11545
-1.25673,-0.08160
-1.34823,-0.05442
-1.45417,-0.01825
-1.55713,-0.10569
-1.56142,-0.10892
-1.44479,-0.01725
-1.37078,-0.09623
-1.42943,-0.11687
-1.44713,-0.41352
-1.63225,-0.56598
-1.64575,-0.46978
-1.64897,-0.37420
-1.64760,-0.28000
-1.64285,-0.18767
-1.63503,-0.09767
-1.62410,-0.01035
-1.60990,0.07438
-1.59222,0.15731
-1.57085,0.23980
-1.54582,0.32307
-1.51759,0.40761
-1.48705,0.49298
-1.45523,0.57797
-1.42299,0.66078
-1.39100,0.73920
-1.35984,0.81073
-1.33027,0.87294
-1.30345,0.92399
-1.28066,0.96329
-1.26260,0.99191
-1.24863,1.01264
-1.23685,1.02922
-1.22504,1.04508
-1.21141,1.06246
-1.19484,1.08240
-1.54815,-0.00839
-1.61721,-0.12317
-1.61992,-0.14127
-1.61916,-0.13676
-1.52337,0.01241
-1.21183,-0.03088
-1.16573,-0.08273
-1.31199,-0.05507
-1.47302,-0.01207
-1.56282,-0.10503
-1.55270,-0.09100
-1.35886,-0.08454
-1.49063,-0.09725
-1.45359,-0.39369
-1.63218,-0.56605
-1.64582,-0.46861
-1.64898,-0.37139
-1.64742,-0.27518
-1.64234,-0.18046
-1.63395,-0.08770
-1.62214,0.00271
-1.60670,0.09075
-1.58744,0.17699
-1.56436,0.26241
-1.53774,0.34797
-1.50832,0.43398
-1.47706,0.51996
-1.44493,0.60471
-1.41267,0.68645
-1.38087,0.76297
-1.35008,0.83185
-1.32110,0.89091
-1.29502,0.93888
-1.27277,0.97599
-1.25436,1.00421
-1.23861,1.02671
-1.22366,1.04680
-1.20777,1.06687
-1.18972,1.08825
-1.16869,1.11143
-1.27534,0.01428
-1.33166,0.03862
-1.48693,0.05588
-1.57684,-0.01565
-1.61557,-0.11207
-1.61665,-0.11923
-1.57484,-0.01258
-1.31076,0.01970
-1.24502,-0.04132
-1.38343,-0.01158
-1.57427,-0.09395
-1.41402,-0.02070
-1.57391,-0.16794
-1.45384,-0.37154
-1.63224,-0.56535
-1.64594,-0.46645
-1.64898,-0.36737
-1.64718,-0.26892
-1.64167,-0.17159
-1.63260,-0.07587
-1.61977,0.01779
-1.60291,0.10919
-1.58195,0.19860
-1.55709,0.28672
-1.52896,0.37427
-1.49846,0.46149
-1.46657,0.54790
-1.43415,0.63232
-1.40183,0.71297
-1.37007,0.78769
-1.33941,0.85421
-1.31061,0.91072
-1.28458,0.95663
-1.26181,0.99296
-1.24180,1.02220
-1.22321,1.04729
-1.20452,1.07074
-1.18450,1.09409
-1.16226,1.11811
-1.13722,1.14307
-1.14475,-0.02212
-1.20163,-0.00540
-1.25279,0.01160
-1.30091,0.03066
-1.35952,0.06111
-1.52208,0.02475
-1.59524,-0.03317
-1.61423,-0.10250
-1.61457,-0.10347
-1.55886,0.00868
-1.32564,0.02278
-1.55799,-0.06193
-1.39750,-0.03133
-1.41176,-0.26897
-1.63224,-0.56419
-1.64609,-0.46324
-1.64896,-0.36185
-1.64683,-0.26080
-1.64079,-0.16056
-1.63089,-0.06161
-1.61683,0.03545
-1.59836,0.13019
-1.57554,0.22257
-1.54891,0.31305
-1.51935,0.40227
-1.48787,0.49047
-1.45541,0.57722
-1.42265,0.66134
-1.39008,0.74109
-1.35806,0.81436
-1.32705,0.87908
-1.29775,0.93392
-1.27082,0.97891
-1.24636,1.01563
-1.22369,1.04656
-1.20166,1.07409
-1.17912,1.09998
-1.15521,1.12528
-1.12928,1.15051
-1.10089,1.17583
-0.98623,-0.04915
-1.06208,-0.03718
-1.12388,-0.02226
-1.17726,-0.00657
-1.22482,0.00937
-1.26856,0.02623
-1.31201,0.04693
-1.38099,0.08479
-1.53133,0.03005
-1.60643,-0.05887
-1.61507,-0.08442
-1.62386,-0.08876
-1.60915,-0.06434
-1.61918,-0.13783
-1.63022,-0.56572
-1.64620,-0.45964
-1.64889,-0.35443
-1.64632,-0.25000
-1.63957,-0.14634
-1.62861,-0.04385
-1.61305,0.05675
-1.59271,0.15467
-1.56794,0.24959
-1.53958,0.34193
-1.50873,0.43241
-1.47637,0.52140
-1.44330,0.60851
-1.41003,0.69260
-1.37686,0.77190
-1.34403,0.84433
-1.31192,0.90803
-1.28116,0.96209
-1.25223,1.00703
-1.22510,1.04460
-1.19915,1.07697
-1.17352,1.10600
-1.14740,1.13303
-1.12014,1.15883
-1.09128,1.18386
-1.06049,1.20825
-0.64802,-0.08098
-0.84677,-0.04824
-0.95941,-0.04582
-1.03475,-0.03591
-1.09427,-0.02235
-1.14485,-0.00746
-1.18951,0.00806
-1.23002,0.02436
-1.26793,0.04250
-1.30638,0.06555
-1.36755,0.10639
-1.51989,0.06789
-1.59865,-0.01408
-1.62200,-0.05335
-1.63276,-0.11948
-1.63513,-0.11385
-1.64870,-0.34277
-1.64535,-0.23223
-1.63756,-0.12510
-1.62516,-0.01926
-1.60774,0.08437
-1.58531,0.18457
-1.55861,0.28091
-1.52878,0.37409
-1.49686,0.46520
-1.46371,0.55482
-1.42989,0.64256
-1.39572,0.72719
-1.36132,0.80679
-1.32682,0.87920
-1.29257,0.94264
-1.25924,0.99647
-1.22734,1.04150
-1.19693,1.07947
-1.16757,1.11226
-1.13866,1.14146
-1.10958,1.16817
-1.07985,1.19311
-1.04907,1.21668
-1.01704,1.23904
-0.44579,-0.35117
-0.49768,-0.23090
-0.59692,-0.10506
-0.78775,-0.04307
-0.91563,-0.04027
-0.99422,-0.03318
-1.05318,-0.02126
-1.10176,-0.00698
-1.14363,0.00867
-1.18043,0.02552
-1.21300,0.04393
-1.24194,0.06484
-1.26821,0.09008
-1.29490,0.12392
-1.34356,0.18068
-1.48731,0.18081
-1.56779,0.14147
-1.59895,0.09680
-1.61027,0.06388
-1.60881,0.07706
-1.59616,0.13793
-1.57363,0.22779
-1.54638,0.31950
-1.51603,0.41043
-1.48356,0.50093
-1.44965,0.59111
-1.41472,0.68017
-1.37895,0.76639
-1.34230,0.84739
-1.30486,0.92058
-1.26720,0.98406
-1.23026,1.03743
-1.19480,1.08180
-1.16104,1.11897
-1.12869,1.15078
-1.09726,1.17869
-1.06623,1.20374
-1.03515,1.22660
-1.00373,1.24766
-0.97182,1.26707
-0.35184,-0.57178
-0.39490,-0.47506
-0.43598,-0.37418
-0.47985,-0.26561
-0.54507,-0.14846
-0.68610,-0.05171
-0.84105,-0.03052
-0.93285,-0.02607
-0.99508,-0.01635
-1.04297,-0.00269
-1.08184,0.01359
-1.11375,0.03209
-1.13957,0.05304
-1.15980,0.07722
-1.17495,0.10590
-1.18576,0.14073
-1.19319,0.18347
-1.19854,0.23573
-1.20374,0.29984
-1.22034,0.39754
-1.45983,0.43340
-1.51136,0.40980
-1.51518,0.40985
-1.50038,0.45273
-1.46906,0.53834
-1.43423,0.62969
-1.39735,0.72186
-1.35866,0.81160
-1.31810,0.89535
-1.27602,0.96968
-1.23362,1.03260
-1.19243,1.08432
-1.15348,1.12654
-1.11696,1.16137
-1.08258,1.19071
-1.04980,1.21599
-1.01809,1.23820
-0.98705,1.25798
-0.95642,1.27569
-0.92616,1.29149
-0.26463,-0.73918
-0.30510,-0.66575
-0.34460,-0.58676
-0.38461,-0.49843
-0.42343,-0.40427
-0.46040,-0.30942
-0.50354,-0.20773
-0.57328,-0.10537
-0.70371,-0.03065
-0.82860,-0.01069
-0.90627,-0.00200
-0.95817,0.01100
-0.99551,0.02855
-1.02274,0.05030
-1.04208,0.07656
-1.05511,0.10817
-1.06333,0.14594
-1.06830,0.19014
-1.07153,0.24011
-1.07422,0.29452
-1.07686,0.35172
-1.07962,0.40887
-1.08528,0.45707
-1.11097,0.46967
-1.46135,0.55419
-1.41929,0.66491
-1.37763,0.76689
-1.33337,0.86406
-1.28622,0.95205
-1.23743,1.02688
-1.18937,1.08751
-1.14410,1.13563
-1.10250,1.17390
-1.06449,1.20483
-1.02950,1.23034
-0.99687,1.25183
-0.96603,1.27024
-0.93657,1.28617
-0.90829,1.29998
-0.88123,1.31185
-0.16769,-0.88930
-0.21637,-0.81792
-0.26092,-0.74542
-0.30106,-0.67320
-0.33800,-0.60012
-0.37347,-0.52326
-0.40806,-0.44123
-0.44067,-0.35737
-0.47202,-0.27382
-0.50771,-0.18663
-0.55903,-0.09918
-0.64417,-0.02389
-0.74540,0.01894
-0.81937,0.04107
-0.86601,0.06275
-0.89587,0.08959
-0.91568,0.12255
-0.92981,0.16153
-0.94136,0.20584
-0.95224,0.25463
-0.96302,0.30737
-0.97336,0.36386
-0.98298,0.42332
-0.99446,0.48113
-1.02537,0.51904
-1.41683,0.65402
-1.35793,0.80803
-1.30116,0.92403
-1.24298,1.01801
-1.18542,1.09136
-1.13177,1.14710
-1.08363,1.18942
-1.04108,1.22198
-1.00340,1.24755
-0.96965,1.26804
-0.93899,1.28481
-0.91075,1.29874
-0.88451,1.31040
-0.86011,1.32014
-0.83759,1.32819
-0.07038,-1.01280
-0.11845,-0.95455
-0.16719,-0.88992
-0.21437,-0.82090
-0.25810,-0.75009
-0.29740,-0.67984
-0.33243,-0.61118
-0.36416,-0.54344
-0.39370,-0.47495
-0.42175,-0.40437
-0.44847,-0.33175
-0.47414,-0.25807
-0.50032,-0.18348
-0.53042,-0.10806
-0.56932,-0.03491
-0.62012,0.03113
-0.67740,0.08623
-0.73052,0.13225
-0.77494,0.17519
-0.81159,0.21965
-0.84202,0.26809
-0.86696,0.32210
-0.88661,0.38303
-0.90156,0.45097
-0.91747,0.52039
-0.96913,0.56800
-1.34822,0.81302
-1.26121,0.98776
-1.18339,1.09220
-1.11550,1.16134
-1.05765,1.20932
-1.00900,1.24361
-0.96804,1.26874
-0.93318,1.28762
-0.90300,1.30216
-0.87640,1.31363
-0.85259,1.32281
-0.83111,1.33024
-0.81178,1.33624
-0.79464,1.34101
0.00092,-1.09082
-0.03988,-1.04728
-0.08337,-0.99750
-0.12832,-0.94188
-0.17327,-0.88131
-0.21673,-0.81713
-0.25740,-0.75110
-0.29454,-0.68493
-0.32804,-0.61971
-0.35834,-0.55562
-0.38608,-0.49199
-0.41187,-0.42782
-0.43613,-0.36217
-0.45912,-0.29438
-0.48112,-0.22416
-0.50272,-0.15141
-0.52538,-0.07596
-0.55236,0.00237
-0.58981,0.08220
-0.64314,0.15777
-0.70355,0.22255
-0.75441,0.28133
-0.79077,0.34400
-0.81383,0.41666
-0.82712,0.49904
-0.84791,0.57949
-1.01674,0.62033
-1.21953,1.04134
-1.10054,1.17275
-1.02085,1.23480
-0.96217,1.27152
-0.91714,1.29517
-0.88169,1.31116
-0.85305,1.32242
-0.82925,1.33066
-0.80896,1.33689
-0.79129,1.34173
-0.77573,1.34555
-0.76209,1.34856
-0.75037,1.35090
0.05073,-1.14012
0.01514,-1.10528
-0.02331,-1.06528
-0.06383,-1.02027
-0.10546,-0.97068
-0.14716,-0.91708
-0.18793,-0.86023
-0.22694,-0.80099
-0.26366,-0.74016
-0.29794,-0.67826
-0.32996,-0.61540
-0.36001,-0.55130
-0.38835,-0.48554
-0.41513,-0.41767
-0.44039,-0.34725
-0.46417,-0.27376
-0.48671,-0.19649
-0.50860,-0.11471
-0.53129,-0.02823
-0.55841,0.06171
-0.59666,0.15102
-0.64783,0.23298
-0.69644,0.30793
-0.72752,0.38767
-0.73969,0.47878
-0.74862,0.57318
-0.79944,0.65777
-1.17707,1.06834
-0.97942,1.25928
-0.88909,1.30686
-0.83885,1.32672
-0.80535,1.33740
-0.78126,1.34383
-0.76300,1.34803
-0.74852,1.35095
-0.73650,1.35311
-0.72619,1.35476
-0.71714,1.35607
-0.70919,1.35711
-0.70235,1.35793
0.09042,-1.17657
0.05760,-1.14658
0.02188,-1.11201
-0.01616,-1.07288
-0.05573,-1.02947
-0.09600,-0.98222
-0.13613,-0.93161
-0.17542,-0.87812
-0.21339,-0.82206
-0.24984,-0.76355
-0.28479,-0.70246
-0.31837,-0.63850
-0.35068,-0.57139
-0.38169,-0.50097
-0.41123,-0.42713
-0.43909,-0.34973
-0.46508,-0.26855
-0.48916,-0.18341
-0.51163,-0.09446
-0.53347,-0.00244
-0.55704,0.09116
-0.58581,0.18410
-0.61823,0.27512
-0.64062,0.36833
-0.64559,0.46734
-0.65010,0.56714
-0.67636,0.66558
-0.99182,0.91258
-0.78045,1.34136
-0.71261,1.35506
-0.69000,1.35808
-0.67785,1.35938
-0.67048,1.36005
-0.66569,1.36044
-0.66230,1.36071
-0.65956,1.36090
-0.65705,1.36107
-0.65451,1.36121
-0.65190,1.36134
-0.64928,1.36146
0.12673,-1.20774
0.09527,-1.18083
0.06096,-1.14971
0.02410,-1.11419
-0.01470,-1.07439
-0.05471,-1.03060
-0.09517,-0.98320
-0.13540,-0.93252
-0.17493,-0.87875
-0.21351,-0.82182
-0.25106,-0.76141
-0.28763,-0.69713
-0.32318,-0.62870
-0.35757,-0.55605
-0.39052,-0.47930
-0.42166,-0.39859
-0.45059,-0.31402
-0.47702,-0.22576
-0.50083,-0.13415
-0.52225,-0.03977
-0.54155,0.05671
-0.55756,0.15516
-0.56361,0.25648
-0.55292,0.35934
-0.54339,0.46043
-0.54986,0.56283
-0.56853,0.66709
-0.62281,0.77597
-0.52294,1.35125
-0.52779,1.35308
-0.53828,1.35496
-0.54842,1.35643
-0.55775,1.35758
-0.56617,1.35848
-0.57357,1.35918
-0.57981,1.35971
-0.58476,1.36010
-0.58839,1.36037
-0.59070,1.36055
-0.59183,1.36065
0.16282,-1.23663
0.13194,-1.21201
0.09838,-1.18353
0.06216,-1.15080
0.02365,-1.11371
-0.01655,-1.07240
-0.05774,-1.02713
-0.09928,-0.97815
-0.14063,-0.92560
-0.18147,-0.86938
-0.22161,-0.80915
-0.26098,-0.74445
-0.29945,-0.67494
-0.33680,-0.60056
-0.37270,-0.52150
-0.40673,-0.43798
-0.43841,-0.35020
-0.46727,-0.25829
-0.49297,-0.16241
-0.51522,-0.06269
-0.53249,0.04122
-0.53621,0.15069
-0.50589,0.26172
-0.46440,0.35976
-0.44973,0.45759
-0.45514,0.56202
-0.46697,0.66824
-0.45037,0.76659
-0.32836,1.30283
-0.37035,1.31783
-0.40173,1.32753
-0.42772,1.33464
-0.44989,1.34006
-0.46903,1.34427
-0.48556,1.34756
-0.49965,1.35012
-0.51133,1.35206
-0.52061,1.35349
-0.52753,1.35450
-0.53220,1.35516
0.20015,-1.26427
0.16935,-1.24160
0.13620,-1.21546
0.10042,-1.18528
0.06213,-1.15073
0.02174,-1.11177
-0.02015,-1.06852
-0.06293,-1.02116
-0.10604,-0.96979
-0.14909,-0.91428
-0.19181,-0.85431
-0.23400,-0.78936
-0.27542,-0.71903
-0.31576,-0.64318
-0.35465,-0.56199
-0.39165,-0.47571
-0.42627,-0.38434
-0.45802,-0.28749
-0.48637,-0.18416
-0.51012,-0.07251
-0.52157,0.05002
-0.48447,0.17984
-0.41044,0.27962
-0.37545,0.36803
-0.36534,0.46503
-0.36502,0.56715
-0.35870,0.66655
0.06316,0.99319
-0.18065,1.23681
-0.23830,1.26672
-0.28202,1.28633
-0.31848,1.30083
-0.34979,1.31203
-0.37705,1.32086
-0.40087,1.32790
-0.42154,1.33350
-0.43914,1.33790
-0.45365,1.34127
-0.46502,1.34375
-0.47326,1.34547
0.23929,-1.29070
0.20833,-1.26998
0.17543,-1.24616
0.14007,-1.21856
0.10209,-1.18668
0.06170,-1.15029
0.01936,-1.10935
-0.02438,-1.06394
-0.06900,-1.01411
-0.11407,-0.95971
-0.15929,-0.90037
-0.20438,-0.83550
-0.24900,-0.76455
-0.29272,-0.68723
-0.33504,-0.60364
-0.37551,-0.51390
-0.41378,-0.41741
-0.44966,-0.31149
-0.48259,-0.18907
-0.50134,-0.04214
-0.42486,0.11600
-0.32482,0.20264
-0.29525,0.28724
-0.28520,0.38115
-0.27911,0.47748
-0.26543,0.56961
-0.18077,0.63342
0.06601,1.03640
-0.06169,1.15958
-0.12646,1.20548
-0.17759,1.23616
-0.22091,1.25894
-0.25862,1.27666
-0.29191,1.29080
-0.32148,1.30225
-0.34765,1.31155
-0.37050,1.31903
-0.38992,1.32495
-0.40575,1.32946
-0.41783,1.33273
0.28023,-1.31540
0.24918,-1.29691
0.21660,-1.27563
0.18179,-1.25086
0.14436,-1.22197
0.10429,-1.18855
0.06187,-1.15040
0.01755,-1.10748
-0.02822,-1.05974
-0.07504,-1.00700
-0.12262,-0.94879
-0.17071,-0.88439
-0.21898,-0.81289
-0.26691,-0.73356
-0.31394,-0.64589
-0.35985,-0.54870
-0.40597,-0.43521
-0.45143,-0.28419
-0.23895,-0.08861
-0.15236,-0.05319
-0.15670,0.05499
-0.17116,0.17457
-0.18363,0.28796
-0.18747,0.38982
-0.17394,0.47699
-0.08543,0.52771
0.21662,0.79220
0.10977,0.98196
0.02843,1.07951
-0.03487,1.13857
-0.08863,1.18027
-0.13564,1.21169
-0.17742,1.23634
-0.21499,1.25621
-0.24898,1.27249
-0.27972,1.28594
-0.30724,1.29701
-0.33137,1.30599
-0.35182,1.31309
-0.36822,1.31845
0.32248,-1.33757
0.29178,-1.32176
0.25992,-1.30345
0.22607,-1.28195
0.18964,-1.25656
0.15039,-1.22672
0.10840,-1.19203
0.06399,-1.15230
0.01751,-1.10736
-0.03072,-1.05694
-0.08050,-1.00044
-0.13175,-0.93684
-0.18443,-0.86454
-0.23866,-0.78088
-0.29639,-0.67870
-0.36422,-0.53111
-0.05546,-0.35435
-0.00940,-0.31749
-0.00252,-0.23473
-0.00912,-0.12546
-0.02567,0.00762
-0.04873,0.15005
-0.06698,0.27527
-0.05685,0.36410
0.21452,0.43676
0.28149,0.65300
0.21825,0.79966
0.15342,0.91753
0.09269,1.00560
0.03616,1.07184
-0.01589,1.12241
-0.06351,1.16184
-0.10715,1.19332
-0.14733,1.21902
-0.18452,1.24037
-0.21893,1.25829
-0.25059,1.27332
-0.27924,1.28584
-0.30448,1.29604
-0.32579,1.30407
0.36509,-1.35634
0.33565,-1.34371
0.30533,-1.32889
0.27323,-1.31125
0.23860,-1.29007
0.20097,-1.26462
0.16021,-1.23433
0.11641,-1.19876
0.06981,-1.15757
0.02060,-1.11031
-0.03122,-1.05620
-0.08592,-0.99370
-0.14462,-0.91940
-0.21403,-0.81913
-0.31059,-0.61480
0.04815,-0.45810
0.08158,-0.39901
0.09669,-0.32449
0.10261,-0.23879
0.09993,-0.13701
0.08918,-0.01490
0.07848,0.11313
0.14961,0.17360
0.37339,0.40966
0.33002,0.54254
0.28366,0.65840
0.23638,0.76404
0.18797,0.85891
0.13869,0.94117
0.08946,1.01002
0.04144,1.06637
-0.00452,1.11222
-0.04809,1.14981
-0.08937,1.18107
-0.12853,1.20744
-0.16572,1.22993
-0.20088,1.24917
-0.23374,1.26555
-0.26384,1.27931
-0.29054,1.29056
0.40678,-1.37107
0.37997,-1.36195
0.35251,-1.35106
0.32347,-1.33788
0.29197,-1.32168
0.25730,-1.30166
0.21902,-1.27701
0.17698,-1.24698
0.13118,-1.21093
0.08160,-1.16809
0.02796,-1.11731
-0.03075,-1.05621
-0.09989,-0.97586
-0.23356,-0.77320
0.11887,-0.53149
0.15323,-0.46086
0.17376,-0.38395
0.19074,-0.30716
0.20472,-0.22843
0.21664,-0.14438
0.24486,-0.06318
0.45774,0.15811
0.41376,0.32069
0.37469,0.43099
0.33648,0.53143
0.29742,0.62784
0.25721,0.72011
0.21580,0.80662
0.17319,0.88537
0.12971,0.95484
0.08600,1.01452
0.04279,1.06500
0.00054,1.10758
-0.04059,1.14376
-0.08064,1.17482
-0.11965,1.20177
-0.15755,1.22524
-0.19408,1.24564
-0.22876,1.26322
-0.26093,1.27808
0.44614,-1.38161
0.42377,-1.37596
0.40099,-1.36911
0.37688,-1.36067
0.35049,-1.35005
0.32087,-1.33644
0.28724,-1.31889
0.24902,-1.29633
0.20579,-1.26760
0.15710,-1.23138
0.10218,-1.18580
0.03852,-1.12679
-0.05984,-1.02167
0.18569,-0.61761
0.22501,-0.53640
0.23993,-0.44491
0.25886,-0.36168
0.28305,-0.28718
0.31734,-0.22083
0.42580,-0.15769
0.49622,0.07318
0.45525,0.20699
0.41997,0.31007
0.38518,0.40615
0.34980,0.49922
0.31365,0.58968
0.27675,0.67683
0.23908,0.75947
0.20055,0.83621
0.16116,0.90578
0.12112,0.96741
0.08078,1.02110
0.04046,1.06756
0.00031,1.10784
-0.03971,1.14307
-0.07963,1.17412
-0.11940,1.20164
-0.15880,1.22600
-0.19738,1.24743
-0.23453,1.26602
0.48222,-1.38838
0.46641,-1.38568
0.45042,-1.38241
0.43350,-1.37836
0.41475,-1.37316
0.39318,-1.36624
0.36770,-1.35683
0.33722,-1.34379
0.30059,-1.32564
0.25647,-1.30027
0.20284,-1.26452
0.13351,-1.21070
-0.05240,-0.99785
0.33531,-0.65296
0.32619,-0.54034
0.32572,-0.43384
0.34380,-0.34562
0.38340,-0.27609
0.50341,-0.20006
0.53250,-0.03302
0.49694,0.08585
0.46380,0.18655
0.43104,0.28144
0.39781,0.37359
0.36396,0.46357
0.32956,0.55111
0.29468,0.63559
0.25934,0.71612
0.22347,0.79170
0.18696,0.86133
0.14977,0.92427
0.11200,0.98029
0.07374,1.02973
0.03502,1.07337
-0.00428,1.11214
-0.04428,1.14685
-0.08501,1.17807
-0.12632,1.20615
-0.16784,1.23126
-0.20898,1.25347
0.51558,-1.39219
0.50830,-1.39148
0.50103,-1.39066
0.49334,-1.38966
0.48470,-1.38839
0.47441,-1.38667
0.46160,-1.38420
0.44522,-1.38054
0.42388,-1.37487
0.39557,-1.36579
0.35679,-1.35042
0.29576,-1.31956
0.50201,-0.77805
0.49909,-0.67786
0.46179,-0.56420
0.43731,-0.44916
0.45508,-0.35590
0.55789,-0.26167
0.57096,-0.13357
0.53751,-0.03098
0.50551,0.06498
0.47429,0.15817
0.44277,0.24962
0.41067,0.33941
0.37803,0.42729
0.34496,0.51284
0.31156,0.59553
0.27789,0.67471
0.24389,0.74962
0.20945,0.81943
0.17444,0.88347
0.13880,0.94137
0.10247,0.99327
0.06533,1.03974
0.02717,1.08155
-0.01227,1.11945
-0.05314,1.15399
-0.09541,1.18548
-0.13879,1.21402
-0.18275,1.23963
0.54906,-1.39370
0.55132,-1.39365
0.55371,-1.39358
0.55626,-1.39348
0.55892,-1.39336
0.56163,-1.39320
0.56432,-1.39298
0.56705,-1.39268
0.57016,-1.39224
0.57473,-1.39149
0.58483,-1.38987
0.63926,-1.38139
0.83066,-0.79481
0.67512,-0.65692
0.66677,-0.54654
0.67656,-0.42715
0.67074,-0.31350
0.63428,-0.22510
0.58885,-0.14364
0.55022,-0.05666
0.51742,0.03361
0.48644,0.12431
0.45557,0.21408
0.42437,0.30228
0.39279,0.38849
0.36090,0.47239
0.32876,0.55366
0.29642,0.63185
0.26385,0.70641
0.23095,0.77667
0.19759,0.84198
0.16361,0.90185
0.12889,0.95623
0.09323,1.00545
0.05631,1.05016
0.01778,1.09105
-0.02265,1.12867
-0.06510,1.16332
-0.10939,1.19509
-0.15510,1.22391
0.58630,-1.39275
0.59766,-1.39185
0.60926,-1.39068
0.62147,-1.38917
0.63468,-1.38723
0.64934,-1.38471
0.66607,-1.38135
0.68587,-1.37674
0.71048,-1.37006
0.74330,-1.35954
0.79257,-1.34044
0.89700,-1.28728
1.13306,-0.91404
0.81130,-0.61191
0.78568,-0.49974
0.76413,-0.39532
0.72760,-0.31293
0.67952,-0.24684
0.62500,-0.18121
0.57479,-0.10245
0.53590,-0.01327
0.50305,0.07804
0.47202,0.16792
0.44141,0.25540
0.41081,0.34032
0.38008,0.42275
0.34918,0.50275
0.31805,0.58020
0.28667,0.65481
0.25494,0.72608
0.22276,0.79336
0.18995,0.85607
0.15633,0.91385
0.12168,0.96673
0.08567,1.01510
0.04792,1.05954
0.00803,1.10059
-0.03423,1.13859
-0.07886,1.17365
-0.12553,1.20571
0.62922,-1.38836
0.64815,-1.38529
0.66742,-1.38152
0.68755,-1.37689
0.70914,-1.37119
0.73288,-1.36403
0.75969,-1.35487
0.79078,-1.34284
0.82802,-1.32645
0.87443,-1.30300
0.93588,-1.26653
1.03056,-1.19670
1.21614,-0.97252
0.91806,-0.58754
0.86043,-0.49738
0.82471,-0.41255
0.78548,-0.34294
0.74077,-0.28560
0.68918,-0.23241
0.62994,-0.17111
0.57413,-0.09060
0.53236,0.00175
0.49855,0.09404
0.46758,0.18257
0.43763,0.26724
0.40803,0.34876
0.37840,0.42783
0.34851,0.50490
0.31824,0.58009
0.28746,0.65320
0.25607,0.72377
0.22391,0.79115
0.19074,0.85469
0.15632,0.91392
0.12034,0.96867
0.08248,1.01911
0.04240,1.06557
-0.00018,1.10840
-0.04535,1.14779
-0.09291,1.18377
0.67751,-1.37945
0.70210,-1.37333
0.72702,-1.36612
0.75286,-1.35759
0.78029,-1.34740
0.81009,-1.33503
0.84317,-1.31971
0.88068,-1.30030
0.92410,-1.27504
0.97542,-1.24103
1.03764,-1.19298
1.11715,-1.11821
1.23461,-0.96795
1.06112,-0.56760
0.93358,-0.51208
0.88932,-0.44347
0.85160,-0.38285
0.81370,-0.33161
0.77352,-0.28675
0.72786,-0.24348
0.67203,-0.19407
0.60779,-0.12602
0.55355,-0.03653
0.51406,0.05785
0.48121,0.14783
0.45095,0.23255
0.42174,0.31315
0.39286,0.39082
0.36388,0.46650
0.33444,0.54083
0.30425,0.61418
0.27299,0.68655
0.24035,0.75756
0.20594,0.82646
0.16938,0.89232
0.13029,0.95426
0.08845,1.01163
0.04379,1.06409
-0.00360,1.11160
-0.05340,1.15426
0.72970,-1.36540
0.75803,-1.35590
0.78662,-1.34505
0.81607,-1.33257
0.84705,-1.31802
0.88034,-1.30075
0.91678,-1.27985
0.95732,-1.25400
1.00295,-1.22137
1.05462,-1.17931
1.11312,-1.12387
1.17928,-1.04869
1.25671,-0.93911
1.35248,-0.75078
1.02231,-0.52261
0.96167,-0.47599
0.92520,-0.42550
0.89429,-0.38018
0.86565,-0.34061
0.83755,-0.30529
0.80739,-0.27199
0.77059,-0.23779
0.72013,-0.19783
0.64999,-0.14096
0.57617,-0.05342
0.52362,0.04875
0.48475,0.14637
0.45110,0.23687
0.41990,0.32097
0.39022,0.39956
0.36140,0.47395
0.33269,0.54589
0.30315,0.61727
0.27178,0.68958
0.23761,0.76347
0.19974,0.83830
0.15741,0.91226
0.11026,0.98285
0.05860,1.04763
0.00342,1.10504
0.78405,-1.34617
0.81441,-1.33342
0.84491,-1.31920
0.87614,-1.30317
0.90876,-1.28480
0.94350,-1.26332
0.98113,-1.23771
1.02235,-1.20657
1.06768,-1.16813
1.11724,-1.12022
1.17054,-1.06044
1.22655,-0.98647
1.28453,-0.89586
1.34697,-0.78099
1.41071,-0.60898
1.04732,-0.49627
1.00687,-0.46422
0.98163,-0.42741
0.96260,-0.39267
0.94739,-0.36090
0.93408,-0.33133
0.91992,-0.30270
0.90126,-0.27390
0.87367,-0.24404
0.83164,-0.21202
0.76673,-0.17431
0.66934,-0.11591
0.56955,-0.01325
0.50830,0.10131
0.46634,0.20332
0.43080,0.29570
0.39772,0.38213
0.36648,0.46230
0.33673,0.53669
0.30727,0.60795
0.27621,0.67992
0.24128,0.75599
0.20030,0.83737
0.15142,0.92197
0.09390,1.00471
0.83891,-1.32219
0.86985,-1.30661
0.90077,-1.28956
0.93224,-1.27062
0.96493,-1.24919
0.99953,-1.22439
1.03671,-1.19509
1.07699,-1.15987
1.12052,-1.11711
1.16690,-1.06524
1.21517,-1.00313
1.26408,-0.93048
1.31260,-0.84808
1.36033,-0.75727
1.40796,-0.65812
1.45724,-0.54158
1.10631,-0.48007
1.08080,-0.46720
1.06897,-0.44298
1.06377,-0.41590
1.06169,-0.38807
1.05948,-0.35959
1.05375,-0.33028
1.04152,-0.30025
1.02060,-0.26995
0.98932,-0.23984
0.94565,-0.21011
0.88544,-0.18019
0.79880,-0.14627
0.67152,-0.08649
0.55517,0.02971
0.49207,0.14948
0.44947,0.25193
0.41342,0.34382
0.37888,0.43214
0.34557,0.51562
0.31369,0.59309
0.28161,0.66792
0.24604,0.74614
0.20286,0.83265
0.89282,-1.29416
0.92309,-1.27638
0.95317,-1.25721
0.98362,-1.23618
1.01511,-1.21259
1.04833,-1.18547
1.08392,-1.15357
1.12229,-1.11545
1.16336,-1.06969
1.20651,-1.01523
1.25070,-0.95179
1.29488,-0.87996
1.33836,-0.80111
1.38080,-0.71712
1.42189,-0.63024
1.46056,-0.54400
1.49181,-0.47087
1.49498,-0.46090
1.50448,-0.43334
1.50180,-0.42567
1.49560,-0.42119
1.48134,-0.40736
1.42977,-0.42146
1.31783,-0.43207
1.21190,-0.35069
1.17282,-0.30288
1.13273,-0.26546
1.08767,-0.23310
1.03572,-0.20383
0.97405,-0.17653
0.89660,-0.14984
0.78878,-0.11773
0.63890,-0.04527
0.53071,0.08163
0.47302,0.19946
0.43155,0.30013
0.39473,0.39315
0.35789,0.48579
0.32179,0.57412
0.28678,0.65633
0.94442,-1.26302
0.97298,-1.24380
1.00116,-1.22337
1.02955,-1.20119
1.05886,-1.17646
1.08984,-1.14807
1.12321,-1.11462
1.15931,-1.07460
1.19797,-1.02675
1.23843,-0.97045
1.27966,-0.90593
1.32082,-0.83422
1.36145,-0.75675
1.40137,-0.67504
1.44045,-0.59051
1.47829,-0.50445
1.51403,-0.41841
1.54631,-0.33506
1.57324,-0.25982
1.59281,-0.20084
1.60634,-0.15730
1.61809,-0.11738
1.62465,-0.09388
1.62081,-0.10451
1.61421,-0.12063
1.59034,-0.17540
1.54512,-0.23915
1.41720,-0.31463
1.23680,-0.27403
1.16613,-0.23133
1.10386,-0.20032
1.03922,-0.17380
0.96621,-0.14948
0.87498,-0.12517
0.74425,-0.08863
0.58877,0.01073
0.50224,0.14096
0.45058,0.25576
0.40992,0.35603
0.37064,0.45465
0.99250,-1.22989
1.01847,-1.21013
1.04389,-1.18942
1.06941,-1.16716
1.09587,-1.14236
1.12420,-1.11368
1.15521,-1.07948
1.18925,-1.03815
1.22600,-0.98859
1.26454,-0.93060
1.30386,-0.86484
1.34317,-0.79261
1.38212,-0.71539
1.42056,-0.63450
1.45836,-0.55088
1.49521,-0.46506
1.53055,-0.37729
1.56374,-0.28780
1.59423,-0.19719
1.62165,-0.10670
1.64570,-0.01855
1.66578,0.06265
1.67998,0.12496
1.68361,0.14164
1.68124,0.13084
1.67993,0.12498
1.66300,0.05250
1.64751,-0.00491
1.61438,-0.10041
1.55433,-0.19719
1.38678,-0.28567
1.23130,-0.23566
1.15687,-0.20026
1.08957,-0.17353
1.01907,-0.15017
0.93733,-0.12820
0.82889,-0.10360
0.66929,-0.04609
0.53714,0.08382
0.47020,0.21231
1.03595,-1.19612
1.05862,-1.17684
1.08062,-1.15696
1.10275,-1.13570
1.12606,-1.11181
1.15176,-1.08353
1.18079,-1.04891
1.21339,-1.00631
1.24896,-0.95492
1.28639,-0.89499
1.32461,-0.82763
1.36286,-0.75440
1.40078,-0.67687
1.43818,-0.59628
1.47485,-0.51337
1.51043,-0.42838
1.54444,-0.34116
1.57643,-0.25151
1.60608,-0.15950
1.63323,-0.06554
1.65788,0.02972
1.68012,0.12554
1.70002,0.22112
1.71759,0.31522
1.73252,0.40494
1.74316,0.47674
1.72428,0.35409
1.70472,0.24533
1.68153,0.13259
1.66489,0.06265
1.63675,-0.03487
1.59635,-0.12323
1.49454,-0.22229
1.29240,-0.24440
1.20040,-0.20301
1.13059,-0.17534
1.06148,-0.15223
0.98489,-0.13095
0.88925,-0.10955
0.74814,-0.07527
1.07387,-1.16327
1.09270,-1.14560
1.11084,-1.12767
1.12933,-1.10840
1.14964,-1.08603
1.17323,-1.05829
1.20106,-1.02298
1.23305,-0.97864
1.26820,-0.92495
1.30521,-0.86268
1.34292,-0.79336
1.38060,-0.71881
1.41785,-0.64071
1.45439,-0.56030
1.48991,-0.47822
1.52403,-0.39451
1.55641,-0.30879
1.58678,-0.22064
1.61500,-0.12987
1.64101,-0.03668
1.66483,0.05853
1.68654,0.15527
1.70622,0.25313
1.72389,0.35180
1.73951,0.45116
1.75284,0.55128
1.76329,0.65267
1.76926,0.75690
1.76305,0.86676
1.54261,-0.16658
1.65358,0.02138
1.65107,0.01294
1.63246,-0.04074
1.60314,-0.10372
1.52669,-0.18949
1.35678,-0.24957
1.23818,-0.20788
1.16516,-0.17859
1.09625,-0.15513
1.02189,-0.13377
1.10558,-1.13305
1.12019,-1.11814
1.13426,-1.10317
1.14929,-1.08649
1.16720,-1.06563
1.18966,-1.03787
1.21731,-1.00105
1.24952,-0.95421
1.28491,-0.89763
1.32198,-0.83263
1.35956,-0.76110
1.39695,-0.68510
1.43370,-0.60639
1.46940,-0.52623
1.50369,-0.44518
1.53625,-0.36312
1.56689,-0.27944
1.59557,-0.19346
1.62230,-0.10476
1.64709,-0.01338
1.66994,0.08037
1.69090,0.17603
1.70998,0.27318
1.72716,0.37147
1.74230,0.47063
1.75509,0.57054
1.76477,0.67116
1.76952,0.77259
1.76170,0.87530
1.33802,0.12807
1.65219,0.04673
1.31381,-0.14610
1.22019,-0.17103
1.53144,-0.17678
1.59347,-0.11546
1.58285,-0.13087
1.53272,-0.17749
1.41267,-0.24055
1.27198,-0.21377
1.19421,-0.18250
1.13062,-1.10719
1.14081,-1.09608
1.15095,-1.08468
1.16318,-1.07048
1.17982,-1.05032
1.20238,-1.02137
1.23084,-0.98197
1.26397,-0.93184
1.30003,-0.87188
1.33745,-0.80388
1.37514,-0.73006
1.41236,-0.65262
1.44862,-0.57342
1.48343,-0.49371
1.51638,-0.41397
1.54728,-0.33389
1.57617,-0.25259
1.60321,-0.16909
1.62852,-0.08277
1.65215,0.00651
1.67409,0.09848
1.69433,0.19268
1.71283,0.28866
1.72952,0.38601
1.74423,0.48443
1.75656,0.58369
1.76569,0.68369
1.76955,0.78442
1.75874,0.88630
1.54851,0.14989
1.52799,-0.00725
1.48007,-0.11038
1.60165,-0.03508
1.23720,-0.09909
0.97261,-0.06147
1.15641,-0.14859
1.37658,-0.23282
1.52254,-0.17904
1.51894,-0.18204
1.44093,-0.22769
1.14872,-1.08730
1.15456,-1.08061
1.16141,-1.07263
1.17207,-1.05988
1.18892,-1.03892
1.21279,-1.00739
1.24285,-0.96440
1.27731,-0.91036
1.31427,-0.84673
1.35220,-0.77565
1.39005,-0.69958
1.42713,-0.62086
1.46283,-0.54141
1.49661,-0.46245
1.52810,-0.38436
1.55729,-0.30658
1.58445,-0.22793
1.60992,-0.14709
1.63391,-0.06322
1.65648,0.02393
1.67760,0.11411
1.69719,0.20684
1.71517,0.30163
1.73143,0.39802
1.74576,0.49568
1.75771,0.59435
1.76638,0.69389
1.76947,0.79429
1.75517,0.89603
1.52185,0.14672
1.60889,0.05462
1.21489,-0.00957
1.51179,-0.09812
1.57883,-0.05064
1.38708,-0.12508
1.13225,-0.05631
0.69687,0.01958
0.88890,-0.06534
1.17902,-0.15905
1.35926,-0.22708
