-1.63092,-0.06275
-1.63934,-0.14378
-1.62000,0.01401
-1.02276,0.21708
-0.96978,0.17877
-1.18831,0.26094
-1.57207,0.19517
-1.61753,0.02590
-1.63411,-0.09193
-1.63457,-0.09604
-1.61661,0.03089
-1.59453,0.11670
-1.62946,-0.05916
-1.62442,-0.07192
-1.63126,-0.56597
-1.64562,-0.46978
-1.64890,-0.37420
-1.64754,-0.28001
-1.64279,-0.18768
-1.63496,-0.09768
-1.62401,-0.01037
-1.60980,0.07435
-1.59210,0.15728
-1.57071,0.23975
-1.54564,0.32301
-1.51737,0.40753
-1.48678,0.49288
-1.45491,0.57784
-1.42263,0.66062
-1.39061,0.73901
-1.35942,0.81050
-1.32982,0.87266
-1.30297,0.92366
-1.28017,0.96291
-1.26209,0.99149
-1.24810,1.01219
-1.23632,1.02874
-1.22449,1.04457
-1.21087,1.06192
-1.19432,1.08184
-1.62103,0.00783
-1.63717,-0.12006
-1.63887,-0.13846
-1.63846,-0.13386
-1.61654,0.03486
-1.13334,0.27091
-1.07870,0.22163
-1.43809,0.33109
-1.61780,0.02522
-1.63418,-0.09238
-1.63234,-0.07618
-1.58367,0.15448
-1.63100,-0.06760
-1.63556,-0.14857
-1.63124,-0.56604
-1.64570,-0.46862
-1.64892,-0.37140
-1.64737,-0.27519
-1.64228,-0.18047
-1.63388,-0.08771
-1.62207,0.00269
-1.60661,0.09073
-1.58733,0.17696
-1.56422,0.26237
-1.53757,0.34791
-1.50811,0.43390
-1.47680,0.51986
-1.44462,0.60458
-1.41233,0.68630
-1.38050,0.76278
-1.34968,0.83162
-1.32067,0.89064
-1.29457,0.93856
-1.27230,0.97562
-1.25388,1.00379
-1.23812,1.02626
-1.22315,1.04632
-1.20727,1.06636
-1.18922,1.08772
-1.16822,1.11089
-1.22892,0.37118
-1.55714,0.25536
-1.60640,0.08893
-1.62322,-0.00591
-1.63606,-0.10878
-1.63678,-0.11606
-1.62270,-0.00244
-1.50778,0.32840
-1.17376,0.28141
-1.60404,0.09416
-1.63324,-0.08344
-1.61378,0.04537
-1.64039,-0.15801
-1.63551,-0.14910
-1.63144,-0.56534
-1.64585,-0.46645
-1.64893,-0.36737
-1.64714,-0.26892
-1.64163,-0.17159
-1.63255,-0.07588
-1.61971,0.01778
-1.60284,0.10917
-1.58185,0.19857
-1.55697,0.28668
-1.52880,0.37421
-1.49825,0.46141
-1.46632,0.54780
-1.43386,0.63219
-1.40151,0.71282
-1.36972,0.78751
-1.33903,0.85398
-1.31020,0.91045
-1.28415,0.95631
-1.26136,0.99260
-1.24134,1.02179
-1.22274,1.04685
-1.20406,1.07027
-1.18405,1.09360
-1.16183,1.11761
-1.13682,1.14256
-1.05605,0.25119
-1.12163,0.28281
-1.18501,0.32589
-1.48645,0.35407
-1.58252,0.18608
-1.61435,0.04752
-1.62629,-0.02704
-1.63506,-0.09908
-1.63516,-0.10010
-1.61879,0.02223
-1.54782,0.27403
-1.62894,-0.04799
-1.61199,0.05406
-1.62135,-0.03322
-1.63178,-0.56418
-1.64605,-0.46324
-1.64894,-0.36185
-1.64682,-0.26081
-1.64077,-0.16056
-1.63086,-0.06162
-1.61680,0.03544
-1.59831,0.13018
-1.57547,0.22254
-1.54881,0.31301
-1.51922,0.40222
-1.48769,0.49040
-1.45518,0.57712
-1.42239,0.66122
-1.38979,0.74095
-1.35774,0.81418
-1.32670,0.87886
-1.29737,0.93365
-1.27042,0.97859
-1.24595,1.01527
-1.22327,1.04616
-1.20124,1.07366
-1.17871,1.09953
-1.15482,1.12482
-1.12891,1.15004
-1.10056,1.17535
-0.85670,0.19242
-0.95812,0.21788
-1.03209,0.24440
-1.09356,0.27219
-1.14916,0.30394
-1.21246,0.36333
-1.52333,0.32873
-1.58737,0.16939
-1.61391,0.05031
-1.62993,-0.05455
-1.63313,-0.08132
-1.63379,-0.08710
-1.63067,-0.06045
-1.63855,-0.13493
-1.63126,-0.56573
-1.64628,-0.45964
-1.64893,-0.35442
-1.64635,-0.25000
-1.63960,-0.14634
-1.62863,-0.04384
-1.61307,0.05675
-1.59272,0.15467
-1.56792,0.24958
-1.53954,0.34191
-1.50864,0.43238
-1.47624,0.52135
-1.44312,0.60844
-1.40981,0.69250
-1.37661,0.77177
-1.34375,0.84417
-1.31161,0.90783
-1.28082,0.96183
-1.25187,1.00673
-1.22473,1.04425
-1.19878,1.07659
-1.17316,1.10560
-1.14705,1.13260
-1.11982,1.15840
-1.09097,1.18342
-1.06021,1.20781
-0.52782,-0.03850
-0.63895,0.12614
-0.81783,0.18712
-0.92424,0.21139
-0.99774,0.23535
-1.05665,0.26009
-1.10782,0.28626
-1.15559,0.31727
-1.21463,0.38161
-1.51696,0.34594
-1.57925,0.20056
-1.60623,0.09084
-1.62374,-0.00895
-1.62965,-0.05196
-1.63709,-0.11881
-1.63659,-0.11362
-1.64887,-0.34276
-1.64549,-0.23221
-1.63769,-0.12508
-1.62529,-0.01924
-1.60786,0.08440
-1.58542,0.18460
-1.55871,0.28094
-1.52883,0.37411
-1.49688,0.46521
-1.46367,0.55481
-1.42980,0.64252
-1.39558,0.72712
-1.36114,0.80669
-1.32660,0.87907
-1.29232,0.94245
-1.25895,0.99623
-1.22704,1.04122
-1.19662,1.07914
-1.16726,1.11191
-1.13836,1.14108
-1.10930,1.16778
-1.07958,1.19271
-1.04883,1.21628
-1.01681,1.23862
-0.43895,-0.34861
-0.47729,-0.22434
-0.51580,-0.07949
-0.58483,0.08021
-0.74991,0.17509
-0.87132,0.20257
-0.94885,0.22431
-1.00741,0.24655
-1.05580,0.26948
-1.09774,0.29361
-1.13532,0.32054
-1.17102,0.35531
-1.35369,0.42255
-1.51614,0.36580
-1.55626,0.28062
-1.57834,0.21012
-1.59400,0.14877
-1.60506,0.09834
-1.61170,0.06421
-1.60926,0.07716
-1.59655,0.13804
-1.57400,0.22790
-1.54672,0.31962
-1.51632,0.41054
-1.48378,0.50102
-1.44979,0.59117
-1.41479,0.68019
-1.37894,0.76639
-1.34222,0.84735
-1.30473,0.92049
-1.26702,0.98391
-1.23004,1.03723
-1.19456,1.08155
-1.16079,1.11868
-1.12845,1.15046
-1.09703,1.17835
-1.06600,1.20338
-1.03493,1.22623
-1.00352,1.24728
-0.97163,1.26666
-0.35048,-0.57111
-0.39244,-0.47398
-0.43083,-0.37219
-0.46663,-0.26118
-0.50107,-0.13523
-0.54177,0.00548
-0.64143,0.13439
-0.78346,0.18890
-0.87584,0.21154
-0.93854,0.23181
-0.98587,0.25247
-1.02322,0.27358
-1.05285,0.29528
-1.07585,0.31797
-1.09306,0.34241
-1.10535,0.36949
-1.11387,0.39968
-1.12089,0.43075
-1.13721,0.44622
-1.47716,0.50183
-1.50223,0.44952
-1.51597,0.41149
-1.51640,0.41030
-1.50126,0.45306
-1.46977,0.53862
-1.43475,0.62991
-1.39770,0.72202
-1.35886,0.81171
-1.31818,0.89541
-1.27601,0.96967
-1.23353,1.03252
-1.19230,1.08418
-1.15331,1.12634
-1.11679,1.16113
-1.08240,1.19044
-1.04962,1.21570
-1.01791,1.23788
-0.98687,1.25764
-0.95625,1.27532
-0.92600,1.29109
-0.26408,-0.73885
-0.30435,-0.66533
-0.34348,-0.58619
-0.38273,-0.49759
-0.41985,-0.40283
-0.45267,-0.30668
-0.48353,-0.20149
-0.51315,-0.08734
-0.55167,0.03375
-0.63735,0.13928
-0.75235,0.19150
-0.83244,0.21567
-0.88504,0.23562
-0.92134,0.25566
-0.94677,0.27679
-0.96447,0.29982
-0.97677,0.32567
-0.98566,0.35505
-0.99284,0.38808
-0.99965,0.42395
-1.00735,0.46033
-1.01865,0.49192
-1.04101,0.50817
-1.08987,0.49105
-1.46356,0.55507
-1.42066,0.66552
-1.37852,0.76734
-1.33392,0.86440
-1.28654,0.95229
-1.23757,1.02701
-1.18939,1.08753
-1.14404,1.13556
-1.10240,1.17377
-1.06437,1.20464
-1.02936,1.23011
-0.99673,1.25157
-0.96589,1.26994
-0.93643,1.28584
-0.90815,1.29961
-0.88109,1.31145
-0.16738,-0.88907
-0.21600,-0.81767
-0.26044,-0.74513
-0.30042,-0.67284
-0.33710,-0.59966
-0.37210,-0.52262
-0.40576,-0.44027
-0.43648,-0.35580
-0.46365,-0.27100
-0.48894,-0.18094
-0.51301,-0.08587
-0.53999,0.01175
-0.58395,0.10285
-0.65522,0.17075
-0.72560,0.21050
-0.77624,0.23774
-0.81159,0.26315
-0.83817,0.29064
-0.86018,0.32175
-0.87973,0.35719
-0.89750,0.39709
-0.91357,0.44090
-0.92919,0.48635
-0.95075,0.52624
-1.00260,0.53980
-1.42396,0.65712
-1.36001,0.80915
-1.30231,0.92483
-1.24361,1.01857
-1.18573,1.09169
-1.13188,1.14724
-1.08364,1.18943
-1.04103,1.22191
-1.00332,1.24740
-0.96956,1.26785
-0.93889,1.28457
-0.91064,1.29846
-0.88440,1.31007
-0.85999,1.31977
-0.83748,1.32779
-0.07016,-1.01260
-0.11822,-0.95435
-0.16692,-0.88971
-0.21405,-0.82068
-0.25770,-0.74984
-0.29688,-0.67954
-0.33173,-0.61082
-0.36319,-0.54298
-0.39229,-0.47433
-0.41959,-0.40351
-0.44496,-0.33047
-0.46804,-0.25606
-0.48901,-0.18010
-0.50844,-0.10196
-0.52715,-0.02334
-0.54794,0.05337
-0.57724,0.12582
-0.62226,0.19065
-0.67919,0.24399
-0.73372,0.28846
-0.77846,0.33150
-0.81329,0.37827
-0.83962,0.43128
-0.86003,0.49017
-0.88524,0.54693
-0.96629,0.57008
-1.35619,0.81741
-1.26335,0.98952
-1.18434,1.09324
-1.11592,1.16190
-1.05783,1.20960
-1.00905,1.24371
-0.96803,1.26872
-0.93314,1.28752
-0.90294,1.30200
-0.87632,1.31340
-0.85251,1.32254
-0.83103,1.32992
-0.81169,1.33587
-0.79455,1.34060
0.00112,-1.09061
-0.03968,-1.04710
-0.08317,-0.99732
-0.12811,-0.94172
-0.17304,-0.88114
-0.21646,-0.81695
-0.25707,-0.75090
-0.29413,-0.68470
-0.32753,-0.61944
-0.35768,-0.55530
-0.38521,-0.49160
-0.41070,-0.42734
-0.43449,-0.36155
-0.45672,-0.29355
-0.47739,-0.22299
-0.49658,-0.14966
-0.51458,-0.07314
-0.53233,0.00734
-0.55268,0.09193
-0.58493,0.17746
-0.64042,0.25423
-0.70285,0.31644
-0.75060,0.37545
-0.78080,0.44239
-0.79904,0.51832
-0.83295,0.58815
-1.36159,0.71806
-1.22379,1.04540
-1.10169,1.17436
-1.02130,1.23561
-0.96236,1.27193
-0.91721,1.29535
-0.88171,1.31119
-0.85303,1.32235
-0.82921,1.33051
-0.80891,1.33668
-0.79123,1.34146
-0.77567,1.34523
-0.76203,1.34819
-0.75031,1.35049
0.05092,-1.13990
0.01533,-1.10509
-0.02313,-1.06510
-0.06366,-1.02011
-0.10528,-0.97053
-0.14698,-0.91694
-0.18774,-0.86009
-0.22672,-0.80085
-0.26341,-0.74001
-0.29764,-0.67809
-0.32960,-0.61521
-0.35957,-0.55109
-0.38781,-0.48530
-0.41444,-0.41739
-0.43946,-0.34691
-0.46287,-0.27332
-0.48469,-0.19588
-0.50510,-0.11377
-0.52440,-0.02654
-0.54356,0.06515
-0.56713,0.15854
-0.60719,0.24716
-0.66155,0.32489
-0.70255,0.40135
-0.71921,0.48877
-0.73400,0.57882
-0.82401,0.64923
-1.19205,1.08423
-0.98049,1.26145
-0.88947,1.30792
-0.83901,1.32727
-0.80541,1.33766
-0.78127,1.34392
-0.76300,1.34799
-0.74849,1.35082
-0.73648,1.35290
-0.72616,1.35449
-0.71710,1.35575
-0.70915,1.35674
-0.70231,1.35752
0.09062,-1.17633
0.05778,-1.14637
0.02205,-1.11182
-0.01599,-1.07271
-0.05558,-1.02933
-0.09585,-0.98209
-0.13598,-0.93149
-0.17526,-0.87800
-0.21323,-0.82195
-0.24966,-0.76344
-0.28458,-0.70234
-0.31814,-0.63837
-0.35041,-0.57126
-0.38137,-0.50083
-0.41083,-0.42697
-0.43857,-0.34954
-0.46435,-0.26830
-0.48803,-0.18307
-0.50960,-0.09393
-0.52933,-0.00147
-0.54804,0.09313
-0.56882,0.18793
-0.59713,0.28064
-0.62307,0.37318
-0.62898,0.47081
-0.63736,0.56894
-0.68448,0.66453
-1.16603,1.10806
-0.78096,1.34398
-0.71274,1.35630
-0.69004,1.35872
-0.67786,1.35968
-0.67049,1.36015
-0.66569,1.36042
-0.66229,1.36058
-0.65956,1.36070
-0.65704,1.36081
-0.65450,1.36090
-0.65189,1.36098
-0.64927,1.36106
0.12693,-1.20747
0.09546,-1.18060
0.06113,-1.14950
0.02426,-1.11402
-0.01455,-1.07424
-0.05457,-1.03047
-0.09503,-0.98308
-0.13527,-0.93242
-0.17480,-0.87865
-0.21337,-0.82172
-0.25092,-0.76132
-0.28747,-0.69704
-0.32301,-0.62861
-0.35738,-0.55596
-0.39030,-0.47920
-0.42140,-0.39849
-0.45028,-0.31391
-0.47661,-0.22563
-0.50024,-0.13398
-0.52135,-0.03956
-0.54025,0.05699
-0.55648,0.15536
-0.56341,0.25650
-0.54507,0.35934
-0.52731,0.45867
-0.53879,0.56149
-0.57218,0.66742
-0.75427,0.79302
-0.52266,1.35347
-0.52766,1.35417
-0.53822,1.35553
-0.54839,1.35671
-0.55774,1.35767
-0.56618,1.35845
-0.57358,1.35906
-0.57982,1.35952
-0.58478,1.35985
-0.58840,1.36007
-0.59072,1.36020
-0.59185,1.36026
0.16302,-1.23634
0.13212,-1.21176
0.09855,-1.18331
0.06232,-1.15061
0.02380,-1.11355
-0.01641,-1.07227
-0.05762,-1.02701
-0.09916,-0.97805
-0.14052,-0.92551
-0.18136,-0.86930
-0.22151,-0.80908
-0.26087,-0.74439
-0.29934,-0.67488
-0.33669,-0.60051
-0.37260,-0.52145
-0.40664,-0.43794
-0.43835,-0.35018
-0.46730,-0.25829
-0.49324,-0.16248
-0.51629,-0.06296
-0.53658,0.04034
-0.55037,0.14844
-0.52827,0.26210
-0.46625,0.36026
-0.44167,0.45470
-0.45039,0.56041
-0.47139,0.66949
-0.43763,0.76342
-0.32784,1.30441
-0.37011,1.31865
-0.40162,1.32797
-0.42767,1.33486
-0.44988,1.34013
-0.46904,1.34423
-0.48558,1.34744
-0.49968,1.34993
-0.51136,1.35181
-0.52065,1.35320
-0.52758,1.35416
-0.53225,1.35478
0.20035,-1.26395
0.16953,-1.24133
0.13637,-1.21523
0.10058,-1.18508
0.06227,-1.15057
0.02187,-1.11163
-0.02004,-1.06841
-0.06282,-1.02107
-0.10595,-0.96971
-0.14900,-0.91422
-0.19173,-0.85425
-0.23393,-0.78932
-0.27536,-0.71899
-0.31572,-0.64316
-0.35465,-0.56199
-0.39171,-0.47574
-0.42646,-0.38442
-0.45850,-0.28765
-0.48760,-0.18452
-0.51391,-0.07346
-0.53651,0.04704
-0.53351,0.17774
-0.44343,0.29048
-0.38573,0.37333
-0.36948,0.46726
-0.36940,0.56931
-0.35846,0.66644
0.08582,1.01454
-0.18015,1.23780
-0.23806,1.26728
-0.28190,1.28663
-0.31843,1.30097
-0.34978,1.31206
-0.37706,1.32081
-0.40090,1.32778
-0.42159,1.33332
-0.43920,1.33766
-0.45371,1.34098
-0.46508,1.34342
-0.47333,1.34510
0.23948,-1.29034
0.20851,-1.26967
0.17560,-1.24591
0.14022,-1.21835
0.10222,-1.18651
0.06182,-1.15015
0.01947,-1.10924
-0.02429,-1.06385
-0.06892,-1.01404
-0.11401,-0.95966
-0.15924,-0.90033
-0.20434,-0.83548
-0.24899,-0.76455
-0.29276,-0.68725
-0.33516,-0.60370
-0.37578,-0.51402
-0.41434,-0.41764
-0.45090,-0.31193
-0.48610,-0.19011
-0.51897,-0.04621
-0.52146,0.11440
-0.38698,0.23378
-0.32415,0.30738
-0.30467,0.39503
-0.29455,0.48777
-0.27238,0.57378
0.02295,0.59756
0.06709,1.03748
-0.06131,1.16013
-0.12627,1.20581
-0.17749,1.23634
-0.22087,1.25902
-0.25862,1.27666
-0.29194,1.29073
-0.32153,1.30212
-0.34771,1.31136
-0.37056,1.31880
-0.38999,1.32466
-0.40583,1.32914
-0.41792,1.33237
0.28042,-1.31499
0.24936,-1.29657
0.21677,-1.27535
0.18194,-1.25062
0.14449,-1.22178
0.10441,-1.18840
0.06197,-1.15029
0.01763,-1.10739
-0.02816,-1.05968
-0.07500,-1.00696
-0.12260,-0.94878
-0.17073,-0.88440
-0.21904,-0.81294
-0.26706,-0.73365
-0.31425,-0.64606
-0.36049,-0.54901
-0.40744,-0.43582
-0.45871,-0.28667
-0.47847,-0.08261
-0.15001,-0.05622
-0.16048,0.05983
-0.19022,0.19591
-0.21015,0.31372
-0.21368,0.41215
-0.19013,0.48910
0.15250,0.50756
0.22162,0.79518
0.11032,0.98243
0.02868,1.07979
-0.03474,1.13875
-0.08857,1.18036
-0.13562,1.21172
-0.17743,1.23631
-0.21503,1.25612
-0.24904,1.27236
-0.27979,1.28576
-0.30732,1.29678
-0.33146,1.30572
-0.35191,1.31277
-0.36832,1.31809
0.32266,-1.33711
0.29196,-1.32137
0.26008,-1.30313
0.22621,-1.28169
0.18976,-1.25636
0.15050,-1.22656
0.10849,-1.19192
0.06405,-1.15222
0.01755,-1.10732
-0.03070,-1.05692
-0.08052,-1.00046
-0.13182,-0.93690
-0.18459,-0.86465
-0.23899,-0.78109
-0.29710,-0.67911
-0.36767,-0.53274
-0.06038,-0.34893
0.02087,-0.35951
0.03687,-0.29644
0.03100,-0.19522
0.00243,-0.04245
-0.04580,0.14567
-0.08321,0.29396
-0.06285,0.36959
0.35171,0.48998
0.28613,0.65527
0.21912,0.80019
0.15374,0.91777
0.09284,1.00573
0.03623,1.07192
-0.01587,1.12244
-0.06352,1.16183
-0.10718,1.19327
-0.14739,1.21893
-0.18458,1.24024
-0.21902,1.25811
-0.25068,1.27310
-0.27934,1.28557
-0.30459,1.29573
-0.32590,1.30372
0.36526,-1.35582
0.33581,-1.34328
0.30548,-1.32853
0.27337,-1.31096
0.23872,-1.28985
0.20107,-1.26446
0.16028,-1.23422
0.11646,-1.19870
0.06983,-1.15756
0.02057,-1.11034
-0.03130,-1.05627
-0.08609,-0.99385
-0.14494,-0.91965
-0.21473,-0.81961
-0.32581,-0.62277
0.04632,-0.45607
0.09846,-0.42011
0.12410,-0.36198
0.13862,-0.29241
0.14160,-0.20460
0.12854,-0.08247
0.10945,0.06502
0.43143,0.18897
0.38299,0.41341
0.33249,0.54361
0.28460,0.65887
0.23677,0.76426
0.18814,0.85902
0.13876,0.94122
0.08948,1.01004
0.04144,1.06636
-0.00454,1.11219
-0.04814,1.14975
-0.08943,1.18097
-0.12861,1.20731
-0.16581,1.22976
-0.20098,1.24896
-0.23385,1.26530
-0.26396,1.27901
-0.29066,1.29022
0.40692,-1.37050
0.38011,-1.36147
0.35264,-1.35066
0.32359,-1.33756
0.29208,-1.32144
0.25738,-1.30149
0.21907,-1.27691
0.17700,-1.24695
0.13116,-1.21096
0.08151,-1.16819
0.02778,-1.11750
-0.03107,-1.05652
-0.10052,-0.97639
-0.24089,-0.77791
0.09868,-0.51156
0.15291,-0.46049
0.18400,-0.39627
0.21061,-0.33237
0.23577,-0.26901
0.26352,-0.20448
0.34078,-0.15251
0.47242,0.16308
0.41687,0.32184
0.37619,0.43159
0.33725,0.53176
0.29779,0.62802
0.25738,0.72020
0.21586,0.80665
0.17320,0.88538
0.12969,0.95483
0.08597,1.01449
0.04274,1.06495
0.00048,1.10751
-0.04066,1.14366
-0.08072,1.17470
-0.11974,1.20160
-0.15766,1.22504
-0.19420,1.24540
-0.22889,1.26293
-0.26107,1.27774
0.44624,-1.38100
0.42388,-1.37543
0.40110,-1.36867
0.37699,-1.36032
0.35058,-1.34979
0.32094,-1.33627
0.28728,-1.31881
0.24901,-1.29635
0.20571,-1.26772
0.15694,-1.23162
0.10187,-1.18620
0.03794,-1.12743
-0.06120,-1.02292
0.13444,-0.57650
0.20484,-0.51731
0.23099,-0.43555
0.26006,-0.36300
0.29604,-0.30129
0.35009,-0.25154
0.55105,-0.15257
0.50239,0.07525
0.45730,0.20771
0.42101,0.31045
0.38573,0.40637
0.35007,0.49933
0.31376,0.58973
0.27678,0.67684
0.23907,0.75947
0.20052,0.83619
0.16112,0.90574
0.12106,0.96736
0.08072,1.02105
0.04039,1.06748
0.00023,1.10775
-0.03980,1.14295
-0.07973,1.17397
-0.11951,1.20145
-0.15892,1.22577
-0.19752,1.24715
-0.23467,1.26569
0.48229,-1.38774
0.46648,-1.38512
0.45050,-1.38194
0.43357,-1.37797
0.41482,-1.37287
0.39322,-1.36607
0.36771,-1.35678
0.33718,-1.34390
0.30047,-1.32592
0.25621,-1.30078
0.20234,-1.26535
0.13252,-1.21207
-0.06943,-1.01334
0.31034,-0.63709
0.29901,-0.51841
0.30513,-0.41499
0.33590,-0.33836
0.39670,-0.28589
0.58484,-0.18010
0.53933,-0.03064
0.49871,0.08645
0.46454,0.18681
0.43137,0.28156
0.39794,0.37364
0.36397,0.46357
0.32951,0.55109
0.29460,0.63555
0.25926,0.71608
0.22340,0.79166
0.18688,0.86128
0.14970,0.92422
0.11192,0.98022
0.07367,1.02965
0.03494,1.07328
-0.00437,1.11203
-0.04438,1.14671
-0.08513,1.17789
-0.12645,1.20593
-0.16798,1.23100
-0.20913,1.25315
0.51562,-1.39154
0.50834,-1.39091
0.50106,-1.39017
0.49338,-1.38926
0.48473,-1.38810
0.47443,-1.38650
0.46160,-1.38420
0.44518,-1.38075
0.42377,-1.37539
0.39531,-1.36677
0.35622,-1.35215
0.29439,-1.32267
0.60079,-0.79533
0.55128,-0.68711
0.46213,-0.56435
0.41130,-0.43335
0.44815,-0.35240
0.62596,-0.23392
0.58151,-0.12915
0.53948,-0.03028
0.50598,0.06515
0.47437,0.15820
0.44270,0.24959
0.41054,0.33936
0.37787,0.42723
0.34479,0.51277
0.31140,0.59546
0.27775,0.67464
0.24377,0.74955
0.20934,0.81937
0.17435,0.88340
0.13871,0.94130
0.10238,0.99320
0.06524,1.03965
0.02708,1.08144
-0.01237,1.11932
-0.05326,1.15383
-0.09554,1.18528
-0.13893,1.21377
-0.18291,1.23933
0.54906,-1.39306
0.55132,-1.39308
0.55371,-1.39309
0.55625,-1.39309
0.55891,-1.39307
0.56162,-1.39304
0.56432,-1.39300
0.56706,-1.39294
0.57018,-1.39285
0.57479,-1.39269
0.58496,-1.39218
0.63994,-1.38611
1.17767,-1.02809
0.78905,-0.61375
0.76352,-0.49490
0.74891,-0.37533
0.70591,-0.28659
0.64642,-0.21744
0.59078,-0.14275
0.54983,-0.05681
0.51688,0.03343
0.48597,0.12415
0.45517,0.21394
0.42401,0.30215
0.39247,0.38836
0.36062,0.47228
0.32852,0.55355
0.29621,0.63175
0.26368,0.70632
0.23081,0.77659
0.19747,0.84190
0.16351,0.90178
0.12880,0.95615
0.09313,1.00536
0.05621,1.05005
0.01767,1.09093
-0.02277,1.12852
-0.06523,1.16314
-0.10954,1.19486
-0.15526,1.22362
0.58626,-1.39212
0.59761,-1.39130
0.60921,-1.39022
0.62143,-1.38880
0.63464,-1.38696
0.64931,-1.38456
0.66607,-1.38135
0.68591,-1.37692
0.71059,-1.37050
0.74355,-1.36040
0.79314,-1.34198
0.89858,-1.29034
1.22615,-0.98633
0.89931,-0.55282
0.84048,-0.45367
0.79349,-0.36774
0.73966,-0.30192
0.68130,-0.24546
0.62115,-0.18341
0.57082,-0.10410
0.53372,-0.01404
0.50179,0.07761
0.47116,0.16762
0.44074,0.25516
0.41027,0.34012
0.37963,0.42258
0.34880,0.50259
0.31774,0.58006
0.28641,0.65469
0.25474,0.72597
0.22260,0.79326
0.18982,0.85598
0.15622,0.91376
0.12157,0.96664
0.08556,1.01501
0.04781,1.05943
0.00792,1.10045
-0.03436,1.13842
-0.07900,1.17344
-0.12569,1.20545
0.62914,-1.38777
0.64807,-1.38478
0.66734,-1.38109
0.68747,-1.37655
0.70907,-1.37093
0.73284,-1.36387
0.75967,-1.35483
0.79082,-1.34294
0.82814,-1.32674
0.87469,-1.30355
0.93646,-1.26754
1.03200,-1.19865
1.22955,-0.98286
0.97938,-0.53901
0.89144,-0.46797
0.83894,-0.39789
0.78858,-0.33973
0.73661,-0.28956
0.68006,-0.23965
0.61855,-0.17770
0.56635,-0.09380
0.52858,0.00043
0.49647,0.09333
0.46620,0.18209
0.43661,0.26687
0.40722,0.34846
0.37774,0.42757
0.34798,0.50467
0.31781,0.57989
0.28713,0.65304
0.25582,0.72363
0.22371,0.79103
0.19058,0.85458
0.15618,0.91382
0.12022,0.96857
0.08237,1.01900
0.04228,1.06545
-0.00031,1.10825
-0.04549,1.14760
-0.09306,1.18354
0.67740,-1.37890
0.70199,-1.37286
0.72691,-1.36572
0.75276,-1.35727
0.78021,-1.34716
0.81003,-1.33487
0.84313,-1.31963
0.88069,-1.30033
0.92419,-1.27520
0.97564,-1.24138
1.03813,-1.19362
1.11821,-1.11935
1.23809,-0.97056
1.31168,-0.54721
0.95121,-0.49460
0.89370,-0.43873
0.84737,-0.38758
0.80346,-0.34290
0.75879,-0.30202
0.70950,-0.26023
0.65105,-0.20909
0.58960,-0.13496
0.54390,-0.04013
0.50920,0.05618
0.47830,0.14683
0.44895,0.23184
0.42026,0.31260
0.39173,0.39038
0.36299,0.46614
0.33375,0.54053
0.30372,0.61393
0.27260,0.68635
0.24006,0.75739
0.20572,0.82632
0.16921,0.89220
0.13015,0.95415
0.08833,1.01151
0.04366,1.06396
-0.00373,1.11144
-0.05355,1.15406
0.72957,-1.36490
0.75790,-1.35547
0.78649,-1.34468
0.81594,-1.33227
0.84694,-1.31778
0.88025,-1.30057
0.91672,-1.27973
0.95730,-1.25397
1.00300,-1.22144
1.05477,-1.17950
1.11346,-1.12424
1.17997,-1.04930
1.25817,-0.94015
1.36180,-0.75581
1.03383,-0.51134
0.95858,-0.47937
0.91371,-0.43887
0.87673,-0.40120
0.84316,-0.36761
0.81071,-0.33696
0.77651,-0.30687
0.73596,-0.27363
0.68228,-0.23055
0.61304,-0.16326
0.55377,-0.06249
0.51317,0.04511
0.47917,0.14445
0.44764,0.23564
0.41756,0.32010
0.38855,0.39891
0.36017,0.47345
0.33177,0.54549
0.30246,0.61694
0.27128,0.68933
0.23725,0.76327
0.19948,0.83813
0.15723,0.91212
0.11012,0.98272
0.05846,1.04749
0.00328,1.10487
0.78389,-1.34572
0.81426,-1.33301
0.84476,-1.31885
0.87599,-1.30286
0.90862,-1.28454
0.94338,-1.26312
0.98103,-1.23756
1.02229,-1.20649
1.06767,-1.16812
1.11731,-1.12029
1.17073,-1.06062
1.22693,-0.98676
1.28525,-0.89633
1.34855,-0.78186
1.42821,-0.61738
1.04123,-0.50275
0.99009,-0.48368
0.95695,-0.45777
0.93139,-0.43267
0.91023,-0.40998
0.89122,-0.38920
0.87163,-0.36877
0.84804,-0.34658
0.81628,-0.32019
0.77088,-0.28624
0.70332,-0.23770
0.60982,-0.15340
0.53923,-0.02505
0.49552,0.09688
0.45975,0.20100
0.42688,0.29426
0.39518,0.38115
0.36475,0.46160
0.33551,0.53616
0.30639,0.60754
0.27557,0.67960
0.24084,0.75574
0.19999,0.83717
0.15121,0.92181
0.09374,1.00457
0.83873,-1.32176
0.86967,-1.30622
0.90059,-1.28921
0.93207,-1.27031
0.96477,-1.24892
0.99938,-1.22416
1.03658,-1.19491
1.07688,-1.15974
1.12045,-1.11703
1.16689,-1.06523
1.21523,-1.00317
1.26425,-0.93060
1.31294,-0.84828
1.36096,-0.75761
1.40913,-0.65869
1.46152,-0.54354
1.09411,-0.49294
1.05709,-0.49467
1.03458,-0.48607
1.02003,-0.47454
1.00962,-0.46231
0.99998,-0.44928
0.98790,-0.43443
0.97055,-0.41658
0.94570,-0.39480
0.91151,-0.36838
0.86569,-0.33626
0.80367,-0.29576
0.71489,-0.23831
0.59649,-0.13196
0.52343,0.01790
0.47913,0.14498
0.44281,0.24954
0.40949,0.34234
0.37640,0.43115
0.34395,0.51493
0.31259,0.59259
0.28085,0.66754
0.24551,0.74585
0.20251,0.83242
0.89261,-1.29375
0.92288,-1.27600
0.95296,-1.25686
0.98341,-1.23586
1.01491,-1.21230
1.04813,-1.18522
1.08374,-1.15336
1.12213,-1.11528
1.16323,-1.06957
1.20642,-1.01516
1.25065,-0.95176
1.29490,-0.87997
1.33847,-0.80118
1.38104,-0.71725
1.42232,-0.63045
1.46121,-0.54430
1.49264,-0.47124
1.49665,-0.46163
1.50773,-0.43474
1.50996,-0.42917
1.51055,-0.42762
1.51309,-0.42106
1.49981,-0.45268
1.47577,-0.50591
1.16305,-0.45225
1.09239,-0.46229
1.04671,-0.43742
0.99907,-0.40708
0.94546,-0.37327
0.88237,-0.33482
0.80302,-0.28774
0.69189,-0.21807
0.56647,-0.08160
0.50428,0.07221
0.46174,0.19548
0.42559,0.29794
0.39123,0.39179
0.35573,0.48490
0.32043,0.57351
0.28590,0.65590
0.94418,-1.26260
0.97274,-1.24341
1.00092,-1.22301
1.02931,-1.20086
1.05861,-1.17616
1.08961,-1.14780
1.12299,-1.11438
1.15911,-1.07440
1.19779,-1.02660
1.23827,-0.97033
1.27954,-0.90585
1.32074,-0.83417
1.36141,-0.75673
1.40140,-0.67506
1.44057,-0.59056
1.47850,-0.50454
1.51431,-0.41853
1.54662,-0.33519
1.57354,-0.25994
1.59311,-0.20095
1.60672,-0.15743
1.61858,-0.11754
1.62530,-0.09408
1.62221,-0.10496
1.61738,-0.12167
1.60010,-0.17881
1.57645,-0.25109
1.53374,-0.36681
1.40125,-0.53763
1.07600,-0.43866
1.00990,-0.40118
0.94323,-0.36283
0.86821,-0.32028
0.77370,-0.26655
0.64018,-0.17507
0.53500,-0.01115
0.48293,0.13419
0.44176,0.25259
0.40515,0.35422
0.36786,0.45353
0.99222,-1.22947
1.01819,-1.20973
1.04361,-1.18905
1.06913,-1.16681
1.09559,-1.14204
1.12393,-1.11340
1.15495,-1.07923
1.18901,-1.03793
1.22578,-0.98842
1.26434,-0.93046
1.30368,-0.86473
1.34302,-0.79252
1.38199,-0.71533
1.42046,-0.63446
1.45832,-0.55086
1.49522,-0.46507
1.53061,-0.37731
1.56382,-0.28783
1.59431,-0.19722
1.62171,-0.10672
1.64573,-0.01856
1.66580,0.06264
1.67999,0.12496
1.68362,0.14164
1.68128,0.13084
1.67999,0.12496
1.66337,0.05239
1.64912,-0.00538
1.62273,-0.10312
1.58997,-0.21037
1.53711,-0.35685
1.17041,-0.44538
1.06348,-0.42409
0.99233,-0.38478
0.91934,-0.34463
0.83459,-0.29822
0.72062,-0.23265
0.57715,-0.09803
0.50449,0.07205
0.45749,0.20781
1.03563,-1.19569
1.05830,-1.17644
1.08030,-1.15658
1.10242,-1.13534
1.12575,-1.11148
1.15146,-1.08323
1.18050,-1.04865
1.21312,-1.00608
1.24870,-0.95473
1.28615,-0.89483
1.32438,-0.82750
1.36265,-0.75428
1.40058,-0.67677
1.43802,-0.59620
1.47473,-0.51332
1.51035,-0.42835
1.54440,-0.34114
1.57642,-0.25150
1.60609,-0.15950
1.63324,-0.06555
1.65789,0.02971
1.68012,0.12554
1.70002,0.22112
1.71759,0.31522
1.73252,0.40494
1.74316,0.47674
1.72428,0.35409
1.70473,0.24533
1.68165,0.13256
1.66575,0.06241
1.64112,-0.03619
1.61504,-0.12953
1.57497,-0.25471
1.50138,-0.43614
1.11219,-0.44459
1.03399,-0.40348
0.96145,-0.36433
0.88180,-0.32161
0.78141,-0.26701
0.63547,-0.16847
1.07351,-1.16283
1.09234,-1.14518
1.11048,-1.12728
1.12898,-1.10804
1.14929,-1.08569
1.17290,-1.05799
1.20075,-1.02271
1.23275,-0.97841
1.26792,-0.92476
1.30494,-0.86251
1.34266,-0.79321
1.38035,-0.71868
1.41761,-0.64060
1.45418,-0.56020
1.48974,-0.47814
1.52391,-0.39446
1.55633,-0.30876
1.58674,-0.22062
1.61498,-0.12987
1.64100,-0.03667
1.66483,0.05853
1.68654,0.15527
1.70622,0.25313
1.72389,0.35180
1.73951,0.45116
1.75284,0.55128
1.76329,0.65267
1.76926,0.75690
1.76350,0.86671
1.59742,-0.18688
1.65569,0.02078
1.65356,0.01223
1.63935,-0.04285
1.62086,-0.10957
1.58892,-0.21326
1.54000,-0.34769
1.18857,-0.43328
1.07071,-0.42031
0.99678,-0.38078
0.91899,-0.33960
1.10518,-1.13261
1.11980,-1.11772
1.13388,-1.10277
1.14892,-1.08612
1.16684,-1.06529
1.18931,-1.03756
1.21697,-1.00078
1.24920,-0.95398
1.28460,-0.89743
1.32168,-0.83245
1.35928,-0.76095
1.39668,-0.68496
1.43344,-0.60627
1.46917,-0.52613
1.50350,-0.44510
1.53610,-0.36306
1.56679,-0.27940
1.59551,-0.19343
1.62227,-0.10475
1.64707,-0.01338
1.66994,0.08037
1.69090,0.17603
1.70998,0.27318
1.72716,0.37147
1.74230,0.47063
1.75509,0.57054
1.76477,0.67116
1.76952,0.77259
1.76166,0.87531
1.57178,-0.23467
1.66139,0.04415
1.52876,-0.36573
1.13707,-0.44544
1.59318,-0.20010
1.61685,-0.12333
1.61167,-0.14080
1.59313,-0.20027
1.55600,-0.30676
1.48552,-0.45669
1.10368,-0.43557
1.13019,-1.10675
1.14039,-1.09565
1.15054,-1.08428
1.16278,-1.07010
1.17944,-1.04997
1.20200,-1.02105
1.23048,-0.98169
1.26362,-0.93160
1.29970,-0.87168
1.33714,-0.80370
1.37483,-0.72989
1.41207,-0.65247
1.44835,-0.57329
1.48319,-0.49360
1.51618,-0.41389
1.54713,-0.33383
1.57607,-0.25255
1.60315,-0.16907
1.62849,-0.08276
1.65213,0.00652
1.67408,0.09848
1.69432,0.19269
1.71283,0.28866
1.72952,0.38601
1.74423,0.48443
1.75656,0.58369
1.76569,0.68369
1.76955,0.78442
1.75852,0.88632
1.67529,0.10406
1.63783,-0.04791
1.60489,-0.16198
1.63827,-0.04677
1.16469,-0.43917
0.85254,-0.28958
1.05937,-0.40565
1.55006,-0.32162
1.59144,-0.20543
1.59012,-0.20946
1.56505,-0.28219
1.14827,-1.08686
1.15412,-1.08019
1.16098,-1.07222
1.17165,-1.05950
1.18852,-1.03857
1.21240,-1.00707
1.24247,-0.96412
1.27695,-0.91012
1.31393,-0.84652
1.35186,-0.77547
1.38972,-0.69942
1.42682,-0.62071
1.46255,-0.54128
1.49636,-0.46234
1.52790,-0.38427
1.55714,-0.30652
1.58434,-0.22789
1.60985,-0.14707
1.63388,-0.06321
1.65647,0.02394
1.67759,0.11411
1.69718,0.20684
1.71517,0.30163
1.73143,0.39802
1.74576,0.49568
1.75771,0.59435
1.76638,0.69389
1.76947,0.79429
1.75455,0.89609
1.67113,0.08591
1.66013,0.03906
1.13189,-0.39097
1.61262,-0.13688
1.63234,-0.06851
1.57949,-0.23824
1.02761,-0.36133
0.56004,-0.05860
0.76368,-0.24817
1.08507,-0.42030
1.54638,-0.33068
