-1.53726,-0.60615
-1.52855,-0.60868
-1.45744,-0.65189
-1.27555,-0.90921
-1.37850,-1.37249
-1.54268,-1.42128
-1.60618,-1.35358
-1.63271,-1.26271
-1.64559,-1.16503
-1.65327,-1.06499
-1.65908,-0.96429
-1.66432,-0.86373
-1.66929,-0.76372
-1.67382,-0.66446
-1.67751,-0.56606
-1.67994,-0.46859
-1.68073,-0.37218
-1.67958,-0.27706
-1.67623,-0.18357
-1.67045,-0.09212
-1.66195,-0.00302
-1.65041,0.08379
-1.63550,0.16902
-1.61703,0.25390
-1.59518,0.33957
-1.57055,0.42652
-1.54400,0.51441
-1.51639,0.60229
-1.48844,0.68875
-1.46078,0.77206
-1.43399,0.85004
-1.40874,0.92019
-1.38594,0.98001
-1.36675,1.02796
-1.35207,1.06454
-1.34164,1.09264
-1.33352,1.11638
-1.32477,1.13924
-1.31279,1.16320
-1.29597,1.18903
-1.45936,-0.62795
-1.48823,-0.61347
-1.50408,-0.60428
-1.49793,-0.60552
-1.44832,-0.63819
-1.33107,-0.80275
-1.37395,-1.14039
-1.52356,-1.20605
-1.59366,-1.14535
-1.62630,-1.05744
-1.64404,-0.96183
-1.65531,-0.86359
-1.66335,-0.76446
-1.66939,-0.66520
-1.67371,-0.56615
-1.67625,-0.46754
-1.67683,-0.36959
-1.67524,-0.27257
-1.67126,-0.17682
-1.66464,-0.08275
-1.65507,0.00930
-1.64223,0.09931
-1.62584,0.18774
-1.60590,0.27548
-1.58280,0.36339
-1.55726,0.45178
-1.53013,0.54029
-1.50220,0.62799
-1.47411,0.71351
-1.44646,0.79505
-1.41983,0.87044
-1.39495,0.93732
-1.37275,0.99377
-1.35415,1.03933
-1.33932,1.07563
-1.32703,1.10592
-1.31498,1.13349
-1.30079,1.16054
-1.28285,1.18821
-1.26035,1.21695
-1.36159,-0.65845
-1.40114,-0.63797
-1.43517,-0.61994
-1.46221,-0.60461
-1.47980,-0.59288
-1.48296,-0.58768
-1.46036,-0.59999
-1.39324,-0.67867
-1.38327,-0.91554
-1.52055,-1.00611
-1.59653,-0.94901
-1.63135,-0.86040
-1.64952,-0.76402
-1.66004,-0.66516
-1.66625,-0.56547
-1.66943,-0.46561
-1.67000,-0.36597
-1.66805,-0.26690
-1.66347,-0.16876
-1.65603,-0.07195
-1.64542,0.02313
-1.63130,0.11631
-1.61354,0.20778
-1.59232,0.29814
-1.56820,0.38801
-1.54198,0.47762
-1.51445,0.56661
-1.48631,0.65407
-1.45813,0.73864
-1.43045,0.81853
-1.40386,0.89163
-1.37911,0.95593
-1.35699,1.01025
-1.33794,1.05509
-1.32137,1.09263
-1.30563,1.12569
-1.28875,1.15655
-1.26919,1.18660
-1.24609,1.21661
-1.21911,1.24704
-1.25670,-0.69337
-1.30064,-0.66907
-1.34101,-0.64653
-1.37744,-0.62565
-1.40950,-0.60626
-1.43664,-0.58825
-1.45782,-0.57177
-1.47096,-0.55778
-1.47118,-0.55009
-1.44664,-0.56587
-1.40575,-0.68739
-1.52127,-0.81784
-1.60536,-0.75925
-1.63698,-0.66457
-1.65040,-0.56431
-1.65605,-0.46287
-1.65730,-0.36127
-1.65530,-0.25995
-1.65032,-0.15926
-1.64226,-0.05962
-1.63081,0.03850
-1.61570,0.13474
-1.59691,0.22902
-1.57482,0.32171
-1.55013,0.41330
-1.52363,0.50400
-1.49601,0.59345
-1.46784,0.68079
-1.43963,0.76465
-1.41184,0.84327
-1.38506,0.91474
-1.35993,0.97746
-1.33700,1.03098
-1.31617,1.07636
-1.29648,1.11569
-1.27647,1.15109
-1.25482,1.18414
-1.23066,1.21589
-1.20355,1.24705
-1.17335,1.27814
-1.14721,-0.73105
-1.19394,-0.70385
-1.23759,-0.67806
-1.27803,-0.65359
-1.31520,-0.63018
-1.34912,-0.60751
-1.37977,-0.58518
-1.40703,-0.56283
-1.43059,-0.54009
-1.44977,-0.51677
-1.46314,-0.49322
-1.46684,-0.47231
-1.44778,-0.47646
-1.49901,-0.62616
-1.60682,-0.56509
-1.62836,-0.46030
-1.63317,-0.35558
-1.63203,-0.25153
-1.62722,-0.14812
-1.61909,-0.04562
-1.60742,0.05545
-1.59201,0.15447
-1.57300,0.25119
-1.55094,0.34585
-1.52654,0.43895
-1.50048,0.53073
-1.47331,0.62085
-1.44546,0.70845
-1.41732,0.79215
-1.38930,0.87024
-1.36191,0.94098
-1.33567,1.00320
-1.31084,1.05689
-1.28712,1.10323
-1.26366,1.14394
-1.23948,1.18068
-1.21383,1.21471
-1.18620,1.24701
-1.15636,1.27831
-1.12421,1.30921
-1.03074,-0.77017
-1.08110,-0.74068
-1.12795,-0.71233
-1.17138,-0.68507
-1.21151,-0.65867
-1.24851,-0.63282
-1.28259,-0.60707
-1.31385,-0.58095
-1.34233,-0.55394
-1.36788,-0.52547
-1.39029,-0.49489
-1.40929,-0.46136
-1.42468,-0.42387
-1.43636,-0.38132
-1.44394,-0.33303
-1.44150,-0.28586
-1.59001,-0.34753
-1.59185,-0.23860
-1.58729,-0.13310
-1.57973,-0.02852
-1.56891,0.07463
-1.55461,0.17550
-1.53704,0.27375
-1.51671,0.36977
-1.49418,0.46419
-1.46989,0.55728
-1.44415,0.64864
-1.41723,0.73730
-1.38939,0.82179
-1.36098,0.90036
-1.33245,0.97134
-1.30432,1.03379
-1.27682,1.08790
-1.24980,1.13478
-1.22279,1.17595
-1.19525,1.21290
-1.16674,1.24682
-1.13694,1.27871
-1.10567,1.30932
-1.07283,1.33924
-0.89907,-0.80992
-0.95650,-0.77819
-1.00897,-0.74763
-1.05685,-0.71808
-1.10053,-0.68928
-1.14041,-0.66090
-1.17689,-0.63251
-1.21028,-0.60359
-1.24074,-0.57362
-1.26825,-0.54201
-1.29263,-0.50812
-1.31359,-0.47116
-1.33091,-0.43011
-1.34458,-0.38370
-1.35490,-0.33049
-1.36257,-0.26903
-1.36875,-0.19799
-1.37626,-0.11537
-1.40140,-0.01337
-1.50154,0.04851
-1.50485,0.11146
-1.49481,0.20214
-1.48190,0.29670
-1.46641,0.39191
-1.44847,0.48726
-1.42816,0.58228
-1.40550,0.67605
-1.38056,0.76720
-1.35347,0.85389
-1.32459,0.93409
-1.29456,1.00603
-1.26412,1.06887
-1.23387,1.12296
-1.20399,1.16953
-1.17436,1.21014
-1.14467,1.24628
-1.11464,1.27919
-1.08399,1.30986
-1.05258,1.33903
-1.02035,1.36726
-0.73666,-0.85299
-0.80716,-0.81687
-0.87061,-0.78308
-0.92727,-0.75096
-0.97770,-0.71991
-1.02264,-0.68938
-1.06285,-0.65882
-1.09897,-0.62764
-1.13149,-0.59527
-1.16062,-0.56112
-1.18635,-0.52457
-1.20845,-0.48491
-1.22666,-0.44126
-1.24087,-0.39253
-1.25125,-0.33750
-1.25828,-0.27502
-1.26268,-0.20445
-1.26525,-0.12591
-1.26684,-0.04036
-1.26838,0.05099
-1.27123,0.14795
-1.28168,0.25594
-1.37725,0.35552
-1.39304,0.41064
-1.38389,0.50395
-1.37080,0.60251
-1.35371,0.70115
-1.33236,0.79720
-1.30683,0.88802
-1.27775,0.97102
-1.24633,1.04426
-1.21395,1.10716
-1.18169,1.16051
-1.15005,1.20587
-1.11910,1.24501
-1.08867,1.27952
-1.05849,1.31066
-1.02836,1.33941
-0.99816,1.36647
-0.96789,1.39231
-0.53279,-0.91350
-0.61722,-0.86612
-0.69613,-0.82370
-0.76753,-0.78543
-0.83064,-0.75013
-0.88571,-0.71656
-0.93358,-0.68358
-0.97533,-0.65027
-1.01193,-0.61580
-1.04411,-0.57949
-1.07222,-0.54069
-1.09631,-0.49873
-1.11624,-0.45285
-1.13187,-0.40211
-1.14330,-0.34544
-1.15096,-0.28183
-1.15555,-0.21074
-1.15790,-0.13246
-1.15886,-0.04821
-1.15921,0.04016
-1.15945,0.13096
-1.15971,0.22312
-1.15969,0.31593
-1.15919,0.40481
-1.28967,0.48337
-1.29328,0.60865
-1.28534,0.71960
-1.26973,0.82502
-1.24695,0.92268
-1.21845,1.00970
-1.18649,1.08443
-1.15327,1.14698
-1.12034,1.19892
-1.08843,1.24232
-1.05769,1.27926
-1.02800,1.31143
-0.99914,1.34015
-0.97094,1.36637
-0.94333,1.39074
-0.91644,1.41363
-0.32365,-1.00630
-0.40284,-0.94625
-0.48507,-0.88904
-0.56655,-0.83662
-0.64350,-0.78964
-0.71310,-0.74740
-0.77410,-0.70837
-0.82662,-0.67078
-0.87163,-0.63308
-0.91029,-0.59406
-0.94355,-0.55281
-0.97195,-0.50859
-0.99564,-0.46069
-1.01457,-0.40826
-1.02878,-0.35034
-1.03859,-0.28598
-1.04472,-0.21463
-1.04812,-0.13664
-1.04991,-0.05331
-1.05111,0.03349
-1.05245,0.12212
-1.05412,0.21179
-1.05590,0.30236
-1.05775,0.39319
-1.06345,0.47833
-1.14600,0.55150
-1.19782,0.71975
-1.19119,0.84650
-1.17234,0.95536
-1.14550,1.04811
-1.11430,1.12469
-1.08177,1.18666
-1.04983,1.23666
-1.01933,1.27749
-0.99048,1.31160
-0.96315,1.34086
-0.93713,1.36666
-0.91230,1.38990
-0.88866,1.41121
-0.86642,1.43089
-0.17301,-1.10428
-0.23066,-1.04651
-0.29447,-0.98547
-0.36333,-0.92334
-0.43522,-0.86252
-0.50718,-0.80502
-0.57591,-0.75182
-0.63874,-0.70249
-0.69432,-0.65562
-0.74263,-0.60949
-0.78436,-0.56256
-0.82034,-0.51371
-0.85106,-0.46208
-0.87661,-0.40693
-0.89691,-0.34738
-0.91199,-0.28251
-0.92241,-0.21171
-0.92933,-0.13520
-0.93432,-0.05418
-0.93883,0.02973
-0.94366,0.11538
-0.94874,0.20254
-0.95349,0.29175
-0.95737,0.38358
-0.96106,0.47687
-0.97313,0.56503
-1.06133,0.66949
-1.09804,0.85405
-1.08314,0.98354
-1.05825,1.08453
-1.02894,1.16351
-0.99874,1.22464
-0.96967,1.27217
-0.94253,1.30987
-0.91743,1.34065
-0.89419,1.36662
-0.87257,1.38922
-0.85246,1.40937
-0.83389,1.42765
-0.81710,1.44438
-0.08345,-1.17629
-0.12549,-1.12797
-0.17183,-1.07477
-0.22208,-1.01751
-0.27567,-0.95732
-0.33165,-0.89557
-0.38860,-0.83371
-0.44468,-0.77287
-0.49801,-0.71350
-0.54722,-0.65524
-0.59173,-0.59716
-0.63160,-0.53821
-0.66717,-0.47751
-0.69867,-0.41446
-0.72611,-0.34865
-0.74941,-0.27973
-0.76888,-0.20747
-0.78554,-0.13191
-0.80078,-0.05357
-0.81549,0.02689
-0.82948,0.10916
-0.84181,0.19368
-0.85155,0.28165
-0.85807,0.37419
-0.86173,0.47077
-0.86644,0.56772
-0.89260,0.66003
-0.98936,0.83016
-0.98073,1.00651
-0.95550,1.11849
-0.92877,1.19942
-0.90286,1.25887
-0.87900,1.30325
-0.85752,1.33737
-0.83826,1.36464
-0.82086,1.38734
-0.80505,1.40694
-0.79064,1.42436
-0.77767,1.44015
-0.76632,1.45464
-0.02584,-1.22536
-0.06046,-1.18406
-0.09821,-1.13812
-0.13860,-1.08799
-0.18105,-1.03429
-0.22489,-0.97771
-0.26934,-0.91897
-0.31352,-0.85875
-0.35651,-0.79751
-0.39750,-0.73537
-0.43598,-0.67210
-0.47174,-0.60721
-0.50483,-0.54019
-0.53536,-0.47060
-0.56351,-0.39816
-0.58966,-0.32264
-0.61447,-0.24387
-0.63892,-0.16190
-0.66386,-0.07727
-0.68929,0.00883
-0.71384,0.09524
-0.73504,0.18219
-0.75059,0.27179
-0.75952,0.36632
-0.76286,0.46555
-0.76486,0.56614
-0.77516,0.66505
-0.83846,0.78116
-0.86473,1.02841
-0.83398,1.14938
-0.81193,1.22916
-0.79349,1.28550
-0.77785,1.32636
-0.76455,1.35714
-0.75309,1.38144
-0.74298,1.40156
-0.73386,1.41895
-0.72555,1.43448
-0.71803,1.44866
-0.71143,1.46181
0.01900,-1.26277
-0.01231,-1.22563
-0.04634,-1.18414
-0.08269,-1.13855
-0.12077,-1.08933
-0.15992,-1.03700
-0.19946,-0.98207
-0.23875,-0.92494
-0.27723,-0.86579
-0.31450,-0.80456
-0.35034,-0.74093
-0.38465,-0.67450
-0.41736,-0.60491
-0.44838,-0.53194
-0.47755,-0.45548
-0.50482,-0.37546
-0.53027,-0.29185
-0.55422,-0.20470
-0.57714,-0.11446
-0.59941,-0.02196
-0.62080,0.07176
-0.63988,0.16616
-0.65396,0.26215
-0.66097,0.36125
-0.66240,0.46284
-0.66329,0.56479
-0.66856,0.66647
-0.69281,0.77094
-0.72354,1.05741
-0.69302,1.17050
-0.68163,1.24604
-0.67439,1.29933
-0.66943,1.33772
-0.66594,1.36652
-0.66332,1.38926
-0.66108,1.40815
-0.65886,1.42455
-0.65647,1.43926
-0.65387,1.45277
-0.65116,1.46537
0.05979,-1.29526
0.02993,-1.26070
-0.00244,-1.22205
-0.03710,-1.17932
-0.07360,-1.13279
-0.11133,-1.08288
-0.14968,-1.03003
-0.18804,-0.97455
-0.22594,-0.91651
-0.26305,-0.85573
-0.29916,-0.79178
-0.33414,-0.72417
-0.36782,-0.65255
-0.39992,-0.57681
-0.43008,-0.49701
-0.45790,-0.41331
-0.48309,-0.32589
-0.50541,-0.23500
-0.52477,-0.14106
-0.54103,-0.04461
-0.55373,0.05391
-0.56178,0.15432
-0.56397,0.25643
-0.56174,0.35909
-0.55993,0.46142
-0.56122,0.56389
-0.56498,0.66675
-0.57270,0.77037
-0.55344,1.07266
-0.54773,1.17340
-0.54955,1.24644
-0.55394,1.29851
-0.55959,1.33633
-0.56567,1.36496
-0.57154,1.38777
-0.57677,1.40686
-0.58101,1.42349
-0.58406,1.43842
-0.58584,1.45210
-0.58641,1.46482
0.10031,-1.32579
0.07091,-1.29299
0.03930,-1.25643
0.00544,-1.21585
-0.03042,-1.17133
-0.06779,-1.12314
-0.10612,-1.07163
-0.14484,-1.01705
-0.18345,-0.95947
-0.22154,-0.89866
-0.25883,-0.83417
-0.29503,-0.76545
-0.32983,-0.69207
-0.36278,-0.61393
-0.39337,-0.53116
-0.42105,-0.44401
-0.44524,-0.35276
-0.46534,-0.25765
-0.48066,-0.15895
-0.49019,-0.05689
-0.49222,0.04814
-0.48512,0.15445
-0.47207,0.25821
-0.46217,0.35915
-0.45902,0.46073
-0.46022,0.56368
-0.46262,0.66698
-0.45965,0.76879
-0.40369,1.06456
-0.41329,1.16298
-0.42491,1.23429
-0.43864,1.28598
-0.45309,1.32432
-0.46724,1.35398
-0.48045,1.37803
-0.49224,1.39839
-0.50225,1.41620
-0.51023,1.43216
-0.51602,1.44670
-0.51960,1.46011
0.14227,-1.35545
0.11272,-1.32398
0.08140,-1.28914
0.04799,-1.25046
0.01250,-1.20779
-0.02473,-1.16123
-0.06325,-1.11100
-0.10250,-1.05729
-0.14198,-1.00013
-0.18119,-0.93928
-0.21969,-0.87425
-0.25701,-0.80441
-0.29258,-0.72924
-0.32575,-0.64857
-0.35578,-0.56254
-0.38196,-0.47147
-0.40356,-0.37557
-0.41964,-0.27475
-0.42866,-0.16852
-0.42737,-0.05642
-0.41129,0.05788
-0.38680,0.16369
-0.37007,0.26206
-0.36264,0.36105
-0.36037,0.46231
-0.36024,0.56474
-0.35892,0.66664
-0.31905,0.76332
-0.27203,1.05013
-0.28992,1.14467
-0.30940,1.21364
-0.33065,1.26499
-0.35217,1.30429
-0.37292,1.33559
-0.39223,1.36155
-0.40966,1.38386
-0.42481,1.40352
-0.43738,1.42114
-0.44707,1.43709
-0.45373,1.45163
0.18641,-1.38437
0.15638,-1.35405
0.12511,-1.32080
0.09202,-1.28398
0.05692,-1.24322
0.01992,-1.19843
-0.01860,-1.14967
-0.05815,-1.09704
-0.09819,-1.04050
-0.13814,-0.97975
-0.17740,-0.91419
-0.21523,-0.84307
-0.25075,-0.76566
-0.28289,-0.68164
-0.31057,-0.59115
-0.33282,-0.49453
-0.34872,-0.39167
-0.35657,-0.28084
-0.34965,-0.15768
-0.31340,-0.03276
-0.28047,0.06720
-0.26841,0.16361
-0.26421,0.26296
-0.26254,0.36386
-0.26127,0.46503
-0.25824,0.56523
-0.24505,0.66158
-0.11845,0.85092
-0.15091,1.02755
-0.17634,1.11842
-0.20306,1.18567
-0.23073,1.23722
-0.25808,1.27797
-0.28425,1.31136
-0.30870,1.33971
-0.33104,1.36445
-0.35090,1.38647
-0.36790,1.40625
-0.38163,1.42410
-0.39174,1.44022
0.23284,-1.41213
0.20232,-1.38302
0.17109,-1.35141
0.13842,-1.31655
0.10389,-1.27788
0.06743,-1.23510
0.02928,-1.18810
-0.01009,-1.13683
-0.05013,-1.08112
-0.09014,-1.02053
-0.12931,-0.95428
-0.16660,-0.88132
-0.20067,-0.80056
-0.22988,-0.71126
-0.25252,-0.61312
-0.26695,-0.50541
-0.26889,-0.38194
-0.21418,-0.23400
-0.16040,-0.14703
-0.15363,-0.05156
-0.15430,0.05187
-0.15680,0.15747
-0.15939,0.26250
-0.16052,0.36530
-0.15781,0.46463
-0.14414,0.55868
-0.07477,0.66048
-0.01842,0.86966
-0.04453,0.99646
-0.07502,1.08408
-0.10742,1.15094
-0.14019,1.20368
-0.17219,1.24656
-0.20275,1.28258
-0.23150,1.31374
-0.25816,1.34135
-0.28240,1.36617
-0.30381,1.38862
-0.32191,1.40888
-0.33613,1.42707
0.28113,-1.43789
0.25051,-1.41024
0.21968,-1.38053
0.18779,-1.34789
0.15424,-1.31162
0.11882,-1.27120
0.08164,-1.22631
0.04310,-1.17668
0.00385,-1.12193
-0.03527,-1.06138
-0.07316,-0.99391
-0.10840,-0.91799
-0.13916,-0.83174
-0.16329,-0.73270
-0.17749,-0.61366
-0.12914,-0.44169
-0.05199,-0.35819
-0.04289,-0.26882
-0.04203,-0.16934
-0.04375,-0.06436
-0.04691,0.04401
-0.05085,0.15321
-0.05405,0.25979
-0.05225,0.35987
-0.03296,0.45124
0.03037,0.55799
0.07646,0.71723
0.06899,0.85400
0.04342,0.95999
0.01072,1.04384
-0.02481,1.11104
-0.06079,1.16578
-0.09599,1.21141
-0.12982,1.25050
-0.16201,1.28487
-0.19237,1.31573
-0.22066,1.34380
-0.24647,1.36942
-0.26926,1.39271
-0.28836,1.41365
0.33041,-1.46053
0.30055,-1.43480
0.27088,-1.40738
0.24051,-1.37738
0.20873,-1.34395
0.17515,-1.30636
0.13979,-1.26402
0.10302,-1.21634
0.06558,-1.16261
0.02854,-1.10174
-0.00661,-1.03207
-0.03800,-0.95129
-0.06366,-0.85572
-0.08195,-0.73101
0.01154,-0.54162
0.05057,-0.46075
0.05825,-0.36843
0.06116,-0.27187
0.06160,-0.17164
0.06028,-0.06748
0.05787,0.03987
0.05590,0.14708
0.06253,0.24559
0.10959,0.34177
0.15408,0.47404
0.16521,0.60273
0.15930,0.72091
0.14101,0.82763
0.11347,0.92122
0.08000,1.00123
0.04358,1.06867
0.00635,1.12554
-0.03048,1.17413
-0.06634,1.21651
-0.10101,1.25431
-0.13435,1.28869
-0.16618,1.32037
-0.19616,1.34968
-0.22377,1.37669
-0.24832,1.40126
0.37931,-1.47887
0.35160,-1.45562
0.32440,-1.43099
0.29681,-1.40411
0.26804,-1.37404
0.23757,-1.33986
0.20529,-1.30062
0.17155,-1.25531
0.13719,-1.20267
0.10359,-1.14094
0.07270,-1.06766
0.04680,-0.97931
0.02638,-0.86700
0.09037,-0.64584
0.14589,-0.55690
0.15370,-0.46138
0.15862,-0.36508
0.16236,-0.26858
0.16468,-0.17059
0.16586,-0.07012
0.16881,0.03090
0.20401,0.12566
0.25365,0.26763
0.25692,0.38672
0.25189,0.49616
0.24040,0.60127
0.22242,0.70174
0.19817,0.79593
0.16849,0.88208
0.13480,0.95897
0.09870,1.02638
0.06162,1.08506
0.02447,1.13638
-0.01226,1.18192
-0.04840,1.22311
-0.08386,1.26107
-0.11853,1.29653
-0.15213,1.32988
-0.18423,1.36119
-0.21422,1.39027
0.42613,-1.49205
0.40257,-1.47177
0.37974,-1.45033
0.35675,-1.42693
0.33281,-1.40064
0.30729,-1.37038
0.27995,-1.33486
0.25100,-1.29252
0.22133,-1.24129
0.19258,-1.17837
0.16712,-1.10005
0.14720,-1.00104
0.12770,-0.84676
0.24230,-0.65762
0.24968,-0.55837
0.25256,-0.45773
0.25701,-0.35964
0.26290,-0.26413
0.27024,-0.17020
0.28546,-0.07799
0.33938,0.03898
0.35000,0.17359
0.34340,0.28302
0.33180,0.38573
0.31573,0.48511
0.29544,0.58144
0.27115,0.67402
0.24319,0.76179
0.21204,0.84355
0.17838,0.91833
0.14304,0.98565
0.10678,1.04571
0.07016,1.09931
0.03346,1.14763
-0.00324,1.19192
-0.03992,1.23324
-0.07655,1.27237
-0.11293,1.30978
-0.14873,1.34562
-0.18346,1.37974
0.46945,-1.50008
0.45257,-1.48288
0.43641,-1.46458
0.42027,-1.44454
0.40344,-1.42194
0.38528,-1.39567
0.36540,-1.36423
0.34381,-1.32550
0.32117,-1.27647
0.29897,-1.21299
0.27953,-1.12963
0.26373,-1.01839
0.31138,-0.76367
0.35490,-0.66440
0.35278,-0.55984
0.35181,-0.45586
0.35538,-0.35588
0.36482,-0.26131
0.38682,-0.17022
0.42570,-0.05585
0.42983,0.06572
0.41938,0.17177
0.40396,0.27177
0.38483,0.36865
0.36248,0.46296
0.33728,0.55450
0.30951,0.64269
0.27949,0.72679
0.24756,0.80596
0.21410,0.87946
0.17955,0.94679
0.14429,1.00792
0.10858,1.06334
0.07247,1.11396
0.03592,1.16087
-0.00119,1.20512
-0.03888,1.24754
-0.07706,1.28869
-0.11550,1.32882
-0.15381,1.36789
0.50957,-1.50427
0.50180,-1.48932
0.49449,-1.47326
0.48726,-1.45560
0.47965,-1.43565
0.47122,-1.41240
0.46158,-1.38432
0.45059,-1.34903
0.43850,-1.30290
0.42621,-1.24067
0.41519,-1.15557
0.40406,-1.03922
0.46648,-0.77039
0.46733,-0.66864
0.46158,-0.56412
0.45756,-0.45967
0.46044,-0.35846
0.47683,-0.26081
0.49909,-0.15267
0.49946,-0.04283
0.48723,0.05899
0.46969,0.15660
0.44876,0.25177
0.42517,0.34488
0.39931,0.43580
0.37147,0.52416
0.34189,0.60951
0.31081,0.69127
0.27849,0.76884
0.24522,0.84160
0.21127,0.90909
0.17684,0.97116
0.14201,1.02809
0.10669,1.08061
0.07068,1.12970
0.03374,1.17637
-0.00427,1.22153
-0.04335,1.26582
-0.08337,1.30964
-0.12402,1.35307
0.54968,-1.50594
0.55220,-1.49153
0.55474,-1.47601
0.55731,-1.45895
0.55983,-1.43975
0.56219,-1.41746
0.56426,-1.39058
0.56599,-1.35671
0.56755,-1.31203
0.56950,-1.25091
0.57375,-1.16603
0.59766,-1.04677
0.59307,-0.77262
0.58216,-0.66739
0.58000,-0.56408
0.58157,-0.46028
0.58604,-0.35466
0.58545,-0.24944
0.57446,-0.14985
0.55680,-0.05417
0.53579,0.04016
0.51270,0.13360
0.48789,0.22576
0.46151,0.31620
0.43364,0.40455
0.40436,0.49048
0.37376,0.57366
0.34198,0.65371
0.30924,0.73020
0.27579,0.80261
0.24190,0.87051
0.20773,0.93364
0.17332,0.99211
0.13850,1.04644
0.10298,1.09748
0.06640,1.14624
0.02850,1.19366
-0.01087,1.24051
-0.05164,1.28729
-0.09361,1.33425
0.59401,-1.50468
0.60607,-1.48902
0.61775,-1.47233
0.62939,-1.45413
0.64123,-1.43378
0.65346,-1.41033
0.66623,-1.38225
0.67969,-1.34717
0.69395,-1.30129
0.70927,-1.23888
0.72712,-1.15159
0.76047,-1.01618
0.71975,-0.76993
0.69450,-0.66007
0.69209,-0.55433
0.69147,-0.44831
0.68561,-0.34638
0.67138,-0.25298
0.64910,-0.16615
0.62133,-0.07964
0.59182,0.00970
0.56273,0.10059
0.53411,0.19090
0.50541,0.27942
0.47609,0.36565
0.44580,0.44943
0.41431,0.53067
0.38158,0.60926
0.34774,0.68495
0.31310,0.75739
0.27801,0.82615
0.24275,0.89090
0.20743,0.95152
0.17195,1.00825
0.13603,1.06173
0.09925,1.11284
0.06122,1.16256
0.02165,1.21173
-0.01953,1.26102
-0.06222,1.31081
0.64451,-1.49874
0.66407,-1.48086
0.68304,-1.46201
0.70192,-1.44164
0.72117,-1.41904
0.74114,-1.39320
0.76215,-1.36262
0.78439,-1.32504
0.80782,-1.27698
0.83206,-1.21329
0.85674,-1.12648
0.88431,-0.99964
0.85639,-0.77326
0.80306,-0.65285
0.79263,-0.54953
0.78554,-0.44842
0.77467,-0.35374
0.75869,-0.26766
0.73740,-0.18843
0.71028,-0.11133
0.67804,-0.03130
0.64389,0.05335
0.61075,0.14026
0.57915,0.22652
0.54819,0.31064
0.51670,0.39229
0.48378,0.47154
0.44897,0.54856
0.41224,0.62340
0.37399,0.69598
0.33478,0.76607
0.29521,0.83331
0.25571,0.89740
0.21645,0.95818
0.17734,1.01587
0.13805,1.07098
0.09813,1.12430
0.05717,1.17669
0.01491,1.22892
-0.02875,1.28156
0.70037,-1.48702
0.72517,-1.46677
0.74933,-1.44555
0.77342,-1.42273
0.79794,-1.39754
0.82338,-1.36896
0.85008,-1.33557
0.87825,-1.29532
0.90768,-1.24526
0.93760,-1.18133
0.96648,-1.09799
0.99273,-0.98561
0.99763,-0.80398
0.91438,-0.64763
0.88945,-0.55055
0.87721,-0.45611
0.86510,-0.36713
0.85158,-0.28495
0.83676,-0.20841
0.82022,-0.13506
0.80065,-0.06226
0.77685,0.01212
0.74919,0.08904
0.71922,0.16777
0.68796,0.24662
0.65514,0.32410
0.61983,0.39947
0.58127,0.47261
0.53913,0.54382
0.49368,0.61353
0.44561,0.68216
0.39587,0.74992
0.34551,0.81677
0.29543,0.88238
0.24621,0.94638
0.19806,1.00848
0.15085,1.06870
0.10418,1.12737
0.05762,1.18506
0.01076,1.24236
0.75973,-1.46964
0.78785,-1.44731
0.81535,-1.42392
0.84279,-1.39880
0.87070,-1.37115
0.89959,-1.33996
0.92985,-1.30388
0.96165,-1.26114
0.99474,-1.20936
1.02816,-1.14558
1.06004,-1.06624
1.08761,-0.96666
1.10563,-0.83431
1.05313,-0.64973
0.98903,-0.55222
0.97036,-0.46619
0.95873,-0.38198
0.94902,-0.30173
0.94078,-0.22486
0.93373,-0.14979
0.92671,-0.07512
0.91784,-0.00027
0.90530,0.07463
0.88805,0.14903
0.86596,0.22218
0.83927,0.29322
0.80804,0.36142
0.77207,0.42641
0.73106,0.48832
0.68475,0.54773
0.63305,0.60558
0.57612,0.66311
0.51453,0.72163
0.44934,0.78224
0.38215,0.84558
0.31482,0.91149
0.24906,0.97912
0.18599,1.04729
0.12593,1.11498
0.06863,1.18164
0.82085,-1.44741
0.85078,-1.42344
0.88008,-1.39826
0.90931,-1.37118
0.93899,-1.34140
0.96964,-1.30790
1.00166,-1.26944
1.03525,-1.22446
1.07011,-1.17112
1.10531,-1.10742
1.13902,-1.03143
1.16862,-0.94138
1.19087,-0.83493
1.19836,-0.70186
1.11840,-0.54358
1.06706,-0.47379
1.05549,-0.39648
1.04986,-0.31760
1.04694,-0.23939
1.04573,-0.16149
1.04480,-0.08351
1.04234,-0.00574
1.03664,0.07103
1.02663,0.14592
1.01187,0.21815
0.99240,0.28708
0.96842,0.35222
0.94005,0.41326
0.90730,0.47016
0.87000,0.52312
0.82779,0.57258
0.78009,0.61929
0.72608,0.66434
0.66482,0.70926
0.59556,0.75609
0.51830,0.80725
0.43445,0.86495
0.34711,0.93034
0.26032,1.00268
0.17768,1.07958
0.88241,-1.42135
0.91290,-1.39617
0.94273,-1.36962
0.97239,-1.34102
1.00243,-1.30953
1.03337,-1.27417
1.06567,-1.23373
1.09951,-1.18684
1.13465,-1.13211
1.17022,-1.06832
1.20471,-0.99470
1.23609,-0.91102
1.26222,-0.81759
1.28106,-0.71485
1.29028,-0.60106
1.22748,-0.44354
1.15512,-0.41374
1.15500,-0.33639
1.15669,-0.25548
1.15900,-0.17415
1.16064,-0.09314
1.16015,-0.01332
1.15634,0.06431
1.14844,0.13893
1.13614,0.21004
1.11950,0.27730
1.09880,0.34054
1.07434,0.39968
1.04642,0.45474
1.01522,0.50584
0.98076,0.55316
0.94285,0.59699
0.90096,0.63775
0.85417,0.67602
0.80109,0.71269
0.73982,0.74912
0.66821,0.78740
0.58452,0.83055
0.48865,0.88232
0.38358,0.94596
0.94335,-1.39245
0.97334,-1.36648
1.00254,-1.33902
1.03142,-1.30937
1.06055,-1.27671
1.09052,-1.24001
1.12183,-1.19810
1.15476,-1.14972
1.18911,-1.09381
1.22414,-1.02976
1.25866,-0.95754
1.29128,-0.87766
1.32061,-0.79104
1.34554,-0.69887
1.36545,-0.60294
1.38046,-0.50688
1.38999,-0.42452
1.33657,-0.38586
1.29499,-0.28792
1.28828,-0.19535
1.28582,-0.10823
1.28255,-0.02511
1.27669,0.05384
1.26742,0.12830
1.25436,0.19813
1.23750,0.26340
1.21703,0.32431
1.19331,0.38114
1.16670,0.43415
1.13756,0.48357
1.10615,0.52960
1.07259,0.57244
1.03680,0.61229
0.99843,0.64944
0.95680,0.68425
0.91080,0.71719
0.85874,0.74896
0.79823,0.78065
0.72626,0.81412
0.63966,0.85236
1.00270,-1.36166
1.03120,-1.33532
1.05867,-1.30744
1.08563,-1.27733
1.11272,-1.24412
1.14065,-1.20673
1.17009,-1.16391
1.20140,-1.11445
1.23444,-1.05752
1.26853,-0.99294
1.30274,-0.92122
1.33604,-0.84323
1.36752,-0.76003
1.39650,-0.67261
1.42251,-0.58203
1.44548,-0.48963
1.46572,-0.39745
1.48358,-0.30890
1.49770,-0.22945
1.50068,-0.16442
1.48191,-0.10606
1.45082,-0.03751
1.42291,0.03849
1.39957,0.11330
1.37792,0.18325
1.35584,0.24760
1.33222,0.30674
1.30665,0.36130
1.27911,0.41193
1.24978,0.45914
1.21885,0.50327
1.18652,0.54459
1.15285,0.58331
1.11778,0.61966
1.08105,0.65387
1.04218,0.68621
1.00041,0.71703
0.95452,0.74671
0.90275,0.77583
0.84255,0.80529
1.05943,-1.32988
1.08543,-1.30367
1.11012,-1.27597
1.13410,-1.24609
1.15819,-1.21307
1.18339,-1.17567
1.21056,-1.13245
1.24011,-1.08212
1.27184,-1.02408
1.30505,-0.95856
1.33887,-0.88649
1.37248,-0.80904
1.40519,-0.72732
1.43643,-0.64220
1.46578,-0.55430
1.49300,-0.46410
1.51807,-0.37211
1.54125,-0.27902
1.56305,-0.18585
1.58420,-0.09406
1.60546,-0.00596
1.62722,0.07385
1.64650,0.13410
1.63847,0.15409
1.56469,0.17073
1.49677,0.22766
1.45319,0.28807
1.41881,0.34257
1.38711,0.39172
1.35585,0.43675
1.32423,0.47852
1.29197,0.51758
1.25897,0.55431
1.22515,0.58902
1.19036,0.62193
1.15438,0.65330
1.11686,0.68338
1.07727,0.71242
1.03482,0.74072
0.98833,0.76863
1.11238,-1.29806
1.13486,-1.27258
1.15574,-1.24580
1.17584,-1.21699
1.19637,-1.18498
1.21867,-1.14814
1.24378,-1.10469
1.27197,-1.05332
1.30278,-0.99374
1.33538,-0.92671
1.36890,-0.85356
1.40261,-0.77573
1.43586,-0.69441
1.46811,-0.61041
1.49888,-0.52415
1.52778,-0.43576
1.55462,-0.34522
1.57943,-0.25262
1.60250,-0.15827
1.62429,-0.06274
1.64539,0.03330
1.66646,0.12914
1.68827,0.22395
1.71193,0.31646
1.73965,0.40352
1.77859,0.47046
1.78123,0.34324
1.54081,0.32270
1.48494,0.37853
1.44938,0.42268
1.41765,0.46147
1.38658,0.49706
1.35523,0.53043
1.32320,0.56210
1.29027,0.59242
1.25630,0.62165
1.22112,0.65001
1.18448,0.67769
1.14606,0.70491
1.10537,0.73188
1.16022,-1.26725
1.17816,-1.24329
1.19434,-1.21837
1.21006,-1.19155
1.22707,-1.16118
1.24703,-1.12505
1.27083,-1.08101
1.29835,-1.02795
1.32876,-0.96617
1.36108,-0.89700
1.39445,-0.82221
1.42814,-0.74343
1.46152,-0.66194
1.49397,-0.57854
1.52492,-0.49355
1.55394,-0.40687
1.58077,-0.31820
1.60540,-0.22727
1.62802,-0.13412
1.64895,-0.03904
1.66856,0.05752
1.68718,0.15511
1.70509,0.25339
1.72240,0.35212
1.73899,0.45126
1.75415,0.55104
1.76578,0.65227
1.76666,0.75727
1.71236,0.87116
1.39311,0.62296
1.44122,0.49948
1.43968,0.50581
1.42341,0.52544
1.40102,0.54833
1.37493,0.57229
1.34610,0.59668
1.31496,0.62126
1.28171,0.64599
1.24643,0.67087
1.20909,0.69598
1.20150,-1.23871
1.21402,-1.21726
1.22504,-1.19524
1.23657,-1.17118
1.25088,-1.14261
1.26962,-1.10661
1.29314,-1.06101
1.32069,-1.00530
1.35115,-0.94057
1.38347,-0.86877
1.41681,-0.79198
1.45044,-0.71198
1.48368,-0.63009
1.51582,-0.54714
1.54624,-0.46336
1.57448,-0.37848
1.60034,-0.29194
1.62386,-0.20319
1.64526,-0.11199
1.66483,-0.01848
1.68283,0.07698
1.69951,0.17395
1.71507,0.27205
1.72960,0.37096
1.74302,0.47050
1.75498,0.57056
1.76468,0.67117
1.77045,0.77247
1.76865,0.87459
1.75018,0.97708
1.68619,1.07264
1.48260,1.07115
1.33675,0.74973
1.38718,0.61552
1.40557,0.59153
1.40146,0.59464
1.38554,0.60722
1.36241,0.62416
1.33423,0.64358
1.30216,0.66465
1.23486,-1.21390
1.24149,-1.19612
1.24762,-1.17791
1.25602,-1.15683
1.26915,-1.12934
1.28804,-1.09213
1.31216,-1.04360
1.34026,-0.98425
1.37106,-0.91602
1.40357,-0.84129
1.43697,-0.76236
1.47051,-0.68109
1.50343,-0.59884
1.53495,-0.51641
1.56440,-0.43399
1.59135,-0.35112
1.61574,-0.26694
1.63773,-0.18062
1.65762,-0.09166
1.67568,-0.00007
1.69214,0.09385
1.70722,0.18963
1.72110,0.28685
1.73389,0.38512
1.74564,0.48416
1.75623,0.58375
1.76537,0.68374
1.77249,0.78403
1.77660,0.88454
1.77588,0.98509
1.76682,1.08523
1.74159,1.18320
1.68043,1.27108
1.53144,1.30340
1.29884,1.08241
1.30629,0.76966
1.36743,0.66509
1.39009,0.63869
1.38857,0.63747
1.37306,0.64674
1.25931,-1.19449
1.26036,-1.18144
1.26286,-1.16737
1.27001,-1.14847
1.28369,-1.12038
1.30383,-1.08016
1.32912,-1.02738
1.35803,-0.96367
1.38934,-0.89162
1.42214,-0.81392
1.45565,-0.73291
1.48907,-0.65049
1.52154,-0.56806
1.55221,-0.48641
1.58038,-0.40563
1.60576,-0.32503
1.62843,-0.24345
1.64875,-0.15971
1.66705,-0.07310
1.68363,0.01651
1.69869,0.10880
1.71242,0.20330
1.72498,0.29951
1.73650,0.39700
1.74708,0.49543
1.75671,0.59452
1.76528,0.69406
1.77255,0.79389
1.77811,0.89388
1.78136,0.99391
1.78132,1.09380
1.77623,1.19321
1.76276,1.29135
1.73394,1.38596
1.67374,1.46937
1.54401,1.50881
1.30774,1.36227
1.22318,0.96282
1.31394,0.74873
1.36881,0.68227
