-1.63100,-0.06274
-1.63938,-0.14377
-1.62030,0.01408
-0.77791,0.51344
-0.72773,0.45040
-1.01218,0.54416
-1.58197,0.19811
-1.61836,0.02608
-1.63434,-0.09189
-1.63478,-0.09600
-1.61753,0.03110
-1.60089,0.11836
-1.63054,-0.05897
-1.63194,-0.07061
-1.63123,-0.56597
-1.64562,-0.46978
-1.64890,-0.37420
-1.64754,-0.28001
-1.64279,-0.18768
-1.63496,-0.09768
-1.62401,-0.01037
-1.60980,0.07435
-1.59210,0.15728
-1.57071,0.23975
-1.54564,0.32301
-1.51737,0.40753
-1.48678,0.49288
-1.45491,0.57784
-1.42263,0.66062
-1.39061,0.73901
-1.35941,0.81050
-1.32982,0.87266
-1.30297,0.92366
-1.28016,0.96291
-1.26209,0.99149
-1.24810,1.01219
-1.23631,1.02873
-1.22449,1.04457
-1.21087,1.06192
-1.19431,1.08184
-1.62127,0.00788
-1.63722,-0.12006
-1.63892,-0.13845
-1.63850,-0.13386
-1.61688,0.03494
-0.91297,0.57457
-0.82621,0.55369
-1.53158,0.36594
-1.61848,0.02536
-1.63439,-0.09235
-1.63258,-0.07614
-1.59220,0.15686
-1.63157,-0.06750
-1.63974,-0.14798
-1.63120,-0.56604
-1.64570,-0.46862
-1.64892,-0.37140
-1.64737,-0.27519
-1.64228,-0.18047
-1.63388,-0.08771
-1.62207,0.00269
-1.60661,0.09073
-1.58733,0.17696
-1.56422,0.26237
-1.53757,0.34791
-1.50810,0.43390
-1.47680,0.51986
-1.44462,0.60458
-1.41233,0.68629
-1.38049,0.76278
-1.34968,0.83162
-1.32067,0.89064
-1.29456,0.93855
-1.27229,0.97562
-1.25387,1.00379
-1.23811,1.02626
-1.22315,1.04631
-1.20726,1.06636
-1.18922,1.08772
-1.16822,1.11089
-1.48822,0.48897
-1.56548,0.25804
-1.60694,0.08906
-1.62335,-0.00588
-1.63610,-0.10877
-1.63683,-0.11606
-1.62284,-0.00242
-1.54021,0.33983
-0.99295,0.55316
-1.60583,0.09461
-1.63341,-0.08341
-1.61504,0.04566
-1.64057,-0.15798
-1.63978,-0.14849
-1.63142,-0.56534
-1.64585,-0.46645
-1.64893,-0.36737
-1.64714,-0.26892
-1.64163,-0.17159
-1.63255,-0.07588
-1.61971,0.01778
-1.60284,0.10917
-1.58185,0.19857
-1.55697,0.28668
-1.52880,0.37421
-1.49825,0.46141
-1.46632,0.54780
-1.43386,0.63219
-1.40150,0.71282
-1.36972,0.78750
-1.33902,0.85398
-1.31020,0.91045
-1.28415,0.95631
-1.26136,0.99259
-1.24133,1.02178
-1.22274,1.04685
-1.20406,1.07026
-1.18404,1.09359
-1.16183,1.11761
-1.13682,1.14256
-0.81349,0.54993
-0.90133,0.57591
-1.05069,0.52313
-1.53024,0.36995
-1.58488,0.18677
-1.61470,0.04760
-1.62638,-0.02702
-1.63511,-0.09907
-1.63521,-0.10009
-1.61898,0.02227
-1.55962,0.27791
-1.62916,-0.04795
-1.61349,0.05440
-1.62707,-0.03213
-1.63176,-0.56418
-1.64605,-0.46324
-1.64894,-0.36185
-1.64682,-0.26081
-1.64077,-0.16056
-1.63086,-0.06162
-1.61680,0.03544
-1.59831,0.13018
-1.57547,0.22254
-1.54881,0.31301
-1.51922,0.40222
-1.48769,0.49040
-1.45518,0.57712
-1.42239,0.66122
-1.38979,0.74095
-1.35774,0.81418
-1.32670,0.87886
-1.29737,0.93365
-1.27041,0.97859
-1.24595,1.01527
-1.22327,1.04616
-1.20124,1.07366
-1.17871,1.09953
-1.15481,1.12481
-1.12891,1.15003
-1.10055,1.17535
-0.63194,0.36213
-0.73039,0.46072
-0.79159,0.53190
-0.85924,0.57183
-0.95903,0.56596
-1.46945,0.53948
-1.54174,0.33514
-1.58907,0.16987
-1.61421,0.05038
-1.62999,-0.05454
-1.63317,-0.08131
-1.63382,-0.08709
-1.63072,-0.06044
-1.63860,-0.13492
-1.63130,-0.56573
-1.64628,-0.45964
-1.64893,-0.35442
-1.64635,-0.25000
-1.63960,-0.14634
-1.62863,-0.04384
-1.61307,0.05675
-1.59272,0.15467
-1.56792,0.24958
-1.53954,0.34191
-1.50864,0.43238
-1.47624,0.52135
-1.44312,0.60844
-1.40981,0.69250
-1.37661,0.77177
-1.34374,0.84417
-1.31161,0.90783
-1.28082,0.96183
-1.25187,1.00672
-1.22473,1.04425
-1.19878,1.07658
-1.17316,1.10559
-1.14705,1.13260
-1.11981,1.15840
-1.09097,1.18342
-1.06020,1.20781
-0.52182,-0.03703
-0.55560,0.15139
-0.59884,0.32496
-0.70154,0.42916
-0.76373,0.50202
-0.81660,0.55321
-0.88352,0.57606
-0.98018,0.55883
-1.48537,0.49671
-1.53600,0.35267
-1.58118,0.20113
-1.60657,0.09093
-1.62380,-0.00893
-1.62967,-0.05195
-1.63710,-0.11881
-1.63659,-0.11362
-1.64887,-0.34276
-1.64549,-0.23221
-1.63769,-0.12508
-1.62529,-0.01924
-1.60786,0.08440
-1.58542,0.18461
-1.55871,0.28094
-1.52883,0.37411
-1.49688,0.46521
-1.46367,0.55481
-1.42980,0.64252
-1.39558,0.72712
-1.36114,0.80669
-1.32660,0.87906
-1.29232,0.94245
-1.25895,0.99623
-1.22704,1.04122
-1.19661,1.07914
-1.16726,1.11190
-1.13836,1.14108
-1.10930,1.16778
-1.07958,1.19271
-1.04882,1.21627
-1.01681,1.23862
-0.43889,-0.34859
-0.47698,-0.22425
-0.51291,-0.07874
-0.54588,0.08995
-0.57055,0.25941
-0.65075,0.38092
-0.72534,0.45650
-0.77338,0.51477
-0.81865,0.55576
-0.87369,0.57578
-0.94519,0.57027
-1.04184,0.52870
-1.49220,0.47807
-1.52997,0.37075
-1.55857,0.28138
-1.57878,0.21025
-1.59409,0.14879
-1.60508,0.09834
-1.61170,0.06421
-1.60926,0.07717
-1.59655,0.13804
-1.57401,0.22790
-1.54672,0.31962
-1.51632,0.41054
-1.48379,0.50102
-1.44979,0.59117
-1.41479,0.68020
-1.37894,0.76639
-1.34222,0.84735
-1.30473,0.92049
-1.26701,0.98391
-1.23004,1.03723
-1.19456,1.08154
-1.16079,1.11868
-1.12845,1.15046
-1.09703,1.17835
-1.06600,1.20338
-1.03493,1.22623
-1.00352,1.24728
-0.97163,1.26666
-0.35048,-0.57111
-0.39243,-0.47397
-0.43079,-0.37217
-0.46646,-0.26113
-0.50000,-0.13493
-0.53089,0.00807
-0.55683,0.16015
-0.58225,0.29760
-0.65953,0.39022
-0.71991,0.45219
-0.75936,0.50102
-0.79201,0.53778
-0.82428,0.56226
-0.85802,0.57545
-0.89315,0.57923
-0.92965,0.57540
-0.96906,0.56445
-1.01534,0.54419
-1.07763,0.50563
-1.48270,0.50397
-1.50249,0.44962
-1.51599,0.41150
-1.51640,0.41030
-1.50126,0.45306
-1.46978,0.53862
-1.43475,0.62992
-1.39770,0.72202
-1.35886,0.81171
-1.31819,0.89541
-1.27601,0.96967
-1.23353,1.03252
-1.19230,1.08418
-1.15331,1.12634
-1.11679,1.16113
-1.08240,1.19044
-1.04962,1.21569
-1.01791,1.23788
-0.98687,1.25764
-0.95625,1.27532
-0.92600,1.29109
-0.26408,-0.73885
-0.30435,-0.66533
-0.34347,-0.58619
-0.38272,-0.49758
-0.41982,-0.40282
-0.45259,-0.30665
-0.48319,-0.20139
-0.51112,-0.08681
-0.53647,0.03731
-0.55723,0.16314
-0.57391,0.27593
-0.62419,0.35846
-0.67901,0.41221
-0.71480,0.45206
-0.73854,0.48366
-0.75610,0.50930
-0.77099,0.53097
-0.78595,0.55015
-0.80388,0.56726
-0.82829,0.58104
-0.86313,0.58837
-0.91187,0.58465
-0.97634,0.56440
-1.05809,0.51986
-1.46357,0.55507
-1.42067,0.66552
-1.37853,0.76734
-1.33393,0.86440
-1.28654,0.95229
-1.23757,1.02701
-1.18939,1.08753
-1.14404,1.13556
-1.10240,1.17377
-1.06436,1.20464
-1.02936,1.23011
-0.99673,1.25156
-0.96589,1.26994
-0.93643,1.28584
-0.90815,1.29961
-0.88109,1.31145
-0.16738,-0.88907
-0.21600,-0.81767
-0.26044,-0.74512
-0.30042,-0.67284
-0.33710,-0.59966
-0.37209,-0.52261
-0.40575,-0.44026
-0.43645,-0.35578
-0.46355,-0.27096
-0.48858,-0.18083
-0.51142,-0.08546
-0.53197,0.01362
-0.54942,0.11120
-0.56185,0.20014
-0.57229,0.27479
-0.59719,0.33282
-0.63326,0.37700
-0.66664,0.41389
-0.69384,0.44921
-0.71613,0.48549
-0.73641,0.52236
-0.75988,0.55705
-0.79522,0.58456
-0.85550,0.59600
-0.96248,0.57152
-1.42401,0.65714
-1.36002,0.80916
-1.30232,0.92484
-1.24362,1.01857
-1.18573,1.09169
-1.13188,1.14724
-1.08364,1.18943
-1.04103,1.22191
-1.00332,1.24740
-0.96956,1.26785
-0.93889,1.28457
-0.91064,1.29846
-0.88440,1.31007
-0.85999,1.31977
-0.83748,1.32779
-0.07016,-1.01260
-0.11822,-0.95435
-0.16692,-0.88971
-0.21405,-0.82068
-0.25769,-0.74984
-0.29687,-0.67954
-0.33173,-0.61082
-0.36318,-0.54297
-0.39228,-0.47432
-0.41957,-0.40350
-0.44492,-0.33046
-0.46796,-0.25603
-0.48879,-0.18003
-0.50775,-0.10178
-0.52475,-0.02277
-0.53976,0.05519
-0.55261,0.13139
-0.56231,0.20626
-0.57027,0.27963
-0.59605,0.34783
-0.64168,0.40692
-0.68018,0.46107
-0.70772,0.51457
-0.73759,0.56455
-0.79809,0.59960
-0.96022,0.57444
-1.35624,0.81744
-1.26337,0.98953
-1.18435,1.09325
-1.11592,1.16191
-1.05783,1.20960
-1.00906,1.24371
-0.96803,1.26872
-0.93314,1.28752
-0.90294,1.30200
-0.87632,1.31340
-0.85251,1.32254
-0.83103,1.32992
-0.81169,1.33587
-0.79455,1.34060
0.00113,-1.09061
-0.03968,-1.04710
-0.08317,-0.99732
-0.12811,-0.94171
-0.17304,-0.88114
-0.21646,-0.81695
-0.25707,-0.75090
-0.29413,-0.68470
-0.32753,-0.61944
-0.35768,-0.55529
-0.38521,-0.49160
-0.41069,-0.42734
-0.43447,-0.36154
-0.45669,-0.29354
-0.47734,-0.22297
-0.49643,-0.14962
-0.51416,-0.07303
-0.53081,0.00768
-0.54644,0.09326
-0.55966,0.18288
-0.56723,0.27306
-0.59047,0.35620
-0.63799,0.42783
-0.67159,0.49623
-0.70059,0.56356
-0.78542,0.61118
-1.39305,0.73318
-1.22382,1.04543
-1.10170,1.17437
-1.02130,1.23561
-0.96236,1.27193
-0.91722,1.29536
-0.88171,1.31119
-0.85303,1.32235
-0.82921,1.33051
-0.80890,1.33667
-0.79123,1.34146
-0.77567,1.34523
-0.76203,1.34819
-0.75031,1.35048
0.05092,-1.13990
0.01533,-1.10508
-0.02313,-1.06510
-0.06366,-1.02011
-0.10528,-0.97053
-0.14698,-0.91694
-0.18774,-0.86009
-0.22672,-0.80085
-0.26341,-0.74001
-0.29764,-0.67809
-0.32960,-0.61521
-0.35957,-0.55109
-0.38781,-0.48530
-0.41443,-0.41739
-0.43946,-0.34690
-0.46285,-0.27331
-0.48466,-0.19587
-0.50500,-0.11374
-0.52400,-0.02645
-0.54163,0.06557
-0.55682,0.16060
-0.56512,0.25595
-0.57475,0.34699
-0.60870,0.43119
-0.62973,0.51506
-0.67323,0.59561
-0.92619,0.60009
-1.19215,1.08435
-0.98050,1.26146
-0.88947,1.30792
-0.83901,1.32727
-0.80541,1.33766
-0.78127,1.34392
-0.76300,1.34799
-0.74849,1.35082
-0.73648,1.35290
-0.72616,1.35449
-0.71710,1.35575
-0.70915,1.35674
-0.70231,1.35751
0.09062,-1.17633
0.05778,-1.14637
0.02205,-1.11182
-0.01599,-1.07271
-0.05558,-1.02933
-0.09585,-0.98209
-0.13598,-0.93149
-0.17526,-0.87800
-0.21323,-0.82195
-0.24966,-0.76344
-0.28458,-0.70234
-0.31814,-0.63837
-0.35041,-0.57126
-0.38136,-0.50083
-0.41083,-0.42697
-0.43857,-0.34953
-0.46435,-0.26830
-0.48800,-0.18307
-0.50953,-0.09392
-0.52903,-0.00140
-0.54647,0.09345
-0.56035,0.18951
-0.56332,0.28626
-0.55239,0.38145
-0.54138,0.47412
-0.57554,0.57134
-0.73180,0.65575
-1.16836,1.11073
-0.78096,1.34399
-0.71274,1.35630
-0.69004,1.35872
-0.67786,1.35968
-0.67049,1.36015
-0.66569,1.36042
-0.66229,1.36058
-0.65956,1.36070
-0.65704,1.36080
-0.65450,1.36090
-0.65189,1.36098
-0.64927,1.36106
0.12693,-1.20747
0.09546,-1.18060
0.06113,-1.14950
0.02426,-1.11402
-0.01455,-1.07424
-0.05457,-1.03047
-0.09503,-0.98308
-0.13527,-0.93242
-0.17480,-0.87865
-0.21337,-0.82172
-0.25092,-0.76132
-0.28747,-0.69704
-0.32301,-0.62861
-0.35738,-0.55596
-0.39030,-0.47920
-0.42140,-0.39849
-0.45028,-0.31391
-0.47660,-0.22563
-0.50022,-0.13398
-0.52130,-0.03954
-0.54009,0.05702
-0.55611,0.15543
-0.56315,0.25654
-0.51668,0.35767
-0.45978,0.44325
-0.48680,0.55111
-0.59321,0.66877
-1.12441,1.15420
-0.52266,1.35348
-0.52766,1.35417
-0.53822,1.35553
-0.54839,1.35671
-0.55774,1.35768
-0.56618,1.35845
-0.57358,1.35906
-0.57982,1.35952
-0.58478,1.35985
-0.58840,1.36007
-0.59072,1.36020
-0.59185,1.36026
0.16302,-1.23634
0.13212,-1.21175
0.09855,-1.18331
0.06232,-1.15061
0.02380,-1.11355
-0.01641,-1.07227
-0.05762,-1.02701
-0.09916,-0.97805
-0.14052,-0.92551
-0.18136,-0.86930
-0.22151,-0.80908
-0.26087,-0.74439
-0.29934,-0.67488
-0.33669,-0.60051
-0.37260,-0.52145
-0.40664,-0.43794
-0.43835,-0.35018
-0.46730,-0.25829
-0.49324,-0.16248
-0.51634,-0.06297
-0.53701,0.04025
-0.55500,0.14759
-0.56090,0.25981
-0.47190,0.36171
-0.41534,0.44412
-0.43050,0.55316
-0.49595,0.67575
-0.14045,0.68191
-0.32784,1.30442
-0.37011,1.31865
-0.40162,1.32797
-0.42767,1.33486
-0.44988,1.34013
-0.46904,1.34423
-0.48558,1.34744
-0.49968,1.34993
-0.51136,1.35181
-0.52065,1.35320
-0.52758,1.35416
-0.53225,1.35478
0.20035,-1.26395
0.16954,-1.24132
0.13637,-1.21523
0.10058,-1.18508
0.06227,-1.15057
0.02187,-1.11163
-0.02004,-1.06841
-0.06282,-1.02107
-0.10595,-0.96971
-0.14900,-0.91422
-0.19173,-0.85425
-0.23393,-0.78931
-0.27536,-0.71899
-0.31572,-0.64316
-0.35465,-0.56199
-0.39171,-0.47574
-0.42647,-0.38442
-0.45850,-0.28765
-0.48763,-0.18453
-0.51406,-0.07350
-0.53820,0.04667
-0.55850,0.17409
-0.52784,0.30346
-0.41431,0.38664
-0.38237,0.47395
-0.38728,0.57778
-0.35691,0.66577
0.08589,1.01460
-0.18014,1.23781
-0.23806,1.26728
-0.28190,1.28663
-0.31843,1.30097
-0.34978,1.31206
-0.37706,1.32080
-0.40090,1.32778
-0.42159,1.33332
-0.43920,1.33766
-0.45371,1.34098
-0.46508,1.34342
-0.47333,1.34510
0.23948,-1.29033
0.20851,-1.26967
0.17560,-1.24591
0.14022,-1.21835
0.10222,-1.18651
0.06182,-1.15015
0.01947,-1.10924
-0.02429,-1.06385
-0.06892,-1.01404
-0.11401,-0.95966
-0.15924,-0.90033
-0.20434,-0.83548
-0.24899,-0.76455
-0.29276,-0.68725
-0.33516,-0.60370
-0.37578,-0.51403
-0.41434,-0.41764
-0.45091,-0.31193
-0.48616,-0.19013
-0.51986,-0.04643
-0.54918,0.10975
-0.54818,0.26057
-0.41400,0.35570
-0.36340,0.43158
-0.34679,0.51926
-0.30512,0.59260
0.26595,0.70126
0.06709,1.03748
-0.06131,1.16013
-0.12627,1.20582
-0.17749,1.23634
-0.22087,1.25902
-0.25862,1.27666
-0.29194,1.29073
-0.32153,1.30212
-0.34771,1.31136
-0.37056,1.31880
-0.38999,1.32466
-0.40583,1.32914
-0.41792,1.33237
0.28042,-1.31499
0.24936,-1.29656
0.21677,-1.27535
0.18194,-1.25062
0.14449,-1.22178
0.10441,-1.18840
0.06197,-1.15029
0.01763,-1.10739
-0.02816,-1.05968
-0.07500,-1.00696
-0.12260,-0.94878
-0.17073,-0.88440
-0.21904,-0.81294
-0.26706,-0.73365
-0.31425,-0.64606
-0.36050,-0.54901
-0.40745,-0.43583
-0.45880,-0.28670
-0.51035,-0.09027
-0.06890,-0.17591
-0.26059,0.16354
-0.33730,0.31897
-0.32551,0.40402
-0.31191,0.48345
-0.26456,0.54038
0.31948,0.57581
0.22163,0.79519
0.11032,0.98244
0.02868,1.07979
-0.03474,1.13875
-0.08857,1.18036
-0.13562,1.21172
-0.17743,1.23631
-0.21503,1.25612
-0.24904,1.27236
-0.27979,1.28576
-0.30732,1.29678
-0.33146,1.30572
-0.35191,1.31277
-0.36832,1.31809
0.32266,-1.33711
0.29196,-1.32137
0.26008,-1.30313
0.22621,-1.28169
0.18977,-1.25636
0.15050,-1.22656
0.10849,-1.19192
0.06405,-1.15222
0.01755,-1.10732
-0.03070,-1.05692
-0.08052,-1.00046
-0.13182,-0.93690
-0.18459,-0.86466
-0.23899,-0.78109
-0.29711,-0.67911
-0.36769,-0.53275
-0.45290,-0.30432
0.09587,-0.45339
0.14064,-0.43502
0.17123,-0.39830
0.18474,-0.33456
0.00133,0.06995
-0.21097,0.41714
-0.12602,0.42507
0.35345,0.49071
0.28616,0.65528
0.21913,0.80019
0.15374,0.91777
0.09284,1.00573
0.03623,1.07192
-0.01587,1.12244
-0.06352,1.16183
-0.10718,1.19327
-0.14739,1.21893
-0.18458,1.24024
-0.21902,1.25811
-0.25068,1.27310
-0.27934,1.28557
-0.30460,1.29573
-0.32590,1.30372
0.36526,-1.35582
0.33581,-1.34327
0.30548,-1.32853
0.27337,-1.31096
0.23872,-1.28985
0.20107,-1.26446
0.16028,-1.23422
0.11646,-1.19870
0.06983,-1.15756
0.02057,-1.11034
-0.03130,-1.05627
-0.08609,-0.99385
-0.14494,-0.91965
-0.21474,-0.81962
-0.32588,-0.62280
0.04181,-0.45107
0.13164,-0.45920
0.17779,-0.42804
0.21444,-0.38949
0.24963,-0.34848
0.28909,-0.30343
0.36139,-0.25216
0.46040,0.19883
0.38307,0.41345
0.33251,0.54362
0.28461,0.65887
0.23677,0.76426
0.18814,0.85902
0.13876,0.94122
0.08948,1.01004
0.04144,1.06636
-0.00454,1.11219
-0.04814,1.14975
-0.08943,1.18097
-0.12861,1.20731
-0.16581,1.22976
-0.20098,1.24896
-0.23385,1.26530
-0.26396,1.27901
-0.29066,1.29022
0.40692,-1.37050
0.38011,-1.36147
0.35264,-1.35066
0.32359,-1.33755
0.29208,-1.32144
0.25738,-1.30149
0.21907,-1.27691
0.17700,-1.24695
0.13116,-1.21096
0.08151,-1.16819
0.02778,-1.11750
-0.03107,-1.05652
-0.10052,-0.97639
-0.24092,-0.77793
0.05336,-0.46396
0.15228,-0.45980
0.20239,-0.41756
0.24506,-0.37282
0.29056,-0.33209
0.35473,-0.29912
0.61921,-0.18305
0.47267,0.16317
0.41690,0.32186
0.37621,0.43160
0.33725,0.53177
0.29779,0.62802
0.25738,0.72020
0.21586,0.80666
0.17320,0.88538
0.12969,0.95483
0.08597,1.01449
0.04274,1.06495
0.00048,1.10751
-0.04066,1.14366
-0.08072,1.17470
-0.11974,1.20160
-0.15766,1.22504
-0.19420,1.24540
-0.22889,1.26293
-0.26107,1.27774
0.44624,-1.38099
0.42388,-1.37543
0.40110,-1.36867
0.37699,-1.36032
0.35058,-1.34979
0.32094,-1.33627
0.28728,-1.31881
0.24901,-1.29635
0.20571,-1.26772
0.15694,-1.23162
0.10187,-1.18620
0.03794,-1.12743
-0.06120,-1.02293
-0.04153,-0.41269
0.15898,-0.46999
0.21407,-0.41718
0.26207,-0.36521
0.31674,-0.32259
0.41473,-0.30106
0.58833,-0.13803
0.50254,0.07530
0.45732,0.20772
0.42102,0.31045
0.38574,0.40637
0.35007,0.49934
0.31377,0.58973
0.27678,0.67684
0.23907,0.75947
0.20052,0.83619
0.16112,0.90574
0.12106,0.96736
0.08072,1.02105
0.04039,1.06748
0.00023,1.10775
-0.03980,1.14295
-0.07973,1.17397
-0.11951,1.20145
-0.15892,1.22577
-0.19752,1.24715
-0.23467,1.26569
0.48229,-1.38774
0.46649,-1.38512
0.45050,-1.38193
0.43357,-1.37797
0.41482,-1.37287
0.39322,-1.36607
0.36771,-1.35678
0.33718,-1.34390
0.30047,-1.32592
0.25621,-1.30078
0.20234,-1.26535
0.13251,-1.21207
-0.06948,-1.01339
0.16981,-0.52092
0.21790,-0.44082
0.26454,-0.37393
0.32233,-0.32540
0.43567,-0.31063
0.60859,-0.16879
0.53968,-0.03051
0.49875,0.08646
0.46455,0.18681
0.43137,0.28156
0.39794,0.37364
0.36398,0.46357
0.32951,0.55109
0.29460,0.63555
0.25926,0.71608
0.22340,0.79166
0.18688,0.86128
0.14970,0.92422
0.11192,0.98022
0.07367,1.02965
0.03494,1.07328
-0.00437,1.11203
-0.04438,1.14671
-0.08513,1.17789
-0.12645,1.20593
-0.16798,1.23100
-0.20913,1.25315
0.51562,-1.39154
0.50834,-1.39090
0.50107,-1.39016
0.49338,-1.38926
0.48473,-1.38809
0.47443,-1.38650
0.46160,-1.38420
0.44518,-1.38075
0.42377,-1.37540
0.39531,-1.36677
0.35622,-1.35216
0.29438,-1.32268
1.07656,-1.16003
0.97960,-0.51207
0.47376,-0.56890
0.31415,-0.35360
0.40406,-0.32528
0.65191,-0.21774
0.58291,-0.12854
0.53958,-0.03025
0.50599,0.06515
0.47437,0.15820
0.44270,0.24959
0.41054,0.33936
0.37787,0.42722
0.34479,0.51277
0.31140,0.59546
0.27775,0.67464
0.24377,0.74955
0.20934,0.81937
0.17435,0.88340
0.13871,0.94130
0.10238,0.99320
0.06524,1.03965
0.02708,1.08144
-0.01237,1.11932
-0.05326,1.15383
-0.09554,1.18527
-0.13893,1.21377
-0.18291,1.23933
0.54906,-1.39305
0.55132,-1.39307
0.55371,-1.39308
0.55625,-1.39308
0.55891,-1.39307
0.56162,-1.39304
0.56432,-1.39300
0.56706,-1.39294
0.57018,-1.39285
0.57479,-1.39269
0.58497,-1.39220
0.63995,-1.38614
1.18899,-1.03796
0.95829,-0.48393
0.86265,-0.40667
0.78861,-0.33750
0.71802,-0.27611
0.64951,-0.21539
0.59107,-0.14261
0.54980,-0.05681
0.51687,0.03342
0.48597,0.12415
0.45516,0.21394
0.42401,0.30214
0.39247,0.38836
0.36061,0.47228
0.32852,0.55355
0.29621,0.63175
0.26368,0.70632
0.23081,0.77659
0.19747,0.84190
0.16351,0.90178
0.12880,0.95615
0.09313,1.00536
0.05621,1.05005
0.01767,1.09092
-0.02277,1.12852
-0.06523,1.16314
-0.10954,1.19485
-0.15526,1.22362
0.58626,-1.39212
0.59761,-1.39130
0.60921,-1.39021
0.62143,-1.38880
0.63464,-1.38696
0.64931,-1.38456
0.66607,-1.38135
0.68591,-1.37692
0.71059,-1.37051
0.74355,-1.36040
0.79314,-1.34199
0.89858,-1.29036
1.22686,-0.98688
0.96896,-0.48831
0.87542,-0.41790
0.80680,-0.35397
0.74376,-0.29803
0.68179,-0.24508
0.62037,-0.18386
0.57042,-0.10426
0.53362,-0.01407
0.50176,0.07760
0.47114,0.16762
0.44074,0.25516
0.41026,0.34011
0.37963,0.42257
0.34880,0.50259
0.31774,0.58006
0.28641,0.65469
0.25474,0.72597
0.22260,0.79326
0.18982,0.85598
0.15622,0.91376
0.12157,0.96664
0.08556,1.01501
0.04781,1.05943
0.00792,1.10045
-0.03436,1.13842
-0.07900,1.17344
-0.12569,1.20544
0.62914,-1.38776
0.64807,-1.38477
0.66734,-1.38108
0.68747,-1.37655
0.70907,-1.37093
0.73284,-1.36387
0.75967,-1.35483
0.79082,-1.34294
0.82814,-1.32674
0.87470,-1.30356
0.93646,-1.26754
1.03201,-1.19866
1.22963,-0.98292
1.01597,-0.50373
0.91017,-0.44819
0.84594,-0.39032
0.78980,-0.33847
0.73530,-0.29079
0.67769,-0.24148
0.61635,-0.17891
0.56565,-0.09408
0.52843,0.00038
0.49643,0.09332
0.46618,0.18209
0.43659,0.26687
0.40721,0.34846
0.37774,0.42757
0.34798,0.50467
0.31781,0.57989
0.28713,0.65304
0.25581,0.72363
0.22371,0.79103
0.19058,0.85458
0.15618,0.91382
0.12022,0.96857
0.08237,1.01900
0.04228,1.06545
-0.00031,1.10825
-0.04549,1.14760
-0.09306,1.18353
0.67740,-1.37890
0.70199,-1.37286
0.72691,-1.36572
0.75276,-1.35727
0.78021,-1.34716
0.81002,-1.33487
0.84313,-1.31963
0.88069,-1.30033
0.92419,-1.27520
0.97564,-1.24138
1.03813,-1.19362
1.11822,-1.11935
1.23811,-0.97057
1.43403,-0.60497
0.96139,-0.48387
0.89608,-0.43611
0.84539,-0.38976
0.79944,-0.34719
0.75395,-0.30681
0.70445,-0.26458
0.64633,-0.21223
0.58718,-0.13607
0.54338,-0.04032
0.50907,0.05613
0.47825,0.14681
0.44893,0.23183
0.42025,0.31260
0.39172,0.39038
0.36299,0.46613
0.33375,0.54053
0.30372,0.61393
0.27259,0.68635
0.24005,0.75739
0.20572,0.82632
0.16921,0.89220
0.13015,0.95415
0.08833,1.01151
0.04366,1.06396
-0.00373,1.11144
-0.05355,1.15406
0.72957,-1.36490
0.75789,-1.35547
0.78649,-1.34468
0.81594,-1.33227
0.84694,-1.31778
0.88025,-1.30057
0.91672,-1.27973
0.95730,-1.25397
1.00300,-1.22144
1.05477,-1.17950
1.11346,-1.12424
1.17997,-1.04931
1.25818,-0.94015
1.36186,-0.75584
1.03936,-0.50571
0.95687,-0.48123
0.90753,-0.44578
0.86813,-0.41088
0.83339,-0.37851
0.80044,-0.34809
0.76620,-0.31747
0.72604,-0.28290
0.67323,-0.23751
0.60691,-0.16649
0.55231,-0.06304
0.51288,0.04501
0.47907,0.14441
0.44760,0.23562
0.41754,0.32009
0.38853,0.39890
0.36016,0.47344
0.33176,0.54549
0.30246,0.61694
0.27128,0.68933
0.23725,0.76326
0.19948,0.83813
0.15723,0.91212
0.11012,0.98272
0.05846,1.04749
0.00328,1.10487
0.78389,-1.34571
0.81425,-1.33301
0.84476,-1.31884
0.87599,-1.30286
0.90862,-1.28454
0.94338,-1.26312
0.98103,-1.23756
1.02229,-1.20648
1.06767,-1.16812
1.11731,-1.12029
1.17073,-1.06062
1.22694,-0.98677
1.28526,-0.89633
1.34856,-0.78187
1.42832,-0.61743
1.03841,-0.50567
0.98124,-0.49334
0.94352,-0.47284
0.91479,-0.45163
0.89134,-0.43179
0.87061,-0.41308
0.84991,-0.39388
0.82607,-0.37165
0.79528,-0.34337
0.75220,-0.30528
0.68798,-0.25046
0.60092,-0.15795
0.53783,-0.02555
0.49525,0.09679
0.45966,0.20097
0.42684,0.29425
0.39516,0.38114
0.36474,0.46159
0.33550,0.53615
0.30639,0.60754
0.27557,0.67960
0.24084,0.75574
0.19999,0.83717
0.15121,0.92181
0.09374,1.00457
0.83873,-1.32176
0.86967,-1.30622
0.90059,-1.28921
0.93207,-1.27031
0.96477,-1.24892
0.99938,-1.22416
1.03658,-1.19491
1.07688,-1.15974
1.12045,-1.11703
1.16689,-1.06523
1.21523,-1.00317
1.26425,-0.93060
1.31294,-0.84828
1.36096,-0.75761
1.40914,-0.65870
1.46154,-0.54355
1.08914,-0.49795
1.04675,-0.50556
1.01821,-0.50389
0.99792,-0.49925
0.98217,-0.49362
0.96765,-0.48689
0.95138,-0.47768
0.93111,-0.46399
0.90538,-0.44371
0.87292,-0.41508
0.83146,-0.37661
0.77591,-0.32600
0.69441,-0.25600
0.58730,-0.13627
0.52238,0.01754
0.47891,0.14490
0.44273,0.24951
0.40945,0.34233
0.37638,0.43114
0.34394,0.51492
0.31259,0.59259
0.28085,0.66754
0.24551,0.74585
0.20251,0.83242
0.89261,-1.29374
0.92288,-1.27600
0.95296,-1.25686
0.98341,-1.23586
1.01490,-1.21230
1.04813,-1.18521
1.08374,-1.15336
1.12213,-1.11528
1.16323,-1.06956
1.20642,-1.01516
1.25065,-0.95176
1.29490,-0.87997
1.33847,-0.80118
1.38105,-0.71725
1.42232,-0.63045
1.46121,-0.54430
1.49264,-0.47124
1.49666,-0.46163
1.50774,-0.43474
1.51000,-0.42919
1.51063,-0.42765
1.51327,-0.42113
1.50029,-0.45289
1.47757,-0.50672
1.14476,-0.47010
1.05478,-0.50497
0.99613,-0.49856
0.94539,-0.47375
0.89563,-0.43531
0.84067,-0.38516
0.77150,-0.32210
0.67038,-0.23495
0.56103,-0.08376
0.50366,0.07200
0.46158,0.19543
0.42553,0.29792
0.39119,0.39178
0.35572,0.48489
0.32042,0.57351
0.28589,0.65590
0.94418,-1.26260
0.97274,-1.24341
1.00092,-1.22301
1.02931,-1.20085
1.05861,-1.17616
1.08961,-1.14780
1.12298,-1.11438
1.15911,-1.07440
1.19779,-1.02660
1.23827,-0.97033
1.27954,-0.90585
1.32074,-0.83417
1.36141,-0.75673
1.40140,-0.67506
1.44057,-0.59056
1.47850,-0.50454
1.51431,-0.41853
1.54662,-0.33519
1.57354,-0.25994
1.59312,-0.20095
1.60672,-0.15743
1.61858,-0.11754
1.62531,-0.09409
1.62221,-0.10496
1.61738,-0.12167
1.60012,-0.17882
1.57655,-0.25113
1.53454,-0.36714
1.45341,-0.56193
1.02186,-0.50430
0.95005,-0.47668
0.88972,-0.43010
0.82568,-0.37121
0.74336,-0.29765
0.62212,-0.18595
0.53284,-0.01192
0.48259,0.13408
0.44165,0.25255
0.40510,0.35421
0.36784,0.45352
0.99222,-1.22947
1.01819,-1.20973
1.04360,-1.18905
1.06913,-1.16681
1.09559,-1.14204
1.12392,-1.11340
1.15495,-1.07923
1.18901,-1.03793
1.22578,-0.98842
1.26434,-0.93046
1.30368,-0.86472
1.34302,-0.79252
1.38199,-0.71533
1.42046,-0.63446
1.45832,-0.55086
1.49522,-0.46507
1.53061,-0.37731
1.56382,-0.28783
1.59431,-0.19722
1.62171,-0.10672
1.64573,-0.01856
1.66580,0.06264
1.67999,0.12496
1.68362,0.14164
1.68128,0.13084
1.67999,0.12496
1.66337,0.05239
1.64912,-0.00538
1.62274,-0.10312
1.59007,-0.21040
1.53829,-0.35733
1.14656,-0.46884
1.00233,-0.50032
0.93065,-0.46347
0.86724,-0.40979
0.79536,-0.34340
0.69418,-0.25580
0.56906,-0.10141
0.50373,0.07179
0.45731,0.20775
1.03563,-1.19569
1.05830,-1.17643
1.08030,-1.15657
1.10242,-1.13534
1.12574,-1.11148
1.15146,-1.08323
1.18050,-1.04865
1.21311,-1.00608
1.24870,-0.95473
1.28615,-0.89483
1.32438,-0.82749
1.36265,-0.75428
1.40058,-0.67677
1.43802,-0.59620
1.47473,-0.51332
1.51035,-0.42835
1.54440,-0.34114
1.57642,-0.25150
1.60609,-0.15950
1.63324,-0.06555
1.65789,0.02971
1.68012,0.12554
1.70002,0.22112
1.71759,0.31522
1.73252,0.40494
1.74316,0.47674
1.72428,0.35409
1.70473,0.24533
1.68165,0.13256
1.66575,0.06241
1.64113,-0.03619
1.61507,-0.12954
1.57529,-0.25483
1.50631,-0.43826
1.06187,-0.50413
0.96845,-0.48707
0.90177,-0.44051
0.83445,-0.37935
0.74814,-0.30175
0.61675,-0.17941
1.07351,-1.16283
1.09234,-1.14518
1.11048,-1.12728
1.12898,-1.10804
1.14929,-1.08569
1.17290,-1.05799
1.20075,-1.02271
1.23274,-0.97841
1.26792,-0.92475
1.30494,-0.86251
1.34266,-0.79321
1.38034,-0.71868
1.41761,-0.64060
1.45418,-0.56020
1.48974,-0.47814
1.52391,-0.39446
1.55633,-0.30876
1.58674,-0.22062
1.61498,-0.12987
1.64100,-0.03667
1.66483,0.05853
1.68654,0.15527
1.70622,0.25313
1.72389,0.35180
1.73951,0.45116
1.75284,0.55128
1.76329,0.65267
1.76926,0.75690
1.76350,0.86671
1.59757,-0.18693
1.65569,0.02078
1.65356,0.01223
1.63936,-0.04285
1.62089,-0.10958
1.58912,-0.21333
1.54169,-0.34837
1.47253,-0.51840
1.00633,-0.50134
0.93185,-0.46432
0.86487,-0.40760
1.10518,-1.13260
1.11979,-1.11772
1.13387,-1.10277
1.14891,-1.08612
1.16684,-1.06529
1.18931,-1.03756
1.21697,-1.00078
1.24920,-0.95398
1.28460,-0.89743
1.32168,-0.83245
1.35928,-0.76095
1.39668,-0.68496
1.43343,-0.60627
1.46917,-0.52613
1.50350,-0.44510
1.53610,-0.36306
1.56679,-0.27940
1.59551,-0.19343
1.62227,-0.10475
1.64707,-0.01338
1.66994,0.08037
1.69090,0.17603
1.70998,0.27318
1.72716,0.37147
1.74230,0.47063
1.75509,0.57054
1.76477,0.67116
1.76952,0.77259
1.76166,0.87531
1.58096,-0.23807
1.66139,0.04414
1.53421,-0.36798
1.09210,-0.49694
1.59337,-0.20017
1.61689,-0.12335
1.61173,-0.14082
1.59331,-0.20034
1.55692,-0.30712
1.49668,-0.46158
1.04634,-0.50548
1.13019,-1.10674
1.14038,-1.09565
1.15054,-1.08428
1.16278,-1.07010
1.17944,-1.04997
1.20200,-1.02105
1.23048,-0.98169
1.26362,-0.93160
1.29970,-0.87167
1.33714,-0.80370
1.37482,-0.72989
1.41206,-0.65247
1.44834,-0.57329
1.48318,-0.49360
1.51618,-0.41389
1.54713,-0.33383
1.57607,-0.25255
1.60315,-0.16907
1.62849,-0.08276
1.65213,0.00652
1.67408,0.09848
1.69432,0.19269
1.71283,0.28866
1.72952,0.38601
1.74423,0.48443
1.75656,0.58369
1.76569,0.68369
1.76955,0.78442
1.75852,0.88632
1.67534,0.10404
1.63800,-0.04796
1.60529,-0.16212
1.63831,-0.04678
1.12502,-0.48232
0.80222,-0.34960
0.98913,-0.49608
1.55144,-0.32217
1.59165,-0.20551
1.59035,-0.20955
1.56572,-0.28245
1.14826,-1.08685
1.15411,-1.08019
1.16098,-1.07222
1.17165,-1.05950
1.18851,-1.03857
1.21239,-1.00707
1.24247,-0.96411
1.27695,-0.91012
1.31392,-0.84652
1.35186,-0.77546
1.38972,-0.69941
1.42681,-0.62071
1.46254,-0.54128
1.49636,-0.46234
1.52790,-0.38427
1.55714,-0.30652
1.58434,-0.22789
1.60985,-0.14707
1.63388,-0.06321
1.65647,0.02394
1.67759,0.11411
1.69718,0.20684
1.71517,0.30163
1.73143,0.39802
1.74576,0.49568
1.75771,0.59435
1.76638,0.69389
1.76947,0.79429
1.75452,0.89609
1.67121,0.08589
1.66016,0.03905
1.04815,-0.50535
1.61287,-0.13697
1.63242,-0.06854
1.58074,-0.23870
0.94488,-0.47319
0.55179,-0.06176
0.72758,-0.28418
1.01895,-0.50384
1.54805,-0.33135
