-1.62337,-0.06409
-1.63507,-0.14439
-1.59570,0.00879
-1.09409,0.02335
-1.05022,-0.02112
-1.24058,0.02039
-1.35634,0.07003
-1.55929,0.01263
-1.61337,-0.09540
-1.61510,-0.09926
-1.55377,0.01636
-1.39509,0.04057
-1.55374,-0.07378
-1.42653,-0.23582
-1.63166,-0.56598
-1.64565,-0.46978
-1.64892,-0.37420
-1.64755,-0.28001
-1.64280,-0.18767
-1.63497,-0.09768
-1.62403,-0.01036
-1.60982,0.07436
-1.59213,0.15729
-1.57074,0.23977
-1.54569,0.32303
-1.51743,0.40755
-1.48686,0.49291
-1.45500,0.57787
-1.42273,0.66066
-1.39072,0.73906
-1.35954,0.81057
-1.32995,0.87274
-1.30311,0.92376
-1.28031,0.96302
-1.26224,0.99161
-1.24825,1.01232
-1.23647,1.02888
-1.22465,1.04472
-1.21102,1.06208
-1.19446,1.08200
-1.60119,0.00364
-1.63265,-0.12076
-1.63460,-0.13908
-1.63411,-0.13451
-1.58942,0.02876
-1.19324,0.06092
-1.14469,0.01176
-1.30266,0.05353
-1.56889,0.01420
-1.61528,-0.09554
-1.61065,-0.07996
-1.36907,0.04427
-1.58518,-0.07596
-1.43481,-0.22143
-1.63161,-0.56604
-1.64573,-0.46861
-1.64893,-0.37140
-1.64738,-0.27519
-1.64229,-0.18047
-1.63390,-0.08771
-1.62208,0.00270
-1.60663,0.09074
-1.58736,0.17696
-1.56425,0.26238
-1.53761,0.34792
-1.50816,0.43392
-1.47687,0.51989
-1.44471,0.60462
-1.41243,0.68634
-1.38060,0.76283
-1.34979,0.83169
-1.32079,0.89072
-1.29470,0.93865
-1.27243,0.97573
-1.25402,1.00391
-1.23826,1.02639
-1.22330,1.04645
-1.20741,1.06651
-1.18936,1.08787
-1.16835,1.11104
-1.26218,0.11068
-1.35424,0.16305
-1.56823,0.07926
-1.61157,-0.00828
-1.63140,-0.10952
-1.63221,-0.11677
-1.61062,-0.00492
-1.30680,0.12741
-1.22836,0.05505
-1.50595,0.06747
-1.61816,-0.08600
-1.53455,0.02616
-1.62319,-0.16043
-1.43996,-0.20289
-1.63176,-0.56534
-1.64587,-0.46645
-1.64894,-0.36737
-1.64715,-0.26892
-1.64164,-0.17159
-1.63256,-0.07587
-1.61972,0.01778
-1.60286,0.10918
-1.58187,0.19858
-1.55700,0.28669
-1.52884,0.37422
-1.49831,0.46143
-1.46639,0.54783
-1.43394,0.63223
-1.40160,0.71286
-1.36982,0.78756
-1.33914,0.85405
-1.31032,0.91053
-1.28428,0.95640
-1.26149,0.99270
-1.24147,1.02190
-1.22288,1.04698
-1.20419,1.07040
-1.18417,1.09373
-1.16195,1.11775
-1.13693,1.14270
-1.12287,0.06305
-1.18255,0.08260
-1.23713,0.10409
-1.29407,0.13424
-1.47327,0.15118
-1.58748,0.04131
-1.61887,-0.02847
-1.63030,-0.09985
-1.63047,-0.10086
-1.60302,0.01881
-1.33271,0.13986
-1.61000,-0.05151
-1.52266,0.03174
-1.41104,-0.11891
-1.63196,-0.56418
-1.64606,-0.46324
-1.64895,-0.36185
-1.64682,-0.26081
-1.64078,-0.16056
-1.63087,-0.06162
-1.61680,0.03545
-1.59832,0.13018
-1.57549,0.22255
-1.54884,0.31302
-1.51925,0.40223
-1.48774,0.49042
-1.45524,0.57715
-1.42246,0.66126
-1.38987,0.74099
-1.35783,0.81423
-1.32680,0.87893
-1.29748,0.93372
-1.27053,0.97868
-1.24607,1.01537
-1.22339,1.04627
-1.20136,1.07378
-1.17883,1.09966
-1.15492,1.12495
-1.12901,1.15017
-1.10065,1.17548
-0.95233,0.03178
-1.03545,0.04480
-1.10098,0.06144
-1.15697,0.07933
-1.20709,0.09830
-1.25477,0.12050
-1.31286,0.15719
-1.49892,0.14248
-1.59050,0.04489
-1.62447,-0.05553
-1.62903,-0.08202
-1.63159,-0.08746
-1.62571,-0.06133
-1.63418,-0.13557
-1.63084,-0.56573
-1.64626,-0.45964
-1.64892,-0.35442
-1.64634,-0.25000
-1.63960,-0.14634
-1.62862,-0.04384
-1.61306,0.05675
-1.59272,0.15467
-1.56792,0.24959
-1.53955,0.34192
-1.50867,0.43239
-1.47628,0.52136
-1.44317,0.60846
-1.40987,0.69253
-1.37668,0.77181
-1.34383,0.84421
-1.31170,0.90789
-1.28091,0.96191
-1.25197,1.00681
-1.22484,1.04435
-1.19889,1.07669
-1.17326,1.10571
-1.14715,1.13272
-1.11991,1.15852
-1.09106,1.18354
-1.06028,1.20793
-0.58120,-0.05407
-0.78410,0.02711
-0.92202,0.03393
-1.00610,0.04458
-1.06981,0.05940
-1.12304,0.07590
-1.16985,0.09341
-1.21269,0.11252
-1.25439,0.13571
-1.30672,0.17398
-1.48507,0.17042
-1.58118,0.08455
-1.61781,-0.01014
-1.62795,-0.05226
-1.63615,-0.11896
-1.63627,-0.11367
-1.64883,-0.34276
-1.64546,-0.23222
-1.63767,-0.12509
-1.62526,-0.01924
-1.60783,0.08440
-1.58540,0.18460
-1.55868,0.28093
-1.52882,0.37410
-1.49687,0.46521
-1.46368,0.55481
-1.42982,0.64254
-1.39562,0.72714
-1.36120,0.80672
-1.32666,0.87910
-1.29239,0.94251
-1.25904,0.99630
-1.22713,1.04130
-1.19670,1.07923
-1.16735,1.11201
-1.13844,1.14118
-1.10938,1.16789
-1.07965,1.19282
-1.04889,1.21639
-1.01687,1.23873
-0.44099,-0.34937
-0.48409,-0.22650
-0.54863,-0.08869
-0.71227,0.02062
-0.87095,0.03751
-0.96185,0.04534
-1.02619,0.05797
-1.07784,0.07322
-1.12182,0.08997
-1.16037,0.10809
-1.19468,0.12810
-1.22580,0.15142
-1.25601,0.18156
-1.29894,0.23171
-1.45774,0.24593
-1.55035,0.20155
-1.58744,0.14697
-1.60364,0.09798
-1.61138,0.06413
-1.60916,0.07714
-1.59646,0.13801
-1.57391,0.22787
-1.54663,0.31959
-1.51624,0.41051
-1.48372,0.50099
-1.44975,0.59115
-1.41477,0.68019
-1.37894,0.76639
-1.34225,0.84736
-1.30477,0.92051
-1.26707,0.98395
-1.23010,1.03729
-1.19463,1.08162
-1.16086,1.11876
-1.12852,1.15055
-1.09709,1.17844
-1.06606,1.20348
-1.03499,1.22633
-1.00358,1.24738
-0.97168,1.26677
-0.35084,-0.57129
-0.39311,-0.47427
-0.43234,-0.37277
-0.47089,-0.26260
-0.51740,-0.13989
-0.61312,-0.01684
-0.78003,0.04055
-0.89251,0.04949
-0.96339,0.05949
-1.01564,0.07333
-1.05710,0.08973
-1.09073,0.10817
-1.11781,0.12874
-1.13898,0.15209
-1.15486,0.17937
-1.16623,0.21213
-1.17407,0.25210
-1.17965,0.30106
-1.18486,0.36195
-1.33572,0.44446
-1.48965,0.44479
-1.51475,0.41104
-1.51608,0.41018
-1.50102,0.45297
-1.46958,0.53854
-1.43460,0.62985
-1.39760,0.72198
-1.35881,0.81168
-1.31816,0.89539
-1.27601,0.96967
-1.23356,1.03255
-1.19234,1.08422
-1.15336,1.12639
-1.11683,1.16120
-1.08245,1.19052
-1.04967,1.21577
-1.01796,1.23797
-0.98692,1.25773
-0.95630,1.27542
-0.92604,1.29119
-0.26421,-0.73893
-0.30454,-0.66543
-0.34376,-0.58634
-0.38324,-0.49781
-0.42087,-0.40325
-0.45506,-0.30753
-0.49040,-0.20360
-0.53715,-0.09395
-0.63175,0.00719
-0.76836,0.05482
-0.86343,0.06811
-0.92377,0.08088
-0.96554,0.09737
-0.99540,0.11750
-1.01646,0.14145
-1.03076,0.16988
-1.04004,0.20358
-1.04599,0.24286
-1.05020,0.28733
-1.05386,0.33589
-1.05754,0.38681
-1.06193,0.43642
-1.07156,0.47446
-1.10439,0.47657
-1.46295,0.55482
-1.42028,0.66535
-1.37827,0.76721
-1.33376,0.86430
-1.28645,0.95222
-1.23753,1.02697
-1.18938,1.08752
-1.14406,1.13558
-1.10243,1.17380
-1.06440,1.20469
-1.02940,1.23017
-0.99677,1.25164
-0.96593,1.27002
-0.93646,1.28593
-0.90819,1.29971
-0.88113,1.31155
-0.16746,-0.88913
-0.21608,-0.81773
-0.26056,-0.74520
-0.30058,-0.67293
-0.33733,-0.59978
-0.37247,-0.52279
-0.40640,-0.44053
-0.43773,-0.35626
-0.46634,-0.27190
-0.49557,-0.18291
-0.53148,-0.09088
-0.59024,-0.00264
-0.68168,0.06225
-0.76738,0.09541
-0.82440,0.11800
-0.86085,0.14229
-0.88527,0.17119
-0.90308,0.20527
-0.91779,0.24433
-0.93138,0.28797
-0.94440,0.33592
-0.95656,0.38793
-0.96789,0.44281
-0.98195,0.49510
-1.01862,0.52543
-1.42192,0.65624
-1.35942,0.80883
-1.30198,0.92460
-1.24343,1.01841
-1.18564,1.09160
-1.13185,1.14720
-1.08364,1.18943
-1.04105,1.22193
-1.00334,1.24744
-0.96958,1.26790
-0.93892,1.28464
-0.91067,1.29853
-0.88443,1.31016
-0.86002,1.31987
-0.83751,1.32789
-0.07021,-1.01265
-0.11827,-0.95440
-0.16698,-0.88976
-0.21412,-0.82073
-0.25779,-0.74990
-0.29701,-0.67962
-0.33191,-0.61091
-0.36345,-0.54310
-0.39268,-0.47450
-0.42021,-0.40375
-0.44602,-0.33086
-0.47003,-0.25671
-0.49303,-0.18129
-0.51713,-0.10430
-0.54599,-0.02815
-0.58496,0.04338
-0.63621,0.10601
-0.69271,0.15745
-0.74452,0.20126
-0.78782,0.24370
-0.82312,0.28910
-0.85142,0.33993
-0.87337,0.39779
-0.89009,0.46264
-0.90853,0.52820
-0.96833,0.56859
-1.35388,0.81614
-1.26274,0.98901
-1.18407,1.09295
-1.11581,1.16175
-1.05778,1.20952
-1.00904,1.24368
-0.96804,1.26873
-0.93315,1.28754
-0.90295,1.30204
-0.87634,1.31346
-0.85253,1.32261
-0.83105,1.33000
-0.81171,1.33597
-0.79457,1.34071
0.00108,-1.09066
-0.03973,-1.04714
-0.08322,-0.99736
-0.12816,-0.94175
-0.17310,-0.88118
-0.21652,-0.81699
-0.25715,-0.75095
-0.29423,-0.68475
-0.32766,-0.61951
-0.35785,-0.55538
-0.38545,-0.49171
-0.41103,-0.42748
-0.43498,-0.36173
-0.45748,-0.29381
-0.47866,-0.22339
-0.49887,-0.15031
-0.51908,-0.07430
-0.54184,0.00507
-0.57300,0.08701
-0.62133,0.16636
-0.68339,0.23430
-0.73908,0.29295
-0.77930,0.35372
-0.80476,0.42421
-0.81959,0.50452
-0.84388,0.58189
-1.08624,0.61086
-1.22257,1.04424
-1.10138,1.17392
-1.02118,1.23539
-0.96231,1.27182
-0.91720,1.29531
-0.88170,1.31119
-0.85303,1.32237
-0.82922,1.33054
-0.80892,1.33673
-0.79124,1.34153
-0.77569,1.34531
-0.76204,1.34829
-0.75032,1.35059
0.05088,-1.13995
0.01529,-1.10513
-0.02317,-1.06514
-0.06370,-1.02015
-0.10532,-0.97056
-0.14702,-0.91697
-0.18778,-0.86012
-0.22677,-0.80088
-0.26347,-0.74005
-0.29772,-0.67814
-0.32969,-0.61526
-0.35968,-0.55115
-0.38796,-0.48537
-0.41464,-0.41747
-0.43974,-0.34701
-0.46329,-0.27346
-0.48541,-0.19609
-0.50648,-0.11414
-0.52751,-0.02729
-0.55137,0.06340
-0.58512,0.15425
-0.63473,0.23817
-0.68642,0.31330
-0.72077,0.39162
-0.73436,0.48153
-0.74483,0.57471
-0.80558,0.65574
-1.18769,1.07961
-0.98021,1.26088
-0.88937,1.30765
-0.83897,1.32713
-0.80539,1.33759
-0.78127,1.34390
-0.76300,1.34800
-0.74850,1.35085
-0.73648,1.35295
-0.72616,1.35456
-0.71711,1.35583
-0.70916,1.35684
-0.70232,1.35762
0.09057,-1.17639
0.05774,-1.14642
0.02201,-1.11186
-0.01603,-1.07275
-0.05561,-1.02936
-0.09588,-0.98212
-0.13601,-0.93152
-0.17530,-0.87803
-0.21327,-0.82197
-0.24970,-0.76346
-0.28463,-0.70237
-0.31820,-0.63840
-0.35048,-0.57129
-0.38145,-0.50087
-0.41095,-0.42702
-0.43873,-0.34959
-0.46459,-0.26838
-0.48843,-0.18319
-0.51042,-0.09415
-0.53128,-0.00192
-0.55302,0.09206
-0.57964,0.18559
-0.61194,0.27693
-0.63602,0.36972
-0.64142,0.46830
-0.64688,0.56764
-0.67836,0.66534
-1.09013,1.02135
-0.78082,1.34330
-0.71271,1.35598
-0.69003,1.35855
-0.67786,1.35960
-0.67049,1.36013
-0.66569,1.36042
-0.66229,1.36061
-0.65956,1.36075
-0.65704,1.36087
-0.65451,1.36098
-0.65189,1.36108
-0.64927,1.36116
0.12688,-1.20754
0.09541,-1.18065
0.06109,-1.14955
0.02422,-1.11406
-0.01459,-1.07427
-0.05460,-1.03050
-0.09506,-0.98311
-0.13530,-0.93244
-0.17483,-0.87868
-0.21340,-0.82174
-0.25095,-0.76134
-0.28751,-0.69707
-0.32305,-0.62863
-0.35743,-0.55598
-0.39036,-0.47923
-0.42148,-0.39852
-0.45038,-0.31395
-0.47674,-0.22568
-0.50047,-0.13405
-0.52175,-0.03965
-0.54093,0.05684
-0.55714,0.15524
-0.56355,0.25649
-0.55087,0.35936
-0.53932,0.46006
-0.54706,0.56252
-0.56943,0.66718
-0.64233,0.77788
-0.52273,1.35291
-0.52769,1.35389
-0.53824,1.35538
-0.54840,1.35664
-0.55774,1.35765
-0.56617,1.35846
-0.57358,1.35909
-0.57982,1.35957
-0.58478,1.35991
-0.58840,1.36015
-0.59071,1.36029
-0.59184,1.36036
0.16297,-1.23641
0.13208,-1.21182
0.09851,-1.18336
0.06228,-1.15066
0.02376,-1.11359
-0.01644,-1.07230
-0.05765,-1.02704
-0.09919,-0.97807
-0.14055,-0.92553
-0.18138,-0.86932
-0.22153,-0.80910
-0.26090,-0.74440
-0.29937,-0.67490
-0.33672,-0.60052
-0.37263,-0.52146
-0.40667,-0.43795
-0.43837,-0.35019
-0.46729,-0.25829
-0.49314,-0.16245
-0.51583,-0.06285
-0.53450,0.04079
-0.54171,0.14988
-0.51244,0.26200
-0.46490,0.35990
-0.44760,0.45685
-0.45392,0.56161
-0.46806,0.66856
-0.44755,0.76590
-0.32797,1.30402
-0.37017,1.31845
-0.40164,1.32786
-0.42769,1.33480
-0.44988,1.34011
-0.46904,1.34424
-0.48558,1.34747
-0.49967,1.34998
-0.51135,1.35188
-0.52064,1.35327
-0.52757,1.35425
-0.53224,1.35488
0.20030,-1.26403
0.16949,-1.24139
0.13633,-1.21529
0.10054,-1.18513
0.06224,-1.15061
0.02184,-1.11167
-0.02006,-1.06844
-0.06285,-1.02109
-0.10597,-0.96973
-0.14902,-0.91423
-0.19175,-0.85426
-0.23394,-0.78933
-0.27537,-0.71900
-0.31573,-0.64316
-0.35465,-0.56199
-0.39169,-0.47573
-0.42641,-0.38440
-0.45835,-0.28760
-0.48716,-0.18439
-0.51231,-0.07306
-0.52875,0.04864
-0.50124,0.17988
-0.41939,0.28287
-0.37824,0.36949
-0.36644,0.46563
-0.36615,0.56771
-0.35864,0.66652
0.08049,1.00953
-0.18026,1.23757
-0.23812,1.26715
-0.28193,1.28656
-0.31844,1.30094
-0.34978,1.31205
-0.37706,1.32082
-0.40090,1.32781
-0.42158,1.33336
-0.43918,1.33772
-0.45369,1.34105
-0.46507,1.34350
-0.47331,1.34519
0.23943,-1.29043
0.20847,-1.26975
0.17556,-1.24597
0.14018,-1.21840
0.10219,-1.18655
0.06179,-1.15018
0.01944,-1.10926
-0.02431,-1.06388
-0.06894,-1.01405
-0.11403,-0.95967
-0.15925,-0.90034
-0.20435,-0.83549
-0.24900,-0.76455
-0.29275,-0.68725
-0.33513,-0.60368
-0.37571,-0.51399
-0.41418,-0.41758
-0.45051,-0.31179
-0.48484,-0.18974
-0.51111,-0.04434
-0.45954,0.11813
-0.34032,0.21152
-0.30276,0.29270
-0.29038,0.38493
-0.28319,0.48024
-0.26719,0.57067
-0.15546,0.62323
0.06685,1.03724
-0.06140,1.16000
-0.12631,1.20574
-0.17752,1.23630
-0.22088,1.25900
-0.25862,1.27666
-0.29193,1.29075
-0.32152,1.30215
-0.34770,1.31141
-0.37055,1.31885
-0.38997,1.32473
-0.40581,1.32922
-0.41790,1.33246
0.28037,-1.31510
0.24931,-1.29665
0.21673,-1.27542
0.18190,-1.25068
0.14446,-1.22183
0.10438,-1.18844
0.06195,-1.15031
0.01761,-1.10741
-0.02818,-1.05969
-0.07501,-1.00697
-0.12261,-0.94878
-0.17072,-0.88439
-0.21903,-0.81293
-0.26702,-0.73363
-0.31417,-0.64602
-0.36033,-0.54893
-0.40703,-0.43565
-0.45636,-0.28587
-0.30011,-0.06961
-0.15189,-0.05378
-0.15749,0.05601
-0.17546,0.17951
-0.19011,0.29445
-0.19414,0.39565
-0.17800,0.48006
-0.05960,0.51587
0.22040,0.79445
0.11020,0.98233
0.02863,1.07973
-0.03477,1.13871
-0.08859,1.18034
-0.13563,1.21171
-0.17743,1.23632
-0.21502,1.25614
-0.24903,1.27239
-0.27977,1.28580
-0.30730,1.29684
-0.33144,1.30579
-0.35189,1.31285
-0.36829,1.31818
0.32261,-1.33723
0.29191,-1.32148
0.26004,-1.30321
0.22618,-1.28176
0.18973,-1.25641
0.15047,-1.22660
0.10847,-1.19194
0.06404,-1.15224
0.01754,-1.10733
-0.03071,-1.05693
-0.08052,-1.00046
-0.13181,-0.93689
-0.18455,-0.86463
-0.23891,-0.78104
-0.29693,-0.67901
-0.36675,-0.53230
-0.05652,-0.35317
-0.00139,-0.32881
0.00756,-0.25095
0.00053,-0.14249
-0.01932,-0.00354
-0.04808,0.14909
-0.07071,0.27964
-0.05820,0.36535
0.29561,0.46714
0.28490,0.65467
0.21891,0.80006
0.15367,0.91771
0.09281,1.00570
0.03621,1.07190
-0.01587,1.12244
-0.06352,1.16183
-0.10717,1.19328
-0.14737,1.21895
-0.18457,1.24027
-0.21900,1.25815
-0.25066,1.27316
-0.27932,1.28563
-0.30457,1.29580
-0.32588,1.30380
0.36521,-1.35596
0.33577,-1.34339
0.30544,-1.32863
0.27333,-1.31104
0.23869,-1.28990
0.20105,-1.26450
0.16026,-1.23425
0.11644,-1.19872
0.06982,-1.15756
0.02058,-1.11034
-0.03128,-1.05626
-0.08605,-0.99381
-0.14487,-0.91959
-0.21457,-0.81950
-0.32182,-0.62067
0.04765,-0.45754
0.08635,-0.40506
0.10433,-0.33522
0.11229,-0.25370
0.11041,-0.15462
0.09830,-0.03081
0.08533,0.10261
0.21047,0.14801
0.38008,0.41227
0.33180,0.54331
0.28436,0.65875
0.23668,0.76420
0.18810,0.85900
0.13874,0.94121
0.08948,1.01004
0.04144,1.06636
-0.00454,1.11219
-0.04813,1.14976
-0.08942,1.18099
-0.12859,1.20734
-0.16579,1.22980
-0.20096,1.24901
-0.23383,1.26536
-0.26393,1.27908
-0.29063,1.29030
0.40688,-1.37066
0.38007,-1.36160
0.35261,-1.35077
0.32356,-1.33764
0.29205,-1.32150
0.25736,-1.30154
0.21906,-1.27693
0.17699,-1.24696
0.13116,-1.21095
0.08153,-1.16816
0.02782,-1.11745
-0.03099,-1.05645
-0.10037,-0.97627
-0.23912,-0.77677
0.11324,-0.52601
0.15314,-0.46075
0.17671,-0.38753
0.19645,-0.31454
0.21343,-0.24018
0.22916,-0.16123
0.26777,-0.08762
0.46723,0.16131
0.41590,0.32148
0.37575,0.43142
0.33703,0.53167
0.29769,0.62797
0.25734,0.72018
0.21584,0.80665
0.17320,0.88537
0.12970,0.95483
0.08598,1.01450
0.04275,1.06496
0.00049,1.10753
-0.04064,1.14368
-0.08070,1.17473
-0.11972,1.20164
-0.15763,1.22508
-0.19417,1.24546
-0.22886,1.26300
-0.26104,1.27782
0.44621,-1.38117
0.42385,-1.37558
0.40107,-1.36879
0.37696,-1.36042
0.35055,-1.34986
0.32092,-1.33632
0.28727,-1.31883
0.24901,-1.29634
0.20573,-1.26769
0.15698,-1.23156
0.10194,-1.18610
0.03808,-1.12728
-0.06088,-1.02263
0.17214,-0.60718
0.21952,-0.53131
0.23739,-0.44227
0.25921,-0.36207
0.28686,-0.29138
0.32679,-0.23007
0.46430,-0.16406
0.50005,0.07445
0.45661,0.20747
0.42068,0.31033
0.38557,0.40630
0.34999,0.49930
0.31373,0.58972
0.27677,0.67684
0.23907,0.75947
0.20052,0.83620
0.16113,0.90575
0.12108,0.96737
0.08073,1.02106
0.04041,1.06750
0.00025,1.10777
-0.03978,1.14297
-0.07970,1.17401
-0.11948,1.20150
-0.15889,1.22583
-0.19748,1.24722
-0.23464,1.26577
0.48227,-1.38792
0.46646,-1.38528
0.45048,-1.38207
0.43355,-1.37808
0.41480,-1.37295
0.39321,-1.36612
0.36771,-1.35680
0.33720,-1.34387
0.30050,-1.32584
0.25628,-1.30065
0.20246,-1.26514
0.13276,-1.21173
-0.06532,-1.00961
0.32956,-0.64943
0.31932,-0.53499
0.32002,-0.42875
0.34152,-0.34354
0.38712,-0.27890
0.53130,-0.19684
0.53629,-0.03171
0.49805,0.08622
0.46429,0.18672
0.43127,0.28152
0.39790,0.37363
0.36397,0.46357
0.32952,0.55109
0.29462,0.63556
0.25928,0.71609
0.22341,0.79167
0.18690,0.86130
0.14971,0.92423
0.11194,0.98024
0.07368,1.02967
0.03495,1.07330
-0.00435,1.11205
-0.04436,1.14674
-0.08510,1.17793
-0.12642,1.20598
-0.16795,1.23106
-0.20909,1.25323
0.51561,-1.39172
0.50833,-1.39107
0.50105,-1.39030
0.49337,-1.38937
0.48472,-1.38818
0.47442,-1.38655
0.46160,-1.38420
0.44519,-1.38069
0.42380,-1.37525
0.39538,-1.36650
0.35638,-1.35168
0.29475,-1.32184
0.51755,-0.78107
0.50982,-0.68036
0.46186,-0.56423
0.43124,-0.44569
0.45349,-0.35512
0.58008,-0.25521
0.57588,-0.13155
0.53861,-0.03059
0.50580,0.06508
0.47434,0.15819
0.44272,0.24960
0.41058,0.33938
0.37792,0.42724
0.34484,0.51279
0.31144,0.59548
0.27778,0.67466
0.24380,0.74956
0.20937,0.81938
0.17437,0.88342
0.13873,0.94132
0.10240,0.99321
0.06526,1.03967
0.02710,1.08147
-0.01235,1.11935
-0.05323,1.15387
-0.09551,1.18532
-0.13890,1.21383
-0.18287,1.23940
0.54906,-1.39324
0.55132,-1.39324
0.55371,-1.39323
0.55625,-1.39320
0.55891,-1.39315
0.56162,-1.39309
0.56432,-1.39299
0.56706,-1.39287
0.57017,-1.39268
0.57477,-1.39235
0.58493,-1.39153
0.63975,-1.38479
0.95948,-0.84875
0.70289,-0.64938
0.69220,-0.53611
0.69949,-0.41307
0.68385,-0.30409
0.63922,-0.22205
0.58974,-0.14323
0.55001,-0.05674
0.51710,0.03350
0.48614,0.12421
0.45530,0.21399
0.42413,0.30219
0.39257,0.38840
0.36070,0.47231
0.32859,0.55358
0.29627,0.63178
0.26372,0.70635
0.23084,0.77661
0.19749,0.84192
0.16353,0.90180
0.12882,0.95617
0.09315,1.00538
0.05623,1.05008
0.01770,1.09095
-0.02274,1.12855
-0.06520,1.16318
-0.10950,1.19491
-0.15522,1.22369
0.58627,-1.39230
0.59762,-1.39146
0.60923,-1.39034
0.62144,-1.38890
0.63465,-1.38704
0.64932,-1.38460
0.66607,-1.38135
0.68590,-1.37687
0.71056,-1.37038
0.74348,-1.36017
0.79299,-1.34157
0.89816,-1.28953
1.19515,-0.96221
0.83764,-0.59644
0.80343,-0.48604
0.77463,-0.38589
0.73225,-0.30876
0.68025,-0.24628
0.62334,-0.18217
0.57281,-0.10327
0.53465,-0.01371
0.50226,0.07777
0.47146,0.16772
0.44096,0.25523
0.41043,0.34018
0.37976,0.42263
0.34891,0.50263
0.31783,0.58010
0.28648,0.65472
0.25479,0.72599
0.22264,0.79328
0.18985,0.85600
0.15624,0.91378
0.12159,0.96666
0.08559,1.01503
0.04783,1.05945
0.00794,1.10049
-0.03433,1.13846
-0.07897,1.17349
-0.12565,1.20551
0.62916,-1.38793
0.64809,-1.38492
0.66736,-1.38120
0.68749,-1.37664
0.70909,-1.37100
0.73285,-1.36392
0.75968,-1.35484
0.79081,-1.34291
0.82811,-1.32666
0.87462,-1.30341
0.93631,-1.26727
1.03162,-1.19813
1.22585,-0.98000
0.93836,-0.57271
0.87094,-0.48785
0.82980,-0.40742
0.78665,-0.34173
0.73912,-0.28718
0.68540,-0.23545
0.62492,-0.17407
0.57018,-0.09225
0.53016,0.00098
0.49724,0.09359
0.46666,0.18226
0.43694,0.26699
0.40747,0.34855
0.37793,0.42765
0.34813,0.50474
0.31793,0.57995
0.28721,0.65308
0.25588,0.72366
0.22376,0.79106
0.19062,0.85461
0.15621,0.91384
0.12025,0.96859
0.08239,1.01902
0.04231,1.06548
-0.00028,1.10829
-0.04546,1.14765
-0.09302,1.18359
0.67743,-1.37905
0.70202,-1.37299
0.72694,-1.36583
0.75279,-1.35736
0.78023,-1.34722
0.81004,-1.33491
0.84314,-1.31966
0.88069,-1.30032
0.92416,-1.27515
0.97558,-1.24128
1.03800,-1.19345
1.11793,-1.11904
1.23715,-0.96985
1.09485,-0.54832
0.93969,-0.50617
0.89087,-0.44181
0.85006,-0.38459
0.80981,-0.33596
0.76770,-0.29290
0.72032,-0.25053
0.66302,-0.20073
0.59916,-0.13040
0.54820,-0.03856
0.51107,0.05681
0.47932,0.14718
0.44961,0.23207
0.42072,0.31277
0.39207,0.39051
0.36325,0.46624
0.33395,0.54061
0.30386,0.61400
0.27270,0.68640
0.24013,0.75743
0.20578,0.82635
0.16925,0.89223
0.13018,0.95418
0.08835,1.01154
0.04369,1.06399
-0.00370,1.11147
-0.05351,1.15410
0.72960,-1.36504
0.75793,-1.35558
0.78652,-1.34478
0.81598,-1.33235
0.84697,-1.31784
0.88027,-1.30062
0.91673,-1.27976
0.95731,-1.25398
1.00299,-1.22142
1.05473,-1.17945
1.11337,-1.12414
1.17978,-1.04914
1.25777,-0.93987
1.35919,-0.75440
1.02646,-0.51862
0.96058,-0.47719
0.92111,-0.43034
0.88790,-0.38803
0.85726,-0.35102
0.82727,-0.31789
0.79520,-0.28634
0.75644,-0.25311
0.70399,-0.21250
0.63301,-0.15180
0.56407,-0.05848
0.51723,0.04650
0.48111,0.14511
0.44877,0.23604
0.41829,0.32037
0.38905,0.39910
0.36053,0.47359
0.33202,0.54560
0.30264,0.61703
0.27141,0.68939
0.23734,0.76332
0.19954,0.83817
0.15727,0.91215
0.11015,0.98275
0.05849,1.04752
0.00331,1.10491
0.78393,-1.34584
0.81430,-1.33312
0.84480,-1.31894
0.87603,-1.30294
0.90866,-1.28461
0.94342,-1.26317
0.98106,-1.23760
1.02231,-1.20651
1.06768,-1.16812
1.11729,-1.12027
1.17068,-1.06057
1.22683,-0.98668
1.28506,-0.89620
1.34811,-0.78162
1.42316,-0.61496
1.04509,-0.49867
1.00087,-0.47137
0.97285,-0.43864
0.95144,-0.40767
0.93400,-0.37964
0.91848,-0.35384
0.90213,-0.32891
0.88132,-0.30338
0.85162,-0.27579
0.80735,-0.24416
0.73982,-0.20339
0.64133,-0.13506
0.55218,-0.02024
0.50015,0.09847
0.46194,0.20177
0.42811,0.29471
0.39594,0.38144
0.36525,0.46180
0.33585,0.53630
0.30663,0.60765
0.27574,0.67968
0.24095,0.75580
0.20007,0.83722
0.15126,0.92184
0.09378,1.00460
0.83878,-1.32187
0.86972,-1.30632
0.90063,-1.28930
0.93212,-1.27040
0.96481,-1.24899
0.99942,-1.22422
1.03661,-1.19496
1.07691,-1.15977
1.12047,-1.11705
1.16689,-1.06523
1.21522,-1.00316
1.26420,-0.93057
1.31285,-0.84823
1.36079,-0.75752
1.40881,-0.65853
1.46034,-0.54300
1.10167,-0.48507
1.07195,-0.47791
1.05645,-0.45971
1.04815,-0.43865
1.04340,-0.41692
1.03888,-0.39452
1.03123,-0.37094
1.01738,-0.34584
0.99500,-0.31930
0.96222,-0.29146
0.91676,-0.26216
0.85407,-0.23003
0.76361,-0.18899
0.63492,-0.11095
0.53602,0.02239
0.48358,0.14651
0.44494,0.25030
0.41069,0.34279
0.37712,0.43144
0.34441,0.51512
0.31289,0.59272
0.28105,0.66764
0.24564,0.74592
0.20260,0.83248
0.89266,-1.29385
0.92294,-1.27610
0.95301,-1.25695
0.98347,-1.23595
1.01496,-1.21238
1.04818,-1.18528
1.08379,-1.15341
1.12217,-1.11533
1.16327,-1.06960
1.20645,-1.01518
1.25067,-0.95176
1.29489,-0.87997
1.33844,-0.80116
1.38098,-0.71721
1.42220,-0.63039
1.46103,-0.54422
1.49242,-0.47114
1.49620,-0.46143
1.50687,-0.43437
1.50778,-0.42824
1.50648,-0.42587
1.50409,-0.41721
1.47747,-0.44290
1.40996,-0.47592
1.18931,-0.42232
1.14778,-0.37070
1.10635,-0.33372
1.05986,-0.30142
1.00618,-0.27129
0.94217,-0.24160
0.86113,-0.20976
0.74737,-0.16581
0.60042,-0.06634
0.51401,0.07558
0.46547,0.19679
0.42744,0.29862
0.39227,0.39220
0.35635,0.48516
0.32080,0.57368
0.28613,0.65601
0.94425,-1.26271
0.97280,-1.24351
1.00098,-1.22310
1.02937,-1.20094
1.05868,-1.17624
1.08967,-1.14787
1.12304,-1.11445
1.15916,-1.07446
1.19784,-1.02664
1.23831,-0.97036
1.27957,-0.90587
1.32076,-0.83418
1.36142,-0.75674
1.40139,-0.67505
1.44054,-0.59055
1.47845,-0.50452
1.51424,-0.41850
1.54655,-0.33516
1.57347,-0.25991
1.59305,-0.20093
1.60664,-0.15740
1.61848,-0.11751
1.62518,-0.09404
1.62194,-0.10488
1.61674,-0.12146
1.59796,-0.17807
1.56861,-0.24816
1.49341,-0.34990
1.22397,-0.37469
1.14096,-0.31375
1.07572,-0.27884
1.00844,-0.24914
0.93209,-0.22044
0.83562,-0.18826
0.69710,-0.13292
0.55715,-0.00282
0.48960,0.13649
0.44457,0.25359
0.40659,0.35477
0.36867,0.45386
0.99229,-1.22958
1.01826,-1.20984
1.04368,-1.18915
1.06921,-1.16690
1.09567,-1.14213
1.12400,-1.11347
1.15502,-1.07930
1.18908,-1.03799
1.22584,-0.98847
1.26440,-0.93049
1.30373,-0.86476
1.34306,-0.79255
1.38202,-0.71535
1.42049,-0.63447
1.45833,-0.55087
1.49522,-0.46507
1.53059,-0.37731
1.56380,-0.28782
1.59429,-0.19721
1.62170,-0.10671
1.64573,-0.01856
1.66580,0.06264
1.67999,0.12496
1.68362,0.14164
1.68127,0.13084
1.67998,0.12496
1.66331,0.05241
1.64885,-0.00530
1.62107,-0.10258
1.58131,-0.20725
1.48018,-0.33286
1.21592,-0.33722
1.13133,-0.28766
1.06047,-0.25619
0.98664,-0.22856
0.90042,-0.20055
0.78440,-0.16414
0.62176,-0.07600
0.51645,0.07621
0.46164,0.20927
1.03572,-1.19580
1.05838,-1.17654
1.08038,-1.15668
1.10251,-1.13544
1.12583,-1.11156
1.15154,-1.08331
1.18058,-1.04872
1.21319,-1.00614
1.24877,-0.95478
1.28622,-0.89488
1.32444,-0.82753
1.36270,-0.75432
1.40064,-0.67680
1.43806,-0.59622
1.47476,-0.51333
1.51037,-0.42836
1.54441,-0.34115
1.57643,-0.25150
1.60608,-0.15950
1.63324,-0.06554
1.65789,0.02971
1.68012,0.12554
1.70002,0.22112
1.71759,0.31522
1.73252,0.40494
1.74316,0.47674
1.72428,0.35409
1.70473,0.24533
1.68164,0.13257
1.66562,0.06245
1.64035,-0.03596
1.61110,-0.12822
1.55197,-0.24598
1.36202,-0.37090
1.17910,-0.29939
1.10352,-0.26380
1.03078,-0.23601
0.95009,-0.20950
0.84811,-0.17950
0.69685,-0.12368
1.07360,-1.16295
1.09244,-1.14530
1.11057,-1.12739
1.12908,-1.10813
1.14938,-1.08578
1.17299,-1.05807
1.20083,-1.02279
1.23283,-0.97848
1.26800,-0.92481
1.30501,-0.86255
1.34273,-0.79325
1.38041,-0.71872
1.41768,-0.64063
1.45424,-0.56023
1.48978,-0.47816
1.52394,-0.39447
1.55635,-0.30877
1.58675,-0.22063
1.61498,-0.12987
1.64100,-0.03667
1.66483,0.05853
1.68654,0.15527
1.70622,0.25313
1.72389,0.35180
1.73951,0.45116
1.75284,0.55128
1.76329,0.65267
1.76926,0.75690
1.76339,0.86672
1.58379,-0.18205
1.65535,0.02087
1.65316,0.01234
1.63811,-0.04247
1.61723,-0.10839
1.57267,-0.20734
1.46346,-0.31505
1.22549,-0.31633
1.14050,-0.27227
1.06722,-0.24310
0.98884,-0.21671
1.10529,-1.13272
1.11990,-1.11783
1.13398,-1.10288
1.14902,-1.08622
1.16694,-1.06538
1.18940,-1.03764
1.21706,-1.00085
1.24929,-0.95404
1.28469,-0.89749
1.32176,-0.83250
1.35936,-0.76099
1.39675,-0.68500
1.43351,-0.60630
1.46924,-0.52615
1.50355,-0.44512
1.53614,-0.36308
1.56681,-0.27941
1.59553,-0.19344
1.62228,-0.10476
1.64707,-0.01338
1.66994,0.08037
1.69090,0.17603
1.70998,0.27318
1.72716,0.37147
1.74230,0.47063
1.75509,0.57054
1.76477,0.67116
1.76952,0.77259
1.76167,0.87531
1.36481,-0.05543
1.65998,0.04454
1.36926,-0.28728
1.20320,-0.27884
1.57730,-0.19440
1.61190,-0.12170
1.60533,-0.13867
1.57765,-0.19471
1.50482,-0.28600
1.28404,-0.34086
1.17255,-0.28140
1.13030,-1.10687
1.14050,-1.09577
1.15065,-1.08439
1.16289,-1.07020
1.17954,-1.05006
1.20210,-1.02114
1.23058,-0.98177
1.26372,-0.93166
1.29979,-0.87173
1.33722,-0.80375
1.37491,-0.72994
1.41215,-0.65251
1.44842,-0.57332
1.48325,-0.49363
1.51623,-0.41391
1.54717,-0.33384
1.57609,-0.25256
1.60316,-0.16907
1.62849,-0.08276
1.65213,0.00652
1.67408,0.09848
1.69432,0.19268
1.71283,0.28866
1.72952,0.38601
1.74423,0.48443
1.75656,0.58369
1.76569,0.68369
1.76955,0.78442
1.75860,0.88631
1.65340,0.11001
1.61189,-0.03974
1.56851,-0.14907
1.63112,-0.04458
1.22610,-0.22379
0.93250,-0.15699
1.13143,-0.24721
1.48133,-0.29299
1.57327,-0.19885
1.57115,-0.20257
1.52398,-0.26598
1.14839,-1.08698
1.15423,-1.08030
1.16109,-1.07233
1.17177,-1.05960
1.18863,-1.03866
1.21250,-1.00715
1.24257,-0.96419
1.27705,-0.91018
1.31402,-0.84657
1.35195,-0.77552
1.38981,-0.69946
1.42690,-0.62075
1.46262,-0.54131
1.49643,-0.46237
1.52795,-0.38430
1.55717,-0.30654
1.58437,-0.22790
1.60987,-0.14707
1.63388,-0.06321
1.65647,0.02394
1.67759,0.11411
1.69718,0.20684
1.71517,0.30163
1.73143,0.39802
1.74576,0.49568
1.75771,0.59435
1.76638,0.69389
1.76947,0.79429
1.75481,0.89606
1.64283,0.09382
1.65133,0.04155
1.20086,-0.14614
1.58597,-0.12775
1.62105,-0.06496
1.50268,-0.20770
1.10624,-0.17181
0.62277,-0.02909
0.84134,-0.14794
1.15607,-0.25951
1.46786,-0.29746
