-1.42387,-0.22624
-1.43517,-0.20907
-1.39815,-0.20707
-1.16379,-0.30608
-1.13090,-0.38335
-1.29201,-0.35576
-1.37117,-0.33606
-1.41148,-0.32349
-1.43140,-0.31487
-1.43513,-0.30967
-1.40965,-0.32167
-1.39688,-0.40892
-1.44751,-0.46853
-1.59909,-0.65884
-1.63721,-0.56604
-1.64759,-0.46971
-1.65030,-0.37411
-1.64884,-0.27989
-1.64415,-0.18750
-1.63644,-0.09744
-1.62567,-0.01004
-1.61167,0.07480
-1.59422,0.15787
-1.57312,0.24051
-1.54841,0.32395
-1.52055,0.40869
-1.49041,0.49427
-1.45898,0.57948
-1.42710,0.66256
-1.39542,0.74132
-1.36455,0.81328
-1.33526,0.87601
-1.30870,0.92762
-1.28612,0.96745
-1.26824,0.99655
-1.25444,1.01769
-1.24282,1.03465
-1.23113,1.05086
-1.21753,1.06856
-1.20088,1.08876
-1.40347,-0.19811
-1.42969,-0.19181
-1.44125,-0.18956
-1.43789,-0.18900
-1.39201,-0.20256
-1.24839,-0.26820
-1.20819,-0.34067
-1.34032,-0.32612
-1.41029,-0.31101
-1.43491,-0.30365
-1.42565,-0.30623
-1.38463,-0.38587
-1.45564,-0.44859
-1.59604,-0.65918
-1.63683,-0.56611
-1.64747,-0.46855
-1.65016,-0.37132
-1.64852,-0.27508
-1.64348,-0.18031
-1.63520,-0.08750
-1.62354,0.00300
-1.60829,0.09115
-1.58927,0.17751
-1.56647,0.26309
-1.54019,0.34882
-1.51115,0.43502
-1.48029,0.52121
-1.44853,0.60620
-1.41660,0.68821
-1.38509,0.76507
-1.35457,0.83439
-1.32586,0.89397
-1.30003,0.94248
-1.27799,0.98011
-1.25977,1.00879
-1.24418,1.03173
-1.22933,1.05221
-1.21347,1.07263
-1.19535,1.09429
-1.17414,1.11768
-1.30395,-0.21802
-1.34677,-0.20632
-1.38238,-0.19655
-1.40970,-0.18869
-1.42724,-0.18281
-1.43111,-0.18027
-1.40879,-0.18687
-1.33321,-0.22157
-1.27910,-0.29013
-1.38694,-0.29303
-1.43572,-0.28776
-1.40284,-0.31867
-1.46131,-0.42153
-1.58966,-0.65833
-1.63620,-0.56539
-1.64724,-0.46640
-1.64989,-0.36731
-1.64802,-0.26884
-1.64255,-0.17147
-1.63358,-0.07570
-1.62090,0.01803
-1.60424,0.10953
-1.58351,0.19906
-1.55896,0.28733
-1.53118,0.37505
-1.50107,0.46247
-1.46957,0.54909
-1.43751,0.63374
-1.40550,0.71467
-1.37403,0.78974
-1.34363,0.85670
-1.31510,0.91374
-1.28932,0.96018
-1.26675,0.99704
-1.24690,1.02675
-1.22843,1.05227
-1.20977,1.07609
-1.18969,1.09975
-1.16730,1.12402
-1.14203,1.14916
-1.18695,-0.24401
-1.23843,-0.22948
-1.28423,-0.21615
-1.32451,-0.20416
-1.35926,-0.19342
-1.38829,-0.18371
-1.41131,-0.17468
-1.42749,-0.16629
-1.43003,-0.16205
-1.40143,-0.17306
-1.34433,-0.22325
-1.42069,-0.25558
-1.39924,-0.32568
-1.56030,-0.65159
-1.63457,-0.56422
-1.64667,-0.46321
-1.64934,-0.36182
-1.64719,-0.26077
-1.64120,-0.16050
-1.63139,-0.06153
-1.61748,0.03560
-1.59921,0.13042
-1.57666,0.22291
-1.55036,0.31354
-1.52118,0.40293
-1.49011,0.49133
-1.45805,0.57828
-1.42565,0.66264
-1.39339,0.74268
-1.36166,0.81632
-1.33093,0.88150
-1.30190,0.93686
-1.27521,0.98240
-1.25095,1.01965
-1.22840,1.05104
-1.20641,1.07898
-1.18383,1.10521
-1.15980,1.13078
-1.13368,1.15622
-1.10507,1.18172
-1.05104,-0.26972
-1.11366,-0.25575
-1.16807,-0.24112
-1.21623,-0.22683
-1.25919,-0.21323
-1.29759,-0.20034
-1.33185,-0.18794
-1.36228,-0.17566
-1.38929,-0.16283
-1.41448,-0.14780
-1.44769,-0.12646
-1.50501,-0.11244
-1.42567,-0.12267
-1.43441,-0.19777
-1.62562,-0.56564
-1.64503,-0.45968
-1.64812,-0.35448
-1.64567,-0.25007
-1.63901,-0.14642
-1.62815,-0.04393
-1.61277,0.05669
-1.59268,0.15466
-1.56822,0.24968
-1.54026,0.34216
-1.50986,0.43283
-1.47797,0.52202
-1.44534,0.60936
-1.41246,0.69370
-1.37964,0.77331
-1.34713,0.84613
-1.31535,0.91032
-1.28487,0.96492
-1.25618,1.01042
-1.22921,1.04850
-1.20334,1.08132
-1.17770,1.11073
-1.15149,1.13805
-1.12410,1.16410
-1.09506,1.18934
-1.06408,1.21395
-0.85420,-0.27982
-0.95593,-0.27458
-1.03007,-0.26457
-1.09015,-0.25152
-1.14153,-0.23731
-1.18674,-0.22283
-1.22715,-0.20835
-1.26355,-0.19381
-1.29642,-0.17893
-1.32606,-0.16321
-1.35282,-0.14582
-1.37779,-0.12507
-1.40689,-0.09613
-1.52277,-0.07381
-1.56552,-0.13070
-1.60828,-0.11815
-1.64531,-0.34303
-1.64251,-0.23254
-1.63489,-0.12551
-1.62267,-0.01975
-1.60552,0.08383
-1.58347,0.18404
-1.55725,0.28046
-1.52797,0.37380
-1.49668,0.46513
-1.46415,0.55500
-1.43092,0.64300
-1.39727,0.72792
-1.36333,0.80787
-1.32924,0.88072
-1.29539,0.94468
-1.26238,0.99909
-1.23073,1.04468
-1.20045,1.08315
-1.17114,1.11637
-1.14220,1.14592
-1.11305,1.17292
-1.08320,1.19813
-1.05229,1.22196
-1.02012,1.24459
-0.52189,-0.38152
-0.65771,-0.29989
-0.81557,-0.27083
-0.92320,-0.26570
-0.99797,-0.25734
-1.05644,-0.24528
-1.10538,-0.23119
-1.14785,-0.21594
-1.18537,-0.19979
-1.21863,-0.18261
-1.24790,-0.16404
-1.27326,-0.14340
-1.29479,-0.11959
-1.31291,-0.09096
-1.32874,-0.05488
-1.34575,-0.00658
-1.38815,0.06791
-1.52013,0.07550
-1.58635,0.05816
-1.60089,0.07514
-1.58955,0.13615
-1.56779,0.22598
-1.54147,0.31782
-1.51216,0.40901
-1.48078,0.49986
-1.44795,0.59041
-1.41400,0.67985
-1.37907,0.76645
-1.34314,0.84788
-1.30632,0.92158
-1.26919,0.98566
-1.23266,1.03967
-1.19749,1.08462
-1.16388,1.12231
-1.13160,1.15455
-1.10017,1.18283
-1.06909,1.20821
-1.03795,1.23139
-1.00645,1.25278
-0.97445,1.27255
-0.37129,-0.58143
-0.42679,-0.48923
-0.49485,-0.39786
-0.59994,-0.31311
-0.75002,-0.26248
-0.86985,-0.25228
-0.94973,-0.24538
-1.00877,-0.23431
-1.05621,-0.21994
-1.09595,-0.20312
-1.12965,-0.18412
-1.15799,-0.16272
-1.18118,-0.13830
-1.19941,-0.10977
-1.21300,-0.07564
-1.22254,-0.03414
-1.22886,0.01636
-1.23308,0.07682
-1.23663,0.14753
-1.24206,0.23002
-1.27384,0.34863
-1.46148,0.39110
-1.49995,0.40426
-1.48963,0.44868
-1.46084,0.53509
-1.42838,0.62722
-1.39353,0.72006
-1.35647,0.81041
-1.31719,0.89476
-1.27615,0.96978
-1.23457,1.03348
-1.19398,1.08596
-1.15540,1.12886
-1.11912,1.16427
-1.08486,1.19410
-1.05213,1.21980
-1.02043,1.24242
-0.98937,1.26259
-0.95871,1.28072
-0.92840,1.29697
-0.27366,-0.74469
-0.31672,-0.67220
-0.36073,-0.59490
-0.40940,-0.50972
-0.46556,-0.42160
-0.53847,-0.33934
-0.65006,-0.26838
-0.77874,-0.23438
-0.87371,-0.22379
-0.93907,-0.21298
-0.98749,-0.19770
-1.02507,-0.17813
-1.05442,-0.15440
-1.07677,-0.12604
-1.09297,-0.09209
-1.10385,-0.05127
-1.11044,-0.00253
-1.11394,0.05432
-1.11567,0.11820
-1.11680,0.18715
-1.11792,0.25931
-1.11887,0.33309
-1.11951,0.40450
-1.12877,0.44949
-1.43750,0.54461
-1.40456,0.65844
-1.36810,0.76208
-1.32739,0.86044
-1.28279,0.94950
-1.23587,1.02547
-1.18915,1.08727
-1.14476,1.13644
-1.10370,1.17558
-1.06601,1.20721
-1.03121,1.23332
-0.99870,1.25535
-0.96792,1.27426
-0.93848,1.29068
-0.91020,1.30499
-0.88311,1.31739
-0.17313,-0.89339
-0.22280,-0.82229
-0.26877,-0.75025
-0.31094,-0.67874
-0.35106,-0.60682
-0.39189,-0.53187
-0.43596,-0.45312
-0.48583,-0.37500
-0.54876,-0.30219
-0.63699,-0.23746
-0.74051,-0.19523
-0.82496,-0.17326
-0.88332,-0.15369
-0.92334,-0.12916
-0.95083,-0.09799
-0.96923,-0.05945
-0.98107,-0.01313
-0.98866,0.04064
-0.99419,0.10049
-0.99940,0.16460
-1.00512,0.23165
-1.01115,0.30125
-1.01694,0.37323
-1.02333,0.44503
-1.04178,0.50255
-1.35388,0.62625
-1.33666,0.79644
-1.28910,0.91563
-1.23622,1.01203
-1.18203,1.08768
-1.13043,1.14538
-1.08350,1.18922
-1.04165,1.22295
-1.00439,1.24942
-0.97090,1.27066
-0.94040,1.28809
-0.91225,1.30263
-0.88606,1.31487
-0.86167,1.32518
-0.83914,1.33380
-0.07432,-1.01637
-0.12267,-0.95804
-0.17190,-0.89346
-0.21986,-0.82464
-0.26469,-0.75417
-0.30551,-0.68442
-0.34263,-0.61647
-0.37735,-0.54975
-0.41134,-0.48274
-0.44622,-0.41433
-0.48371,-0.34497
-0.52652,-0.27649
-0.57869,-0.21054
-0.64172,-0.14982
-0.70679,-0.09860
-0.76052,-0.05459
-0.79943,-0.01055
-0.82762,0.03763
-0.84998,0.09059
-0.86963,0.14775
-0.88759,0.20884
-0.90360,0.27435
-0.91694,0.34534
-0.92726,0.42228
-0.93753,0.50155
-0.97096,0.56665
-1.28027,0.77497
-1.23948,0.96994
-1.17297,1.08085
-1.11054,1.15466
-1.05547,1.20584
-1.00829,1.24230
-0.96815,1.26896
-0.93376,1.28900
-0.90386,1.30447
-0.87743,1.31673
-0.85373,1.32663
-0.83231,1.33472
-0.81299,1.34133
-0.79585,1.34669
-0.00253,-1.09440
-0.04332,-1.05059
-0.08688,-1.00060
-0.13200,-0.94488
-0.17730,-0.88430
-0.22128,-0.82022
-0.26269,-0.75438
-0.30079,-0.68848
-0.33551,-0.62363
-0.36734,-0.55998
-0.39702,-0.49691
-0.42536,-0.43344
-0.45305,-0.36867
-0.48076,-0.30203
-0.50930,-0.23337
-0.53983,-0.16281
-0.57411,-0.09066
-0.61433,-0.01772
-0.66148,0.05369
-0.71154,0.12059
-0.75659,0.18381
-0.79207,0.24824
-0.81768,0.31873
-0.83412,0.39838
-0.84342,0.48637
-0.85665,0.57408
-0.94222,0.64333
-1.17865,1.00242
-1.08722,1.15406
-1.01512,1.22460
-0.95963,1.26607
-0.91615,1.29267
-0.88152,1.31064
-0.85333,1.32335
-0.82979,1.33271
-0.80965,1.33987
-0.79208,1.34551
-0.77657,1.35003
-0.76295,1.35368
-0.75124,1.35661
0.04745,-1.14387
0.01195,-1.10868
-0.02643,-1.06836
-0.06691,-1.02310
-0.10856,-0.97331
-0.15036,-0.91958
-0.19133,-0.86268
-0.23064,-0.80344
-0.26775,-0.74267
-0.30253,-0.68085
-0.33512,-0.61809
-0.36586,-0.55412
-0.39503,-0.48852
-0.42285,-0.42084
-0.44947,-0.35065
-0.47515,-0.27749
-0.50047,-0.20073
-0.52667,-0.11981
-0.55606,-0.03488
-0.59209,0.05215
-0.63650,0.13693
-0.68298,0.21598
-0.72015,0.29362
-0.74236,0.37831
-0.75086,0.47266
-0.75651,0.56987
-0.78721,0.66158
-1.06880,0.95427
-0.96599,1.23205
-0.88415,1.29283
-0.83677,1.31923
-0.80451,1.33377
-0.78103,1.34269
-0.76310,1.34860
-0.74879,1.35281
-0.73689,1.35598
-0.72663,1.35848
-0.71762,1.36053
-0.70968,1.36222
-0.70285,1.36364
0.08725,-1.18052
0.05453,-1.15014
0.01893,-1.11519
-0.01900,-1.07573
-0.05849,-1.03204
-0.09870,-0.98456
-0.13883,-0.93377
-0.17816,-0.88015
-0.21624,-0.82400
-0.25283,-0.76544
-0.28797,-0.70431
-0.32178,-0.64032
-0.35437,-0.57322
-0.38572,-0.50280
-0.41571,-0.42899
-0.44417,-0.35163
-0.47105,-0.27055
-0.49651,-0.18561
-0.52121,-0.09704
-0.54651,-0.00569
-0.57431,0.08686
-0.60508,0.17873
-0.63361,0.27010
-0.65036,0.36514
-0.65395,0.46523
-0.65663,0.56604
-0.67242,0.66605
-0.78048,0.78025
-0.77389,1.30761
-0.71092,1.33846
-0.68938,1.34947
-0.67761,1.35519
-0.67041,1.35859
-0.66571,1.36082
-0.66236,1.36243
-0.65966,1.36368
-0.65716,1.36472
-0.65463,1.36562
-0.65201,1.36642
-0.64939,1.36713
0.12365,-1.21190
0.09231,-1.18456
0.05813,-1.15302
0.02140,-1.11712
-0.01727,-1.07697
-0.05717,-1.03289
-0.09753,-0.98524
-0.13771,-0.93437
-0.17722,-0.88044
-0.21579,-0.82338
-0.25338,-0.76287
-0.29000,-0.69850
-0.32562,-0.62999
-0.36008,-0.55727
-0.39311,-0.48045
-0.42435,-0.39966
-0.45341,-0.31503
-0.48000,-0.22670
-0.50403,-0.13503
-0.52560,-0.04060
-0.54455,0.05605
-0.55897,0.15488
-0.56377,0.25646
-0.55720,0.35925
-0.55162,0.46103
-0.55550,0.56340
-0.56674,0.66693
-0.59376,0.77290
-0.52673,1.32088
-0.52963,1.33777
-0.53916,1.34697
-0.54880,1.35253
-0.55787,1.35623
-0.56614,1.35888
-0.57345,1.36088
-0.57964,1.36244
-0.58456,1.36369
-0.58816,1.36472
-0.59045,1.36556
-0.59155,1.36627
0.15984,-1.24104
0.12907,-1.21594
0.09565,-1.18699
0.05958,-1.15383
0.02122,-1.11635
-0.01883,-1.07469
-0.05989,-1.02912
-0.10131,-0.97989
-0.14256,-0.92713
-0.18332,-0.87074
-0.22340,-0.81035
-0.26271,-0.74551
-0.30110,-0.67587
-0.33833,-0.60135
-0.37404,-0.52212
-0.40778,-0.43842
-0.43899,-0.35042
-0.46707,-0.25822
-0.49137,-0.16195
-0.51084,-0.06162
-0.52251,0.04323
-0.51802,0.15282
-0.49058,0.26057
-0.46334,0.35947
-0.45421,0.45913
-0.45763,0.56284
-0.46478,0.66762
-0.45538,0.76779
-0.33601,1.27965
-0.37384,1.30563
-0.40337,1.32105
-0.42843,1.33151
-0.45009,1.33910
-0.46893,1.34485
-0.48527,1.34932
-0.49923,1.35285
-0.51083,1.35562
-0.52006,1.35779
-0.52693,1.35947
-0.53156,1.36073
0.19729,-1.26897
0.16659,-1.24576
0.13357,-1.21911
0.09795,-1.18843
0.05982,-1.15344
0.01960,-1.11408
-0.02211,-1.07048
-0.06472,-1.02282
-0.10768,-0.97118
-0.15059,-0.91545
-0.19315,-0.85527
-0.23516,-0.79012
-0.27635,-0.71958
-0.31635,-0.64350
-0.35473,-0.56203
-0.39093,-0.47540
-0.42432,-0.38358
-0.45402,-0.28612
-0.47861,-0.18189
-0.49440,-0.06877
-0.48856,0.05505
-0.44066,0.17602
-0.39113,0.27180
-0.36939,0.36478
-0.36297,0.46374
-0.36268,0.56598
-0.35881,0.66660
-0.11230,0.82866
-0.18861,1.22103
-0.24208,1.25798
-0.28382,1.28160
-0.31923,1.29863
-0.34993,1.31157
-0.37681,1.32171
-0.40039,1.32979
-0.42089,1.33628
-0.43838,1.34147
-0.45280,1.34555
-0.46409,1.34869
-0.47227,1.35101
0.23657,-1.29573
0.20570,-1.27441
0.17292,-1.25001
0.13770,-1.22186
0.09990,-1.18948
0.05971,-1.15262
0.01757,-1.11127
-0.02596,-1.06551
-0.07037,-1.01535
-0.11522,-0.96066
-0.16017,-0.90104
-0.20493,-0.83589
-0.24910,-0.76461
-0.29213,-0.68689
-0.33340,-0.60279
-0.37220,-0.51238
-0.40777,-0.41497
-0.43886,-0.30769
-0.46076,-0.18282
-0.44381,-0.03197
-0.34611,0.09831
-0.29515,0.18348
-0.27985,0.27555
-0.27426,0.37296
-0.27050,0.47155
-0.26187,0.56745
-0.21781,0.64943
0.04686,1.01725
-0.06828,1.15006
-0.12971,1.19990
-0.17913,1.23313
-0.22148,1.25769
-0.25859,1.27673
-0.29149,1.29194
-0.32079,1.30429
-0.34677,1.31439
-0.36947,1.32261
-0.38878,1.32921
-0.40452,1.33437
-0.41652,1.33824
0.27770,-1.32083
0.24671,-1.30165
0.21423,-1.27972
0.17956,-1.25433
0.14231,-1.22486
0.10246,-1.19091
0.06027,-1.15227
0.01620,-1.10892
-0.02928,-1.06078
-0.07578,-1.00766
-0.12296,-0.94907
-0.17050,-0.88423
-0.21794,-0.81219
-0.26457,-0.73215
-0.30946,-0.64347
-0.35165,-0.54478
-0.39013,-0.42865
-0.39833,-0.26703
-0.18278,-0.12597
-0.15309,-0.05225
-0.15537,0.05326
-0.16344,0.16549
-0.17112,0.27507
-0.17399,0.37777
-0.16584,0.47082
-0.12020,0.54558
0.15436,0.75543
0.09976,0.97327
0.02382,1.07434
-0.03720,1.13546
-0.08967,1.17866
-0.13588,1.21126
-0.17714,1.23689
-0.21435,1.25760
-0.24808,1.27466
-0.27861,1.28883
-0.30597,1.30058
-0.32998,1.31023
-0.35032,1.31795
-0.36664,1.32391
0.32019,-1.34344
0.28951,-1.32685
0.25773,-1.30781
0.22401,-1.28560
0.18776,-1.25955
0.14874,-1.22908
0.10702,-1.19382
0.06292,-1.15355
0.01682,-1.10811
-0.03095,-1.05716
-0.08011,-1.00010
-0.13046,-0.93580
-0.18168,-0.86255
-0.23338,-0.77747
-0.28593,-0.67281
-0.32506,-0.51294
-0.05358,-0.35642
-0.02598,-0.29362
-0.02262,-0.20174
-0.02730,-0.09328
-0.03708,0.02737
-0.04987,0.15176
-0.06012,0.26713
-0.05439,0.36184
0.03321,0.42241
0.23122,0.62881
0.20481,0.79161
0.14779,0.91331
0.08991,1.00304
0.03483,1.07038
-0.01634,1.12184
-0.06338,1.16204
-0.10659,1.19423
-0.14646,1.22060
-0.18340,1.24261
-0.21762,1.26117
-0.24911,1.27686
-0.27763,1.29001
-0.30277,1.30084
-0.32398,1.30948
0.36310,-1.36268
0.33364,-1.34919
0.30337,-1.33355
0.27138,-1.31511
0.23693,-1.29316
0.19955,-1.26698
0.15909,-1.23598
0.11568,-1.19973
0.06958,-1.15785
0.02103,-1.10984
-0.02983,-1.05484
-0.08302,-0.99114
-0.13908,-0.91504
-0.20265,-0.81139
-0.18305,-0.55123
0.04928,-0.45934
0.07080,-0.38509
0.07984,-0.30012
0.08237,-0.20641
0.07948,-0.10165
0.07250,0.01432
0.06630,0.13160
0.09327,0.21712
0.30161,0.38252
0.30412,0.53137
0.27165,0.65253
0.23053,0.76072
0.18510,0.85701
0.13736,0.94012
0.08899,1.00959
0.04154,1.06648
-0.00400,1.11285
-0.04726,1.15096
-0.08828,1.18276
-0.12722,1.20970
-0.16422,1.23278
-0.19922,1.25264
-0.23194,1.26965
-0.26193,1.28405
-0.28853,1.29593
0.40515,-1.37785
0.37828,-1.36782
0.35083,-1.35603
0.32188,-1.34196
0.29055,-1.32487
0.25613,-1.30396
0.21821,-1.27841
0.17666,-1.24747
0.13153,-1.21044
0.08292,-1.16646
0.03079,-1.11421
-0.02535,-1.05093
-0.08935,-0.96682
-0.14789,-0.71895
0.13145,-0.54350
0.15345,-0.46109
0.16692,-0.37552
0.17769,-0.28980
0.18558,-0.20158
0.19102,-0.10807
0.20349,-0.01427
0.37955,0.13430
0.38817,0.31135
0.36010,0.42523
0.32799,0.52779
0.29271,0.62562
0.25483,0.71885
0.21477,0.80599
0.17294,0.88520
0.12995,0.95503
0.08658,1.01506
0.04363,1.06590
0.00161,1.10889
-0.03931,1.14550
-0.07916,1.17706
-0.11800,1.20454
-0.15574,1.22861
-0.19213,1.24965
-0.22669,1.26789
-0.25876,1.28342
0.44491,-1.38872
0.42246,-1.38216
0.39967,-1.37438
0.37562,-1.36497
0.34937,-1.35333
0.32001,-1.33864
0.28677,-1.31992
0.24915,-1.29608
0.20681,-1.26589
0.15953,-1.22782
0.10697,-1.17965
0.04776,-1.11643
-0.03801,-1.00147
0.21376,-0.63818
0.23684,-0.54713
0.24573,-0.45084
0.25803,-0.36077
0.27404,-0.27706
0.29562,-0.19844
0.35151,-0.12595
0.46429,0.06317
0.44035,0.20186
0.41104,0.30680
0.37987,0.40408
0.34686,0.49799
0.31228,0.58906
0.27639,0.67665
0.23932,0.75961
0.20114,0.83659
0.16197,0.90637
0.12210,0.96823
0.08191,1.02218
0.04175,1.06895
0.00175,1.10960
-0.03810,1.14525
-0.07786,1.17680
-0.11747,1.20489
-0.15671,1.22989
-0.19516,1.25201
-0.23220,1.27134
0.48142,-1.39567
0.46553,-1.39210
0.44952,-1.38791
0.43263,-1.38284
0.41400,-1.37650
0.39264,-1.36829
0.36754,-1.35735
0.33770,-1.34248
0.30214,-1.32201
0.25989,-1.29351
0.20975,-1.25302
0.14783,-1.19084
0.09210,-0.86483
0.34578,-0.65918
0.33976,-0.55053
0.33816,-0.44461
0.34906,-0.35033
0.37495,-0.26952
0.44381,-0.19319
0.50839,-0.04064
0.48686,0.08250
0.45845,0.18470
0.42825,0.28043
0.39664,0.37314
0.36384,0.46352
0.33011,0.55135
0.29563,0.63604
0.26051,0.71673
0.22472,0.79244
0.18825,0.86220
0.15110,0.92528
0.11339,0.98149
0.07522,1.03117
0.03661,1.07511
-0.00256,1.11425
-0.04242,1.14941
-0.08299,1.18117
-0.12414,1.20988
-0.16550,1.23572
-0.20651,1.25873
0.51519,-1.39954
0.50788,-1.39801
0.50059,-1.39627
0.49293,-1.39423
0.48435,-1.39174
0.47418,-1.38854
0.46160,-1.38421
0.44564,-1.37807
0.42513,-1.36889
0.39850,-1.35444
0.36342,-1.33006
0.31181,-1.28226
0.48026,-0.77350
0.48125,-0.67302
0.46167,-0.56416
0.44830,-0.45506
0.45795,-0.35729
0.51317,-0.26600
0.54943,-0.14138
0.53024,-0.03349
0.50293,0.06411
0.47376,0.15799
0.44336,0.24983
0.41193,0.33988
0.37969,0.42795
0.34684,0.51364
0.31351,0.59642
0.27981,0.67567
0.24572,0.75063
0.21118,0.82051
0.17610,0.88463
0.14044,0.94266
0.10413,0.99475
0.06706,1.04146
0.02899,1.08359
-0.01033,1.12189
-0.05106,1.15693
-0.09316,1.18903
-0.13637,1.21830
-0.18017,1.24476
0.54908,-1.40105
0.55136,-1.40016
0.55377,-1.39916
0.55632,-1.39801
0.55898,-1.39665
0.56167,-1.39497
0.56432,-1.39280
0.56696,-1.38982
0.56991,-1.38540
0.57417,-1.37813
0.58337,-1.36459
0.63225,-1.33095
0.67699,-0.77903
0.62456,-0.66551
0.61916,-0.55973
0.62635,-0.44999
0.63325,-0.33615
0.61704,-0.23492
0.58495,-0.14539
0.55150,-0.05618
0.52007,0.03453
0.48946,0.12534
0.45872,0.21519
0.42756,0.30345
0.39595,0.38971
0.36397,0.47365
0.33167,0.55494
0.29912,0.63313
0.26631,0.70769
0.23318,0.77796
0.19963,0.84329
0.16554,0.90325
0.13076,0.95775
0.09509,1.00716
0.05822,1.05212
0.01978,1.09336
-0.02052,1.13143
-0.06281,1.16666
-0.10692,1.19913
-0.15245,1.22881
0.58675,-1.39999
0.59816,-1.39822
0.60979,-1.39611
0.62198,-1.39356
0.63512,-1.39043
0.64962,-1.38650
0.66608,-1.38142
0.68540,-1.37453
0.70914,-1.36462
0.74023,-1.34910
0.78569,-1.32141
0.87807,-1.25027
0.88623,-0.77943
0.75340,-0.63989
0.74226,-0.52870
0.73416,-0.41974
0.71246,-0.32586
0.67691,-0.24884
0.63177,-0.17720
0.58508,-0.09795
0.54489,-0.00999
0.51035,0.08056
0.47825,0.17008
0.44695,0.25739
0.41586,0.34222
0.38471,0.42459
0.35340,0.50452
0.32185,0.58191
0.29004,0.65646
0.25791,0.72766
0.22537,0.79491
0.19229,0.85762
0.15849,0.91545
0.12374,0.96845
0.08771,1.01702
0.05000,1.06174
0.01020,1.10317
-0.03192,1.14168
-0.07637,1.17741
-0.12285,1.21029
0.63012,-1.39537
0.64911,-1.39140
0.66838,-1.38670
0.68845,-1.38110
0.70991,-1.37433
0.73343,-1.36597
0.75985,-1.35540
0.79033,-1.34160
0.82652,-1.32282
0.87100,-1.29584
0.92851,-1.25364
1.01308,-1.17301
1.10640,-0.88852
0.86646,-0.62053
0.83199,-0.52114
0.80965,-0.42709
0.78169,-0.34679
0.74655,-0.27997
0.70352,-0.22033
0.65131,-0.15749
0.59595,-0.08072
0.54914,0.00796
0.51128,0.09848
0.47789,0.18620
0.44644,0.27044
0.41574,0.35168
0.38521,0.43054
0.35451,0.50742
0.32345,0.58244
0.29194,0.65539
0.25988,0.72580
0.22714,0.79306
0.19353,0.85653
0.15879,0.91576
0.12263,0.97059
0.08470,1.02121
0.04463,1.06797
0.00214,1.11123
-0.04288,1.15120
-0.09024,1.18796
0.67885,-1.38610
0.70346,-1.37911
0.72836,-1.37105
0.75411,-1.36165
0.78139,-1.35056
0.81093,-1.33719
0.84362,-1.32074
0.88052,-1.29997
0.92294,-1.27294
0.97254,-1.23649
1.03153,-1.18484
1.10424,-1.10440
1.19635,-0.93915
0.99259,-0.60712
0.91617,-0.52810
0.88475,-0.44831
0.85643,-0.37734
0.82658,-0.31665
0.79400,-0.26379
0.75628,-0.21465
0.70908,-0.16342
0.65025,-0.10099
0.59016,-0.02099
0.54125,0.06777
0.50193,0.15516
0.46752,0.23851
0.43542,0.31824
0.40433,0.39528
0.37354,0.47046
0.34257,0.54437
0.31103,0.61735
0.27858,0.68939
0.24490,0.76011
0.20965,0.82878
0.17245,0.89451
0.13295,0.95642
0.09089,1.01390
0.04617,1.06664
-0.00114,1.11461
-0.05079,1.15795
0.73143,-1.37165
0.75976,-1.36138
0.78830,-1.34979
0.81765,-1.33657
0.84847,-1.32126
0.88152,-1.30318
0.91760,-1.28137
0.95760,-1.25447
1.00239,-1.22055
1.05268,-1.17684
1.10886,-1.11925
1.17092,-1.04121
1.23946,-0.92691
1.27190,-0.70792
1.00980,-0.53422
0.96491,-0.47238
0.93755,-0.41030
0.91414,-0.35423
0.89258,-0.30425
0.87180,-0.25866
0.84970,-0.21547
0.82238,-0.17282
0.78395,-0.12860
0.72760,-0.07827
0.65387,-0.01214
0.58225,0.07219
0.52592,0.16141
0.48092,0.24774
0.44236,0.32941
0.40763,0.40639
0.37519,0.47964
0.34376,0.55074
0.31209,0.62146
0.27895,0.69324
0.24327,0.76667
0.20414,0.84112
0.16088,0.91483
0.11314,0.98534
0.06120,1.05028
0.00600,1.10814
0.78612,-1.35207
0.81648,-1.33866
0.84694,-1.32382
0.87807,-1.30718
0.91055,-1.28818
0.94509,-1.26604
0.98241,-1.23969
1.02319,-1.20773
1.06785,-1.16833
1.11640,-1.11932
1.16817,-1.05826
1.22181,-0.98278
1.27576,-0.89013
1.32910,-0.77108
1.29212,-0.55319
1.05434,-0.48856
1.02498,-0.44122
1.00779,-0.39065
0.99578,-0.34223
0.98724,-0.29611
0.98047,-0.25132
0.97279,-0.20703
0.96082,-0.16306
0.94100,-0.11986
0.90967,-0.07811
0.86215,-0.03801
0.79144,0.00327
0.69443,0.05799
0.59612,0.13711
0.52286,0.22439
0.46863,0.30990
0.42432,0.39250
0.38594,0.47028
0.35143,0.54307
0.31865,0.61323
0.28511,0.68441
0.24818,0.75985
0.20551,0.84070
0.15533,0.92492
0.09699,1.00754
0.84133,-1.32783
0.87227,-1.31173
0.90316,-1.29417
0.93457,-1.27472
0.96714,-1.25276
1.00157,-1.22740
1.03851,-1.19749
1.07843,-1.16159
1.12145,-1.11810
1.16713,-1.06545
1.21443,-1.00253
1.26198,-0.92902
1.30847,-0.84557
1.35293,-0.75328
1.39488,-0.65166
1.41390,-0.52156
1.12209,-0.46189
1.10911,-0.42811
1.10626,-0.38311
1.10757,-0.33562
1.11028,-0.28735
1.11148,-0.23885
1.10827,-0.19090
1.09844,-0.14445
1.08063,-0.10036
1.05410,-0.05919
1.01808,-0.02126
0.97099,0.01321
0.90906,0.04432
0.82450,0.07483
0.71103,0.11841
0.59559,0.19157
0.51284,0.27590
0.45420,0.35950
0.40648,0.44325
0.36497,0.52390
0.32781,0.59955
0.29222,0.67319
0.25409,0.75058
0.20885,0.83644
0.89561,-1.29967
0.92590,-1.28147
0.95596,-1.26188
0.98637,-1.24042
1.01778,-1.21637
1.05086,-1.18875
1.08625,-1.15631
1.12433,-1.11761
1.16502,-1.07124
1.20767,-1.01619
1.25124,-0.95218
1.29462,-0.87979
1.33703,-0.80036
1.37794,-0.71564
1.41691,-0.62783
1.45298,-0.54051
1.48175,-0.46644
1.47519,-0.45219
1.46754,-0.41721
1.42404,-0.39094
1.37920,-0.36712
1.31209,-0.30876
1.28466,-0.24170
1.26329,-0.18378
1.23955,-0.13306
1.21146,-0.08823
1.17845,-0.04824
1.14027,-0.01220
1.09650,0.02052
1.04620,0.05026
0.98716,0.07697
0.91454,0.10078
0.81890,0.12514
0.69462,0.16648
0.57513,0.24002
0.49255,0.32348
0.43324,0.40835
0.38325,0.49640
0.33905,0.58189
0.29905,0.66235
0.94763,-1.26849
0.97623,-1.24893
1.00441,-1.22814
1.03277,-1.20558
1.06200,-1.18043
1.09287,-1.15157
1.12605,-1.11762
1.16191,-1.07707
1.20026,-1.02869
1.24035,-0.97189
1.28117,-0.90693
1.32185,-0.83483
1.36187,-0.75698
1.40101,-0.67486
1.43907,-0.58985
1.47573,-0.50330
1.51032,-0.41683
1.54173,-0.33323
1.56814,-0.25791
1.58696,-0.19876
1.59833,-0.15456
1.60667,-0.11361
1.60853,-0.08863
1.58925,-0.09393
1.55298,-0.09878
1.46694,-0.12208
1.36565,-0.09122
1.30291,-0.04899
1.25178,-0.01277
1.20288,0.01888
1.15295,0.04741
1.10015,0.07353
1.04243,0.09739
0.97636,0.11879
0.89522,0.13809
0.78743,0.16121
0.65345,0.20980
0.53859,0.28996
0.46174,0.37622
0.40287,0.46786
0.99618,-1.23541
1.02219,-1.21536
1.04762,-1.19432
1.07311,-1.17168
1.09949,-1.14648
1.12768,-1.11735
1.15851,-1.08266
1.19233,-1.04082
1.22881,-0.99078
1.26706,-0.93234
1.30608,-0.86622
1.34509,-0.79369
1.38368,-0.71620
1.42166,-0.63504
1.45888,-0.55112
1.49506,-0.46500
1.52974,-0.37696
1.56241,-0.28729
1.59263,-0.19663
1.62009,-0.10619
1.64442,-0.01817
1.66491,0.06289
1.67944,0.12511
1.68292,0.14181
1.67898,0.13143
1.67592,0.12602
1.64707,0.05700
1.59888,0.01043
1.48429,-0.04541
1.37225,-0.02167
1.30405,0.01100
1.24789,0.03924
1.19473,0.06450
1.14113,0.08779
1.08471,0.10949
1.02259,0.12950
0.94979,0.14754
0.85659,0.16505
0.73004,0.19437
0.59050,0.26132
1.04014,-1.20173
1.06285,-1.18217
1.08483,-1.16196
1.10689,-1.14034
1.13010,-1.11603
1.15565,-1.08731
1.18450,-1.05221
1.21687,-1.00912
1.25219,-0.95727
1.28938,-0.89694
1.32737,-0.82925
1.36540,-0.75577
1.40307,-0.67802
1.44016,-0.59721
1.47642,-0.51408
1.51151,-0.42885
1.54503,-0.34139
1.57659,-0.25156
1.60592,-0.15944
1.63293,-0.06545
1.65758,0.02980
1.67991,0.12560
1.69992,0.22114
1.71757,0.31522
1.73253,0.40494
1.74317,0.47674
1.72438,0.35407
1.70382,0.24554
1.67334,0.13472
1.62875,0.07313
1.53816,0.00092
1.41297,0.00153
1.33808,0.02859
1.28007,0.05323
1.22676,0.07552
1.17382,0.09645
1.11875,0.11646
1.05899,0.13555
0.99057,0.15332
0.90572,0.16974
1.07858,-1.16897
1.09740,-1.15100
1.11548,-1.13274
1.13387,-1.11310
1.15403,-1.09033
1.17747,-1.06215
1.20510,-1.02637
1.23687,-0.98155
1.27179,-0.92741
1.30857,-0.86475
1.34609,-0.79514
1.38359,-0.72036
1.42063,-0.64207
1.45691,-0.56146
1.49207,-0.47917
1.52577,-0.39523
1.55770,-0.30930
1.58764,-0.22095
1.61549,-0.13004
1.64124,-0.03675
1.66491,0.05851
1.68655,0.15527
1.70621,0.25313
1.72389,0.35180
1.73951,0.45116
1.75284,0.55128
1.76329,0.65267
1.76926,0.75690
1.75633,0.86746
1.36626,0.06174
1.58653,0.04287
1.57668,0.03737
1.49947,0.01411
1.41822,0.02328
1.35598,0.04330
1.30267,0.06346
1.25188,0.08281
1.20052,0.10170
1.14656,0.12044
1.08790,0.13898
1.11076,-1.13880
1.12531,-1.12358
1.13926,-1.10828
1.15414,-1.09124
1.17190,-1.06999
1.19419,-1.04180
1.22164,-1.00452
1.25363,-0.95719
1.28878,-0.90017
1.32564,-0.83479
1.36305,-0.76299
1.40027,-0.68677
1.43682,-0.60788
1.47225,-0.52752
1.50619,-0.44626
1.53833,-0.36397
1.56853,-0.28007
1.59677,-0.19388
1.62309,-0.10502
1.64755,-0.01352
1.67018,0.08031
1.69099,0.17601
1.71001,0.27318
1.72716,0.37147
1.74230,0.47063
1.75509,0.57054
1.76477,0.67116
1.76952,0.77259
1.76217,0.87526
1.42412,0.80128
1.45991,0.18975
1.29783,0.20307
1.24017,0.13190
1.35940,0.06014
1.40424,0.04285
1.39441,0.04564
1.36004,0.05675
1.31752,0.07158
1.27137,0.08792
1.22200,0.10508
1.13619,-1.11295
1.14624,-1.10153
1.15622,-1.08981
1.16829,-1.07528
1.18478,-1.05475
1.20717,-1.02537
1.23542,-0.98549
1.26831,-0.93486
1.30414,-0.87446
1.34136,-0.80611
1.37887,-0.73202
1.41593,-0.65437
1.45197,-0.57498
1.48649,-0.49507
1.51908,-0.41511
1.54956,-0.33480
1.57799,-0.25326
1.60457,-0.16956
1.62945,-0.08306
1.65271,0.00635
1.67438,0.09840
1.69445,0.19265
1.71286,0.28865
1.72953,0.38601
1.74423,0.48443
1.75656,0.58369
1.76569,0.68369
1.76956,0.78442
1.76032,0.88615
1.63095,0.97454
1.41238,0.45109
1.36170,0.26203
1.41210,0.21487
1.25505,0.25286
1.05885,0.25958
1.19371,0.14755
1.31060,0.08844
1.35471,0.06996
1.35276,0.06987
1.32534,0.07872
1.15458,-1.09305
1.16022,-1.08607
1.16689,-1.07781
1.17740,-1.06477
1.19412,-1.04345
1.21782,-1.01146
1.24765,-0.96795
1.28186,-0.91340
1.31858,-0.84933
1.35631,-0.77791
1.39399,-0.70159
1.43087,-0.62266
1.46633,-0.54301
1.49980,-0.46384
1.53091,-0.38552
1.55966,-0.30751
1.58635,-0.22862
1.61135,-0.14757
1.63489,-0.06352
1.65708,0.02376
1.67791,0.11403
1.69732,0.20681
1.71521,0.30162
1.73144,0.39802
1.74576,0.49568
1.75771,0.59435
1.76638,0.69389
1.76948,0.79429
1.75793,0.89579
1.60974,0.97662
1.44143,0.45918
1.25191,0.40642
1.37002,0.25818
1.39698,0.23629
1.33338,0.25415
1.18026,0.29854
0.92146,0.33487
1.00115,0.23881
1.21074,0.13729
1.30651,0.09549
