-2.41023,-0.90318
-2.37658,-0.89059
-2.34292,-0.87800
-2.30927,-0.86542
-2.27562,-0.85283
-2.24196,-0.84024
-2.20831,-0.82766
-2.17466,-0.81507
-2.14100,-0.80248
-2.10735,-0.78990
-2.07370,-0.77731
-2.04005,-0.76472
-2.00639,-0.75214
-1.97274,-0.73955
-1.93909,-0.72696
-1.90543,-0.71438
-1.87178,-0.70179
-1.83813,-0.68920
-1.80448,-0.67662
-1.77082,-0.66403
-1.73717,-0.65144
-1.70352,-0.63886
-1.66986,-0.62627
-1.63621,-0.61368
-1.60256,-0.60110
-1.56890,-0.58851
-1.53525,-0.57592
-1.50160,-0.56334
-1.46795,-0.55075
-1.43429,-0.53816
-1.40064,-0.52558
-1.36699,-0.51299
-1.33333,-0.50040
-1.29968,-0.48782
-1.26603,-0.47523
-1.23238,-0.46264
-1.19872,-0.45006
-1.16507,-0.43747
-1.13142,-0.42488
-1.09776,-0.41230
-2.32025,-0.86953
-2.28660,-0.85694
-2.25295,-0.84435
-2.21929,-0.83177
-2.18564,-0.81918
-2.15199,-0.80659
-2.11833,-0.79400
-2.08468,-0.78142
-2.05103,-0.76883
-2.01737,-0.75624
-1.98372,-0.74366
-1.95007,-0.73107
-1.91642,-0.71848
-1.88276,-0.70590
-1.84911,-0.69331
-1.81546,-0.68072
-1.78180,-0.66814
-1.74815,-0.65555
-1.71450,-0.64296
-1.68085,-0.63038
-1.64719,-0.61779
-1.61354,-0.60520
-1.57989,-0.59262
-1.54623,-0.58003
-1.51258,-0.56744
-1.47893,-0.55486
-1.44527,-0.54227
-1.41162,-0.52968
-1.37797,-0.51710
-1.34432,-0.50451
-1.31066,-0.49192
-1.27701,-0.47934
-1.24336,-0.46675
-1.20970,-0.45416
-1.17605,-0.44158
-1.14240,-0.42899
-1.10875,-0.41640
-1.07509,-0.40382
-1.04144,-0.39123
-1.00779,-0.37864
-2.23027,-0.83587
-2.19662,-0.82329
-2.16297,-0.81070
-2.12931,-0.79811
-2.09566,-0.78553
-2.06201,-0.77294
-2.02836,-0.76035
-1.99470,-0.74777
-1.96105,-0.73518
-1.92740,-0.72259
-1.89374,-0.71001
-1.86009,-0.69742
-1.82644,-0.68483
-1.79279,-0.67224
-1.75913,-0.65966
-1.72548,-0.64707
-1.69183,-0.63448
-1.65817,-0.62190
-1.62452,-0.60931
-1.59087,-0.59672
-1.55721,-0.58414
-1.52356,-0.57155
-1.48991,-0.55896
-1.45626,-0.54638
-1.42260,-0.53379
-1.38895,-0.52120
-1.35530,-0.50862
-1.32164,-0.49603
-1.28799,-0.48344
-1.25434,-0.47086
-1.22069,-0.45827
-1.18703,-0.44568
-1.15338,-0.43310
-1.11973,-0.42051
-1.08607,-0.40792
-1.05242,-0.39534
-1.01877,-0.38275
-0.98511,-0.37016
-0.95146,-0.35758
-0.91781,-0.34499
-2.14030,-0.80222
-2.10664,-0.78963
-2.07299,-0.77705
-2.03934,-0.76446
-2.00568,-0.75187
-1.97203,-0.73929
-1.93838,-0.72670
-1.90473,-0.71411
-1.87107,-0.70153
-1.83742,-0.68894
-1.80377,-0.67635
-1.77011,-0.66377
-1.73646,-0.65118
-1.70281,-0.63859
-1.66916,-0.62601
-1.63550,-0.61342
-1.60185,-0.60083
-1.56820,-0.58825
-1.53454,-0.57566
-1.50089,-0.56307
-1.46724,-0.55048
-1.43358,-0.53790
-1.39993,-0.52531
-1.36628,-0.51272
-1.33263,-0.50014
-1.29897,-0.48755
-1.26532,-0.47496
-1.23167,-0.46238
-1.19801,-0.44979
-1.16436,-0.43720
-1.13071,-0.42462
-1.09706,-0.41203
-1.06340,-0.39944
-1.02975,-0.38686
-0.99610,-0.37427
-0.96244,-0.36168
-0.92879,-0.34910
-0.89514,-0.33651
-0.86148,-0.32392
-0.82783,-0.31134
-2.05032,-0.76857
-2.01667,-0.75598
-1.98301,-0.74339
-1.94936,-0.73081
-1.91571,-0.71822
-1.88205,-0.70563
-1.84840,-0.69305
-1.81475,-0.68046
-1.78110,-0.66787
-1.74744,-0.65529
-1.71379,-0.64270
-1.68014,-0.63011
-1.64648,-0.61753
-1.61283,-0.60494
-1.57918,-0.59235
-1.54552,-0.57977
-1.51187,-0.56718
-1.47822,-0.55459
-1.44457,-0.54201
-1.41091,-0.52942
-1.37726,-0.51683
-1.34361,-0.50425
-1.30995,-0.49166
-1.27630,-0.47907
-1.24265,-0.46649
-1.20900,-0.45390
-1.17534,-0.44131
-1.14169,-0.42873
-1.10804,-0.41614
-1.07438,-0.40355
-1.04073,-0.39096
-1.00708,-0.37838
-0.97342,-0.36579
-0.93977,-0.35320
-0.90612,-0.34062
-0.87247,-0.32803
-0.83881,-0.31544
-0.80516,-0.30286
-0.77151,-0.29027
-0.73785,-0.27768
-1.96034,-0.73491
-1.92669,-0.72233
-1.89304,-0.70974
-1.85938,-0.69715
-1.82573,-0.68457
-1.79208,-0.67198
-1.75842,-0.65939
-1.72477,-0.64681
-1.69112,-0.63422
-1.65747,-0.62163
-1.62381,-0.60905
-1.59016,-0.59646
-1.55651,-0.58387
-1.52285,-0.57129
-1.48920,-0.55870
-1.45555,-0.54611
-1.42189,-0.53353
-1.38824,-0.52094
-1.35459,-0.50835
-1.32094,-0.49577
-1.28728,-0.48318
-1.25363,-0.47059
-1.21998,-0.45801
-1.18632,-0.44542
-1.15267,-0.43283
-1.11902,-0.42025
-1.08537,-0.40766
-1.05171,-0.39507
-1.01806,-0.38249
-0.98441,-0.36990
-0.95075,-0.35731
-0.91710,-0.34473
-0.88345,-0.33214
-0.84979,-0.31955
-0.81614,-0.30697
-0.78249,-0.29438
-0.74884,-0.28179
-0.71518,-0.26920
-0.68153,-0.25662
-0.64788,-0.24403
-1.87036,-0.70126
-1.83671,-0.68867
-1.80306,-0.67609
-1.76941,-0.66350
-1.73575,-0.65091
-1.70210,-0.63833
-1.66845,-0.62574
-1.63479,-0.61315
-1.60114,-0.60057
-1.56749,-0.58798
-1.53383,-0.57539
-1.50018,-0.56281
-1.46653,-0.55022
-1.43288,-0.53763
-1.39922,-0.52505
-1.36557,-0.51246
-1.33192,-0.49987
-1.29826,-0.48729
-1.26461,-0.47470
-1.23096,-0.46211
-1.19731,-0.44953
-1.16365,-0.43694
-1.13000,-0.42435
-1.09635,-0.41177
-1.06269,-0.39918
-1.02904,-0.38659
-0.99539,-0.37401
-0.96173,-0.36142
-0.92808,-0.34883
-0.89443,-0.33625
-0.86078,-0.32366
-0.82712,-0.31107
-0.79347,-0.29849
-0.75982,-0.28590
-0.72616,-0.27331
-0.69251,-0.26073
-0.65886,-0.24814
-0.62521,-0.23555
-0.59155,-0.22297
-0.55790,-0.21038
-1.78039,-0.66761
-1.74673,-0.65502
-1.71308,-0.64243
-1.67943,-0.62985
-1.64577,-0.61726
-1.61212,-0.60467
-1.57847,-0.59209
-1.54482,-0.57950
-1.51116,-0.56691
-1.47751,-0.55433
-1.44386,-0.54174
-1.41020,-0.52915
-1.37655,-0.51657
-1.34290,-0.50398
-1.30925,-0.49139
-1.27559,-0.47881
-1.24194,-0.46622
-1.20829,-0.45363
-1.17463,-0.44105
-1.14098,-0.42846
-1.10733,-0.41587
-1.07368,-0.40329
-1.04002,-0.39070
-1.00637,-0.37811
-0.97272,-0.36553
-0.93906,-0.35294
-0.90541,-0.34035
-0.87176,-0.32777
-0.83810,-0.31518
-0.80445,-0.30259
-0.77080,-0.29001
-0.73715,-0.27742
-0.70349,-0.26483
-0.66984,-0.25225
-0.63619,-0.23966
-0.60253,-0.22707
-0.56888,-0.21449
-0.53523,-0.20190
-0.50158,-0.18931
-0.46792,-0.17673
-1.69041,-0.63395
-1.65676,-0.62137
-1.62310,-0.60878
-1.58945,-0.59619
-1.55580,-0.58361
-1.52214,-0.57102
-1.48849,-0.55843
-1.45484,-0.54585
-1.42119,-0.53326
-1.38753,-0.52067
-1.35388,-0.50809
-1.32023,-0.49550
-1.28657,-0.48291
-1.25292,-0.47033
-1.21927,-0.45774
-1.18562,-0.44515
-1.15196,-0.43257
-1.11831,-0.41998
-1.08466,-0.40739
-1.05100,-0.39481
-1.01735,-0.38222
-0.98370,-0.36963
-0.95004,-0.35705
-0.91639,-0.34446
-0.88274,-0.33187
-0.84909,-0.31929
-0.81543,-0.30670
-0.78178,-0.29411
-0.74813,-0.28153
-0.71447,-0.26894
-0.68082,-0.25635
-0.64717,-0.24377
-0.61352,-0.23118
-0.57986,-0.21859
-0.54621,-0.20601
-0.51256,-0.19342
-0.47890,-0.18083
-0.44525,-0.16825
-0.41160,-0.15566
-0.37794,-0.14307
-1.60043,-0.60030
-1.56678,-0.58772
-1.53313,-0.57513
-1.49947,-0.56254
-1.46582,-0.54995
-1.43217,-0.53737
-1.39851,-0.52478
-1.36486,-0.51219
-1.33121,-0.49961
-1.29756,-0.48702
-1.26390,-0.47443
-1.23025,-0.46185
-1.19660,-0.44926
-1.16294,-0.43667
-1.12929,-0.42409
-1.09564,-0.41150
-1.06198,-0.39891
-1.02833,-0.38633
-0.99468,-0.37374
-0.96103,-0.36115
-0.92737,-0.34857
-0.89372,-0.33598
-0.86007,-0.32339
-0.82641,-0.31081
-0.79276,-0.29822
-0.75911,-0.28563
-0.72546,-0.27305
-0.69180,-0.26046
-0.65815,-0.24787
-0.62450,-0.23529
-0.59084,-0.22270
-0.55719,-0.21011
-0.52354,-0.19753
-0.48989,-0.18494
-0.45623,-0.17235
-0.42258,-0.15977
-0.38893,-0.14718
-0.35527,-0.13459
-0.32162,-0.12201
-0.28797,-0.10942
-1.51045,-0.56665
-1.47680,-0.55406
-1.44315,-0.54148
-1.40950,-0.52889
-1.37584,-0.51630
-1.34219,-0.50372
-1.30854,-0.49113
-1.27488,-0.47854
-1.24123,-0.46596
-1.20758,-0.45337
-1.17393,-0.44078
-1.14027,-0.42819
-1.10662,-0.41561
-1.07297,-0.40302
-1.03931,-0.39043
-1.00566,-0.37785
-0.97201,-0.36526
-0.93835,-0.35267
-0.90470,-0.34009
-0.87105,-0.32750
-0.83740,-0.31491
-0.80374,-0.30233
-0.77009,-0.28974
-0.73644,-0.27715
-0.70278,-0.26457
-0.66913,-0.25198
-0.63548,-0.23939
-0.60183,-0.22681
-0.56817,-0.21422
-0.53452,-0.20163
-0.50087,-0.18905
-0.46721,-0.17646
-0.43356,-0.16387
-0.39991,-0.15129
-0.36625,-0.13870
-0.33260,-0.12611
-0.29895,-0.11353
-0.26530,-0.10094
-0.23164,-0.08835
-0.19799,-0.07577
-1.42048,-0.53300
-1.38682,-0.52041
-1.35317,-0.50782
-1.31952,-0.49524
-1.28587,-0.48265
-1.25221,-0.47006
-1.21856,-0.45748
-1.18491,-0.44489
-1.15125,-0.43230
-1.11760,-0.41972
-1.08395,-0.40713
-1.05029,-0.39454
-1.01664,-0.38196
-0.98299,-0.36937
-0.94934,-0.35678
-0.91568,-0.34420
-0.88203,-0.33161
-0.84838,-0.31902
-0.81472,-0.30643
-0.78107,-0.29385
-0.74742,-0.28126
-0.71377,-0.26867
-0.68011,-0.25609
-0.64646,-0.24350
-0.61281,-0.23091
-0.57915,-0.21833
-0.54550,-0.20574
-0.51185,-0.19315
-0.47819,-0.18057
-0.44454,-0.16798
-0.41089,-0.15539
-0.37724,-0.14281
-0.34358,-0.13022
-0.30993,-0.11763
-0.27628,-0.10505
-0.24262,-0.09246
-0.20897,-0.07987
-0.17532,-0.06729
-0.14167,-0.05470
-0.10801,-0.04211
-1.33050,-0.49934
-1.29685,-0.48676
-1.26319,-0.47417
-1.22954,-0.46158
-1.19589,-0.44900
-1.16224,-0.43641
-1.12858,-0.42382
-1.09493,-0.41124
-1.06128,-0.39865
-1.02762,-0.38606
-0.99397,-0.37348
-0.96032,-0.36089
-0.92666,-0.34830
-0.89301,-0.33572
-0.85936,-0.32313
-0.82571,-0.31054
-0.79205,-0.29796
-0.75840,-0.28537
-0.72475,-0.27278
-0.69109,-0.26020
-0.65744,-0.24761
-0.62379,-0.23502
-0.59014,-0.22244
-0.55648,-0.20985
-0.52283,-0.19726
-0.48918,-0.18467
-0.45552,-0.17209
-0.42187,-0.15950
-0.38822,-0.14691
-0.35456,-0.13433
-0.32091,-0.12174
-0.28726,-0.10915
-0.25361,-0.09657
-0.21995,-0.08398
-0.18630,-0.07139
-0.15265,-0.05881
-0.11899,-0.04622
-0.08534,-0.03363
-0.05169,-0.02105
-0.01804,-0.00846
-1.24052,-0.46569
-1.20687,-0.45310
-1.17322,-0.44052
-1.13956,-0.42793
-1.10591,-0.41534
-1.07226,-0.40276
-1.03860,-0.39017
-1.00495,-0.37758
-0.97130,-0.36500
-0.93765,-0.35241
-0.90399,-0.33982
-0.87034,-0.32724
-0.83669,-0.31465
-0.80303,-0.30206
-0.76938,-0.28948
-0.73573,-0.27689
-0.70208,-0.26430
-0.66842,-0.25172
-0.63477,-0.23913
-0.60112,-0.22654
-0.56746,-0.21396
-0.53381,-0.20137
-0.50016,-0.18878
-0.46650,-0.17620
-0.43285,-0.16361
-0.39920,-0.15102
-0.36555,-0.13844
-0.33189,-0.12585
-0.29824,-0.11326
-0.26459,-0.10068
-0.23093,-0.08809
-0.19728,-0.07550
-0.16363,-0.06292
-0.12998,-0.05033
-0.09632,-0.03774
-0.06267,-0.02515
-0.02902,-0.01257
0.00464,0.00002
0.03829,0.01261
0.07194,0.02519
-1.15054,-0.43204
-1.11689,-0.41945
-1.08324,-0.40686
-1.04959,-0.39428
-1.01593,-0.38169
-0.98228,-0.36910
-0.94863,-0.35652
-0.91497,-0.34393
-0.88132,-0.33134
-0.84767,-0.31876
-0.81402,-0.30617
-0.78036,-0.29358
-0.74671,-0.28100
-0.71306,-0.26841
-0.67940,-0.25582
-0.64575,-0.24324
-0.61210,-0.23065
-0.57845,-0.21806
-0.54479,-0.20548
-0.51114,-0.19289
-0.47749,-0.18030
-0.44383,-0.16772
-0.41018,-0.15513
-0.37653,-0.14254
-0.34287,-0.12996
-0.30922,-0.11737
-0.27557,-0.10478
-0.24192,-0.09220
-0.20826,-0.07961
-0.17461,-0.06702
-0.14096,-0.05444
-0.10730,-0.04185
-0.07365,-0.02926
-0.04000,-0.01668
-0.00635,-0.00409
0.02731,0.00850
0.06096,0.02108
0.09461,0.03367
0.12827,0.04626
0.16192,0.05884
-1.06057,-0.39838
-1.02691,-0.38580
-0.99326,-0.37321
-0.95961,-0.36062
-0.92596,-0.34804
-0.89230,-0.33545
-0.85865,-0.32286
-0.82500,-0.31028
-0.79134,-0.29769
-0.75769,-0.28510
-0.72404,-0.27252
-0.69039,-0.25993
-0.65673,-0.24734
-0.62308,-0.23476
-0.58943,-0.22217
-0.55577,-0.20958
-0.52212,-0.19700
-0.48847,-0.18441
-0.45481,-0.17182
-0.42116,-0.15924
-0.38751,-0.14665
-0.35386,-0.13406
-0.32020,-0.12148
-0.28655,-0.10889
-0.25290,-0.09630
-0.21924,-0.08372
-0.18559,-0.07113
-0.15194,-0.05854
-0.11829,-0.04596
-0.08463,-0.03337
-0.05098,-0.02078
-0.01733,-0.00820
0.01633,0.00439
0.04998,0.01698
0.08363,0.02956
0.11729,0.04215
0.15094,0.05474
0.18459,0.06732
0.21824,0.07991
0.25190,0.09250
-0.97059,-0.36473
-0.93694,-0.35214
-0.90328,-0.33956
-0.86963,-0.32697
-0.83598,-0.31438
-0.80233,-0.30180
-0.76867,-0.28921
-0.73502,-0.27662
-0.70137,-0.26404
-0.66771,-0.25145
-0.63406,-0.23886
-0.60041,-0.22628
-0.56675,-0.21369
-0.53310,-0.20110
-0.49945,-0.18852
-0.46580,-0.17593
-0.43214,-0.16334
-0.39849,-0.15076
-0.36484,-0.13817
-0.33118,-0.12558
-0.29753,-0.11300
-0.26388,-0.10041
-0.23023,-0.08782
-0.19657,-0.07524
-0.16292,-0.06265
-0.12927,-0.05006
-0.09561,-0.03748
-0.06196,-0.02489
-0.02831,-0.01230
0.00534,0.00028
0.03900,0.01287
0.07265,0.02546
0.10630,0.03804
0.13996,0.05063
0.17361,0.06322
0.20726,0.07580
0.24092,0.08839
0.27457,0.10098
0.30822,0.11356
0.34187,0.12615
-0.88061,-0.33108
-0.84696,-0.31849
-0.81331,-0.30590
-0.77965,-0.29332
-0.74600,-0.28073
-0.71235,-0.26814
-0.67870,-0.25556
-0.64504,-0.24297
-0.61139,-0.23038
-0.57774,-0.21780
-0.54408,-0.20521
-0.51043,-0.19262
-0.47678,-0.18004
-0.44312,-0.16745
-0.40947,-0.15486
-0.37582,-0.14228
-0.34217,-0.12969
-0.30851,-0.11710
-0.27486,-0.10452
-0.24121,-0.09193
-0.20755,-0.07934
-0.17390,-0.06676
-0.14025,-0.05417
-0.10660,-0.04158
-0.07294,-0.02900
-0.03929,-0.01641
-0.00564,-0.00382
0.02802,0.00876
0.06167,0.02135
0.09532,0.03394
0.12898,0.04652
0.16263,0.05911
0.19628,0.07170
0.22993,0.08428
0.26359,0.09687
0.29724,0.10946
0.33089,0.12204
0.36455,0.13463
0.39820,0.14722
0.43185,0.15980
-0.79064,-0.29743
-0.75698,-0.28484
-0.72333,-0.27225
-0.68968,-0.25967
-0.65602,-0.24708
-0.62237,-0.23449
-0.58872,-0.22191
-0.55506,-0.20932
-0.52141,-0.19673
-0.48776,-0.18414
-0.45411,-0.17156
-0.42045,-0.15897
-0.38680,-0.14638
-0.35315,-0.13380
-0.31949,-0.12121
-0.28584,-0.10862
-0.25219,-0.09604
-0.21854,-0.08345
-0.18488,-0.07086
-0.15123,-0.05828
-0.11758,-0.04569
-0.08392,-0.03310
-0.05027,-0.02052
-0.01662,-0.00793
0.01703,0.00466
0.05069,0.01724
0.08434,0.02983
0.11799,0.04242
0.15165,0.05500
0.18530,0.06759
0.21895,0.08018
0.25261,0.09276
0.28626,0.10535
0.31991,0.11794
0.35356,0.13052
0.38722,0.14311
0.42087,0.15570
0.45452,0.16828
0.48818,0.18087
0.52183,0.19346
-0.70066,-0.26377
-0.66701,-0.25119
-0.63335,-0.23860
-0.59970,-0.22601
-0.56605,-0.21343
-0.53239,-0.20084
-0.49874,-0.18825
-0.46509,-0.17567
-0.43143,-0.16308
-0.39778,-0.15049
-0.36413,-0.13791
-0.33048,-0.12532
-0.29682,-0.11273
-0.26317,-0.10015
-0.22952,-0.08756
-0.19586,-0.07497
-0.16221,-0.06238
-0.12856,-0.04980
-0.09491,-0.03721
-0.06125,-0.02462
-0.02760,-0.01204
0.00605,0.00055
0.03971,0.01314
0.07336,0.02572
0.10701,0.03831
0.14067,0.05090
0.17432,0.06348
0.20797,0.07607
0.24162,0.08866
0.27528,0.10124
0.30893,0.11383
0.34258,0.12642
0.37624,0.13900
0.40989,0.15159
0.44354,0.16418
0.47719,0.17676
0.51085,0.18935
0.54450,0.20194
0.57815,0.21452
0.61181,0.22711
-0.61068,-0.23012
-0.57703,-0.21753
-0.54337,-0.20495
-0.50972,-0.19236
-0.47607,-0.17977
-0.44242,-0.16719
-0.40876,-0.15460
-0.37511,-0.14201
-0.34146,-0.12943
-0.30780,-0.11684
-0.27415,-0.10425
-0.24050,-0.09167
-0.20685,-0.07908
-0.17319,-0.06649
-0.13954,-0.05391
-0.10589,-0.04132
-0.07223,-0.02873
-0.03858,-0.01615
-0.00493,-0.00356
0.02873,0.00903
0.06238,0.02161
0.09603,0.03420
0.12968,0.04679
0.16334,0.05938
0.19699,0.07196
0.23064,0.08455
0.26430,0.09714
0.29795,0.10972
0.33160,0.12231
0.36525,0.13490
0.39891,0.14748
0.43256,0.16007
0.46621,0.17266
0.49987,0.18524
0.53352,0.19783
0.56717,0.21042
0.60082,0.22300
0.63448,0.23559
0.66813,0.24818
0.70178,0.26076
-0.52070,-0.19647
-0.48705,-0.18388
-0.45340,-0.17129
-0.41974,-0.15871
-0.38609,-0.14612
-0.35244,-0.13353
-0.31879,-0.12095
-0.28513,-0.10836
-0.25148,-0.09577
-0.21783,-0.08319
-0.18417,-0.07060
-0.15052,-0.05801
-0.11687,-0.04543
-0.08322,-0.03284
-0.04956,-0.02025
-0.01591,-0.00767
0.01774,0.00492
0.05140,0.01751
0.08505,0.03009
0.11870,0.04268
0.15236,0.05527
0.18601,0.06785
0.21966,0.08044
0.25331,0.09303
0.28697,0.10561
0.32062,0.11820
0.35427,0.13079
0.38793,0.14337
0.42158,0.15596
0.45523,0.16855
0.48888,0.18114
0.52254,0.19372
0.55619,0.20631
0.58984,0.21890
0.62350,0.23148
0.65715,0.24407
0.69080,0.25666
0.72446,0.26924
0.75811,0.28183
0.79176,0.29442
-0.43073,-0.16281
-0.39707,-0.15023
-0.36342,-0.13764
-0.32977,-0.12505
-0.29611,-0.11247
-0.26246,-0.09988
-0.22881,-0.08729
-0.19516,-0.07471
-0.16150,-0.06212
-0.12785,-0.04953
-0.09420,-0.03695
-0.06054,-0.02436
-0.02689,-0.01177
0.00676,0.00081
0.04042,0.01340
0.07407,0.02599
0.10772,0.03857
0.14137,0.05116
0.17503,0.06375
0.20868,0.07633
0.24233,0.08892
0.27599,0.10151
0.30964,0.11409
0.34329,0.12668
0.37694,0.13927
0.41060,0.15185
0.44425,0.16444
0.47790,0.17703
0.51156,0.18961
0.54521,0.20220
0.57886,0.21479
0.61252,0.22737
0.64617,0.23996
0.67982,0.25255
0.71347,0.26513
0.74713,0.27772
0.78078,0.29031
0.81443,0.30289
0.84809,0.31548
0.88174,0.32807
-0.34075,-0.12916
-0.30710,-0.11657
-0.27344,-0.10399
-0.23979,-0.09140
-0.20614,-0.07881
-0.17248,-0.06623
-0.13883,-0.05364
-0.10518,-0.04105
-0.07153,-0.02847
-0.03787,-0.01588
-0.00422,-0.00329
0.02943,0.00929
0.06309,0.02188
0.09674,0.03447
0.13039,0.04705
0.16405,0.05964
0.19770,0.07223
0.23135,0.08481
0.26500,0.09740
0.29866,0.10999
0.33231,0.12257
0.36596,0.13516
0.39962,0.14775
0.43327,0.16033
0.46692,0.17292
0.50057,0.18551
0.53423,0.19809
0.56788,0.21068
0.60153,0.22327
0.63519,0.23585
0.66884,0.24844
0.70249,0.26103
0.73615,0.27361
0.76980,0.28620
0.80345,0.29879
0.83710,0.31137
0.87076,0.32396
0.90441,0.33655
0.93806,0.34913
0.97172,0.36172
-0.25077,-0.09551
-0.21712,-0.08292
-0.18347,-0.07033
-0.14981,-0.05775
-0.11616,-0.04516
-0.08251,-0.03257
-0.04885,-0.01999
-0.01520,-0.00740
0.01845,0.00519
0.05211,0.01777
0.08576,0.03036
0.11941,0.04295
0.15306,0.05553
0.18672,0.06812
0.22037,0.08071
0.25402,0.09329
0.28768,0.10588
0.32133,0.11847
0.35498,0.13105
0.38863,0.14364
0.42229,0.15623
0.45594,0.16881
0.48959,0.18140
0.52325,0.19399
0.55690,0.20657
0.59055,0.21916
0.62421,0.23175
0.65786,0.24433
0.69151,0.25692
0.72516,0.26951
0.75882,0.28209
0.79247,0.29468
0.82612,0.30727
0.85978,0.31985
0.89343,0.33244
0.92708,0.34503
0.96073,0.35761
0.99439,0.37020
1.02804,0.38279
1.06169,0.39537
-0.16079,-0.06185
-0.12714,-0.04927
-0.09349,-0.03668
-0.05983,-0.02409
-0.02618,-0.01151
0.00747,0.00108
0.04112,0.01367
0.07478,0.02625
0.10843,0.03884
0.14208,0.05143
0.17574,0.06401
0.20939,0.07660
0.24304,0.08919
0.27669,0.10177
0.31035,0.11436
0.34400,0.12695
0.37765,0.13953
0.41131,0.15212
0.44496,0.16471
0.47861,0.17729
0.51226,0.18988
0.54592,0.20247
0.57957,0.21505
0.61322,0.22764
0.64688,0.24023
0.68053,0.25281
0.71418,0.26540
0.74784,0.27799
0.78149,0.29057
0.81514,0.30316
0.84879,0.31575
0.88245,0.32833
0.91610,0.34092
0.94975,0.35351
0.98341,0.36609
1.01706,0.37868
1.05071,0.39127
1.08436,0.40385
1.11802,0.41644
1.15167,0.42903
-0.07082,-0.02820
-0.03716,-0.01562
-0.00351,-0.00303
0.03014,0.00956
0.06380,0.02215
0.09745,0.03473
0.13110,0.04732
0.16475,0.05991
0.19841,0.07249
0.23206,0.08508
0.26571,0.09767
0.29937,0.11025
0.33302,0.12284
0.36667,0.13543
0.40032,0.14801
0.43398,0.16060
0.46763,0.17319
0.50128,0.18577
0.53494,0.19836
0.56859,0.21095
0.60224,0.22353
0.63590,0.23612
0.66955,0.24871
0.70320,0.26129
0.73685,0.27388
0.77051,0.28647
0.80416,0.29905
0.83781,0.31164
0.87147,0.32423
0.90512,0.33681
0.93877,0.34940
0.97242,0.36199
1.00608,0.37457
1.03973,0.38716
1.07338,0.39975
1.10704,0.41233
1.14069,0.42492
1.17434,0.43751
1.20800,0.45009
1.24165,0.46268
0.01916,0.00545
0.05281,0.01804
0.08647,0.03062
0.12012,0.04321
0.15377,0.05580
0.18743,0.06838
0.22108,0.08097
0.25473,0.09356
0.28838,0.10614
0.32204,0.11873
0.35569,0.13132
0.38934,0.14390
0.42300,0.15649
0.45665,0.16908
0.49030,0.18167
0.52396,0.19425
0.55761,0.20684
0.59126,0.21943
0.62491,0.23201
0.65857,0.24460
0.69222,0.25719
0.72587,0.26977
0.75953,0.28236
0.79318,0.29495
0.82683,0.30753
0.86048,0.32012
0.89414,0.33271
0.92779,0.34529
0.96144,0.35788
0.99510,0.37047
1.02875,0.38305
1.06240,0.39564
1.09605,0.40823
1.12971,0.42081
1.16336,0.43340
1.19701,0.44599
1.23067,0.45857
1.26432,0.47116
1.29797,0.48375
1.33163,0.49633
0.10914,0.03910
0.14279,0.05169
0.17644,0.06428
0.21010,0.07686
0.24375,0.08945
0.27740,0.10204
0.31106,0.11462
0.34471,0.12721
0.37836,0.13980
0.41201,0.15238
0.44567,0.16497
0.47932,0.17756
0.51297,0.19014
0.54663,0.20273
0.58028,0.21532
0.61393,0.22790
0.64759,0.24049
0.68124,0.25308
0.71489,0.26566
0.74854,0.27825
0.78220,0.29084
0.81585,0.30343
0.84950,0.31601
0.88316,0.32860
0.91681,0.34119
0.95046,0.35377
0.98411,0.36636
1.01777,0.37895
1.05142,0.39153
1.08507,0.40412
1.11873,0.41671
1.15238,0.42929
1.18603,0.44188
1.21969,0.45447
1.25334,0.46705
1.28699,0.47964
1.32064,0.49223
1.35430,0.50481
1.38795,0.51740
1.42160,0.52999
0.19912,0.07276
0.23277,0.08534
0.26642,0.09793
0.30007,0.11052
0.33373,0.12310
0.36738,0.13569
0.40103,0.14828
0.43469,0.16086
0.46834,0.17345
0.50199,0.18604
0.53565,0.19862
0.56930,0.21121
0.60295,0.22380
0.63660,0.23638
0.67026,0.24897
0.70391,0.26156
0.73756,0.27414
0.77122,0.28673
0.80487,0.29932
0.83852,0.31190
0.87217,0.32449
0.90583,0.33708
0.93948,0.34966
0.97313,0.36225
1.00679,0.37484
1.04044,0.38742
1.07409,0.40001
1.10775,0.41260
1.14140,0.42519
1.17505,0.43777
1.20870,0.45036
1.24236,0.46295
1.27601,0.47553
1.30966,0.48812
1.34332,0.50071
1.37697,0.51329
1.41062,0.52588
1.44427,0.53847
1.47793,0.55105
1.51158,0.56364
0.28909,0.10641
0.32275,0.11900
0.35640,0.13158
0.39005,0.14417
0.42370,0.15676
0.45736,0.16934
0.49101,0.18193
0.52466,0.19452
0.55832,0.20710
0.59197,0.21969
0.62562,0.23228
0.65928,0.24486
0.69293,0.25745
0.72658,0.27004
0.76023,0.28262
0.79389,0.29521
0.82754,0.30780
0.86119,0.32038
0.89485,0.33297
0.92850,0.34556
0.96215,0.35814
0.99580,0.37073
1.02946,0.38332
1.06311,0.39590
1.09676,0.40849
1.13042,0.42108
1.16407,0.43366
1.19772,0.44625
1.23138,0.45884
1.26503,0.47142
1.29868,0.48401
1.33233,0.49660
1.36599,0.50918
1.39964,0.52177
1.43329,0.53436
1.46695,0.54695
1.50060,0.55953
1.53425,0.57212
1.56790,0.58471
1.60156,0.59729
0.37907,0.14006
0.41272,0.15265
0.44638,0.16524
0.48003,0.17782
0.51368,0.19041
0.54734,0.20300
0.58099,0.21558
0.61464,0.22817
0.64829,0.24076
0.68195,0.25334
0.71560,0.26593
0.74925,0.27852
0.78291,0.29110
0.81656,0.30369
0.85021,0.31628
0.88386,0.32886
0.91752,0.34145
0.95117,0.35404
0.98482,0.36662
1.01848,0.37921
1.05213,0.39180
1.08578,0.40438
1.11944,0.41697
1.15309,0.42956
1.18674,0.44214
1.22039,0.45473
1.25405,0.46732
1.28770,0.47990
1.32135,0.49249
1.35501,0.50508
1.38866,0.51766
1.42231,0.53025
1.45596,0.54284
1.48962,0.55542
1.52327,0.56801
1.55692,0.58060
1.59058,0.59318
1.62423,0.60577
1.65788,0.61836
1.69154,0.63094
0.46905,0.17372
0.50270,0.18630
0.53635,0.19889
0.57001,0.21148
0.60366,0.22406
0.63731,0.23665
0.67097,0.24924
0.70462,0.26182
0.73827,0.27441
0.77192,0.28700
0.80558,0.29958
0.83923,0.31217
0.87288,0.32476
0.90654,0.33734
0.94019,0.34993
0.97384,0.36252
1.00749,0.37510
1.04115,0.38769
1.07480,0.40028
1.10845,0.41286
1.14211,0.42545
1.17576,0.43804
1.20941,0.45062
1.24307,0.46321
1.27672,0.47580
1.31037,0.48838
1.34402,0.50097
1.37768,0.51356
1.41133,0.52614
1.44498,0.53873
1.47864,0.55132
1.51229,0.56390
1.54594,0.57649
1.57959,0.58908
1.61325,0.60166
1.64690,0.61425
1.68055,0.62684
1.71421,0.63942
1.74786,0.65201
1.78151,0.66460
0.55903,0.20737
0.59268,0.21996
0.62633,0.23254
0.65998,0.24513
0.69364,0.25772
0.72729,0.27030
0.76094,0.28289
0.79460,0.29548
0.82825,0.30806
0.86190,0.32065
0.89555,0.33324
0.92921,0.34582
0.96286,0.35841
0.99651,0.37100
1.03017,0.38358
1.06382,0.39617
1.09747,0.40876
1.13113,0.42134
1.16478,0.43393
1.19843,0.44652
1.23208,0.45910
1.26574,0.47169
1.29939,0.48428
1.33304,0.49686
1.36670,0.50945
1.40035,0.52204
1.43400,0.53462
1.46765,0.54721
1.50131,0.55980
1.53496,0.57238
1.56861,0.58497
1.60227,0.59756
1.63592,0.61014
1.66957,0.62273
1.70323,0.63532
1.73688,0.64790
1.77053,0.66049
1.80418,0.67308
1.83784,0.68566
1.87149,0.69825
0.64900,0.24102
0.68266,0.25361
0.71631,0.26620
0.74996,0.27878
0.78361,0.29137
0.81727,0.30396
0.85092,0.31654
0.88457,0.32913
0.91823,0.34172
0.95188,0.35430
0.98553,0.36689
1.01918,0.37948
1.05284,0.39206
1.08649,0.40465
1.12014,0.41724
1.15380,0.42982
1.18745,0.44241
1.22110,0.45500
1.25476,0.46758
1.28841,0.48017
1.32206,0.49276
1.35571,0.50534
1.38937,0.51793
1.42302,0.53052
1.45667,0.54310
1.49033,0.55569
1.52398,0.56828
1.55763,0.58086
1.59128,0.59345
1.62494,0.60604
1.65859,0.61862
1.69224,0.63121
1.72590,0.64380
1.75955,0.65638
1.79320,0.66897
1.82686,0.68156
1.86051,0.69414
1.89416,0.70673
1.92781,0.71932
1.96147,0.73190
0.73898,0.27467
0.77263,0.28726
0.80629,0.29985
0.83994,0.31243
0.87359,0.32502
0.90724,0.33761
0.94090,0.35019
0.97455,0.36278
1.00820,0.37537
1.04186,0.38796
1.07551,0.40054
1.10916,0.41313
1.14282,0.42572
1.17647,0.43830
1.21012,0.45089
1.24377,0.46348
1.27743,0.47606
1.31108,0.48865
1.34473,0.50124
1.37839,0.51382
1.41204,0.52641
1.44569,0.53900
1.47934,0.55158
1.51300,0.56417
1.54665,0.57676
1.58030,0.58934
1.61396,0.60193
1.64761,0.61452
1.68126,0.62710
1.71492,0.63969
1.74857,0.65228
1.78222,0.66486
1.81587,0.67745
1.84953,0.69004
1.88318,0.70262
1.91683,0.71521
1.95049,0.72780
1.98414,0.74038
2.01779,0.75297
2.05144,0.76556
0.82896,0.30833
0.86261,0.32091
0.89626,0.33350
0.92992,0.34609
0.96357,0.35867
0.99722,0.37126
1.03088,0.38385
1.06453,0.39643
1.09818,0.40902
1.13183,0.42161
1.16549,0.43419
1.19914,0.44678
1.23279,0.45937
1.26645,0.47195
1.30010,0.48454
1.33375,0.49713
1.36740,0.50971
1.40106,0.52230
1.43471,0.53489
1.46836,0.54748
1.50202,0.56006
1.53567,0.57265
1.56932,0.58524
1.60297,0.59782
1.63663,0.61041
1.67028,0.62300
1.70393,0.63558
1.73759,0.64817
1.77124,0.66076
1.80489,0.67334
1.83855,0.68593
1.87220,0.69852
1.90585,0.71110
1.93950,0.72369
1.97316,0.73628
2.00681,0.74886
2.04046,0.76145
2.07412,0.77404
2.10777,0.78662
2.14142,0.79921
0.91893,0.34198
0.95259,0.35457
0.98624,0.36715
1.01989,0.37974
1.05355,0.39233
1.08720,0.40491
1.12085,0.41750
1.15451,0.43009
1.18816,0.44267
1.22181,0.45526
1.25546,0.46785
1.28912,0.48043
1.32277,0.49302
1.35642,0.50561
1.39008,0.51819
1.42373,0.53078
1.45738,0.54337
1.49103,0.55595
1.52469,0.56854
1.55834,0.58113
1.59199,0.59371
1.62565,0.60630
1.65930,0.61889
1.69295,0.63147
1.72661,0.64406
1.76026,0.65665
1.79391,0.66924
1.82756,0.68182
1.86122,0.69441
1.89487,0.70700
1.92852,0.71958
1.96218,0.73217
1.99583,0.74476
2.02948,0.75734
2.06313,0.76993
2.09679,0.78252
2.13044,0.79510
2.16409,0.80769
2.19775,0.82028
2.23140,0.83286
1.00891,0.37563
1.04257,0.38822
1.07622,0.40081
1.10987,0.41339
1.14352,0.42598
1.17718,0.43857
1.21083,0.45115
1.24448,0.46374
1.27814,0.47633
1.31179,0.48891
1.34544,0.50150
1.37909,0.51409
1.41275,0.52667
1.44640,0.53926
1.48005,0.55185
1.51371,0.56443
1.54736,0.57702
1.58101,0.58961
1.61467,0.60219
1.64832,0.61478
1.68197,0.62737
1.71562,0.63995
1.74928,0.65254
1.78293,0.66513
1.81658,0.67771
1.85024,0.69030
1.88389,0.70289
1.91754,0.71547
1.95119,0.72806
1.98485,0.74065
2.01850,0.75323
2.05215,0.76582
2.08581,0.77841
2.11946,0.79100
2.15311,0.80358
2.18676,0.81617
2.22042,0.82876
2.25407,0.84134
2.28772,0.85393
2.32138,0.86652
1.09889,0.40929
1.13254,0.42187
1.16620,0.43446
1.19985,0.44705
1.23350,0.45963
1.26715,0.47222
1.30081,0.48481
1.33446,0.49739
1.36811,0.50998
1.40177,0.52257
1.43542,0.53515
1.46907,0.54774
1.50272,0.56033
1.53638,0.57291
1.57003,0.58550
1.60368,0.59809
1.63734,0.61067
1.67099,0.62326
1.70464,0.63585
1.73830,0.64843
1.77195,0.66102
1.80560,0.67361
1.83925,0.68619
1.87291,0.69878
1.90656,0.71137
1.94021,0.72395
1.97387,0.73654
2.00752,0.74913
2.04117,0.76171
2.07482,0.77430
2.10848,0.78689
2.14213,0.79947
2.17578,0.81206
2.20944,0.82465
2.24309,0.83723
2.27674,0.84982
2.31040,0.86241
2.34405,0.87499
2.37770,0.88758
2.41135,0.90017
