-1.17989,-2.05792
-1.17427,-1.95604
-1.17180,-1.85885
-1.17065,-1.76385
-1.16873,-1.67297
-1.16888,-1.58274
-1.16412,-1.48926
-1.16161,-1.39979
-1.15932,-1.30785
-1.15761,-1.21489
-1.15668,-1.12599
-1.15630,-1.04211
-1.15583,-0.96169
-1.15458,-0.87799
-1.15274,-0.79454
-1.14978,-0.71074
-1.14588,-0.62582
-1.14127,-0.54792
-1.13455,-0.47419
-1.12549,-0.40232
-1.11547,-0.33890
-1.10229,-0.27172
-1.08557,-0.20402
-1.06512,-0.13892
-1.04127,-0.07870
-1.01584,-0.02472
-0.99147,0.01940
-0.96349,0.06259
-0.93393,0.10237
-0.90560,0.13590
-0.87960,0.16318
-0.85835,0.18332
-0.84376,0.19573
-0.82734,0.20873
-0.80847,0.22271
-0.79594,0.23144
-0.79039,0.23515
-0.79592,0.23146
-0.78861,0.23633
-0.76948,0.24814
-1.17516,-2.04185
-1.17225,-1.94377
-1.16883,-1.84540
-1.16783,-1.74983
-1.16472,-1.65460
-1.16637,-1.56408
-1.16248,-1.47127
-1.15994,-1.37782
-1.15800,-1.28533
-1.15680,-1.19303
-1.15577,-1.10083
-1.15525,-1.00925
-1.15471,-0.92200
-1.15377,-0.84164
-1.15143,-0.75916
-1.14789,-0.67595
-1.14399,-0.59208
-1.13806,-0.51042
-1.12965,-0.43481
-1.11911,-0.36182
-1.10726,-0.29635
-1.09250,-0.23067
-1.07426,-0.16578
-1.05075,-0.10141
-1.02534,-0.04385
-0.99846,0.00733
-0.97331,0.04815
-0.94421,0.08910
-0.91571,0.12439
-0.89052,0.15207
-0.86496,0.17737
-0.84852,0.19182
-0.83108,0.20583
-0.81253,0.21980
-0.80008,0.22862
-0.79387,0.23285
-0.79657,0.23105
-0.78471,0.23889
-0.77021,0.24774
-0.75467,0.25650
-1.17157,-2.02986
-1.16819,-1.93132
-1.16583,-1.83363
-1.16480,-1.73699
-1.16162,-1.63996
-1.16110,-1.54412
-1.15987,-1.45103
-1.15801,-1.35720
-1.15654,-1.26323
-1.15577,-1.16965
-1.15523,-1.07660
-1.15482,-0.98461
-1.15393,-0.89238
-1.15227,-0.80389
-1.14949,-0.71926
-1.14600,-0.63826
-1.14133,-0.55622
-1.13398,-0.47388
-1.12397,-0.39520
-1.11184,-0.32135
-1.09787,-0.25359
-1.08163,-0.19062
-1.06047,-0.12647
-1.03508,-0.06484
-1.00781,-0.00957
-0.98043,0.03721
-0.95314,0.07707
-0.92490,0.11349
-0.89911,0.14300
-0.87197,0.17067
-0.85225,0.18866
-0.83395,0.20358
-0.81627,0.21708
-0.80451,0.22552
-0.79946,0.22905
-0.79546,0.23180
-0.78070,0.24142
-0.76565,0.25042
-0.76113,0.25301
-0.75171,0.25808
-1.16715,-2.01902
-1.16490,-1.91989
-1.16279,-1.82202
-1.16163,-1.72408
-1.16047,-1.62632
-1.15867,-1.52946
-1.15794,-1.43267
-1.15584,-1.33615
-1.15526,-1.24218
-1.15510,-1.14785
-1.15470,-1.05301
-1.15426,-0.95993
-1.15325,-0.86743
-1.15112,-0.77577
-1.14772,-0.68782
-1.14387,-0.60258
-1.13807,-0.51973
-1.12946,-0.43830
-1.11800,-0.35834
-1.10399,-0.28254
-1.08724,-0.21164
-1.06843,-0.14877
-1.04491,-0.08750
-1.01766,-0.02849
-0.98849,0.02426
-0.96036,0.06698
-0.93418,0.10202
-0.90624,0.13517
-0.87922,0.16352
-0.85391,0.18720
-0.83655,0.20152
-0.82032,0.21406
-0.80994,0.22167
-0.80325,0.22642
-0.79185,0.23421
-0.77652,0.24398
-0.76522,0.25067
-0.76033,0.25345
-0.74933,0.25934
-0.73398,0.26713
-1.16193,-2.00906
-1.15948,-1.90957
-1.15814,-1.81145
-1.15791,-1.71332
-1.15748,-1.61519
-1.15567,-1.51662
-1.15636,-1.41856
-1.15508,-1.32080
-1.15449,-1.22384
-1.15439,-1.12754
-1.15414,-1.03214
-1.15367,-0.93691
-1.15243,-0.84322
-1.15001,-0.75093
-1.14635,-0.66005
-1.14187,-0.57328
-1.13513,-0.48952
-1.12530,-0.40759
-1.11241,-0.32681
-1.09585,-0.24679
-1.07595,-0.17246
-1.05331,-0.10835
-1.02754,-0.04882
-0.99871,0.00665
-0.96899,0.05446
-0.94023,0.09422
-0.91268,0.12784
-0.88517,0.15751
-0.85887,0.18281
-0.83921,0.19939
-0.82514,0.21041
-0.81478,0.21817
-0.80196,0.22732
-0.78645,0.23776
-0.77171,0.24686
-0.76201,0.25252
-0.75321,0.25730
-0.74285,0.26269
-0.73088,0.26865
-0.71350,0.27657
-1.16087,-2.00390
-1.15580,-1.90132
-1.15336,-1.80103
-1.15367,-1.70220
-1.15429,-1.60355
-1.15500,-1.50511
-1.15513,-1.40656
-1.15423,-1.30810
-1.15383,-1.20996
-1.15392,-1.11223
-1.15375,-1.01509
-1.15324,-0.91876
-1.15178,-0.82344
-1.14899,-0.72924
-1.14519,-0.63656
-1.13976,-0.54607
-1.13186,-0.46039
-1.12071,-0.37693
-1.10620,-0.29488
-1.08778,-0.21470
-1.06502,-0.13952
-1.03886,-0.07373
-1.01109,-0.01597
-0.98028,0.03731
-0.94852,0.08322
-0.91908,0.12034
-0.89065,0.15184
-0.86518,0.17709
-0.84409,0.19544
-0.82847,0.20785
-0.81412,0.21865
-0.79752,0.23038
-0.78134,0.24101
-0.76409,0.25132
-0.75409,0.25682
-0.74292,0.26265
-0.73263,0.26779
-0.71745,0.27485
-0.70699,0.27932
-0.69746,0.28307
-1.16367,-2.00340
-1.15727,-1.90068
-1.15401,-1.79898
-1.15303,-1.69781
-1.15292,-1.59692
-1.15335,-1.49631
-1.15341,-1.39599
-1.15344,-1.29716
-1.15337,-1.19849
-1.15360,-1.09975
-1.15358,-1.00149
-1.15297,-0.90377
-1.15132,-0.80679
-1.14821,-0.71082
-1.14423,-0.61613
-1.13788,-0.52259
-1.12837,-0.43233
-1.11563,-0.34625
-1.09941,-0.26302
-1.07906,-0.18326
-1.05364,-0.10929
-1.02474,-0.04304
-0.99370,0.01527
-0.96052,0.06664
-0.92770,0.10998
-0.89829,0.14380
-0.87210,0.17048
-0.84924,0.19118
-0.82819,0.20805
-0.81046,0.22128
-0.79152,0.23440
-0.77218,0.24655
-0.75518,0.25622
-0.74433,0.26192
-0.73278,0.26771
-0.72124,0.27316
-0.70875,0.27861
-0.69813,0.28281
-0.68857,0.28637
-0.67785,0.29002
-1.16960,-2.00358
-1.16278,-1.90104
-1.15794,-1.79872
-1.15537,-1.69657
-1.15477,-1.59491
-1.15468,-1.49333
-1.15457,-1.39197
-1.15366,-1.29091
-1.15339,-1.19009
-1.15355,-1.08949
-1.15354,-0.98951
-1.15284,-0.89019
-1.15096,-0.79118
-1.14743,-0.69286
-1.14310,-0.59542
-1.13592,-0.49952
-1.12498,-0.40642
-1.11050,-0.31714
-1.09217,-0.23181
-1.06905,-0.15095
-1.04025,-0.07691
-1.00869,-0.01150
-0.97508,0.04529
-0.94060,0.09367
-0.90807,0.13306
-0.87875,0.16393
-0.85115,0.18956
-0.82598,0.20974
-0.80418,0.22572
-0.78332,0.23974
-0.76317,0.25181
-0.74593,0.26109
-0.73385,0.26718
-0.72164,0.27298
-0.70847,0.27873
-0.69605,0.28361
-0.68512,0.28760
-0.67512,0.29090
-0.66292,0.29467
-0.64974,0.29819
-1.18214,-1.99980
-1.17242,-1.89793
-1.16607,-1.79576
-1.16169,-1.69350
-1.15926,-1.59116
-1.15652,-1.48890
-1.15638,-1.38652
-1.15466,-1.28436
-1.15433,-1.18209
-1.15401,-1.07992
-1.15376,-0.97784
-1.15283,-0.87597
-1.15061,-0.77447
-1.14679,-0.67363
-1.14183,-0.57348
-1.13354,-0.47490
-1.12109,-0.37876
-1.10453,-0.28609
-1.08341,-0.19817
-1.05646,-0.11639
-1.02448,-0.04242
-0.98992,0.02174
-0.95378,0.07608
-0.91751,0.12218
-0.88338,0.15925
-0.85189,0.18886
-0.82293,0.21203
-0.79740,0.23040
-0.77446,0.24516
-0.75247,0.25765
-0.73419,0.26701
-0.72042,0.27352
-0.70707,0.27929
-0.69263,0.28491
-0.68079,0.28906
-0.66989,0.29255
-0.65848,0.29595
-0.64619,0.29903
-0.63365,0.30183
-0.62257,0.30397
-1.19664,-1.98251
-1.18614,-1.88251
-1.17553,-1.78212
-1.16934,-1.68077
-1.16484,-1.57897
-1.16120,-1.47683
-1.15765,-1.37442
-1.15570,-1.27163
-1.15519,-1.16832
-1.15468,-1.06470
-1.15423,-0.96079
-1.15306,-0.85665
-1.15042,-0.75252
-1.14616,-0.64854
-1.14016,-0.54498
-1.13011,-0.44276
-1.11554,-0.34309
-1.09622,-0.24719
-1.07123,-0.15699
-1.03955,-0.07503
-1.00364,-0.00209
-0.96485,0.06048
-0.92515,0.11306
-0.88679,0.15574
-0.85142,0.18923
-0.81883,0.21509
-0.78967,0.23553
-0.76341,0.25163
-0.73956,0.26431
-0.72063,0.27342
-0.70462,0.28027
-0.69031,0.28574
-0.67633,0.29051
-0.66442,0.29422
-0.65419,0.29710
-0.64273,0.29983
-0.63076,0.30245
-0.61856,0.30467
-0.60871,0.30623
-0.59931,0.30739
-1.20704,-1.93824
-1.19591,-1.84133
-1.18624,-1.74362
-1.17805,-1.64478
-1.16998,-1.54527
-1.16461,-1.44474
-1.16090,-1.34323
-1.15834,-1.24060
-1.15685,-1.13694
-1.15568,-1.03221
-1.15493,-0.92619
-1.15320,-0.81936
-1.14952,-0.71219
-1.14462,-0.60449
-1.13674,-0.49724
-1.12373,-0.39190
-1.10563,-0.28837
-1.08162,-0.19026
-1.05033,-0.10039
-1.01337,-0.02005
-0.97237,0.04946
-0.92969,0.10752
-0.88764,0.15486
-0.84808,0.19204
-0.81175,0.22024
-0.77971,0.24191
-0.75131,0.25823
-0.72616,0.27088
-0.70596,0.27972
-0.68942,0.28606
-0.67459,0.29107
-0.66153,0.29508
-0.65041,0.29803
-0.64006,0.30043
-0.62905,0.30278
-0.61781,0.30480
-0.60864,0.30624
-0.60066,0.30724
-0.59878,0.30746
-0.59566,0.30781
-1.20476,-1.84027
-1.19344,-1.74347
-1.18429,-1.65432
-1.17643,-1.55955
-1.17009,-1.46304
-1.16550,-1.36481
-1.16209,-1.26517
-1.15925,-1.16452
-1.15743,-1.06141
-1.15584,-0.95576
-1.15412,-0.84815
-1.15100,-0.73851
-1.14632,-0.62741
-1.13918,-0.51597
-1.12659,-0.40611
-1.10863,-0.29955
-1.08419,-0.19729
-1.05139,-0.10256
-1.01253,-0.01815
-0.96903,0.05454
-0.92361,0.11497
-0.87891,0.16370
-0.83657,0.20140
-0.79815,0.22981
-0.76438,0.25103
-0.73499,0.26658
-0.71019,0.27797
-0.68995,0.28587
-0.67306,0.29155
-0.65812,0.29605
-0.64620,0.29903
-0.63592,0.30134
-0.62549,0.30344
-0.61534,0.30522
-0.60721,0.30642
-0.60047,0.30726
-0.59826,0.30752
-0.59503,0.30788
-0.59584,0.30779
-0.59545,0.30783
-1.16771,-1.65658
-1.16346,-1.56721
-1.16060,-1.47623
-1.15806,-1.38354
-1.15657,-1.28948
-1.15612,-1.19324
-1.15555,-1.09384
-1.15533,-0.99041
-1.15463,-0.88663
-1.15256,-0.77906
-1.14837,-0.67069
-1.14295,-0.56000
-1.13265,-0.44734
-1.11667,-0.33774
-1.09467,-0.23271
-1.06467,-0.13489
-1.02718,-0.04692
-0.98454,0.03116
-0.93808,0.09721
-0.89101,0.15154
-0.84568,0.19407
-0.80359,0.22606
-0.76645,0.24984
-0.73437,0.26688
-0.70704,0.27929
-0.68459,0.28778
-0.66617,0.29368
-0.65112,0.29785
-0.63877,0.30072
-0.62878,0.30283
-0.61996,0.30443
-0.61137,0.30585
-0.60473,0.30674
-0.59947,0.30738
-0.59743,0.30761
-0.59693,0.30767
-0.59676,0.30769
-0.59580,0.30780
-0.59451,0.30794
-0.59308,0.30809
-1.14516,-1.28685
-1.14802,-1.19618
-1.14877,-1.10499
-1.14977,-1.01074
-1.15054,-0.91431
-1.15001,-0.81409
-1.14791,-0.70871
-1.14422,-0.60300
-1.13729,-0.49935
-1.12551,-0.39615
-1.10881,-0.29279
-1.08493,-0.19362
-1.05277,-0.10211
-1.01546,-0.02180
-0.97442,0.04713
-0.93008,0.10754
-0.88452,0.15845
-0.83918,0.19948
-0.79655,0.23101
-0.75808,0.25461
-0.72480,0.27153
-0.69682,0.28331
-0.67388,0.29129
-0.65523,0.29683
-0.64021,0.30039
-0.62830,0.30292
-0.61893,0.30461
-0.61133,0.30585
-0.60473,0.30673
-0.59904,0.30743
-0.59450,0.30794
-0.59062,0.30831
-0.58872,0.30849
-0.58812,0.30854
-0.58744,0.30860
-0.58665,0.30867
-0.58574,0.30875
-0.58532,0.30878
-0.58483,0.30882
-0.58432,0.30886
-1.14257,-0.61118
-1.13667,-0.50675
-1.12639,-0.41002
-1.11179,-0.31261
-1.09067,-0.21405
-1.06109,-0.12305
-1.02509,-0.03993
-0.98417,0.03271
-0.93877,0.09654
-0.89021,0.15268
-0.83898,0.19979
-0.78797,0.23684
-0.73995,0.26418
-0.69632,0.28351
-0.65841,0.29597
-0.62678,0.30320
-0.60225,0.30704
-0.58466,0.30884
-0.57324,0.30967
-0.56680,0.30997
-0.56377,0.31005
-0.56295,0.31007
-0.56352,0.31006
-0.56472,0.31003
-0.56609,0.30999
-0.56738,0.30995
-0.56830,0.30992
-0.56896,0.30990
-0.56930,0.30989
-0.57076,0.30981
-0.57284,0.30969
-0.57457,0.30958
-0.57525,0.30954
-0.57502,0.30955
-0.57547,0.30953
-0.57375,0.30964
-0.57211,0.30974
-0.57034,0.30983
-0.56874,0.30991
-0.56959,0.30988
-0.89562,0.14692
-0.82234,0.21252
-0.74007,0.26405
-0.65343,0.29728
-0.57419,0.30961
-0.50405,0.30696
-0.44649,0.29455
-0.40039,0.27893
-0.36364,0.26312
-0.33470,0.24876
-0.31202,0.23594
-0.29584,0.22581
-0.28555,0.21919
-0.28170,0.21665
-0.28412,0.21825
-0.29271,0.22380
-0.30703,0.23277
-0.32652,0.24431
-0.35026,0.25664
-0.37654,0.26890
-0.40337,0.28005
-0.42912,0.28935
-0.45267,0.29619
-0.47344,0.30131
-0.49120,0.30513
-0.50611,0.30720
-0.51847,0.30853
-0.52813,0.30925
-0.53613,0.30968
-0.54177,0.30988
-0.54609,0.31000
-0.54900,0.31006
-0.55171,0.31011
-0.55510,0.31013
-0.55854,0.31012
-0.55993,0.31011
-0.56203,0.31010
-0.56238,0.31009
-0.56306,0.31008
-0.56180,0.31011
-0.14178,0.11060
-0.11798,0.09058
-0.09447,0.07047
-0.07259,0.05162
-0.05546,0.03679
-0.03853,0.02209
-0.02547,0.01075
-0.01570,0.00228
-0.00887,-0.00365
-0.00579,-0.00631
-0.00688,-0.00538
-0.01356,0.00042
-0.02468,0.01006
-0.04096,0.02420
-0.06312,0.04344
-0.09060,0.06716
-0.12275,0.09463
-0.15889,0.12456
-0.19802,0.15554
-0.23891,0.18630
-0.27986,0.21529
-0.31967,0.24035
-0.35741,0.26012
-0.39152,0.27534
-0.42143,0.28669
-0.44703,0.29468
-0.46820,0.30008
-0.48527,0.30392
-0.49943,0.30637
-0.51034,0.30769
-0.51932,0.30861
-0.52584,0.30911
-0.53143,0.30946
-0.53486,0.30963
-0.53964,0.30981
-0.54519,0.30998
-0.55114,0.31010
-0.55744,0.31012
-0.56114,0.31010
-0.56405,0.31005
0.12993,-0.11867
0.13909,-0.12577
0.14862,-0.13306
0.15921,-0.14102
0.16601,-0.14611
0.17061,-0.14951
0.17264,-0.15101
0.17181,-0.15040
0.16811,-0.14767
0.16246,-0.14347
0.15130,-0.13511
0.13746,-0.12454
0.11951,-0.11055
0.09548,-0.09148
0.06570,-0.06718
0.03138,-0.03832
-0.00754,-0.00480
-0.05026,0.03228
-0.09580,0.07162
-0.14298,0.11158
-0.19054,0.14969
-0.23682,0.18473
-0.28059,0.21577
-0.32142,0.24137
-0.35875,0.26074
-0.39154,0.27535
-0.41966,0.28607
-0.44337,0.29367
-0.46270,0.29874
-0.47839,0.30243
-0.49145,0.30518
-0.50172,0.30667
-0.51111,0.30778
-0.51815,0.30850
-0.52370,0.30896
-0.52803,0.30924
-0.53314,0.30956
-0.53897,0.30979
-0.54539,0.30998
-0.55213,0.31011
0.27935,-0.22297
0.28188,-0.22456
0.28455,-0.22621
0.28601,-0.22712
0.28367,-0.22568
0.28162,-0.22440
0.27770,-0.22197
0.27095,-0.21774
0.26289,-0.21265
0.25067,-0.20485
0.23708,-0.19602
0.21982,-0.18455
0.19866,-0.16996
0.17469,-0.15266
0.14455,-0.13005
0.10928,-0.10249
0.06933,-0.07017
0.02529,-0.03311
-0.02188,0.00764
-0.07104,0.05028
-0.12071,0.09287
-0.16966,0.13319
-0.21675,0.16979
-0.26089,0.20206
-0.30154,0.22921
-0.33796,0.25033
-0.37020,0.26604
-0.39852,0.27817
-0.42228,0.28700
-0.44176,0.29323
-0.45695,0.29730
-0.47006,0.30052
-0.48166,0.30315
-0.49074,0.30505
-0.49889,0.30630
-0.50537,0.30712
-0.51031,0.30769
-0.51478,0.30818
-0.52047,0.30871
-0.52708,0.30918
0.36871,-0.26875
0.36925,-0.26896
0.36664,-0.26793
0.36250,-0.26624
0.35655,-0.26374
0.35095,-0.26135
0.34484,-0.25860
0.33587,-0.25450
0.32561,-0.24964
0.31249,-0.24281
0.29810,-0.23447
0.27919,-0.22301
0.25816,-0.20974
0.23263,-0.19316
0.20327,-0.17324
0.16953,-0.14887
0.13050,-0.11918
0.08694,-0.08459
0.03973,-0.04541
-0.00974,-0.00289
-0.06020,0.04090
-0.11014,0.08389
-0.15842,0.12416
-0.20444,0.16044
-0.24717,0.19228
-0.28613,0.21941
-0.32025,0.24069
-0.35046,0.25671
-0.37733,0.26925
-0.40032,0.27887
-0.41827,0.28559
-0.43267,0.29049
-0.44458,0.29401
-0.45619,0.29711
-0.46441,0.29917
-0.47273,0.30115
-0.47967,0.30272
-0.48519,0.30391
-0.48905,0.30472
-0.49307,0.30546
0.43001,-0.28975
0.42519,-0.28830
0.42097,-0.28699
0.41750,-0.28590
0.41443,-0.28492
0.40792,-0.28281
0.39899,-0.27982
0.38937,-0.27648
0.37815,-0.27240
0.36534,-0.26741
0.35023,-0.26103
0.33193,-0.25266
0.31132,-0.24214
0.28646,-0.22754
0.25847,-0.20996
0.22510,-0.18816
0.18763,-0.16215
0.14530,-0.13064
0.09885,-0.09418
0.04938,-0.05356
-0.00138,-0.01012
-0.05204,0.03382
-0.10117,0.07622
-0.14779,0.11553
-0.19182,0.15069
-0.23253,0.18156
-0.26927,0.20792
-0.30144,0.22915
-0.32836,0.24524
-0.35221,0.25758
-0.37391,0.26772
-0.39128,0.27525
-0.40419,0.28036
-0.41462,0.28428
-0.42290,0.28722
-0.43154,0.29015
-0.43795,0.29211
-0.44512,0.29417
-0.45086,0.29572
-0.45578,0.29701
0.46469,-0.29780
0.46322,-0.29751
0.46252,-0.29737
0.46340,-0.29755
0.45856,-0.29658
0.45195,-0.29512
0.44593,-0.29375
0.43834,-0.29194
0.42744,-0.28898
0.41466,-0.28499
0.40042,-0.28030
0.38376,-0.27448
0.36417,-0.26693
0.34100,-0.25686
0.31383,-0.24353
0.28290,-0.22532
0.24710,-0.20264
0.20652,-0.17552
0.16157,-0.14292
0.11293,-0.10540
0.06206,-0.06416
0.01083,-0.02070
-0.03918,0.02265
-0.08674,0.06383
-0.13105,0.10161
-0.17239,0.13535
-0.21034,0.16493
-0.24442,0.19027
-0.27446,0.21152
-0.29893,0.22756
-0.31928,0.24006
-0.33751,0.25008
-0.35369,0.25830
-0.36646,0.26433
-0.37533,0.26835
-0.38191,0.27126
-0.38650,0.27326
-0.39408,0.27640
-0.39919,0.27844
-0.40263,0.27977
0.50511,-0.30376
0.50143,-0.30335
0.49786,-0.30292
0.49454,-0.30252
0.49156,-0.30215
0.48893,-0.30181
0.48593,-0.30142
0.47795,-0.30020
0.46994,-0.29879
0.46075,-0.29702
0.44809,-0.29424
0.43357,-0.29070
0.41670,-0.28563
0.39688,-0.27909
0.37306,-0.27044
0.34499,-0.25866
0.31209,-0.24259
0.27519,-0.22054
0.23356,-0.19380
0.18746,-0.16204
0.13839,-0.12532
0.08798,-0.08543
0.03814,-0.04406
-0.00971,-0.00292
-0.05460,0.03604
-0.09604,0.07180
-0.13390,0.10399
-0.16857,0.13227
-0.19933,0.15645
-0.22661,0.17706
-0.24877,0.19329
-0.26581,0.20537
-0.27955,0.21489
-0.29266,0.22349
-0.30370,0.23044
-0.31192,0.23555
-0.31511,0.23751
-0.31913,0.23993
-0.32035,0.24069
-0.32541,0.24362
0.53291,-0.30608
0.53022,-0.30591
0.52720,-0.30571
0.52444,-0.30552
0.52017,-0.30517
0.51600,-0.30479
0.51195,-0.30443
0.50800,-0.30407
0.50333,-0.30356
0.49588,-0.30269
0.48780,-0.30166
0.47750,-0.30012
0.46534,-0.29791
0.45110,-0.29493
0.43364,-0.29071
0.41256,-0.28431
0.38681,-0.27557
0.35632,-0.26364
0.32118,-0.24746
0.28231,-0.22504
0.23961,-0.19784
0.19416,-0.16686
0.14804,-0.13277
0.10269,-0.09726
0.05972,-0.06222
0.02029,-0.02883
-0.01533,0.00195
-0.04717,0.02958
-0.07570,0.05427
-0.10024,0.07535
-0.12065,0.09269
-0.13752,0.10689
-0.15190,0.11874
-0.16189,0.12681
-0.17130,0.13434
-0.17874,0.14025
-0.18437,0.14469
-0.18729,0.14699
-0.18746,0.14714
-0.18675,0.14660
0.54004,-0.30648
0.53870,-0.30641
0.53620,-0.30627
0.53351,-0.30611
0.53090,-0.30595
0.52824,-0.30578
0.52603,-0.30563
0.52516,-0.30557
0.52452,-0.30553
0.52338,-0.30545
0.52172,-0.30531
0.51832,-0.30501
0.51389,-0.30461
0.50714,-0.30398
0.49847,-0.30300
0.48690,-0.30153
0.47213,-0.29918
0.45388,-0.29554
0.43215,-0.29032
0.40704,-0.28252
0.37868,-0.27261
0.34787,-0.26002
0.31569,-0.24472
0.28438,-0.22658
0.25467,-0.20781
0.22712,-0.18972
0.20332,-0.17341
0.18268,-0.15867
0.16566,-0.14604
0.15141,-0.13532
0.14018,-0.12671
0.13054,-0.11923
0.12327,-0.11355
0.11872,-0.10997
0.11512,-0.10713
0.11250,-0.10506
0.11016,-0.10320
0.11005,-0.10312
0.10935,-0.10256
0.10889,-0.10220
0.54040,-0.30650
0.54213,-0.30658
0.54347,-0.30665
0.54374,-0.30666
0.54586,-0.30675
0.54775,-0.30684
0.54939,-0.30690
0.55199,-0.30700
0.55465,-0.30709
0.55728,-0.30719
0.55986,-0.30724
0.56246,-0.30726
0.56458,-0.30726
0.56609,-0.30726
0.56620,-0.30725
0.56591,-0.30725
0.56482,-0.30726
0.56334,-0.30726
0.56186,-0.30726
0.56078,-0.30725
0.56047,-0.30725
0.56133,-0.30726
0.56394,-0.30727
0.56871,-0.30725
0.57684,-0.30715
0.58819,-0.30686
0.60214,-0.30615
0.61851,-0.30480
0.63650,-0.30259
0.65592,-0.29971
0.67634,-0.29587
0.69768,-0.29089
0.71955,-0.28447
0.74190,-0.27655
0.76516,-0.26683
0.78951,-0.25545
0.81469,-0.24238
0.84054,-0.22738
0.86708,-0.20986
0.89361,-0.19003
0.55867,-0.30722
0.56431,-0.30727
0.56827,-0.30725
0.57244,-0.30722
0.57678,-0.30715
0.58079,-0.30707
0.58466,-0.30698
0.58927,-0.30684
0.59416,-0.30662
0.59941,-0.30632
0.60496,-0.30597
0.61072,-0.30556
0.61725,-0.30496
0.62514,-0.30406
0.63416,-0.30293
0.64453,-0.30149
0.65747,-0.29948
0.67367,-0.29643
0.69408,-0.29181
0.71916,-0.28465
0.74949,-0.27356
0.78496,-0.25775
0.82525,-0.23649
0.86950,-0.20815
0.91555,-0.17139
0.96010,-0.12615
1.00158,-0.07320
1.03959,-0.01240
1.07140,0.05370
1.09798,0.12170
1.11985,0.18955
1.13724,0.25522
1.15057,0.31788
1.16150,0.37711
1.17067,0.43306
1.17819,0.48619
1.18341,0.53689
1.18731,0.58542
1.19053,0.63298
1.19324,0.68008
0.58030,-0.30709
0.58400,-0.30700
0.59013,-0.30681
0.59605,-0.30652
0.60264,-0.30612
0.60998,-0.30563
0.61797,-0.30489
0.62577,-0.30399
0.63347,-0.30302
0.64172,-0.30190
0.65022,-0.30064
0.66004,-0.29903
0.67090,-0.29698
0.68331,-0.29436
0.69895,-0.29060
0.71817,-0.28497
0.74211,-0.27654
0.77198,-0.26384
0.80794,-0.24610
0.85018,-0.22132
0.89730,-0.18705
0.94711,-0.14044
0.99679,-0.07992
1.04310,-0.00605
1.08375,0.08205
1.11844,0.18211
1.14496,0.28816
1.16405,0.39746
1.17740,0.50714
1.18459,0.61458
1.18721,0.71863
1.18669,0.81865
1.18412,0.91026
1.18085,0.99824
1.17746,1.08155
1.17430,1.16066
1.17178,1.23614
1.17069,1.30301
1.16946,1.36719
1.16882,1.42819
0.59860,-0.30638
0.60629,-0.30589
0.61444,-0.30525
0.62383,-0.30422
0.63298,-0.30309
0.64183,-0.30188
0.65047,-0.30060
0.65951,-0.29913
0.66838,-0.29748
0.67881,-0.29540
0.69076,-0.29262
0.70344,-0.28947
0.71823,-0.28496
0.73587,-0.27886
0.75631,-0.27071
0.78216,-0.25908
0.81382,-0.24291
0.85138,-0.22055
0.89469,-0.18917
0.94160,-0.14617
0.98946,-0.08996
1.03546,-0.01954
1.07658,0.06473
1.11209,0.16114
1.14072,0.26667
1.16193,0.37971
1.17619,0.49687
1.18321,0.61297
1.18429,0.72828
1.18117,0.84121
1.17403,0.95114
1.16407,1.05764
1.15215,1.16053
1.13917,1.25990
1.12789,1.35591
1.11785,1.44868
1.10966,1.53883
1.10336,1.62644
1.09806,1.71136
1.09471,1.79316
0.62715,-0.30382
0.63710,-0.30254
0.64692,-0.30114
0.65557,-0.29980
0.66548,-0.29804
0.67472,-0.29624
0.68321,-0.29440
0.69257,-0.29219
0.70359,-0.28944
0.71527,-0.28594
0.72796,-0.28166
0.74339,-0.27604
0.76056,-0.26891
0.78061,-0.25982
0.80632,-0.24697
0.83688,-0.22965
0.87166,-0.20661
0.91159,-0.17493
0.95510,-0.13182
0.99928,-0.07628
1.04189,-0.00804
1.07974,0.07253
1.11269,0.16314
1.13973,0.26224
1.16026,0.36822
1.17448,0.47853
1.18211,0.59119
1.18445,0.70506
1.18198,0.81692
1.17473,0.92720
1.16363,1.03587
1.15071,1.14264
1.13933,1.24735
1.13487,1.35003
1.13249,1.45121
1.13183,1.55107
1.13441,1.64968
1.13677,1.74733
1.13806,1.84264
1.14057,1.93915
0.66616,-0.29791
0.67631,-0.29592
0.68568,-0.29384
0.69422,-0.29180
0.70078,-0.29017
0.70837,-0.28810
0.71732,-0.28527
0.72694,-0.28202
0.73653,-0.27864
0.74878,-0.27386
0.76279,-0.26795
0.77766,-0.26122
0.79665,-0.25197
0.82146,-0.23865
0.85000,-0.22144
0.88172,-0.19921
0.91724,-0.16987
0.95652,-0.13023
0.99651,-0.08021
1.03596,-0.01861
1.07213,0.05462
1.10409,0.13727
1.13124,0.22762
1.15271,0.32425
1.16849,0.42552
1.17881,0.53013
1.18348,0.63673
1.18415,0.74432
1.18013,0.85203
1.17162,0.95955
1.15934,1.06617
1.14795,1.17152
1.14078,1.27561
1.13692,1.37899
1.13500,1.48190
1.13646,1.58428
1.14076,1.68619
1.14859,1.78743
1.15814,1.88859
1.17042,1.98773
0.70399,-0.28935
0.70819,-0.28816
0.71377,-0.28645
0.71932,-0.28460
0.72638,-0.28222
0.73502,-0.27918
0.74265,-0.27634
0.75089,-0.27299
0.76302,-0.26785
0.77453,-0.26268
0.78807,-0.25622
0.80549,-0.24742
0.82946,-0.23405
0.85599,-0.21751
0.88523,-0.19655
0.91808,-0.16911
0.95371,-0.13334
0.99097,-0.08790
1.02700,-0.03377
1.06092,0.02980
1.09195,0.10365
1.11950,0.18533
1.14221,0.27334
1.15997,0.36665
1.17297,0.46376
1.18079,0.56372
1.18405,0.66553
1.18366,0.76836
1.17885,0.87191
1.17000,0.97571
1.15728,1.07946
1.14662,1.18243
1.13905,1.28484
1.13374,1.38694
1.12985,1.48914
1.12664,1.59133
1.12447,1.69356
1.12515,1.79585
1.12828,1.89833
1.13597,2.00097
0.72369,-0.28313
0.73083,-0.28067
0.73656,-0.27863
0.74452,-0.27560
0.74950,-0.27357
0.75551,-0.27106
0.76379,-0.26752
0.77311,-0.26332
0.78027,-0.25999
0.79023,-0.25517
0.80639,-0.24693
0.82963,-0.23395
0.85688,-0.21691
0.88635,-0.19569
0.91786,-0.16931
0.95044,-0.13688
0.98557,-0.09502
1.01964,-0.04566
1.05179,0.01100
1.08085,0.07532
1.10754,0.14744
1.13106,0.22690
1.15039,0.31184
1.16527,0.40171
1.17607,0.49545
1.18211,0.59186
1.18436,0.69004
1.18296,0.78947
1.17753,0.88999
1.16839,0.99102
1.15602,1.09227
1.14553,1.19319
1.13979,1.29380
1.13535,1.39457
1.13188,1.49539
1.12889,1.59621
1.12473,1.69686
1.11932,1.79610
1.11749,1.89684
1.12032,1.99874
0.74558,-0.27517
0.75173,-0.27264
0.75641,-0.27069
0.76047,-0.26896
0.76488,-0.26705
0.76489,-0.26704
0.76974,-0.26487
0.77692,-0.26156
0.78926,-0.25564
0.80571,-0.24729
0.82999,-0.23374
0.85790,-0.21622
0.88738,-0.19490
0.91702,-0.17008
0.94778,-0.13971
0.97964,-0.10264
1.01326,-0.05560
1.04406,-0.00396
1.07210,0.05442
1.09750,0.11851
1.12076,0.18944
1.14083,0.26707
1.15718,0.34959
1.16972,0.43525
1.17850,0.52571
1.18305,0.61995
1.18444,0.71547
1.18203,0.81235
1.17605,0.91029
1.16651,1.00888
1.15441,1.10786
1.14396,1.20696
1.13971,1.30591
1.13747,1.40518
1.13559,1.50504
1.13640,1.60536
1.13805,1.70610
1.14012,1.80728
1.14325,1.90875
1.14538,2.01068
0.75798,-0.27001
0.76503,-0.26698
0.75652,-0.27064
0.75571,-0.27098
0.76017,-0.26908
0.76756,-0.26586
0.77672,-0.26166
0.78889,-0.25582
0.80793,-0.24611
0.83164,-0.23277
0.85941,-0.21522
0.88794,-0.19447
0.91624,-0.17078
0.94636,-0.14120
0.97597,-0.10723
1.00715,-0.06481
1.03803,-0.01500
1.06511,0.03871
1.08955,0.09718
1.11189,0.16060
1.13207,0.23074
1.14932,0.30626
1.16318,0.38716
1.17370,0.47078
1.18050,0.55757
1.18377,0.64888
1.18419,0.74258
1.18097,0.83747
1.17426,0.93316
1.16436,1.02992
1.15233,1.12700
1.14184,1.22429
1.13780,1.32160
1.13727,1.41923
1.14017,1.51746
1.14379,1.61674
1.14923,1.71673
1.15562,1.81714
1.16184,1.91826
1.16650,2.02037
0.75851,-0.26978
0.74995,-0.27337
0.75132,-0.27280
0.75775,-0.27011
0.76340,-0.26768
0.77720,-0.26143
0.79005,-0.25526
0.80778,-0.24619
0.83073,-0.23330
0.85881,-0.21562
0.88827,-0.19421
0.91736,-0.16976
0.94599,-0.14160
0.97375,-0.10997
1.00199,-0.07239
1.03212,-0.02525
1.05930,0.02622
1.08306,0.08063
1.10475,0.13900
1.12434,0.20181
1.14180,0.27130
1.15645,0.34533
1.16840,0.42497
1.17704,0.50674
1.18215,0.59149
1.18426,0.67917
1.18358,0.77035
1.17956,0.86343
1.17222,0.95782
1.16202,1.05278
1.14992,1.14861
1.13934,1.24512
1.13419,1.34159
1.13258,1.43837
1.13489,1.53554
1.14519,1.63171
1.15683,1.72950
1.16631,1.82913
1.17627,1.92923
1.18533,2.03078
0.74305,-0.27617
0.74538,-0.27524
0.74796,-0.27419
0.76190,-0.26835
0.77569,-0.26214
0.78857,-0.25598
0.80514,-0.24760
0.82836,-0.23469
0.85832,-0.21596
0.88711,-0.19511
0.91736,-0.16977
0.94476,-0.14289
0.97351,-0.11027
0.99937,-0.07617
1.02634,-0.03490
1.05364,0.01458
1.07744,0.06688
1.09858,0.12137
1.11791,0.17981
1.13494,0.24216
1.15033,0.31137
1.16273,0.38448
1.17282,0.46263
1.17974,0.54358
1.18335,0.62573
1.18452,0.71066
1.18264,0.79873
1.17788,0.89070
1.17006,0.98382
1.15957,1.07828
1.14717,1.17321
1.13655,1.26843
1.13084,1.36364
1.12907,1.45805
1.13123,1.55311
1.14024,1.64814
1.15110,1.74666
1.16833,1.84439
1.18311,1.94366
1.19514,2.04452
0.72649,-0.28216
0.73921,-0.27765
0.75430,-0.27156
0.76614,-0.26650
0.78241,-0.25896
0.80134,-0.24957
0.82659,-0.23572
0.85668,-0.21704
0.88692,-0.19525
0.91750,-0.16964
0.94521,-0.14242
0.97236,-0.11168
0.99618,-0.08071
1.02132,-0.04303
1.04818,0.00384
1.07226,0.05466
1.09379,0.10825
1.11318,0.16457
1.12994,0.22252
1.14458,0.28399
1.15760,0.35249
1.16833,0.42481
1.17649,0.50031
1.18173,0.58055
1.18417,0.66183
1.18407,0.74508
1.18147,0.83041
1.17594,0.91905
1.16771,1.01156
1.15707,1.10486
1.14491,1.19852
1.13368,1.29338
1.12719,1.38838
1.12537,1.48072
1.12846,1.57145
1.13518,1.66690
1.14514,1.76479
1.15774,1.86412
1.16872,1.96544
1.19628,2.06260
0.71334,-0.28654
0.72879,-0.28137
0.75205,-0.27250
0.77162,-0.26401
0.79425,-0.25317
0.82319,-0.23767
0.85467,-0.21838
0.88627,-0.19575
0.91812,-0.16907
0.94542,-0.14220
0.97077,-0.11360
0.99525,-0.08203
1.01807,-0.04818
1.04155,-0.00872
1.06724,0.04329
1.08943,0.09672
1.10862,0.15046
1.12614,0.20837
1.14056,0.26593
1.15333,0.32789
1.16406,0.39386
1.17324,0.46680
1.17958,0.54033
1.18339,0.61902
1.18441,0.70120
1.18322,0.78211
1.17980,0.86593
1.17365,0.95122
1.16513,1.04023
1.15436,1.13246
1.14163,1.22517
1.13081,1.31856
1.12384,1.41278
1.12036,1.50816
1.12298,1.59720
1.13064,1.68700
1.13944,1.78488
1.14721,1.88700
1.16437,1.98702
1.19661,2.08166
0.70784,-0.28823
0.73541,-0.27903
0.75843,-0.26981
0.78718,-0.25666
0.81723,-0.24103
0.84766,-0.22293
0.88341,-0.19794
0.91631,-0.17072
0.94383,-0.14387
0.96829,-0.11659
0.99400,-0.08378
1.01435,-0.05396
1.03733,-0.01627
1.06182,0.03148
1.08515,0.08573
1.10499,0.13963
1.12195,0.19352
1.13695,0.25057
1.14947,0.30729
1.16060,0.37121
1.16966,0.43570
1.17730,0.50961
1.18199,0.58331
1.18446,0.65919
1.18416,0.74000
1.18210,0.82247
1.17795,0.90119
1.17114,0.98747
1.16239,1.07210
1.15141,1.16017
1.13878,1.25243
1.12803,1.34443
1.12111,1.43726
1.11795,1.53099
1.12012,1.62085
1.12508,1.71145
1.13463,1.80788
1.14148,1.91190
1.15742,2.01055
1.19695,2.10282
