-1.20227,-2.05632
-1.18485,-1.95528
-1.16919,-1.85905
-1.15683,-1.76492
-1.14640,-1.67476
-1.13909,-1.58529
-1.13756,-1.49161
-1.13616,-1.40217
-1.13729,-1.31006
-1.13987,-1.21682
-1.14183,-1.12777
-1.14181,-1.04402
-1.14173,-0.96376
-1.14332,-0.87985
-1.14274,-0.79640
-1.14095,-0.71260
-1.13792,-0.62774
-1.13294,-0.55020
-1.12654,-0.47668
-1.11874,-0.40469
-1.10947,-0.34126
-1.09761,-0.27380
-1.08264,-0.20550
-1.06361,-0.13980
-1.04024,-0.07938
-1.01504,-0.02532
-0.99066,0.01872
-0.96278,0.06191
-0.93306,0.10143
-0.90469,0.13480
-0.87848,0.16164
-0.85704,0.18135
-0.84261,0.19388
-0.82643,0.20715
-0.80754,0.22094
-0.79496,0.22945
-0.78938,0.23304
-0.79489,0.22937
-0.78758,0.23417
-0.76875,0.24643
-1.20628,-2.03970
-1.18593,-1.94280
-1.17270,-1.84512
-1.16054,-1.75039
-1.15262,-1.65554
-1.14402,-1.56598
-1.14076,-1.47319
-1.14022,-1.37967
-1.14125,-1.28702
-1.14331,-1.19452
-1.14583,-1.10205
-1.14660,-1.01044
-1.14603,-0.92334
-1.14391,-0.84336
-1.14328,-0.76076
-1.14114,-0.67745
-1.13715,-0.59382
-1.13147,-0.51234
-1.12416,-0.43662
-1.11470,-0.36348
-1.10357,-0.29791
-1.08986,-0.23194
-1.07250,-0.16674
-1.04987,-0.10196
-1.02465,-0.04435
-0.99785,0.00683
-0.97272,0.04760
-0.94350,0.08836
-0.91487,0.12341
-0.88945,0.15068
-0.86368,0.17550
-0.84732,0.18992
-0.83013,0.20423
-0.81159,0.21805
-0.79907,0.22662
-0.79278,0.23063
-0.79541,0.22869
-0.78363,0.23657
-0.76919,0.24536
-0.75391,0.25456
-1.20976,-2.02728
-1.19108,-1.92975
-1.17678,-1.83286
-1.16512,-1.73697
-1.15779,-1.64025
-1.15223,-1.54484
-1.14758,-1.45211
-1.14592,-1.35833
-1.14630,-1.26427
-1.14786,-1.17054
-1.14806,-1.07750
-1.14834,-0.98552
-1.14842,-0.89327
-1.14707,-0.80484
-1.14490,-0.72021
-1.14173,-0.63927
-1.13691,-0.55741
-1.13034,-0.47500
-1.12129,-0.39615
-1.10978,-0.32219
-1.09619,-0.25436
-1.08037,-0.19127
-1.05988,-0.12682
-1.03474,-0.06507
-1.00748,-0.00982
-0.98008,0.03690
-0.95263,0.07656
-0.92415,0.11264
-0.89818,0.14182
-0.87085,0.16908
-0.85106,0.18681
-0.83301,0.20201
-0.81534,0.21539
-0.80351,0.22358
-0.79835,0.22683
-0.79427,0.22937
-0.77952,0.23883
-0.76461,0.24791
-0.76014,0.25056
-0.75091,0.25600
-1.21567,-2.01587
-1.19554,-1.91784
-1.18102,-1.82075
-1.17028,-1.72345
-1.16255,-1.62616
-1.15700,-1.52960
-1.15395,-1.43301
-1.15340,-1.33638
-1.15120,-1.24260
-1.15043,-1.14838
-1.15063,-1.05354
-1.15063,-0.96045
-1.15006,-0.86796
-1.14856,-0.77626
-1.14587,-0.68822
-1.14261,-0.60289
-1.13717,-0.51999
-1.12905,-0.43844
-1.11789,-0.35838
-1.10389,-0.28259
-1.08751,-0.21151
-1.06867,-0.14863
-1.04512,-0.08736
-1.01783,-0.02837
-0.98850,0.02427
-0.96010,0.06673
-0.93356,0.10135
-0.90550,0.13428
-0.87827,0.16222
-0.85282,0.18553
-0.83565,0.20001
-0.81943,0.21246
-0.80894,0.21977
-0.80214,0.22423
-0.79067,0.23176
-0.77538,0.24141
-0.76416,0.24813
-0.75931,0.25094
-0.74850,0.25716
-0.73344,0.26555
-1.22409,-2.00520
-1.20479,-1.90667
-1.18931,-1.80937
-1.17733,-1.71195
-1.16860,-1.61435
-1.16358,-1.51599
-1.15841,-1.41838
-1.15577,-1.32073
-1.15423,-1.22387
-1.15375,-1.12762
-1.15342,-1.03223
-1.15316,-0.93699
-1.15211,-0.84328
-1.14989,-0.75095
-1.14654,-0.66001
-1.14225,-0.57318
-1.13561,-0.48937
-1.12604,-0.40733
-1.11363,-0.32633
-1.09764,-0.24596
-1.07761,-0.17156
-1.05457,-0.10757
-1.02856,-0.04810
-0.99936,0.00718
-0.96908,0.05455
-0.93998,0.09396
-0.91222,0.12730
-0.88444,0.15653
-0.85792,0.18138
-0.83834,0.19796
-0.82427,0.20888
-0.81378,0.21631
-0.80087,0.22516
-0.78531,0.23532
-0.77063,0.24436
-0.76099,0.25004
-0.75232,0.25501
-0.74213,0.26070
-0.73035,0.26709
-0.71316,0.27544
-1.22497,-1.99996
-1.21207,-1.89784
-1.19859,-1.79814
-1.18579,-1.70001
-1.17551,-1.60199
-1.16764,-1.50410
-1.16227,-1.40594
-1.15893,-1.30766
-1.15710,-1.20962
-1.15605,-1.11198
-1.15540,-1.01487
-1.15471,-0.91854
-1.15324,-0.82319
-1.15059,-0.72892
-1.14678,-0.63618
-1.14175,-0.54553
-1.13345,-0.45989
-1.12259,-0.37625
-1.10853,-0.29389
-1.09034,-0.21344
-1.06684,-0.13847
-1.04036,-0.07273
-1.01215,-0.01516
-0.98084,0.03780
-0.94869,0.08339
-0.91892,0.12016
-0.89020,0.15125
-0.86438,0.17593
-0.84320,0.19401
-0.82762,0.20638
-0.81316,0.21687
-0.79647,0.22826
-0.78026,0.23865
-0.76313,0.24899
-0.75325,0.25466
-0.74224,0.26078
-0.73210,0.26623
-0.71707,0.27364
-0.70671,0.27832
-0.69727,0.28235
-1.21862,-1.99992
-1.20815,-1.89748
-1.19680,-1.79623
-1.18685,-1.69551
-1.17849,-1.59505
-1.17170,-1.49486
-1.16690,-1.39483
-1.16212,-1.29633
-1.15919,-1.19787
-1.15757,-1.09928
-1.15629,-1.00113
-1.15527,-0.90341
-1.15334,-0.80642
-1.15009,-0.71043
-1.14583,-0.61575
-1.14018,-0.52194
-1.13080,-0.43153
-1.11842,-0.34518
-1.10233,-0.26170
-1.08152,-0.18197
-1.05535,-0.10824
-1.02613,-0.04204
-0.99469,0.01609
-0.96102,0.06712
-0.92778,0.11006
-0.89800,0.14343
-0.87144,0.16955
-0.84837,0.18981
-0.82744,0.20675
-0.80959,0.21965
-0.79057,0.23242
-0.77127,0.24445
-0.75442,0.25428
-0.74371,0.26023
-0.73229,0.26625
-0.72084,0.27190
-0.70844,0.27756
-0.69794,0.28207
-0.68844,0.28583
-0.67775,0.28957
-1.20614,-2.00114
-1.19534,-1.89888
-1.18793,-1.79671
-1.18138,-1.69475
-1.17363,-1.59351
-1.16800,-1.49225
-1.16372,-1.39117
-1.16076,-1.29023
-1.15888,-1.18951
-1.15766,-1.08899
-1.15632,-0.98912
-1.15486,-0.88987
-1.15265,-0.79087
-1.14920,-0.69248
-1.14483,-0.59499
-1.13786,-0.49895
-1.12702,-0.40572
-1.11287,-0.31619
-1.09464,-0.23063
-1.07083,-0.14994
-1.04176,-0.07591
-1.00989,-0.01057
-0.97568,0.04582
-0.94078,0.09387
-0.90788,0.13283
-0.87823,0.16323
-0.85051,0.18856
-0.82538,0.20870
-0.80348,0.22435
-0.78252,0.23802
-0.76247,0.25009
-0.74541,0.25968
-0.73341,0.26588
-0.72126,0.27176
-0.70818,0.27772
-0.69588,0.28296
-0.68500,0.28708
-0.67503,0.29046
-0.66280,0.29401
-0.64963,0.29750
-1.18108,-1.99988
-1.17501,-1.89774
-1.17052,-1.79544
-1.16660,-1.69314
-1.16238,-1.59092
-1.16044,-1.48858
-1.15757,-1.38642
-1.15578,-1.28425
-1.15539,-1.18198
-1.15485,-1.07982
-1.15447,-0.97774
-1.15355,-0.87585
-1.15141,-0.77432
-1.14738,-0.67350
-1.14265,-0.57327
-1.13443,-0.47462
-1.12217,-0.37837
-1.10591,-0.28550
-1.08499,-0.19736
-1.05763,-0.11567
-1.02546,-0.04172
-0.99054,0.02227
-0.95397,0.07627
-0.91748,0.12215
-0.88317,0.15896
-0.85156,0.18836
-0.82255,0.21137
-0.79690,0.22939
-0.77391,0.24391
-0.75203,0.25652
-0.73383,0.26597
-0.72009,0.27248
-0.70683,0.27844
-0.69248,0.28434
-0.68068,0.28858
-0.66977,0.29199
-0.65835,0.29523
-0.64610,0.29839
-0.63359,0.30141
-0.62253,0.30361
-1.15082,-1.98636
-1.14765,-1.88566
-1.14627,-1.78444
-1.14599,-1.68264
-1.14635,-1.58050
-1.14723,-1.47804
-1.14869,-1.37525
-1.15045,-1.27216
-1.15048,-1.16885
-1.15079,-1.06519
-1.15087,-0.96128
-1.14995,-0.85718
-1.14759,-0.75308
-1.14415,-0.64900
-1.13845,-0.54545
-1.12889,-0.44316
-1.11469,-0.34342
-1.09585,-0.24736
-1.07129,-0.15696
-1.03978,-0.07487
-1.00400,-0.00180
-0.96516,0.06078
-0.92538,0.11331
-0.88692,0.15591
-0.85140,0.18919
-0.81868,0.21482
-0.78941,0.23499
-0.76314,0.25097
-0.73932,0.26365
-0.72040,0.27267
-0.70446,0.27971
-0.69020,0.28530
-0.67622,0.29001
-0.66429,0.29357
-0.65407,0.29639
-0.64265,0.29927
-0.63071,0.30207
-0.61853,0.30430
-0.60868,0.30587
-0.59930,0.30723
-1.12217,-1.94605
-1.12139,-1.84801
-1.12250,-1.74926
-1.12462,-1.64951
-1.12750,-1.54905
-1.13076,-1.44786
-1.13384,-1.34588
-1.13755,-1.24281
-1.14130,-1.13877
-1.14484,-1.03366
-1.14492,-0.92773
-1.14411,-0.82099
-1.14282,-0.71360
-1.13824,-0.60608
-1.13057,-0.49908
-1.11917,-0.39353
-1.10212,-0.28988
-1.07961,-0.19131
-1.04952,-0.10090
-1.01306,-0.02029
-0.97238,0.04947
-0.92984,0.10769
-0.88785,0.15514
-0.84821,0.19225
-0.81181,0.22034
-0.77967,0.24181
-0.75122,0.25799
-0.72603,0.27048
-0.70587,0.27938
-0.68934,0.28574
-0.67450,0.29065
-0.66141,0.29448
-0.65032,0.29742
-0.64000,0.30000
-0.62901,0.30245
-0.61778,0.30447
-0.60862,0.30590
-0.60065,0.30703
-0.59877,0.30727
-0.59565,0.30765
-1.10523,-1.84979
-1.10654,-1.75161
-1.10935,-1.66126
-1.11250,-1.56551
-1.11645,-1.46816
-1.12047,-1.36932
-1.12469,-1.26918
-1.13094,-1.16783
-1.13646,-1.06414
-1.14067,-0.95801
-1.14272,-0.85012
-1.14095,-0.74055
-1.13571,-0.62997
-1.12759,-0.51933
-1.11530,-0.41007
-1.09931,-0.30350
-1.07746,-0.20076
-1.04874,-0.10422
-1.01086,-0.01943
-0.96829,0.05385
-0.92332,0.11464
-0.87888,0.16365
-0.83664,0.20152
-0.79823,0.22999
-0.76442,0.25113
-0.73497,0.26653
-0.71015,0.27784
-0.68991,0.28570
-0.67300,0.29130
-0.65804,0.29563
-0.64615,0.29865
-0.63587,0.30100
-0.62546,0.30318
-0.61532,0.30501
-0.60720,0.30618
-0.60045,0.30704
-0.59824,0.30731
-0.59502,0.30769
-0.59583,0.30760
-0.59544,0.30766
-1.14683,-1.65825
-1.14847,-1.56844
-1.14888,-1.47724
-1.14786,-1.38447
-1.14751,-1.29038
-1.14674,-1.19427
-1.14678,-1.09491
-1.14558,-0.99178
-1.14383,-0.88839
-1.14092,-0.78129
-1.13682,-0.67329
-1.12898,-0.56378
-1.11568,-0.45290
-1.10021,-0.34429
-1.07890,-0.24037
-1.05299,-0.14179
-1.02283,-0.05002
-0.98145,0.02846
-0.93639,0.09541
-0.89010,0.15036
-0.84535,0.19355
-0.80348,0.22586
-0.76645,0.24985
-0.73439,0.26693
-0.70704,0.27930
-0.68458,0.28776
-0.66616,0.29361
-0.65109,0.29771
-0.63874,0.30051
-0.62876,0.30259
-0.61995,0.30431
-0.61136,0.30570
-0.60472,0.30659
-0.59946,0.30721
-0.59742,0.30743
-0.59692,0.30748
-0.59675,0.30748
-0.59578,0.30760
-0.59450,0.30775
-0.59307,0.30790
-1.19955,-1.28203
-1.19478,-1.19147
-1.18954,-1.10037
-1.18229,-1.00652
-1.17266,-0.91098
-1.16308,-0.81179
-1.15134,-0.70800
-1.14031,-0.60398
-1.12831,-0.50203
-1.11180,-0.40105
-1.08839,-0.30165
-1.06419,-0.20456
-1.03510,-0.11337
-1.00441,-0.03022
-0.96959,0.04271
-0.92665,0.10374
-0.88188,0.15490
-0.83769,0.19704
-0.79580,0.22951
-0.75779,0.25388
-0.72470,0.27121
-0.69681,0.28325
-0.67388,0.29128
-0.65523,0.29683
-0.64021,0.30040
-0.62829,0.30290
-0.61893,0.30457
-0.61133,0.30579
-0.60473,0.30666
-0.59903,0.30731
-0.59449,0.30776
-0.59061,0.30814
-0.58871,0.30832
-0.58812,0.30834
-0.58743,0.30840
-0.58664,0.30843
-0.58573,0.30849
-0.58532,0.30853
-0.58482,0.30853
-0.58431,0.30856
-1.15612,-0.60790
-1.13787,-0.50641
-1.12097,-0.41189
-1.09776,-0.31844
-1.06922,-0.22492
-1.04186,-0.13479
-1.00920,-0.05157
-0.97517,0.02478
-0.93569,0.09326
-0.88718,0.14871
-0.83617,0.19515
-0.78627,0.23323
-0.73910,0.26180
-0.69614,0.28281
-0.65828,0.29524
-0.62674,0.30289
-0.60224,0.30686
-0.58465,0.30867
-0.57324,0.30948
-0.56680,0.30986
-0.56377,0.30998
-0.56295,0.31005
-0.56352,0.31005
-0.56472,0.31003
-0.56609,0.30999
-0.56738,0.30994
-0.56830,0.30988
-0.56896,0.30980
-0.56930,0.30974
-0.57076,0.30963
-0.57284,0.30949
-0.57457,0.30936
-0.57525,0.30927
-0.57502,0.30921
-0.57547,0.30913
-0.57375,0.30917
-0.57211,0.30921
-0.57034,0.30927
-0.56874,0.30933
-0.56959,0.30929
-0.89325,0.14389
-0.82155,0.21112
-0.73987,0.26348
-0.65338,0.29699
-0.57419,0.30940
-0.50409,0.30666
-0.44676,0.29346
-0.40094,0.27730
-0.36468,0.26058
-0.33635,0.24523
-0.31387,0.23232
-0.29754,0.22267
-0.28721,0.21625
-0.28331,0.21382
-0.28571,0.21544
-0.29419,0.22110
-0.30825,0.23044
-0.32742,0.24244
-0.35069,0.25568
-0.37674,0.26836
-0.40346,0.27977
-0.42916,0.28919
-0.45267,0.29617
-0.47344,0.30132
-0.49120,0.30514
-0.50611,0.30720
-0.51847,0.30850
-0.52813,0.30918
-0.53613,0.30958
-0.54178,0.30976
-0.54610,0.30985
-0.54901,0.30988
-0.55171,0.30986
-0.55511,0.30982
-0.55855,0.30972
-0.55994,0.30965
-0.56204,0.30957
-0.56239,0.30955
-0.56307,0.30952
-0.56181,0.30956
-0.14241,0.10981
-0.11846,0.08999
-0.09471,0.07018
-0.07272,0.05147
-0.05555,0.03668
-0.03867,0.02194
-0.02573,0.01044
-0.01609,0.00183
-0.00934,-0.00420
-0.00628,-0.00687
-0.00729,-0.00585
-0.01383,0.00010
-0.02482,0.00991
-0.04103,0.02412
-0.06323,0.04331
-0.09084,0.06688
-0.12326,0.09401
-0.15944,0.12384
-0.19846,0.15492
-0.23931,0.18568
-0.28015,0.21479
-0.31977,0.24015
-0.35741,0.26011
-0.39151,0.27538
-0.42141,0.28674
-0.44703,0.29469
-0.46821,0.30003
-0.48529,0.30382
-0.49944,0.30629
-0.51035,0.30762
-0.51934,0.30844
-0.52586,0.30885
-0.53145,0.30917
-0.53488,0.30929
-0.53966,0.30947
-0.54521,0.30963
-0.55116,0.30971
-0.55746,0.30968
-0.56115,0.30958
-0.56406,0.30949
0.12832,-0.12082
0.13737,-0.12810
0.14673,-0.13567
0.15710,-0.14400
0.16382,-0.14926
0.16837,-0.15275
0.17043,-0.15423
0.16968,-0.15349
0.16612,-0.15053
0.16063,-0.14607
0.14977,-0.13723
0.13624,-0.12619
0.11860,-0.11174
0.09492,-0.09218
0.06547,-0.06746
0.03135,-0.03835
-0.00757,-0.00483
-0.05032,0.03222
-0.09595,0.07144
-0.14315,0.11137
-0.19063,0.14956
-0.23686,0.18467
-0.28056,0.21583
-0.32134,0.24153
-0.35870,0.26085
-0.39152,0.27540
-0.41968,0.28603
-0.44339,0.29358
-0.46274,0.29859
-0.47843,0.30221
-0.49151,0.30482
-0.50174,0.30651
-0.51112,0.30767
-0.51817,0.30829
-0.52373,0.30863
-0.52806,0.30887
-0.53318,0.30913
-0.53900,0.30939
-0.54541,0.30958
-0.55215,0.30966
0.27826,-0.22513
0.28088,-0.22655
0.28359,-0.22815
0.28506,-0.22905
0.28273,-0.22755
0.28067,-0.22630
0.27673,-0.22387
0.26996,-0.21964
0.26188,-0.21453
0.24975,-0.20651
0.23626,-0.19744
0.21912,-0.18569
0.19814,-0.17078
0.17429,-0.15325
0.14426,-0.13045
0.10913,-0.10268
0.06929,-0.07022
0.02529,-0.03311
-0.02189,0.00763
-0.07105,0.05026
-0.12073,0.09285
-0.16966,0.13319
-0.21672,0.16983
-0.26083,0.20215
-0.30148,0.22932
-0.33794,0.25038
-0.37021,0.26600
-0.39857,0.27804
-0.42236,0.28674
-0.44184,0.29294
-0.45701,0.29703
-0.47013,0.30018
-0.48173,0.30274
-0.49083,0.30447
-0.49895,0.30585
-0.50542,0.30680
-0.51034,0.30742
-0.51481,0.30789
-0.52051,0.30836
-0.52711,0.30879
0.36869,-0.26881
0.36924,-0.26899
0.36663,-0.26795
0.36249,-0.26626
0.35654,-0.26378
0.35092,-0.26141
0.34479,-0.25872
0.33581,-0.25465
0.32554,-0.24981
0.31233,-0.24316
0.29791,-0.23489
0.27894,-0.22351
0.25794,-0.21015
0.23246,-0.19345
0.20316,-0.17341
0.16946,-0.14897
0.13047,-0.11922
0.08694,-0.08460
0.03973,-0.04541
-0.00974,-0.00289
-0.06020,0.04090
-0.11013,0.08389
-0.15841,0.12417
-0.20443,0.16045
-0.24717,0.19228
-0.28615,0.21937
-0.32030,0.24059
-0.35053,0.25655
-0.37742,0.26901
-0.40041,0.27858
-0.41840,0.28515
-0.43282,0.28994
-0.44470,0.29354
-0.45628,0.29671
-0.46450,0.29874
-0.47283,0.30068
-0.47976,0.30219
-0.48530,0.30326
-0.48918,0.30392
-0.49320,0.30461
0.43010,-0.28939
0.42529,-0.28792
0.42106,-0.28663
0.41759,-0.28556
0.41451,-0.28460
0.40800,-0.28253
0.39905,-0.27959
0.38942,-0.27631
0.37818,-0.27228
0.36537,-0.26732
0.35025,-0.26098
0.33192,-0.25270
0.31125,-0.24231
0.28635,-0.22778
0.25836,-0.21016
0.22503,-0.18829
0.18759,-0.16220
0.14529,-0.13066
0.09885,-0.09418
0.04938,-0.05356
-0.00138,-0.01012
-0.05204,0.03383
-0.10116,0.07623
-0.14778,0.11554
-0.19181,0.15070
-0.23253,0.18157
-0.26928,0.20791
-0.30146,0.22911
-0.32840,0.24517
-0.35229,0.25740
-0.37401,0.26747
-0.39140,0.27491
-0.40432,0.27996
-0.41479,0.28374
-0.42309,0.28656
-0.43176,0.28936
-0.43816,0.29131
-0.44530,0.29343
-0.45101,0.29507
-0.45592,0.29641
0.46476,-0.29741
0.46330,-0.29711
0.46259,-0.29698
0.46347,-0.29718
0.45863,-0.29620
0.45202,-0.29479
0.44599,-0.29346
0.43839,-0.29171
0.42750,-0.28874
0.41470,-0.28481
0.40045,-0.28019
0.38377,-0.27445
0.36415,-0.26697
0.34094,-0.25701
0.31369,-0.24385
0.28269,-0.22574
0.24696,-0.20288
0.20647,-0.17561
0.16156,-0.14293
0.11295,-0.10538
0.06206,-0.06415
0.01083,-0.02070
-0.03916,0.02267
-0.08666,0.06391
-0.13090,0.10181
-0.17222,0.13557
-0.21010,0.16528
-0.24411,0.19074
-0.27413,0.21209
-0.29864,0.22811
-0.31905,0.24053
-0.33738,0.25036
-0.35362,0.25848
-0.36645,0.26437
-0.37537,0.26826
-0.38200,0.27102
-0.38665,0.27284
-0.39425,0.27592
-0.39939,0.27786
-0.40285,0.27912
0.50515,-0.30343
0.50147,-0.30301
0.49790,-0.30258
0.49459,-0.30220
0.49160,-0.30186
0.48897,-0.30154
0.48597,-0.30114
0.47799,-0.29995
0.46998,-0.29859
0.46078,-0.29683
0.44812,-0.29410
0.43358,-0.29065
0.41670,-0.28563
0.39685,-0.27917
0.37301,-0.27056
0.34489,-0.25892
0.31197,-0.24287
0.27512,-0.22067
0.23363,-0.19368
0.18763,-0.16178
0.13855,-0.12510
0.08803,-0.08536
0.03814,-0.04407
-0.00967,-0.00288
-0.05438,0.03630
-0.09548,0.07246
-0.13326,0.10478
-0.16766,0.13347
-0.19812,0.15814
-0.22514,0.17926
-0.24716,0.19583
-0.26431,0.20785
-0.27824,0.21717
-0.29141,0.22576
-0.30262,0.23247
-0.31107,0.23721
-0.31442,0.23886
-0.31861,0.24097
-0.31997,0.24146
-0.32514,0.24418
0.53292,-0.30593
0.53023,-0.30575
0.52721,-0.30554
0.52445,-0.30534
0.52018,-0.30501
0.51601,-0.30464
0.51197,-0.30424
0.50802,-0.30382
0.50336,-0.30330
0.49591,-0.30246
0.48782,-0.30147
0.47753,-0.29994
0.46536,-0.29781
0.45112,-0.29484
0.43364,-0.29070
0.41255,-0.28434
0.38680,-0.27561
0.35632,-0.26364
0.32125,-0.24730
0.28266,-0.22435
0.24014,-0.19692
0.19479,-0.16590
0.14851,-0.13213
0.10284,-0.09707
0.05973,-0.06220
0.02047,-0.02862
-0.01471,0.00268
-0.04586,0.03111
-0.07379,0.05652
-0.09771,0.07838
-0.11761,0.09642
-0.13413,0.11113
-0.14826,0.12340
-0.15821,0.13159
-0.16765,0.13918
-0.17521,0.14498
-0.18104,0.14920
-0.18426,0.15113
-0.18480,0.15078
-0.18442,0.14977
0.54005,-0.30637
0.53870,-0.30629
0.53621,-0.30614
0.53352,-0.30597
0.53091,-0.30579
0.52825,-0.30561
0.52605,-0.30545
0.52518,-0.30539
0.52454,-0.30534
0.52340,-0.30526
0.52174,-0.30514
0.51834,-0.30486
0.51390,-0.30448
0.50716,-0.30384
0.49848,-0.30292
0.48690,-0.30152
0.47213,-0.29919
0.45388,-0.29552
0.43217,-0.29025
0.40712,-0.28224
0.37881,-0.27222
0.34827,-0.25898
0.31690,-0.24199
0.28610,-0.22311
0.25668,-0.20414
0.22907,-0.18645
0.20489,-0.17094
0.18382,-0.15696
0.16642,-0.14494
0.15195,-0.13457
0.14057,-0.12617
0.13087,-0.11880
0.12356,-0.11315
0.11898,-0.10963
0.11534,-0.10684
0.11269,-0.10482
0.11031,-0.10300
0.11020,-0.10292
0.10951,-0.10235
0.10906,-0.10197
0.54040,-0.30640
0.54213,-0.30647
0.54348,-0.30651
0.54375,-0.30653
0.54586,-0.30659
0.54776,-0.30665
0.54940,-0.30670
0.55200,-0.30676
0.55465,-0.30682
0.55729,-0.30688
0.55987,-0.30694
0.56247,-0.30700
0.56459,-0.30705
0.56609,-0.30711
0.56620,-0.30717
0.56591,-0.30723
0.56482,-0.30727
0.56334,-0.30724
0.56186,-0.30716
0.56078,-0.30706
0.56048,-0.30693
0.56134,-0.30681
0.56395,-0.30671
0.56872,-0.30684
0.57684,-0.30702
0.58819,-0.30704
0.60217,-0.30682
0.61861,-0.30601
0.63665,-0.30397
0.65614,-0.30120
0.67656,-0.29706
0.69789,-0.29181
0.71987,-0.28564
0.74248,-0.27840
0.76603,-0.26923
0.79053,-0.25794
0.81571,-0.24457
0.84137,-0.22894
0.86762,-0.21078
0.89384,-0.19037
0.55869,-0.30673
0.56432,-0.30673
0.56828,-0.30668
0.57244,-0.30665
0.57677,-0.30660
0.58078,-0.30654
0.58465,-0.30647
0.58925,-0.30637
0.59415,-0.30623
0.59940,-0.30607
0.60495,-0.30575
0.61071,-0.30535
0.61724,-0.30479
0.62513,-0.30395
0.63416,-0.30288
0.64453,-0.30148
0.65748,-0.29949
0.67367,-0.29641
0.69405,-0.29166
0.71909,-0.28437
0.74931,-0.27299
0.78471,-0.25713
0.82516,-0.23630
0.86977,-0.20860
0.91579,-0.17172
0.96018,-0.12623
0.99939,-0.07108
1.03798,-0.01109
1.07530,0.05097
1.11106,0.11378
1.14130,0.17815
1.16850,0.24050
1.19316,0.29994
1.21374,0.35715
1.23245,0.41142
1.24915,0.46323
1.26280,0.51308
1.27340,0.56139
1.28457,0.60849
1.29619,0.65502
0.58029,-0.30655
0.58399,-0.30645
0.59011,-0.30623
0.59603,-0.30602
0.60262,-0.30566
0.60995,-0.30514
0.61793,-0.30445
0.62574,-0.30365
0.63344,-0.30271
0.64169,-0.30159
0.65017,-0.30029
0.65998,-0.29866
0.67085,-0.29671
0.68326,-0.29409
0.69892,-0.29047
0.71816,-0.28495
0.74212,-0.27657
0.77198,-0.26383
0.80791,-0.24602
0.85011,-0.22121
0.89725,-0.18698
0.94671,-0.13995
0.99595,-0.07909
1.04087,-0.00426
1.08146,0.08357
1.12010,0.18120
1.15623,0.28309
1.18399,0.38997
1.20650,0.49793
1.22679,0.60333
1.24510,0.70553
1.25835,0.80481
1.26892,0.89611
1.28053,0.98376
1.29331,1.06676
1.30690,1.14561
1.32147,1.22087
1.33782,1.28727
1.35256,1.35119
1.36620,1.41200
0.59857,-0.30585
0.60626,-0.30536
0.61440,-0.30468
0.62379,-0.30379
0.63294,-0.30267
0.64177,-0.30140
0.65040,-0.30007
0.65942,-0.29857
0.66828,-0.29690
0.67869,-0.29476
0.69066,-0.29211
0.70330,-0.28888
0.71813,-0.28461
0.73579,-0.27862
0.75623,-0.27048
0.78211,-0.25896
0.81381,-0.24287
0.85138,-0.22055
0.89468,-0.18917
0.94154,-0.14610
0.98912,-0.08962
1.03485,-0.01904
1.07509,0.06575
1.11090,0.16181
1.14065,0.26670
1.16426,0.37880
1.18171,0.49508
1.19281,0.61038
1.19902,0.72500
1.20120,0.83752
1.20114,0.94706
1.20023,1.05324
1.19866,1.15603
1.19869,1.25542
1.20069,1.35164
1.20434,1.44476
1.21224,1.53519
1.22470,1.62302
1.23957,1.70816
1.25283,1.79014
0.62711,-0.30337
0.63703,-0.30198
0.64684,-0.30050
0.65547,-0.29909
0.66534,-0.29722
0.67456,-0.29538
0.68305,-0.29359
0.69240,-0.29138
0.70339,-0.28860
0.71512,-0.28536
0.72785,-0.28124
0.74325,-0.27559
0.76043,-0.26855
0.78050,-0.25955
0.80625,-0.24680
0.83683,-0.22956
0.87165,-0.20658
0.91159,-0.17493
0.95511,-0.13183
0.99922,-0.07623
1.04166,-0.00785
1.07917,0.07292
1.11200,0.16353
1.13909,0.26254
1.15956,0.36850
1.17455,0.47850
1.18352,0.59080
1.18570,0.70477
1.18326,0.81667
1.17843,0.92662
1.17057,1.03500
1.16114,1.14161
1.15094,1.24646
1.14122,1.34962
1.13269,1.45120
1.12639,1.55135
1.12331,1.65022
1.12453,1.74791
1.13111,1.84296
1.14005,1.93917
0.66600,-0.29692
0.67610,-0.29479
0.68543,-0.29263
0.69395,-0.29056
0.70050,-0.28895
0.70809,-0.28699
0.71711,-0.28449
0.72678,-0.28144
0.73633,-0.27799
0.74859,-0.27327
0.76262,-0.26746
0.77751,-0.26083
0.79652,-0.25166
0.82137,-0.23846
0.84994,-0.22133
0.88169,-0.19916
0.91723,-0.16985
0.95651,-0.13022
0.99655,-0.08026
1.03602,-0.01866
1.07216,0.05460
1.10397,0.13734
1.13103,0.22772
1.15240,0.32439
1.16830,0.42560
1.17890,0.53010
1.18374,0.63666
1.18412,0.74433
1.18021,0.85201
1.17187,0.95951
1.16021,1.06607
1.14747,1.17156
1.13573,1.27599
1.12855,1.37953
1.12282,1.48259
1.11814,1.58525
1.11483,1.68753
1.11188,1.78940
1.11186,1.89120
1.11123,1.99133
0.70365,-0.28789
0.70786,-0.28681
0.71348,-0.28531
0.71908,-0.28372
0.72616,-0.28144
0.73478,-0.27837
0.74240,-0.27556
0.75068,-0.27233
0.76282,-0.26729
0.77436,-0.26223
0.78792,-0.25586
0.80535,-0.24712
0.82937,-0.23387
0.85594,-0.21742
0.88520,-0.19652
0.91808,-0.16910
0.95374,-0.13337
0.99106,-0.08799
1.02712,-0.03387
1.06112,0.02965
1.09208,0.10357
1.11953,0.18531
1.14225,0.27332
1.16001,0.36663
1.17298,0.46376
1.18079,0.56372
1.18405,0.66553
1.18366,0.76836
1.17885,0.87191
1.17002,0.97571
1.15760,1.07942
1.14662,1.18243
1.14044,1.28474
1.13797,1.38668
1.13661,1.48879
1.13916,1.59076
1.14331,1.69279
1.14892,1.79494
1.15507,1.89730
1.16136,1.99993
0.72343,-0.28219
0.73055,-0.27972
0.73627,-0.27766
0.74423,-0.27468
0.74923,-0.27277
0.75526,-0.27034
0.76356,-0.26689
0.77293,-0.26282
0.78010,-0.25955
0.79009,-0.25483
0.80629,-0.24671
0.82958,-0.23385
0.85686,-0.21689
0.88636,-0.19570
0.91787,-0.16933
0.95050,-0.13694
0.98568,-0.09513
1.01973,-0.04573
1.05179,0.01100
1.08065,0.07545
1.10733,0.14756
1.13077,0.22705
1.15005,0.31199
1.16506,0.40178
1.17606,0.49545
1.18226,0.59182
1.18440,0.69003
1.18297,0.78947
1.17788,0.88993
1.16918,0.99092
1.15735,1.09213
1.14509,1.19322
1.13511,1.29414
1.13126,1.39482
1.13025,1.49548
1.13339,1.59600
1.14287,1.69612
1.16160,1.79463
1.17682,1.89496
1.19102,1.99647
0.74528,-0.27425
0.75144,-0.27179
0.75614,-0.26988
0.76021,-0.26820
0.76464,-0.26636
0.76469,-0.26648
0.76959,-0.26445
0.77679,-0.26121
0.78915,-0.25539
0.80563,-0.24712
0.82995,-0.23366
0.85790,-0.21622
0.88739,-0.19491
0.91704,-0.17010
0.94784,-0.13979
0.97971,-0.10272
1.01328,-0.05562
1.04391,-0.00384
1.07161,0.05477
1.09697,0.11884
1.12009,0.18980
1.14028,0.26732
1.15642,0.34990
1.16935,0.43538
1.17882,0.52562
1.18415,0.61965
1.18495,0.71535
1.18259,0.81224
1.17787,0.91000
1.16961,1.00847
1.15875,1.10740
1.14530,1.20684
1.13258,1.30642
1.12320,1.40608
1.11975,1.50593
1.11868,1.60629
1.11996,1.70699
1.12480,1.80801
1.13229,1.90927
1.14641,2.01063
0.75773,-0.26927
0.76478,-0.26626
0.75629,-0.26996
0.75551,-0.27040
0.76000,-0.26860
0.76742,-0.26546
0.77660,-0.26133
0.78878,-0.25556
0.80784,-0.24592
0.83158,-0.23267
0.85939,-0.21519
0.88795,-0.19448
0.91625,-0.17081
0.94643,-0.14128
0.97602,-0.10729
1.00713,-0.06480
1.03785,-0.01486
1.06454,0.03912
1.08884,0.09764
1.11105,0.16108
1.13136,0.23109
1.14834,0.30669
1.16272,0.38734
1.17412,0.47064
1.18194,0.55715
1.18578,0.64837
1.18644,0.74209
1.18392,0.83692
1.17900,0.93243
1.17181,1.02897
1.16200,1.12602
1.15006,1.22363
1.13632,1.32170
1.12217,1.42017
1.11114,1.51916
1.10699,1.61882
1.10514,1.71921
1.10650,1.81995
1.11185,1.92116
1.12280,2.02290
0.75832,-0.26922
0.74977,-0.27282
0.75116,-0.27230
0.75759,-0.26966
0.76325,-0.26725
0.77707,-0.26109
0.78993,-0.25496
0.80768,-0.24597
0.83067,-0.23318
0.85880,-0.21559
0.88827,-0.19422
0.91737,-0.16978
0.94603,-0.14165
0.97377,-0.10999
1.00190,-0.07230
1.03187,-0.02505
1.05867,0.02669
1.08216,0.08124
1.10367,0.13964
1.12332,0.20234
1.14088,0.27173
1.15589,0.34556
1.16894,0.42478
1.17913,0.50608
1.18508,0.59067
1.18799,0.67827
1.18840,0.76935
1.18628,0.86224
1.18151,0.95645
1.17450,1.05127
1.16600,1.14706
1.15675,1.24378
1.14596,1.34083
1.13395,1.43829
1.12070,1.53630
1.10557,1.63396
1.09657,1.73316
1.09561,1.83360
1.09873,1.93436
1.10785,2.03608
0.74294,-0.27582
0.74524,-0.27480
0.74780,-0.27370
0.76174,-0.26789
0.77555,-0.26176
0.78844,-0.25565
0.80503,-0.24735
0.82829,-0.23456
0.85829,-0.21590
0.88711,-0.19511
0.91737,-0.16978
0.94477,-0.14291
0.97348,-0.11024
0.99919,-0.07599
1.02605,-0.03465
1.05294,0.01511
1.07634,0.06764
1.09737,0.12211
1.11675,0.18044
1.13415,0.24255
1.14964,0.31167
1.16327,0.38427
1.17523,0.46180
1.18337,0.54249
1.18853,0.62436
1.19077,0.70922
1.19039,0.79719
1.18888,0.88884
1.18524,0.98168
1.17983,1.07596
1.17226,1.17092
1.16428,1.26643
1.15463,1.36220
1.14268,1.45732
1.12875,1.55323
1.11367,1.64954
1.10510,1.74926
1.09524,1.84906
1.09279,1.94993
1.10145,2.05141
0.72642,-0.28193
0.73908,-0.27722
0.75414,-0.27110
0.76597,-0.26602
0.78227,-0.25861
0.80123,-0.24930
0.82652,-0.23556
0.85665,-0.21699
0.88691,-0.19524
0.91750,-0.16963
0.94518,-0.14239
0.97225,-0.11157
0.99590,-0.08044
1.02099,-0.04273
1.04752,0.00436
1.07112,0.05545
1.09256,0.10903
1.11196,0.16525
1.12922,0.22288
1.14419,0.28417
1.15822,0.35223
1.17057,0.42400
1.18034,0.49907
1.18737,0.57895
1.19162,0.65997
1.19406,0.74291
1.19358,0.82813
1.19154,0.91655
1.18932,1.00868
1.18565,1.10176
1.18019,1.19547
1.17289,1.29071
1.16437,1.38630
1.15213,1.47940
1.13512,1.57114
1.12274,1.66751
1.11431,1.76639
1.10922,1.86688
1.10825,1.96909
1.10435,2.06937
0.71328,-0.28629
0.72868,-0.28097
0.75188,-0.27198
0.77147,-0.26361
0.79412,-0.25286
0.82311,-0.23750
0.85462,-0.21831
0.88625,-0.19572
0.91811,-0.16905
0.94535,-0.14211
0.97060,-0.11341
0.99491,-0.08169
1.01770,-0.04785
1.04096,-0.00824
1.06608,0.04412
1.08809,0.09758
1.10731,0.15122
1.12544,0.20873
1.14034,0.26602
1.15385,0.32767
1.16618,0.39305
1.17751,0.46535
1.18581,0.53845
1.19243,0.61661
1.19719,0.69822
1.19885,0.77892
1.19831,0.86267
1.19629,0.94781
1.19319,1.03670
1.19039,1.12877
1.18561,1.22162
1.17976,1.31545
1.17288,1.41023
1.16650,1.50611
1.14884,1.59609
1.13089,1.68699
1.12371,1.78563
1.12449,1.88813
1.12049,1.98955
1.10844,2.08813
0.70782,-0.28816
0.73533,-0.27877
0.75829,-0.26942
0.78706,-0.25638
0.81715,-0.24086
0.84762,-0.22285
0.88338,-0.19789
0.91628,-0.17067
0.94373,-0.14375
0.96806,-0.11634
0.99362,-0.08340
1.01398,-0.05363
1.03677,-0.01581
1.06063,0.03235
1.08367,0.08670
1.10359,0.14046
1.12122,0.19392
1.13669,0.25070
1.14982,0.30714
1.16275,0.37036
1.17383,0.43422
1.18402,0.50748
1.19204,0.58048
1.19795,0.65582
1.20290,0.73591
1.20602,0.81792
1.20446,0.89680
1.20339,0.98294
1.19916,1.06776
1.19359,1.15611
1.18992,1.24856
1.18526,1.34103
1.17900,1.43446
1.17202,1.52873
1.15599,1.61941
1.14083,1.71081
1.13248,1.80798
1.13496,1.91220
1.13261,2.01187
1.11339,2.10892
