-1.16314,-2.05963
-1.16541,-1.95680
-1.17428,-1.85868
-1.18559,-1.76297
-1.20177,-1.67120
-1.21820,-1.58030
-1.22339,-1.48586
-1.23279,-1.39526
-1.23391,-1.30238
-1.23038,-1.20862
-1.23221,-1.11846
-1.24443,-1.03225
-1.25508,-0.94924
-1.25397,-0.86351
-1.24685,-0.77883
-1.23636,-0.69416
-1.21937,-0.60954
-1.20536,-0.53172
-1.19068,-0.45805
-1.17265,-0.38685
-1.15688,-0.32360
-1.13423,-0.25819
-1.10807,-0.19300
-1.08094,-0.12995
-1.05301,-0.07107
-1.02555,-0.01755
-1.00138,0.02763
-0.97417,0.07262
-0.94669,0.11593
-0.92086,0.15408
-0.89839,0.18806
-0.88051,0.21538
-0.86661,0.23098
-0.85165,0.24906
-0.83351,0.26806
-0.82176,0.28108
-0.81750,0.28860
-0.82376,0.28478
-0.81618,0.29114
-0.78966,0.29317
-1.15150,-2.04450
-1.15967,-1.94488
-1.16517,-1.84568
-1.17595,-1.74930
-1.18403,-1.65335
-1.20152,-1.56208
-1.21011,-1.46829
-1.21419,-1.37401
-1.21673,-1.28059
-1.21615,-1.18751
-1.21356,-1.09457
-1.20984,-1.00248
-1.21031,-0.91420
-1.22019,-0.83130
-1.21872,-0.74711
-1.21070,-0.66300
-1.19736,-0.57940
-1.18182,-0.49844
-1.16673,-0.42318
-1.14909,-0.35105
-1.13256,-0.28604
-1.11188,-0.22164
-1.08859,-0.15810
-1.06047,-0.09539
-1.03350,-0.03808
-1.00583,0.01327
-0.98218,0.05615
-0.95458,0.09968
-0.92911,0.13974
-0.90859,0.17492
-0.88564,0.20648
-0.87055,0.22513
-0.85490,0.24471
-0.83789,0.26483
-0.82733,0.27981
-0.82396,0.29084
-0.83071,0.29550
-0.81453,0.29911
-0.80183,0.31635
-0.78169,0.32102
-1.14220,-2.03337
-1.14845,-1.93328
-1.15557,-1.83451
-1.16445,-1.73702
-1.17006,-1.63934
-1.17702,-1.54297
-1.18738,-1.44902
-1.19367,-1.35437
-1.19648,-1.25967
-1.19718,-1.16543
-1.19598,-1.07191
-1.19360,-0.97952
-1.18727,-0.88735
-1.18292,-0.79860
-1.17911,-0.71341
-1.17838,-0.63097
-1.17064,-0.54866
-1.15728,-0.46693
-1.14212,-0.38896
-1.12592,-0.31580
-1.10954,-0.24833
-1.09134,-0.18564
-1.06676,-0.12276
-1.03903,-0.06216
-1.01169,-0.00656
-0.98547,0.04164
-0.96052,0.08435
-0.93616,0.12592
-0.91476,0.16215
-0.89038,0.19588
-0.87299,0.21955
-0.85647,0.23994
-0.84108,0.26040
-0.83222,0.27643
-0.83147,0.28884
-0.83116,0.29937
-0.81665,0.31464
-0.80055,0.32750
-0.79530,0.33047
-0.78289,0.33309
-1.13041,-2.02388
-1.13493,-1.92305
-1.14216,-1.82391
-1.14870,-1.72515
-1.15469,-1.62678
-1.16095,-1.52928
-1.16569,-1.43203
-1.16858,-1.33499
-1.17479,-1.24027
-1.17756,-1.14542
-1.17648,-1.05035
-1.17507,-0.95702
-1.17124,-0.86454
-1.16509,-0.77319
-1.15926,-0.68536
-1.15198,-0.60059
-1.14324,-0.51827
-1.13218,-0.43742
-1.11873,-0.35806
-1.10463,-0.28226
-1.08524,-0.21264
-1.06586,-0.15023
-1.04241,-0.08912
-1.01572,-0.02994
-0.98835,0.02414
-0.96409,0.07056
-0.94291,0.11134
-0.91847,0.14976
-0.89474,0.18420
-0.87234,0.21456
-0.85742,0.23489
-0.84437,0.25530
-0.83810,0.27202
-0.83616,0.28667
-0.82700,0.30200
-0.81210,0.31807
-0.80102,0.32978
-0.79651,0.33549
-0.78405,0.34332
-0.76527,0.35071
-1.11650,-2.01589
-1.11964,-1.91452
-1.12719,-1.81478
-1.13466,-1.71553
-1.14140,-1.61662
-1.14553,-1.51754
-1.14966,-1.41915
-1.15272,-1.32102
-1.15551,-1.22374
-1.15729,-1.12721
-1.15793,-1.03164
-1.15637,-0.93651
-1.15410,-0.84294
-1.15062,-0.75081
-1.14510,-0.66033
-1.13962,-0.57387
-1.13198,-0.49047
-1.12046,-0.40927
-1.10466,-0.32994
-1.08377,-0.25251
-1.06196,-0.18016
-1.04037,-0.11648
-1.01657,-0.05669
-0.99157,0.00079
-0.96774,0.05330
-0.94361,0.09777
-0.92019,0.13663
-0.89676,0.17266
-0.87416,0.20511
-0.85841,0.22983
-0.84873,0.25000
-0.84324,0.26789
-0.83367,0.28586
-0.81959,0.30366
-0.80586,0.31998
-0.79669,0.33068
-0.78809,0.33980
-0.77712,0.34888
-0.76361,0.35747
-0.74104,0.36138
-1.11062,-2.01138
-1.10559,-1.90819
-1.10759,-1.80669
-1.11424,-1.70650
-1.12140,-1.60683
-1.12862,-1.50761
-1.13445,-1.40854
-1.13882,-1.30966
-1.14230,-1.21123
-1.14466,-1.11335
-1.14592,-1.01616
-1.14581,-0.91992
-1.14444,-0.82476
-1.14101,-0.73088
-1.13566,-0.63883
-1.12875,-0.54913
-1.12140,-0.46373
-1.10886,-0.38133
-1.09171,-0.30115
-1.07013,-0.22368
-1.04676,-0.15034
-1.02324,-0.08437
-0.99970,-0.02483
-0.97280,0.03063
-0.94632,0.08097
-0.92161,0.12324
-0.89762,0.16080
-0.87713,0.19413
-0.86183,0.22300
-0.85080,0.24484
-0.84044,0.26495
-0.82635,0.28506
-0.81192,0.30374
-0.79509,0.32093
-0.78574,0.33184
-0.77471,0.34303
-0.76424,0.35289
-0.74623,0.36089
-0.73594,0.37219
-0.72472,0.37731
-1.11905,-2.00949
-1.11268,-1.90652
-1.11065,-1.80423
-1.11111,-1.70247
-1.11290,-1.60111
-1.11563,-1.50015
-1.11883,-1.39956
-1.12614,-1.30007
-1.13248,-1.20087
-1.13676,-1.10186
-1.13996,-1.00341
-1.14155,-0.90560
-1.14132,-0.80863
-1.13911,-0.71276
-1.13453,-0.61853
-1.12481,-0.52638
-1.11309,-0.43751
-1.09854,-0.35301
-1.08066,-0.27171
-1.06006,-0.19357
-1.03652,-0.12009
-1.01007,-0.05375
-0.98286,0.00611
-0.95401,0.06030
-0.92657,0.10872
-0.90264,0.14924
-0.88224,0.18454
-0.86480,0.21488
-0.84760,0.24041
-0.83297,0.26184
-0.81619,0.28299
-0.79825,0.30315
-0.78204,0.32019
-0.77206,0.33213
-0.76090,0.34399
-0.74932,0.35519
-0.73588,0.36507
-0.72466,0.37427
-0.71410,0.38168
-0.70154,0.38756
-1.14061,-2.00697
-1.13190,-1.90438
-1.12716,-1.80198
-1.12455,-1.69975
-1.12487,-1.59783
-1.12602,-1.49609
-1.12811,-1.39459
-1.13064,-1.29334
-1.13348,-1.19238
-1.13605,-1.09172
-1.13938,-0.99153
-1.14278,-0.89184
-1.14258,-0.79275
-1.13896,-0.69470
-1.13291,-0.59802
-1.12398,-0.50311
-1.11210,-0.41096
-1.09584,-0.32324
-1.07522,-0.24014
-1.05117,-0.16128
-1.02455,-0.08753
-0.99590,-0.02158
-0.96717,0.03805
-0.93820,0.09114
-0.91112,0.13672
-0.88656,0.17450
-0.86216,0.20632
-0.84040,0.23423
-0.82130,0.25783
-0.80256,0.27969
-0.78413,0.30015
-0.76818,0.31762
-0.75722,0.33093
-0.74561,0.34360
-0.73242,0.35590
-0.71957,0.36679
-0.70794,0.37606
-0.69704,0.38403
-0.68311,0.39192
-0.66760,0.39873
-1.18302,-1.99973
-1.17011,-1.89810
-1.16160,-1.79612
-1.15605,-1.69396
-1.15240,-1.59172
-1.15048,-1.48943
-1.15003,-1.38710
-1.15069,-1.28475
-1.15018,-1.18255
-1.15018,-1.08040
-1.15015,-0.97836
-1.14911,-0.87658
-1.14656,-0.77524
-1.14328,-0.67441
-1.13734,-0.57466
-1.12774,-0.47670
-1.11413,-0.38132
-1.09579,-0.28991
-1.07215,-0.20403
-1.04438,-0.12384
-1.01397,-0.05007
-0.98260,0.01548
-0.95121,0.07351
-0.91788,0.12261
-0.88654,0.16346
-0.85759,0.19759
-0.83141,0.22680
-0.80835,0.25190
-0.78808,0.27517
-0.76793,0.29607
-0.75099,0.31352
-0.73838,0.32776
-0.72589,0.34150
-0.71156,0.35478
-0.69956,0.36568
-0.68818,0.37529
-0.67580,0.38440
-0.66203,0.39300
-0.64753,0.40059
-0.63436,0.40620
-1.24418,-1.98114
-1.22755,-1.88112
-1.21376,-1.78042
-1.20359,-1.67898
-1.19537,-1.57712
-1.18886,-1.47489
-1.18389,-1.37228
-1.18004,-1.26935
-1.17740,-1.16598
-1.17544,-1.06219
-1.17331,-0.95812
-1.17057,-0.85380
-1.16609,-0.74953
-1.15980,-0.64545
-1.15054,-0.54218
-1.13845,-0.44009
-1.12128,-0.34089
-1.09872,-0.24604
-1.07067,-0.15730
-1.03695,-0.07676
-0.99964,-0.00528
-0.96057,0.05640
-0.92170,0.10917
-0.88491,0.15325
-0.85185,0.18989
-0.82195,0.22069
-0.79496,0.24648
-0.77078,0.26915
-0.74901,0.29010
-0.73179,0.30773
-0.71696,0.32268
-0.70361,0.33673
-0.69007,0.34996
-0.67829,0.36169
-0.66791,0.37175
-0.65570,0.38145
-0.64242,0.39040
-0.62845,0.39837
-0.61690,0.40417
-0.60551,0.40660
-1.33615,-1.93771
-1.31588,-1.84010
-1.29807,-1.74149
-1.28287,-1.64173
-1.26957,-1.54115
-1.25810,-1.43973
-1.24824,-1.33748
-1.24036,-1.23399
-1.23365,-1.12945
-1.22768,-1.02375
-1.22163,-0.91703
-1.21462,-0.80940
-1.20561,-0.70124
-1.19348,-0.59308
-1.17710,-0.48591
-1.15559,-0.38106
-1.12990,-0.27832
-1.09747,-0.18220
-1.05938,-0.09477
-1.01712,-0.01722
-0.97224,0.04934
-0.92749,0.10510
-0.88464,0.15090
-0.84535,0.18773
-0.81064,0.21816
-0.78076,0.24422
-0.75443,0.26629
-0.73098,0.28544
-0.71214,0.30115
-0.69705,0.31611
-0.68331,0.33018
-0.67081,0.34252
-0.66005,0.35398
-0.64967,0.36436
-0.63810,0.37408
-0.62594,0.38401
-0.61567,0.39134
-0.60652,0.39723
-0.60444,0.40006
-0.60080,0.40254
-1.47426,-1.83912
-1.45516,-1.74046
-1.42714,-1.64959
-1.40627,-1.55297
-1.38756,-1.45449
-1.37066,-1.35439
-1.35513,-1.25282
-1.34066,-1.14961
-1.32754,-1.04398
-1.31486,-0.93581
-1.30117,-0.82584
-1.28543,-0.71418
-1.26626,-0.60156
-1.24223,-0.48931
-1.21223,-0.37924
-1.17576,-0.27354
-1.13303,-0.17380
-1.08498,-0.08240
-1.03346,-0.00265
-0.98027,0.06485
-0.92814,0.12005
-0.87940,0.16437
-0.83510,0.19895
-0.79641,0.22634
-0.76346,0.24881
-0.73551,0.26807
-0.71213,0.28457
-0.69309,0.29841
-0.67721,0.31080
-0.66304,0.32269
-0.65187,0.33445
-0.64208,0.34574
-0.63166,0.35610
-0.62117,0.36613
-0.61254,0.37440
-0.60523,0.38165
-0.60297,0.38689
-0.59944,0.39177
-0.60059,0.39492
-0.60027,0.39773
-1.65441,-1.62680
-1.62645,-1.53618
-1.59977,-1.44411
-1.57428,-1.35048
-1.54991,-1.25498
-1.52654,-1.15717
-1.50443,-1.05523
-1.48265,-0.94919
-1.45915,-0.84249
-1.43386,-0.73161
-1.40476,-0.61996
-1.37069,-0.50676
-1.32996,-0.39255
-1.28148,-0.28181
-1.22546,-0.17782
-1.16344,-0.08361
-1.09746,-0.00108
-1.03073,0.06904
-0.96632,0.12609
-0.90604,0.17060
-0.85239,0.20462
-0.80571,0.23017
-0.76634,0.24959
-0.73378,0.26518
-0.70680,0.27844
-0.68486,0.28893
-0.66722,0.29899
-0.65296,0.30888
-0.64129,0.31850
-0.63184,0.32799
-0.62342,0.33784
-0.61498,0.34783
-0.60834,0.35677
-0.60296,0.36452
-0.60106,0.37127
-0.60083,0.37714
-0.60097,0.38288
-0.60014,0.38818
-0.59887,0.39282
-0.59736,0.39661
-1.81637,-1.19971
-1.78454,-1.10784
-1.75334,-1.01500
-1.72217,-0.91917
-1.69076,-0.82160
-1.65725,-0.71882
-1.62013,-0.61116
-1.57856,-0.50134
-1.53183,-0.39196
-1.47828,-0.28425
-1.41711,-0.18009
-1.34694,-0.08156
-1.26842,0.00770
-1.18454,0.08409
-1.09906,0.14574
-1.01620,0.19257
-0.93957,0.22630
-0.87163,0.24980
-0.81417,0.26533
-0.76677,0.27587
-0.72845,0.28268
-0.69791,0.28745
-0.67404,0.29202
-0.65511,0.29613
-0.64018,0.30021
-0.62851,0.30473
-0.61950,0.31030
-0.61225,0.31670
-0.60595,0.32394
-0.60048,0.33172
-0.59606,0.33914
-0.59225,0.34703
-0.59048,0.35459
-0.59010,0.36176
-0.58959,0.36855
-0.58891,0.37489
-0.58811,0.38241
-0.58781,0.38815
-0.58738,0.39304
-0.58689,0.39706
-1.71603,-0.46249
-1.65203,-0.35795
-1.59067,-0.25944
-1.52687,-0.16177
-1.45659,-0.06469
-1.38216,0.02900
-1.30113,0.11548
-1.21573,0.19333
-1.12816,0.26124
-1.04138,0.31708
-0.95408,0.35958
-0.87101,0.38742
-0.79619,0.40107
-0.73125,0.40252
-0.67786,0.39452
-0.63630,0.38092
-0.60611,0.36451
-0.58584,0.34847
-0.57340,0.33512
-0.56669,0.32500
-0.56366,0.31792
-0.56291,0.31340
-0.56351,0.31075
-0.56472,0.30963
-0.56610,0.30970
-0.56737,0.31168
-0.56828,0.31480
-0.56894,0.31945
-0.56927,0.32499
-0.57078,0.33089
-0.57298,0.33803
-0.57489,0.34611
-0.57569,0.35395
-0.57551,0.36156
-0.57607,0.36866
-0.57416,0.37536
-0.57230,0.38147
-0.57023,0.38760
-0.56832,0.39270
-0.56931,0.39676
-0.94126,0.20130
-0.84298,0.24778
-0.74786,0.28533
-0.65671,0.31623
-0.57444,0.34124
-0.49689,0.35804
-0.42711,0.36691
-0.36633,0.37018
-0.31522,0.36882
-0.27473,0.36324
-0.24424,0.35440
-0.22482,0.34345
-0.21592,0.33140
-0.21750,0.31960
-0.22866,0.30869
-0.24800,0.29959
-0.27354,0.29322
-0.30369,0.28934
-0.33616,0.28785
-0.36874,0.28868
-0.39958,0.29131
-0.42773,0.29428
-0.45247,0.29705
-0.47354,0.30079
-0.49135,0.30414
-0.50610,0.30727
-0.51817,0.31137
-0.52751,0.31651
-0.53522,0.32278
-0.54065,0.32917
-0.54478,0.33632
-0.54746,0.34453
-0.55003,0.35244
-0.55343,0.36060
-0.55703,0.36812
-0.55841,0.37494
-0.56068,0.38093
-0.56096,0.38649
-0.56165,0.39137
-0.56008,0.39515
-0.10535,0.15570
-0.06912,0.14921
-0.03306,0.14260
-0.00021,0.13570
0.02418,0.12901
0.04763,0.12199
0.06441,0.11535
0.07591,0.10938
0.08266,0.10371
0.08413,0.09929
0.07994,0.09642
0.06843,0.09611
0.05138,0.09835
0.02788,0.10381
-0.00289,0.11323
-0.04001,0.12655
-0.08252,0.14327
-0.12896,0.16262
-0.17760,0.18353
-0.22672,0.20482
-0.27408,0.22526
-0.31778,0.24412
-0.35737,0.26022
-0.39210,0.27371
-0.42201,0.28471
-0.44716,0.29417
-0.46769,0.30258
-0.48420,0.31023
-0.49779,0.31786
-0.50822,0.32510
-0.51674,0.33324
-0.52282,0.34184
-0.52815,0.34964
-0.53128,0.35714
-0.53602,0.36470
-0.54178,0.37206
-0.54821,0.37884
-0.55524,0.38543
-0.55942,0.39050
-0.56276,0.39448
0.17957,-0.05048
0.18782,-0.05761
0.19701,-0.06396
0.20745,-0.07048
0.21357,-0.07548
0.21740,-0.07926
0.21856,-0.08180
0.21669,-0.08295
0.21187,-0.08255
0.20509,-0.08096
0.19224,-0.07666
0.17651,-0.07048
0.15621,-0.06156
0.12931,-0.04819
0.09614,-0.02984
0.05788,-0.00693
0.01456,0.02082
-0.03291,0.05239
-0.08334,0.08645
-0.13529,0.12127
-0.18671,0.15494
-0.23586,0.18619
-0.28155,0.21409
-0.32320,0.23775
-0.36022,0.25722
-0.39226,0.27333
-0.41928,0.28735
-0.44197,0.29918
-0.46053,0.30879
-0.47553,0.31780
-0.48782,0.32773
-0.49749,0.33662
-0.50648,0.34540
-0.51323,0.35337
-0.51853,0.36114
-0.52268,0.36815
-0.52787,0.37494
-0.53404,0.38135
-0.54109,0.38720
-0.54868,0.39343
0.29520,-0.19094
0.29654,-0.19470
0.29882,-0.19688
0.30028,-0.19764
0.29757,-0.19721
0.29563,-0.19592
0.29176,-0.19380
0.28501,-0.19021
0.27690,-0.18598
0.26453,-0.17952
0.25064,-0.17228
0.23287,-0.16287
0.21099,-0.15065
0.18592,-0.13611
0.15456,-0.11625
0.11789,-0.09135
0.07639,-0.06154
0.03074,-0.02670
-0.01804,0.01208
-0.06879,0.05292
-0.11992,0.09384
-0.16994,0.13282
-0.21759,0.16856
-0.26212,0.20003
-0.30275,0.22693
-0.33862,0.24890
-0.36971,0.26726
-0.39680,0.28318
-0.41949,0.29639
-0.43804,0.30758
-0.45213,0.31818
-0.46439,0.32806
-0.47540,0.33723
-0.48392,0.34602
-0.49162,0.35456
-0.49779,0.36200
-0.50244,0.36884
-0.50673,0.37530
-0.51258,0.38144
-0.51970,0.38689
0.36958,-0.26625
0.36975,-0.26751
0.36695,-0.26706
0.36281,-0.26538
0.35700,-0.26252
0.35174,-0.25927
0.34605,-0.25548
0.33759,-0.25025
0.32794,-0.24412
0.31540,-0.23628
0.30132,-0.22762
0.28275,-0.21593
0.26163,-0.20332
0.23583,-0.18769
0.20599,-0.16897
0.17147,-0.14606
0.13175,-0.11750
0.08768,-0.08367
0.04021,-0.04484
-0.00954,-0.00265
-0.06025,0.04084
-0.11052,0.08342
-0.15896,0.12346
-0.20474,0.16001
-0.24712,0.19236
-0.28568,0.22021
-0.31933,0.24254
-0.34857,0.26100
-0.37433,0.27700
-0.39615,0.29100
-0.41297,0.30277
-0.42628,0.31322
-0.43722,0.32253
-0.44801,0.33175
-0.45533,0.34030
-0.46291,0.34895
-0.46935,0.35633
-0.47449,0.36273
-0.47785,0.36881
-0.48166,0.37373
0.42672,-0.30324
0.42167,-0.30224
0.41743,-0.30060
0.41409,-0.29875
0.41119,-0.29687
0.40490,-0.29353
0.39629,-0.28890
0.38709,-0.28375
0.37638,-0.27770
0.36417,-0.27069
0.34975,-0.26227
0.33231,-0.25175
0.31250,-0.23951
0.28814,-0.22414
0.26019,-0.20678
0.22665,-0.18559
0.18867,-0.16057
0.14579,-0.12997
0.09897,-0.09403
0.04938,-0.05356
-0.00147,-0.01022
-0.05225,0.03358
-0.10162,0.07567
-0.14843,0.11471
-0.19223,0.15012
-0.23260,0.18145
-0.26901,0.20836
-0.30079,0.23036
-0.32719,0.24768
-0.35007,0.26250
-0.37050,0.27639
-0.38681,0.28762
-0.39828,0.29788
-0.40742,0.30691
-0.41444,0.31516
-0.42188,0.32380
-0.42709,0.33154
-0.43332,0.33917
-0.43831,0.34557
-0.44275,0.35078
0.46064,-0.31960
0.45923,-0.31871
0.45869,-0.31763
0.45975,-0.31702
0.45520,-0.31376
0.44875,-0.31063
0.44301,-0.30723
0.43568,-0.30352
0.42518,-0.29809
0.41287,-0.29163
0.39921,-0.28444
0.38331,-0.27585
0.36469,-0.26547
0.34266,-0.25265
0.31656,-0.23736
0.28572,-0.21966
0.24943,-0.19847
0.20792,-0.17331
0.16179,-0.14260
0.11198,-0.10664
0.06007,-0.06657
0.00771,-0.02434
-0.04343,0.01772
-0.09211,0.05744
-0.13738,0.09371
-0.17917,0.12628
-0.21721,0.15499
-0.25117,0.17960
-0.28098,0.20024
-0.30494,0.21628
-0.32433,0.22982
-0.34110,0.24225
-0.35574,0.25353
-0.36697,0.26308
-0.37416,0.27135
-0.37894,0.27913
-0.38136,0.28710
-0.38734,0.29521
-0.39098,0.30192
-0.39304,0.30763
0.50192,-0.33113
0.49824,-0.32931
0.49475,-0.32705
0.49157,-0.32464
0.48876,-0.32230
0.48629,-0.32021
0.48347,-0.31801
0.47571,-0.31408
0.46792,-0.31034
0.45896,-0.30636
0.44678,-0.30039
0.43287,-0.29365
0.41667,-0.28576
0.39773,-0.27623
0.37485,-0.26514
0.34754,-0.25207
0.31451,-0.23716
0.27617,-0.21861
0.23216,-0.19618
0.18320,-0.16844
0.13094,-0.13540
0.07703,-0.09907
0.02335,-0.06157
-0.02838,-0.02458
-0.07678,0.01006
-0.12114,0.04140
-0.16114,0.06928
-0.19690,0.09387
-0.22797,0.11495
-0.25484,0.13325
-0.27609,0.14813
-0.29171,0.16030
-0.30361,0.17119
-0.31464,0.18180
-0.32352,0.19144
-0.32951,0.19999
-0.32997,0.20726
-0.33138,0.21472
-0.32983,0.22121
-0.33318,0.22738
0.53053,-0.34038
0.52781,-0.33842
0.52482,-0.33587
0.52217,-0.33261
0.51794,-0.32976
0.51383,-0.32695
0.50990,-0.32408
0.50598,-0.32222
0.50132,-0.32043
0.49398,-0.31709
0.48600,-0.31402
0.47593,-0.30978
0.46411,-0.30462
0.45039,-0.29837
0.43349,-0.29135
0.41286,-0.28319
0.38729,-0.27406
0.35624,-0.26386
0.31964,-0.25103
0.27717,-0.23526
0.22893,-0.21625
0.17666,-0.19341
0.12174,-0.16870
0.06676,-0.14267
0.01401,-0.11716
-0.03464,-0.09332
-0.07824,-0.07180
-0.11630,-0.05273
-0.14925,-0.03573
-0.17639,-0.02092
-0.19773,-0.00802
-0.21411,0.00378
-0.22692,0.01498
-0.23399,0.02533
-0.24019,0.03572
-0.24398,0.04568
-0.24579,0.05493
-0.24455,0.06323
-0.24020,0.07045
-0.23533,0.07648
0.53762,-0.34865
0.53629,-0.34680
0.53378,-0.34427
0.53108,-0.34174
0.52845,-0.33960
0.52578,-0.33758
0.52362,-0.33544
0.52292,-0.33278
0.52248,-0.33006
0.52149,-0.32769
0.51998,-0.32512
0.51681,-0.32118
0.51264,-0.31704
0.50625,-0.31198
0.49796,-0.30701
0.48681,-0.30214
0.47228,-0.29829
0.45369,-0.29646
0.43117,-0.29441
0.40402,-0.29319
0.37199,-0.29258
0.33514,-0.29248
0.29390,-0.29264
0.24988,-0.29348
0.20501,-0.29469
0.16102,-0.29608
0.12144,-0.29688
0.08642,-0.29683
0.05774,-0.29552
0.03507,-0.29234
0.01906,-0.28717
0.00760,-0.27974
0.00176,-0.27055
0.00135,-0.26067
0.00402,-0.24906
0.00980,-0.23576
0.01657,-0.22193
0.02689,-0.20864
0.03728,-0.19400
0.04675,-0.18106
0.53734,-0.36006
0.53934,-0.35825
0.54093,-0.35586
0.54136,-0.35324
0.54381,-0.35003
0.54600,-0.34675
0.54790,-0.34335
0.55079,-0.33992
0.55372,-0.33639
0.55659,-0.33281
0.55937,-0.32895
0.56216,-0.32446
0.56440,-0.32014
0.56599,-0.31592
0.56615,-0.31202
0.56589,-0.30835
0.56483,-0.30671
0.56332,-0.30840
0.56175,-0.31286
0.56052,-0.31966
0.56000,-0.32944
0.56062,-0.34281
0.56313,-0.36025
0.56819,-0.38238
0.57759,-0.40749
0.59184,-0.43398
0.61064,-0.45876
0.63385,-0.47928
0.66027,-0.49338
0.68863,-0.49946
0.71759,-0.49704
0.74616,-0.48658
0.77372,-0.46926
0.80008,-0.44661
0.82539,-0.42022
0.85011,-0.39153
0.87472,-0.36178
0.89972,-0.33196
0.92456,-0.30033
0.95044,-0.27000
0.55721,-0.36621
0.56347,-0.36423
0.56785,-0.36163
0.57242,-0.35865
0.57713,-0.35495
0.58142,-0.35109
0.58551,-0.34702
0.59032,-0.34268
0.59535,-0.33798
0.60067,-0.33301
0.60621,-0.32789
0.61188,-0.32284
0.61825,-0.31776
0.62588,-0.31220
0.63455,-0.30652
0.64460,-0.30207
0.65734,-0.29856
0.67383,-0.29733
0.69518,-0.29681
0.72218,-0.29590
0.75651,-0.29474
0.79884,-0.29163
0.85077,-0.28671
0.91339,-0.27744
0.98690,-0.26188
1.06813,-0.23857
1.15391,-0.20511
1.23853,-0.16153
1.31892,-0.10964
1.39270,-0.05208
1.45860,0.00825
1.51658,0.06883
1.56741,0.12790
1.61233,0.18445
1.65268,0.23810
1.68976,0.28892
1.72477,0.33725
1.75873,0.38354
1.79163,0.42874
1.82472,0.47320
0.58110,-0.36614
0.58515,-0.36424
0.59181,-0.36126
0.59816,-0.35752
0.60516,-0.35333
0.61282,-0.34831
0.62106,-0.34324
0.62899,-0.33802
0.63675,-0.33334
0.64499,-0.32853
0.65337,-0.32345
0.66292,-0.31757
0.67332,-0.31080
0.68515,-0.30367
0.69998,-0.29513
0.71838,-0.28576
0.74180,-0.27554
0.77206,-0.26404
0.80971,-0.25000
0.85518,-0.23035
0.90745,-0.20186
0.96711,-0.16404
1.03399,-0.11520
1.10548,-0.05347
1.17888,0.02314
1.25094,0.11350
1.31737,0.21180
1.37698,0.31715
1.42919,0.42510
1.47493,0.53056
1.51609,0.63258
1.55422,0.73125
1.59139,0.82117
1.62813,0.90699
1.66532,0.98742
1.70337,1.06298
1.74243,1.13431
1.78371,1.19555
1.82590,1.25382
1.86915,1.30845
0.60135,-0.36579
0.60971,-0.36259
0.61838,-0.35781
0.62832,-0.35304
0.63778,-0.34743
0.64678,-0.34182
0.65538,-0.33582
0.66434,-0.33016
0.67309,-0.32484
0.68333,-0.31904
0.69500,-0.31243
0.70735,-0.30590
0.72180,-0.29835
0.73896,-0.28912
0.75904,-0.27868
0.78408,-0.26394
0.81475,-0.24490
0.85131,-0.22042
0.89508,-0.18975
0.94418,-0.14935
0.99732,-0.09786
1.05252,-0.03349
1.10710,0.04439
1.15851,0.13557
1.20506,0.23735
1.24426,0.34850
1.27570,0.46510
1.30179,0.58087
1.32262,0.69644
1.34010,0.81004
1.35622,0.92059
1.37271,1.02755
1.39095,1.13073
1.41191,1.23010
1.43619,1.32573
1.46406,1.41774
1.49559,1.50623
1.53071,1.59124
1.56933,1.67277
1.61149,1.75060
0.63270,-0.36028
0.64331,-0.35599
0.65358,-0.35083
0.66232,-0.34491
0.67235,-0.33897
0.68151,-0.33297
0.68977,-0.32709
0.69877,-0.32056
0.70939,-0.31365
0.72078,-0.30693
0.73321,-0.29993
0.74828,-0.29144
0.76522,-0.28213
0.78512,-0.27128
0.81023,-0.25566
0.83973,-0.23512
0.87330,-0.20931
0.91168,-0.17506
0.95464,-0.13129
1.00036,-0.07734
1.04584,-0.01121
1.08950,0.06601
1.12920,0.15392
1.16288,0.25144
1.18910,0.35696
1.20777,0.46755
1.21981,0.58073
1.22473,0.69575
1.22885,0.80792
1.23217,0.91806
1.23496,1.02659
1.23849,1.13340
1.24377,1.23852
1.25153,1.34202
1.26230,1.44397
1.27641,1.54441
1.29412,1.64333
1.31567,1.74063
1.34496,1.83449
1.37213,1.92921
0.67488,-0.34918
0.68554,-0.34468
0.69514,-0.33954
0.70378,-0.33458
0.70994,-0.32894
0.71718,-0.32323
0.72572,-0.31659
0.73475,-0.30926
0.74390,-0.30277
0.75587,-0.29534
0.76958,-0.28689
0.78433,-0.27833
0.80313,-0.26703
0.82713,-0.25034
0.85461,-0.22977
0.88528,-0.20480
0.91946,-0.17287
0.95688,-0.13064
0.99559,-0.07930
1.03462,-0.01750
1.07178,0.05487
1.10605,0.13611
1.13501,0.22573
1.15835,0.32186
1.17580,0.42288
1.18655,0.52775
1.19120,0.63473
1.18963,0.74313
1.18513,0.85112
1.17754,0.95868
1.17095,1.06481
1.16540,1.16992
1.16195,1.27413
1.16061,1.37768
1.16133,1.48076
1.16453,1.58340
1.17056,1.68562
1.17985,1.78735
1.18972,1.88899
1.21167,1.98862
0.71559,-0.33694
0.71950,-0.33308
0.72484,-0.32857
0.72992,-0.32335
0.73658,-0.31771
0.74469,-0.31099
0.75172,-0.30477
0.75931,-0.29812
0.77095,-0.28990
0.78206,-0.28233
0.79541,-0.27405
0.81260,-0.26323
0.83536,-0.24575
0.86014,-0.22481
0.88749,-0.20007
0.91850,-0.16968
0.95259,-0.13203
0.98871,-0.08561
1.02458,-0.03168
1.05819,0.03182
1.09023,0.10474
1.11880,0.18570
1.14134,0.27374
1.15922,0.36695
1.17289,0.46379
1.18078,0.56373
1.18405,0.66553
1.18362,0.76836
1.17886,0.87190
1.17048,0.97565
1.15943,1.07922
1.14650,1.18244
1.13478,1.28516
1.12412,1.38758
1.11809,1.48986
1.11374,1.59214
1.11156,1.69448
1.11217,1.79691
1.11650,1.89940
1.12614,2.00189
0.73568,-0.32547
0.74297,-0.32150
0.74834,-0.31680
0.75600,-0.31097
0.76021,-0.30565
0.76558,-0.30020
0.77321,-0.29355
0.78190,-0.28637
0.78826,-0.28016
0.79695,-0.27132
0.81167,-0.25864
0.83275,-0.24016
0.85778,-0.21851
0.88550,-0.19437
0.91579,-0.16649
0.94804,-0.13400
0.98291,-0.09227
1.01783,-0.04403
1.05183,0.01097
1.08331,0.07367
1.11173,0.14501
1.13632,0.22426
1.15611,0.30936
1.17095,0.39957
1.18223,0.49345
1.18881,0.58999
1.19134,0.68838
1.19038,0.78798
1.18748,0.88831
1.18179,0.98917
1.17401,1.09028
1.16531,1.19146
1.15580,1.29271
1.14559,1.39398
1.13486,1.49524
1.12368,1.59648
1.11239,1.69774
1.09705,1.79860
1.09309,1.90060
1.09600,2.00337
0.75755,-0.31183
0.76389,-0.30848
0.76822,-0.30457
0.77181,-0.30076
0.77539,-0.29582
0.77307,-0.28952
0.77643,-0.28281
0.78271,-0.27651
0.79420,-0.26762
0.80973,-0.25624
0.83236,-0.23847
0.85829,-0.21691
0.88619,-0.19305
0.91458,-0.16674
0.94510,-0.13648
0.97762,-0.10050
1.01275,-0.05513
1.04664,-0.00602
1.07939,0.04935
1.10941,0.11126
1.13639,0.18111
1.15961,0.25836
1.17817,0.34112
1.18969,0.42818
1.19931,0.51930
1.20857,0.61317
1.21325,0.70892
1.21398,0.80617
1.21212,0.90441
1.20734,1.00337
1.20029,1.10285
1.19318,1.20274
1.18593,1.30290
1.17804,1.40325
1.16924,1.50375
1.16176,1.60458
1.15565,1.70566
1.15074,1.80703
1.14694,1.90868
1.14512,2.01069
0.76883,-0.30090
0.77642,-0.29808
0.76585,-0.29750
0.76336,-0.29319
0.76665,-0.28748
0.77327,-0.28139
0.78205,-0.27544
0.79404,-0.26833
0.81240,-0.25597
0.83495,-0.23930
0.86068,-0.21742
0.88707,-0.19313
0.91404,-0.16777
0.94372,-0.13799
0.97446,-0.10560
1.00748,-0.06512
1.04180,-0.01810
1.07436,0.03207
1.10428,0.08786
1.13207,0.14931
1.15801,0.21797
1.18090,0.29266
1.20086,0.37292
1.21504,0.45701
1.22399,0.54487
1.23257,0.63653
1.23937,0.73056
1.24251,0.82601
1.24182,0.92248
1.23945,1.02000
1.23443,1.11813
1.22801,1.21681
1.22147,1.31595
1.21522,1.41550
1.20967,1.51549
1.20485,1.61580
1.20145,1.71659
1.19761,1.81756
1.19447,1.91884
1.19231,2.02059
0.76623,-0.29183
0.75672,-0.29377
0.75753,-0.29136
0.76355,-0.28683
0.76928,-0.28407
0.78283,-0.27596
0.79588,-0.26929
0.81315,-0.25801
0.83459,-0.24092
0.86020,-0.21803
0.88778,-0.19347
0.91592,-0.16780
0.94428,-0.13952
0.97320,-0.10938
1.00392,-0.07424
1.03787,-0.03009
1.07048,0.01799
1.10105,0.06889
1.12991,0.12440
1.15637,0.18528
1.18153,0.25322
1.20302,0.32661
1.22303,0.40556
1.23797,0.48756
1.24874,0.57306
1.25707,0.66158
1.26295,0.75374
1.26718,0.84763
1.26907,0.94292
1.26766,1.03910
1.26681,1.13607
1.26677,1.23386
1.26460,1.33217
1.26153,1.43096
1.25809,1.53037
1.24867,1.62975
1.24605,1.72999
1.24424,1.83075
1.23981,1.93152
1.23728,2.03288
0.74669,-0.28770
0.75020,-0.29022
0.75367,-0.29163
0.76782,-0.28498
0.78194,-0.27839
0.79500,-0.27156
0.81075,-0.26010
0.83251,-0.24298
0.86033,-0.21945
0.88716,-0.19519
0.91623,-0.16823
0.94409,-0.14208
0.97448,-0.11133
1.00310,-0.07978
1.03402,-0.04150
1.06743,0.00417
1.09854,0.05277
1.12638,0.10473
1.15252,0.16126
1.17679,0.22213
1.20122,0.28980
1.22325,0.36166
1.24389,0.43876
1.26084,0.51947
1.27081,0.60271
1.27742,0.68916
1.28301,0.77851
1.29072,0.87098
1.29641,0.96482
1.30068,1.06021
1.30363,1.15640
1.30439,1.25336
1.30165,1.35082
1.29138,1.44805
1.28269,1.54588
1.27341,1.64408
1.27905,1.74469
1.28214,1.84560
1.28328,1.94680
1.27630,2.04772
0.72922,-0.29185
0.74371,-0.29219
0.76003,-0.28842
0.77293,-0.28508
0.78888,-0.27516
0.80721,-0.26290
0.83138,-0.24536
0.85932,-0.22169
0.88795,-0.19684
0.91766,-0.16985
0.94642,-0.14390
0.97532,-0.11490
1.00188,-0.08630
1.03079,-0.05134
1.06282,-0.00748
1.09269,0.04063
1.12197,0.09096
1.15019,0.14421
1.17602,0.19972
1.19987,0.25947
1.22245,0.32680
1.24346,0.39818
1.25963,0.47390
1.27564,0.55406
1.28862,0.63571
1.29839,0.71977
1.30562,0.80630
1.31273,0.89590
1.32235,0.98882
1.32992,1.08294
1.33509,1.17794
1.34077,1.27443
1.34370,1.37154
1.32805,1.46756
1.30153,1.56261
1.29671,1.66066
1.29961,1.76057
1.30669,1.86163
1.31684,1.96387
1.30791,2.06476
0.71545,-0.29476
0.73390,-0.29905
0.75851,-0.29171
0.77820,-0.28148
0.80061,-0.26814
0.82828,-0.24807
0.85819,-0.22462
0.88876,-0.19959
0.92042,-0.17219
0.94874,-0.14621
0.97569,-0.11896
1.00261,-0.08926
1.02865,-0.05759
1.05509,-0.01953
1.08794,0.02874
1.11963,0.07781
1.14901,0.12772
1.17712,0.18256
1.20141,0.23814
1.22263,0.29941
1.24209,0.36491
1.26333,0.43676
1.28067,0.51002
1.29820,0.58826
1.31483,0.67009
1.32442,0.75213
1.33245,0.83735
1.33801,0.92416
1.34569,1.01431
1.35506,1.10740
1.36287,1.20145
1.36858,1.29669
1.37246,1.39304
1.37678,1.49029
1.34679,1.58445
1.31817,1.67879
1.32043,1.77844
1.33363,1.88080
1.33815,1.98269
1.32301,2.08277
0.70837,-0.29040
0.73878,-0.29025
0.76353,-0.28447
0.79253,-0.26975
0.82175,-0.25054
0.85112,-0.22925
0.88650,-0.20278
0.91994,-0.17565
0.94846,-0.14951
0.97488,-0.12384
1.00286,-0.09252
1.02477,-0.06338
1.05155,-0.02784
1.08344,0.01590
1.11758,0.06503
1.14754,0.11523
1.17494,0.16603
1.19801,0.22194
1.21917,0.27766
1.24224,0.33986
1.26232,0.40341
1.28618,0.47546
1.30571,0.54829
1.32272,0.62396
1.34031,0.70428
1.35547,0.78697
1.35982,0.86809
1.37019,0.95545
1.37241,1.04253
1.37461,1.13293
1.38486,1.22642
1.39141,1.32028
1.39372,1.41547
1.39501,1.51151
1.37180,1.60598
1.34751,1.70066
1.34318,1.79928
1.35979,1.90310
1.35006,2.00355
1.33030,2.10292
