-1.19214,-2.05695
-1.17981,-1.95562
-1.17045,-1.85895
-1.16387,-1.76434
-1.15978,-1.67363
-1.15634,-1.58370
-1.15506,-1.49000
-1.15517,-1.40036
-1.15415,-1.30834
-1.15376,-1.21529
-1.15385,-1.12632
-1.15368,-1.04245
-1.15342,-0.96203
-1.15270,-0.87829
-1.15106,-0.79484
-1.14828,-0.71105
-1.14477,-0.62608
-1.14002,-0.54826
-1.13348,-0.47452
-1.12459,-0.40264
-1.11466,-0.33921
-1.10166,-0.27199
-1.08522,-0.20419
-1.06499,-0.13900
-1.04119,-0.07875
-1.01577,-0.02477
-0.99141,0.01935
-0.96344,0.06254
-0.93387,0.10231
-0.90554,0.13584
-0.87953,0.16307
-0.85828,0.18321
-0.84371,0.19564
-0.82729,0.20865
-0.80842,0.22263
-0.79589,0.23135
-0.79034,0.23505
-0.79587,0.23136
-0.78856,0.23623
-0.76945,0.24807
-1.19201,-2.04051
-1.17946,-1.94322
-1.17080,-1.84525
-1.16431,-1.75009
-1.16071,-1.65490
-1.15683,-1.56482
-1.15549,-1.47185
-1.15534,-1.37823
-1.15420,-1.28569
-1.15381,-1.19335
-1.15393,-1.10105
-1.15377,-1.00945
-1.15328,-0.92222
-1.15213,-0.84192
-1.15004,-0.75943
-1.14682,-0.67619
-1.14302,-0.59232
-1.13704,-0.51071
-1.12892,-0.43504
-1.11852,-0.36204
-1.10676,-0.29655
-1.09218,-0.23082
-1.07409,-0.16587
-1.05068,-0.10145
-1.02528,-0.04389
-0.99841,0.00729
-0.97327,0.04811
-0.94416,0.08905
-0.91565,0.12433
-0.89045,0.15198
-0.86487,0.17724
-0.84846,0.19173
-0.83103,0.20576
-0.81248,0.21971
-0.80003,0.22852
-0.79381,0.23274
-0.79652,0.23093
-0.78465,0.23877
-0.77017,0.24765
-0.75465,0.25644
-1.19205,-2.02822
-1.17959,-1.93045
-1.17134,-1.83322
-1.16495,-1.73698
-1.16144,-1.63997
-1.15724,-1.54442
-1.15632,-1.45133
-1.15569,-1.35741
-1.15430,-1.26345
-1.15420,-1.16982
-1.15393,-1.07676
-1.15376,-0.98476
-1.15303,-0.89252
-1.15141,-0.80405
-1.14872,-0.71941
-1.14539,-0.63841
-1.14068,-0.55639
-1.13350,-0.47403
-1.12362,-0.39532
-1.11156,-0.32146
-1.09765,-0.25369
-1.08148,-0.19069
-1.06042,-0.12650
-1.03505,-0.06485
-1.00778,-0.00959
-0.98041,0.03719
-0.95310,0.07703
-0.92486,0.11343
-0.89905,0.14292
-0.87190,0.17056
-0.85219,0.18856
-0.83390,0.20351
-0.81622,0.21700
-0.80446,0.22543
-0.79941,0.22895
-0.79540,0.23167
-0.78065,0.24131
-0.76561,0.25032
-0.76110,0.25292
-0.75169,0.25802
-1.19285,-2.01695
-1.18011,-1.91873
-1.17194,-1.82133
-1.16568,-1.72378
-1.16138,-1.62625
-1.15796,-1.52952
-1.15677,-1.43277
-1.15528,-1.33620
-1.15441,-1.24227
-1.15422,-1.14795
-1.15399,-1.05310
-1.15366,-0.96001
-1.15273,-0.86751
-1.15070,-0.77585
-1.14741,-0.68788
-1.14369,-0.60262
-1.13793,-0.51977
-1.12941,-0.43832
-1.11799,-0.35834
-1.10398,-0.28255
-1.08727,-0.21162
-1.06845,-0.14876
-1.04493,-0.08748
-1.01768,-0.02848
-0.98849,0.02426
-0.96034,0.06697
-0.93413,0.10197
-0.90619,0.13511
-0.87916,0.16344
-0.85385,0.18711
-0.83651,0.20145
-0.82028,0.21398
-0.80989,0.22157
-0.80320,0.22631
-0.79179,0.23409
-0.77648,0.24388
-0.76518,0.25057
-0.76030,0.25337
-0.74930,0.25928
-0.73397,0.26708
-1.19435,-2.00641
-1.18198,-1.90781
-1.17348,-1.81027
-1.16682,-1.71263
-1.16084,-1.61493
-1.15897,-1.51635
-1.15697,-1.41850
-1.15524,-1.32078
-1.15444,-1.22385
-1.15427,-1.12756
-1.15401,-1.03215
-1.15359,-0.93693
-1.15237,-0.84323
-1.14999,-0.75093
-1.14637,-0.66004
-1.14192,-0.57327
-1.13519,-0.48950
-1.12539,-0.40756
-1.11258,-0.32674
-1.09608,-0.24668
-1.07614,-0.17235
-1.05342,-0.10828
-1.02762,-0.04877
-0.99876,0.00669
-0.96900,0.05447
-0.94021,0.09420
-0.91265,0.12781
-0.88513,0.15744
-0.85882,0.18273
-0.83917,0.19932
-0.82510,0.21033
-0.81474,0.21808
-0.80191,0.22721
-0.78639,0.23764
-0.77167,0.24676
-0.76197,0.25242
-0.75318,0.25723
-0.74283,0.26263
-0.73086,0.26860
-0.71349,0.27655
-1.19411,-2.00118
-1.18315,-1.89915
-1.17514,-1.79932
-1.16821,-1.70106
-1.16191,-1.60295
-1.15904,-1.50477
-1.15740,-1.40636
-1.15526,-1.30800
-1.15449,-1.20989
-1.15430,-1.11218
-1.15404,-1.01505
-1.15347,-0.91873
-1.15201,-0.82340
-1.14925,-0.72919
-1.14540,-0.63651
-1.14005,-0.54599
-1.13206,-0.46032
-1.12095,-0.37684
-1.10650,-0.29475
-1.08808,-0.21456
-1.06517,-0.13943
-1.03897,-0.07365
-1.01118,-0.01591
-0.98031,0.03734
-0.94854,0.08323
-0.91907,0.12033
-0.89063,0.15181
-0.86512,0.17701
-0.84405,0.19537
-0.82843,0.20778
-0.81407,0.21856
-0.79747,0.23028
-0.78129,0.24091
-0.76405,0.25122
-0.75406,0.25675
-0.74290,0.26259
-0.73261,0.26774
-0.71744,0.27482
-0.70699,0.27931
-0.69746,0.28306
-1.19249,-2.00106
-1.18226,-1.89871
-1.17464,-1.79737
-1.16653,-1.69676
-1.16231,-1.59617
-1.15958,-1.49579
-1.15751,-1.39562
-1.15531,-1.29698
-1.15452,-1.19836
-1.15431,-1.09967
-1.15402,-1.00143
-1.15333,-0.90371
-1.15164,-0.80673
-1.14852,-0.71076
-1.14445,-0.61608
-1.13822,-0.52249
-1.12869,-0.43223
-1.11600,-0.34611
-1.09979,-0.26284
-1.07934,-0.18311
-1.05379,-0.10920
-1.02485,-0.04296
-0.99378,0.01534
-0.96056,0.06667
-0.92771,0.10999
-0.89827,0.14378
-0.87206,0.17041
-0.84920,0.19112
-0.82816,0.20799
-0.81042,0.22120
-0.79147,0.23430
-0.77215,0.24648
-0.75516,0.25616
-0.74431,0.26187
-0.73277,0.26767
-0.72123,0.27314
-0.70874,0.27860
-0.69813,0.28280
-0.68856,0.28636
-0.67785,0.29001
-1.18904,-2.00205
-1.17925,-1.89977
-1.17258,-1.79759
-1.16707,-1.69565
-1.16140,-1.59439
-1.15897,-1.49297
-1.15716,-1.39173
-1.15519,-1.29077
-1.15473,-1.18995
-1.15428,-1.08940
-1.15399,-0.98945
-1.15316,-0.89014
-1.15123,-0.79113
-1.14772,-0.69279
-1.14334,-0.59536
-1.13621,-0.49944
-1.12524,-0.40633
-1.11081,-0.31702
-1.09247,-0.23167
-1.06920,-0.15086
-1.04037,-0.07683
-1.00878,-0.01142
-0.97512,0.04532
-0.94062,0.09369
-0.90806,0.13305
-0.87871,0.16389
-0.85111,0.18949
-0.82595,0.20969
-0.80415,0.22565
-0.78328,0.23966
-0.76315,0.25175
-0.74592,0.26104
-0.73384,0.26714
-0.72163,0.27295
-0.70846,0.27871
-0.69605,0.28360
-0.68512,0.28759
-0.67512,0.29089
-0.66292,0.29466
-0.64974,0.29818
-1.18156,-1.99984
-1.17379,-1.89783
-1.16826,-1.79560
-1.16394,-1.69333
-1.15925,-1.59116
-1.15813,-1.48877
-1.15664,-1.38650
-1.15490,-1.28433
-1.15449,-1.18208
-1.15416,-1.07990
-1.15388,-0.97783
-1.15294,-0.87595
-1.15074,-0.77444
-1.14686,-0.67361
-1.14195,-0.57345
-1.13366,-0.47486
-1.12123,-0.37871
-1.10472,-0.28601
-1.08359,-0.19807
-1.05657,-0.11632
-1.02456,-0.04237
-0.98997,0.02179
-0.95379,0.07609
-0.91750,0.12218
-0.88337,0.15923
-0.85187,0.18883
-0.82291,0.21200
-0.79738,0.23035
-0.77443,0.24511
-0.75246,0.25761
-0.73418,0.26698
-0.72041,0.27350
-0.70707,0.27928
-0.69262,0.28490
-0.68079,0.28905
-0.66989,0.29254
-0.65848,0.29594
-0.64619,0.29902
-0.63364,0.30182
-0.62257,0.30397
-1.17176,-1.98423
-1.16590,-1.88391
-1.16277,-1.78302
-1.15987,-1.68146
-1.15787,-1.57951
-1.15607,-1.47725
-1.15611,-1.37456
-1.15456,-1.27175
-1.15430,-1.16842
-1.15398,-1.06479
-1.15368,-0.96087
-1.15255,-0.85674
-1.14998,-0.75261
-1.14589,-0.64860
-1.13991,-0.54505
-1.12995,-0.44282
-1.11543,-0.34314
-1.09617,-0.24721
-1.07124,-0.15699
-1.03956,-0.07502
-1.00367,-0.00206
-0.96487,0.06050
-0.92516,0.11307
-0.88680,0.15575
-0.85142,0.18923
-0.81882,0.21508
-0.78966,0.23551
-0.76340,0.25160
-0.73955,0.26429
-0.72063,0.27341
-0.70461,0.28026
-0.69031,0.28573
-0.67633,0.29050
-0.66441,0.29421
-0.65419,0.29709
-0.64273,0.29982
-0.63075,0.30245
-0.61856,0.30467
-0.60871,0.30623
-0.59931,0.30739
-1.16171,-1.94115
-1.15738,-1.84383
-1.15551,-1.74570
-1.15470,-1.64645
-1.15494,-1.54643
-1.15444,-1.44558
-1.15485,-1.34379
-1.15377,-1.24106
-1.15386,-1.13728
-1.15378,-1.03246
-1.15329,-0.92644
-1.15169,-0.81963
-1.14839,-0.71242
-1.14372,-0.60471
-1.13588,-0.49750
-1.12313,-0.39211
-1.10516,-0.28857
-1.08138,-0.19038
-1.05026,-0.10043
-1.01335,-0.02007
-0.97237,0.04946
-0.92970,0.10753
-0.88765,0.15488
-0.84808,0.19205
-0.81175,0.22024
-0.77971,0.24190
-0.75131,0.25822
-0.72615,0.27087
-0.70596,0.27972
-0.68942,0.28605
-0.67459,0.29106
-0.66153,0.29507
-0.65041,0.29802
-0.64006,0.30043
-0.62905,0.30277
-0.61781,0.30480
-0.60864,0.30624
-0.60066,0.30723
-0.59878,0.30746
-0.59566,0.30781
-1.15340,-1.84347
-1.15255,-1.74615
-1.15256,-1.65653
-1.15280,-1.56132
-1.15353,-1.46439
-1.15370,-1.36586
-1.15318,-1.26604
-1.15354,-1.16515
-1.15354,-1.06190
-1.15338,-0.95612
-1.15222,-0.84848
-1.14933,-0.73885
-1.14480,-0.62777
-1.13744,-0.51647
-1.12507,-0.40664
-1.10737,-0.30008
-1.08337,-0.19770
-1.05117,-0.10270
-1.01239,-0.01826
-0.96898,0.05449
-0.92360,0.11495
-0.87891,0.16370
-0.83657,0.20140
-0.79815,0.22982
-0.76438,0.25104
-0.73499,0.26658
-0.71019,0.27797
-0.68995,0.28586
-0.67305,0.29155
-0.65812,0.29604
-0.64620,0.29902
-0.63592,0.30134
-0.62549,0.30344
-0.61534,0.30522
-0.60721,0.30642
-0.60047,0.30726
-0.59826,0.30752
-0.59503,0.30788
-0.59584,0.30779
-0.59545,0.30783
-1.15950,-1.65719
-1.15809,-1.56763
-1.15630,-1.47659
-1.15621,-1.38370
-1.15454,-1.28968
-1.15394,-1.19347
-1.15394,-1.09403
-1.15370,-0.99064
-1.15283,-0.88692
-1.15060,-0.77943
-1.14656,-0.67109
-1.14078,-0.56057
-1.13033,-0.44808
-1.11438,-0.33863
-1.09269,-0.23365
-1.06364,-0.13550
-1.02682,-0.04717
-0.98433,0.03098
-0.93796,0.09708
-0.89095,0.15147
-0.84566,0.19405
-0.80358,0.22605
-0.76645,0.24984
-0.73437,0.26688
-0.70704,0.27929
-0.68459,0.28778
-0.66617,0.29368
-0.65112,0.29785
-0.63877,0.30071
-0.62878,0.30282
-0.61996,0.30443
-0.61137,0.30585
-0.60473,0.30673
-0.59947,0.30738
-0.59743,0.30761
-0.59693,0.30767
-0.59676,0.30769
-0.59580,0.30779
-0.59451,0.30794
-0.59308,0.30809
-1.15707,-1.28566
-1.15588,-1.19532
-1.15522,-1.10421
-1.15468,-1.01008
-1.15386,-0.91379
-1.15205,-0.81372
-1.14847,-0.70859
-1.14368,-0.60314
-1.13603,-0.49972
-1.12365,-0.39680
-1.10596,-0.29399
-1.08239,-0.19493
-1.05118,-0.10310
-1.01452,-0.02250
-0.97409,0.04683
-0.92986,0.10730
-0.88435,0.15821
-0.83911,0.19937
-0.79651,0.23094
-0.75807,0.25459
-0.72480,0.27152
-0.69682,0.28331
-0.67388,0.29129
-0.65523,0.29683
-0.64021,0.30039
-0.62830,0.30292
-0.61893,0.30461
-0.61133,0.30585
-0.60473,0.30673
-0.59904,0.30743
-0.59450,0.30794
-0.59062,0.30831
-0.58872,0.30848
-0.58812,0.30854
-0.58744,0.30860
-0.58665,0.30867
-0.58574,0.30874
-0.58532,0.30878
-0.58483,0.30882
-0.58432,0.30886
-1.14437,-0.61074
-1.13685,-0.50670
-1.12567,-0.41027
-1.10985,-0.31340
-1.08794,-0.21540
-1.05935,-0.12409
-1.02371,-0.04092
-0.98354,0.03217
-0.93856,0.09631
-0.89001,0.15242
-0.83885,0.19957
-0.78789,0.23666
-0.73992,0.26411
-0.69632,0.28350
-0.65841,0.29596
-0.62678,0.30320
-0.60225,0.30704
-0.58466,0.30883
-0.57324,0.30967
-0.56680,0.30997
-0.56377,0.31005
-0.56295,0.31007
-0.56352,0.31006
-0.56472,0.31003
-0.56609,0.30999
-0.56738,0.30995
-0.56830,0.30992
-0.56896,0.30990
-0.56930,0.30989
-0.57076,0.30981
-0.57284,0.30969
-0.57457,0.30958
-0.57525,0.30954
-0.57502,0.30955
-0.57547,0.30952
-0.57375,0.30964
-0.57211,0.30974
-0.57034,0.30983
-0.56874,0.30991
-0.56959,0.30988
-0.89547,0.14672
-0.82230,0.21246
-0.74007,0.26404
-0.65343,0.29728
-0.57419,0.30961
-0.50405,0.30696
-0.44649,0.29453
-0.40040,0.27889
-0.36367,0.26304
-0.33476,0.24864
-0.31211,0.23576
-0.29591,0.22567
-0.28562,0.21907
-0.28176,0.21654
-0.28419,0.21813
-0.29277,0.22368
-0.30709,0.23266
-0.32654,0.24426
-0.35028,0.25661
-0.37654,0.26889
-0.40337,0.28004
-0.42912,0.28935
-0.45267,0.29619
-0.47344,0.30131
-0.49120,0.30513
-0.50611,0.30720
-0.51847,0.30853
-0.52813,0.30925
-0.53613,0.30968
-0.54177,0.30988
-0.54609,0.31000
-0.54900,0.31006
-0.55171,0.31010
-0.55510,0.31012
-0.55854,0.31011
-0.55993,0.31010
-0.56203,0.31010
-0.56238,0.31009
-0.56306,0.31007
-0.56180,0.31010
-0.14179,0.11059
-0.11799,0.09056
-0.09446,0.07047
-0.07259,0.05162
-0.05546,0.03679
-0.03853,0.02209
-0.02547,0.01075
-0.01570,0.00228
-0.00887,-0.00365
-0.00580,-0.00632
-0.00688,-0.00538
-0.01356,0.00042
-0.02468,0.01006
-0.04096,0.02420
-0.06312,0.04343
-0.09060,0.06716
-0.12277,0.09461
-0.15890,0.12454
-0.19804,0.15552
-0.23893,0.18627
-0.27988,0.21526
-0.31968,0.24034
-0.35741,0.26012
-0.39152,0.27534
-0.42143,0.28669
-0.44703,0.29468
-0.46820,0.30008
-0.48527,0.30392
-0.49943,0.30637
-0.51034,0.30769
-0.51932,0.30860
-0.52584,0.30910
-0.53143,0.30946
-0.53486,0.30963
-0.53964,0.30981
-0.54519,0.30997
-0.55114,0.31009
-0.55744,0.31012
-0.56114,0.31009
-0.56405,0.31005
0.12990,-0.11872
0.13905,-0.12583
0.14856,-0.13314
0.15915,-0.14111
0.16595,-0.14621
0.17053,-0.14962
0.17257,-0.15113
0.17174,-0.15051
0.16804,-0.14777
0.16240,-0.14356
0.15126,-0.13517
0.13744,-0.12457
0.11950,-0.11057
0.09548,-0.09148
0.06570,-0.06718
0.03138,-0.03832
-0.00754,-0.00480
-0.05026,0.03228
-0.09580,0.07162
-0.14299,0.11157
-0.19054,0.14969
-0.23682,0.18472
-0.28059,0.21577
-0.32142,0.24138
-0.35874,0.26075
-0.39154,0.27535
-0.41967,0.28607
-0.44337,0.29367
-0.46270,0.29874
-0.47839,0.30243
-0.49145,0.30517
-0.50172,0.30667
-0.51111,0.30778
-0.51815,0.30850
-0.52370,0.30896
-0.52803,0.30924
-0.53314,0.30955
-0.53897,0.30979
-0.54539,0.30998
-0.55213,0.31011
0.27928,-0.22311
0.28182,-0.22469
0.28448,-0.22634
0.28595,-0.22725
0.28361,-0.22580
0.28156,-0.22453
0.27764,-0.22209
0.27089,-0.21786
0.26283,-0.21276
0.25062,-0.20494
0.23704,-0.19609
0.21979,-0.18460
0.19864,-0.16999
0.17467,-0.15268
0.14454,-0.13006
0.10927,-0.10250
0.06933,-0.07017
0.02529,-0.03311
-0.02188,0.00764
-0.07104,0.05028
-0.12071,0.09287
-0.16966,0.13319
-0.21675,0.16979
-0.26089,0.20206
-0.30154,0.22921
-0.33796,0.25033
-0.37020,0.26604
-0.39852,0.27816
-0.42229,0.28699
-0.44177,0.29322
-0.45695,0.29730
-0.47006,0.30052
-0.48166,0.30315
-0.49074,0.30504
-0.49889,0.30630
-0.50538,0.30712
-0.51031,0.30769
-0.51478,0.30818
-0.52047,0.30871
-0.52708,0.30917
0.36871,-0.26875
0.36925,-0.26896
0.36664,-0.26793
0.36250,-0.26624
0.35655,-0.26374
0.35095,-0.26135
0.34484,-0.25861
0.33587,-0.25450
0.32561,-0.24964
0.31249,-0.24282
0.29809,-0.23450
0.27917,-0.22304
0.25814,-0.20977
0.23262,-0.19317
0.20327,-0.17325
0.16953,-0.14887
0.13050,-0.11918
0.08694,-0.08459
0.03973,-0.04541
-0.00974,-0.00289
-0.06020,0.04090
-0.11014,0.08389
-0.15842,0.12416
-0.20444,0.16044
-0.24717,0.19228
-0.28613,0.21941
-0.32026,0.24069
-0.35046,0.25670
-0.37734,0.26924
-0.40032,0.27886
-0.41827,0.28557
-0.43267,0.29048
-0.44458,0.29401
-0.45619,0.29710
-0.46442,0.29916
-0.47274,0.30114
-0.47967,0.30271
-0.48520,0.30390
-0.48906,0.30471
-0.49308,0.30545
0.43001,-0.28974
0.42519,-0.28829
0.42097,-0.28698
0.41751,-0.28589
0.41443,-0.28491
0.40793,-0.28280
0.39899,-0.27981
0.38937,-0.27648
0.37815,-0.27240
0.36534,-0.26741
0.35023,-0.26103
0.33193,-0.25267
0.31132,-0.24215
0.28646,-0.22755
0.25846,-0.20997
0.22510,-0.18817
0.18763,-0.16215
0.14530,-0.13064
0.09885,-0.09418
0.04938,-0.05356
-0.00138,-0.01012
-0.05204,0.03382
-0.10117,0.07622
-0.14779,0.11553
-0.19182,0.15069
-0.23253,0.18156
-0.26927,0.20792
-0.30144,0.22915
-0.32836,0.24524
-0.35222,0.25758
-0.37392,0.26771
-0.39129,0.27524
-0.40419,0.28035
-0.41462,0.28427
-0.42290,0.28721
-0.43155,0.29013
-0.43796,0.29209
-0.44512,0.29416
-0.45086,0.29571
-0.45579,0.29700
0.46469,-0.29779
0.46322,-0.29751
0.46252,-0.29737
0.46340,-0.29754
0.45856,-0.29657
0.45196,-0.29512
0.44593,-0.29374
0.43834,-0.29194
0.42744,-0.28897
0.41466,-0.28498
0.40042,-0.28030
0.38376,-0.27448
0.36417,-0.26693
0.34100,-0.25686
0.31382,-0.24355
0.28289,-0.22535
0.24709,-0.20265
0.20652,-0.17552
0.16156,-0.14292
0.11293,-0.10540
0.06206,-0.06416
0.01083,-0.02070
-0.03918,0.02265
-0.08674,0.06383
-0.13105,0.10162
-0.17238,0.13536
-0.21034,0.16494
-0.24440,0.19028
-0.27445,0.21155
-0.29892,0.22759
-0.31927,0.24009
-0.33750,0.25009
-0.35369,0.25831
-0.36646,0.26433
-0.37533,0.26835
-0.38192,0.27126
-0.38650,0.27325
-0.39409,0.27639
-0.39920,0.27842
-0.40264,0.27976
0.50512,-0.30376
0.50143,-0.30334
0.49786,-0.30292
0.49454,-0.30252
0.49156,-0.30214
0.48893,-0.30180
0.48593,-0.30142
0.47796,-0.30019
0.46994,-0.29879
0.46075,-0.29701
0.44809,-0.29424
0.43357,-0.29069
0.41670,-0.28563
0.39688,-0.27909
0.37306,-0.27044
0.34498,-0.25867
0.31209,-0.24261
0.27518,-0.22054
0.23356,-0.19379
0.18746,-0.16203
0.13840,-0.12532
0.08798,-0.08543
0.03814,-0.04406
-0.00971,-0.00292
-0.05460,0.03604
-0.09603,0.07181
-0.13388,0.10401
-0.16855,0.13229
-0.19929,0.15650
-0.22656,0.17714
-0.24871,0.19339
-0.26574,0.20548
-0.27948,0.21500
-0.29261,0.22358
-0.30365,0.23054
-0.31188,0.23563
-0.31508,0.23757
-0.31910,0.23999
-0.32033,0.24073
-0.32540,0.24363
0.53291,-0.30608
0.53022,-0.30591
0.52720,-0.30571
0.52444,-0.30552
0.52017,-0.30517
0.51600,-0.30479
0.51195,-0.30443
0.50800,-0.30406
0.50333,-0.30355
0.49588,-0.30268
0.48780,-0.30165
0.47750,-0.30011
0.46534,-0.29791
0.45110,-0.29492
0.43364,-0.29071
0.41256,-0.28431
0.38681,-0.27557
0.35632,-0.26364
0.32118,-0.24745
0.28233,-0.22500
0.23964,-0.19779
0.19419,-0.16683
0.14806,-0.13275
0.10269,-0.09726
0.05972,-0.06222
0.02029,-0.02883
-0.01533,0.00196
-0.04716,0.02959
-0.07568,0.05430
-0.10020,0.07540
-0.12058,0.09277
-0.13744,0.10699
-0.15183,0.11882
-0.16182,0.12690
-0.17123,0.13444
-0.17866,0.14035
-0.18429,0.14479
-0.18722,0.14709
-0.18740,0.14723
-0.18669,0.14668
0.54004,-0.30648
0.53870,-0.30641
0.53620,-0.30627
0.53351,-0.30611
0.53090,-0.30595
0.52824,-0.30578
0.52603,-0.30563
0.52516,-0.30557
0.52453,-0.30552
0.52339,-0.30545
0.52172,-0.30531
0.51832,-0.30501
0.51389,-0.30461
0.50714,-0.30398
0.49847,-0.30299
0.48690,-0.30153
0.47213,-0.29918
0.45388,-0.29554
0.43215,-0.29032
0.40705,-0.28251
0.37868,-0.27260
0.34789,-0.25998
0.31576,-0.24459
0.28451,-0.22633
0.25478,-0.20760
0.22721,-0.18957
0.20338,-0.17332
0.18271,-0.15862
0.16568,-0.14600
0.15143,-0.13530
0.14018,-0.12670
0.13055,-0.11922
0.12327,-0.11354
0.11873,-0.10996
0.11512,-0.10713
0.11250,-0.10506
0.11016,-0.10320
0.11005,-0.10311
0.10935,-0.10256
0.10889,-0.10219
0.54040,-0.30649
0.54213,-0.30658
0.54347,-0.30664
0.54374,-0.30666
0.54586,-0.30675
0.54775,-0.30683
0.54939,-0.30690
0.55199,-0.30700
0.55465,-0.30709
0.55728,-0.30718
0.55986,-0.30724
0.56246,-0.30726
0.56458,-0.30726
0.56609,-0.30725
0.56620,-0.30725
0.56591,-0.30725
0.56482,-0.30726
0.56334,-0.30726
0.56186,-0.30726
0.56078,-0.30725
0.56047,-0.30725
0.56133,-0.30726
0.56394,-0.30726
0.56871,-0.30724
0.57684,-0.30714
0.58819,-0.30686
0.60214,-0.30616
0.61852,-0.30482
0.63650,-0.30261
0.65593,-0.29973
0.67634,-0.29589
0.69768,-0.29091
0.71956,-0.28450
0.74192,-0.27662
0.76519,-0.26689
0.78953,-0.25551
0.81471,-0.24242
0.84056,-0.22740
0.86709,-0.20987
0.89362,-0.19003
0.55867,-0.30721
0.56431,-0.30726
0.56827,-0.30724
0.57244,-0.30721
0.57678,-0.30714
0.58079,-0.30706
0.58466,-0.30697
0.58927,-0.30683
0.59416,-0.30661
0.59941,-0.30632
0.60496,-0.30597
0.61072,-0.30556
0.61725,-0.30496
0.62514,-0.30406
0.63416,-0.30293
0.64453,-0.30149
0.65747,-0.29948
0.67367,-0.29643
0.69408,-0.29180
0.71916,-0.28464
0.74949,-0.27354
0.78495,-0.25774
0.82525,-0.23649
0.86950,-0.20816
0.91555,-0.17139
0.96011,-0.12615
1.00148,-0.07310
1.03952,-0.01234
1.07168,0.05350
1.09853,0.12137
1.12067,0.18911
1.13800,0.25485
1.15149,0.31749
1.16162,0.37706
1.16946,0.43349
1.17529,0.48715
1.17940,0.53811
1.18201,0.58690
1.18367,0.63476
1.18435,0.68222
0.58030,-0.30708
0.58400,-0.30699
0.59013,-0.30681
0.59605,-0.30651
0.60264,-0.30612
0.60998,-0.30562
0.61796,-0.30488
0.62577,-0.30398
0.63347,-0.30302
0.64172,-0.30189
0.65022,-0.30063
0.66004,-0.29902
0.67090,-0.29698
0.68331,-0.29435
0.69894,-0.29060
0.71817,-0.28497
0.74211,-0.27654
0.77198,-0.26384
0.80794,-0.24610
0.85018,-0.22132
0.89730,-0.18705
0.94710,-0.14043
0.99674,-0.07988
1.04298,-0.00595
1.08358,0.08216
1.11852,0.18207
1.14545,0.28794
1.16465,0.39723
1.17708,0.50724
1.18300,0.61501
1.18445,0.71926
1.18188,0.81958
1.17613,0.91155
1.16821,0.99996
1.15871,1.08367
1.14823,1.16309
1.13995,1.23862
1.13223,1.30553
1.12726,1.36960
1.12369,1.43048
0.59860,-0.30637
0.60629,-0.30588
0.61444,-0.30524
0.62383,-0.30421
0.63298,-0.30308
0.64182,-0.30188
0.65047,-0.30059
0.65951,-0.29911
0.66838,-0.29746
0.67880,-0.29538
0.69076,-0.29261
0.70343,-0.28945
0.71822,-0.28495
0.73586,-0.27886
0.75631,-0.27070
0.78215,-0.25907
0.81382,-0.24291
0.85138,-0.22055
0.89469,-0.18917
0.94160,-0.14617
0.98944,-0.08994
1.03543,-0.01952
1.07646,0.06481
1.11202,0.16118
1.14072,0.26667
1.16203,0.37967
1.17620,0.49687
1.18290,0.61305
1.18436,0.72827
1.18075,0.84129
1.17246,0.95138
1.16038,1.05807
1.14890,1.16083
1.14099,1.25976
1.13830,1.35521
1.13784,1.44747
1.14106,1.53700
1.14646,1.62394
1.15423,1.70799
1.16316,1.78888
0.62715,-0.30381
0.63710,-0.30253
0.64692,-0.30113
0.65557,-0.29979
0.66547,-0.29802
0.67471,-0.29622
0.68320,-0.29437
0.69257,-0.29217
0.70358,-0.28941
0.71527,-0.28593
0.72796,-0.28165
0.74338,-0.27602
0.76056,-0.26890
0.78060,-0.25982
0.80632,-0.24696
0.83688,-0.22964
0.87166,-0.20661
0.91159,-0.17493
0.95510,-0.13182
0.99928,-0.07628
1.04188,-0.00802
1.07969,0.07256
1.11265,0.16316
1.13970,0.26225
1.16023,0.36824
1.17448,0.47853
1.18208,0.59120
1.18444,0.70506
1.18197,0.81692
1.17461,0.92722
1.16320,1.03592
1.15092,1.14262
1.14179,1.24716
1.13657,1.34992
1.13255,1.45120
1.13004,1.55116
1.12794,1.64996
1.12871,1.74767
1.13307,1.84285
1.14017,1.93917
0.66616,-0.29789
0.67630,-0.29590
0.68567,-0.29381
0.69421,-0.29177
0.70077,-0.29013
0.70836,-0.28807
0.71731,-0.28525
0.72693,-0.28200
0.73652,-0.27862
0.74877,-0.27384
0.76279,-0.26793
0.77766,-0.26121
0.79665,-0.25196
0.82146,-0.23865
0.85000,-0.22144
0.88172,-0.19921
0.91724,-0.16987
0.95652,-0.13023
0.99651,-0.08021
1.03596,-0.01861
1.07214,0.05462
1.10408,0.13727
1.13123,0.22762
1.15270,0.32426
1.16849,0.42553
1.17881,0.53013
1.18347,0.63673
1.18415,0.74432
1.18013,0.85203
1.17161,0.95955
1.15925,1.06618
1.14794,1.17152
1.13957,1.27570
1.13444,1.37914
1.13062,1.48213
1.12776,1.58469
1.12560,1.68682
1.12500,1.78835
1.12598,1.88978
1.12929,1.98927
0.70398,-0.28931
0.70818,-0.28812
0.71377,-0.28642
0.71931,-0.28458
0.72637,-0.28220
0.73501,-0.27916
0.74264,-0.27632
0.75089,-0.27296
0.76302,-0.26784
0.77452,-0.26267
0.78806,-0.25621
0.80548,-0.24741
0.82946,-0.23405
0.85599,-0.21751
0.88522,-0.19655
0.91808,-0.16911
0.95371,-0.13334
0.99098,-0.08790
1.02701,-0.03378
1.06093,0.02979
1.09196,0.10364
1.11950,0.18533
1.14221,0.27334
1.15997,0.36665
1.17297,0.46376
1.18079,0.56372
1.18405,0.66553
1.18366,0.76836
1.17885,0.87191
1.17000,0.97571
1.15729,1.07946
1.14662,1.18243
1.13938,1.28481
1.13497,1.38687
1.13220,1.48902
1.13171,1.59108
1.13487,1.69306
1.13905,1.79520
1.14524,1.89750
1.15234,2.00014
0.72369,-0.28311
0.73082,-0.28065
0.73655,-0.27861
0.74451,-0.27557
0.74949,-0.27354
0.75550,-0.27104
0.76378,-0.26750
0.77311,-0.26331
0.78027,-0.25998
0.79023,-0.25516
0.80639,-0.24693
0.82963,-0.23395
0.85688,-0.21691
0.88635,-0.19569
0.91786,-0.16931
0.95044,-0.13688
0.98558,-0.09503
1.01965,-0.04566
1.05179,0.01100
1.08083,0.07533
1.10753,0.14744
1.13104,0.22691
1.15037,0.31185
1.16526,0.40171
1.17607,0.49545
1.18210,0.59186
1.18436,0.69004
1.18296,0.78947
1.17753,0.88999
1.16835,0.99103
1.15605,1.09227
1.14552,1.19319
1.13863,1.29388
1.13411,1.39464
1.13129,1.49542
1.13051,1.59613
1.13454,1.69640
1.14336,1.79490
1.15393,1.89488
1.16607,1.99607
0.74557,-0.27515
0.75172,-0.27262
0.75640,-0.27066
0.76046,-0.26894
0.76488,-0.26703
0.76489,-0.26702
0.76974,-0.26486
0.77692,-0.26155
0.78925,-0.25564
0.80571,-0.24729
0.82999,-0.23374
0.85790,-0.21622
0.88738,-0.19490
0.91702,-0.17008
0.94778,-0.13971
0.97964,-0.10264
1.01326,-0.05560
1.04405,-0.00395
1.07206,0.05445
1.09747,0.11853
1.12072,0.18946
1.14081,0.26708
1.15714,0.34961
1.16971,0.43525
1.17850,0.52571
1.18302,0.61995
1.18443,0.71547
1.18203,0.81235
1.17600,0.91030
1.16633,1.00890
1.15450,1.10785
1.14401,1.20695
1.13788,1.30604
1.13297,1.40545
1.12970,1.50534
1.12760,1.60577
1.12659,1.70658
1.12941,1.80772
1.13494,1.90910
1.14620,2.01064
0.75797,-0.26999
0.76503,-0.26696
0.75652,-0.27062
0.75570,-0.27096
0.76016,-0.26907
0.76756,-0.26585
0.77672,-0.26165
0.78888,-0.25582
0.80793,-0.24611
0.83164,-0.23277
0.85941,-0.21521
0.88794,-0.19447
0.91624,-0.17079
0.94637,-0.14121
0.97597,-0.10724
1.00715,-0.06481
1.03802,-0.01500
1.06507,0.03873
1.08950,0.09722
1.11184,0.16063
1.13203,0.23076
1.14928,0.30628
1.16316,0.38717
1.17371,0.47078
1.18047,0.55758
1.18371,0.64889
1.18418,0.74258
1.18096,0.83747
1.17406,0.93320
1.16392,1.02997
1.15255,1.12698
1.14281,1.22421
1.13741,1.32163
1.13237,1.41952
1.12776,1.51807
1.12460,1.61757
1.12275,1.71776
1.12293,1.81834
1.12649,1.91957
1.13446,2.02165
0.75851,-0.26976
0.74994,-0.27336
0.75132,-0.27278
0.75774,-0.27010
0.76340,-0.26767
0.77720,-0.26142
0.79005,-0.25525
0.80778,-0.24618
0.83073,-0.23330
0.85881,-0.21562
0.88827,-0.19421
0.91736,-0.16976
0.94599,-0.14160
0.97375,-0.10997
1.00198,-0.07238
1.03211,-0.02525
1.05926,0.02625
1.08299,0.08068
1.10468,0.13903
1.12428,0.20184
1.14175,0.27132
1.15642,0.34534
1.16842,0.42497
1.17704,0.50674
1.18209,0.59150
1.18424,0.67918
1.18360,0.77035
1.17941,0.86346
1.17179,0.95788
1.16088,1.05291
1.15030,1.14857
1.14194,1.24491
1.13723,1.34139
1.13302,1.43835
1.12918,1.53582
1.12396,1.63261
1.11977,1.73086
1.11859,1.83074
1.12030,1.93108
1.12752,2.03285
0.74305,-0.27616
0.74538,-0.27522
0.74796,-0.27417
0.76189,-0.26833
0.77568,-0.26213
0.78857,-0.25597
0.80514,-0.24759
0.82836,-0.23469
0.85832,-0.21596
0.88711,-0.19511
0.91736,-0.16977
0.94476,-0.14289
0.97351,-0.11027
0.99936,-0.07616
1.02633,-0.03489
1.05360,0.01460
1.07736,0.06694
1.09851,0.12142
1.11784,0.17984
1.13490,0.24218
1.15028,0.31139
1.16275,0.38448
1.17285,0.46262
1.17968,0.54360
1.18319,0.62577
1.18444,0.71067
1.18260,0.79874
1.17748,0.89076
1.16917,0.98394
1.15774,1.07849
1.14777,1.17315
1.14106,1.26809
1.13701,1.36323
1.13347,1.45780
1.13025,1.55316
1.12549,1.64877
1.12254,1.74775
1.11840,1.84604
1.11843,1.94571
1.12500,2.04693
0.72648,-0.28216
0.73921,-0.27764
0.75429,-0.27155
0.76614,-0.26649
0.78241,-0.25895
0.80134,-0.24956
0.82659,-0.23572
0.85668,-0.21704
0.88692,-0.19525
0.91750,-0.16964
0.94521,-0.14242
0.97235,-0.11168
0.99617,-0.08070
1.02131,-0.04302
1.04814,0.00387
1.07217,0.05472
1.09370,0.10830
1.11311,0.16460
1.12990,0.22254
1.14457,0.28400
1.15763,0.35248
1.16839,0.42479
1.17650,0.50031
1.18160,0.58059
1.18398,0.66187
1.18414,0.74506
1.18131,0.83044
1.17530,0.91915
1.16608,1.01177
1.15472,1.10511
1.14493,1.19852
1.14021,1.29289
1.13693,1.38775
1.13409,1.48024
1.13070,1.57134
1.12777,1.66723
1.12422,1.76560
1.12448,1.86534
1.12756,1.96695
1.12744,2.06505
0.71334,-0.28653
0.72879,-0.28136
0.75205,-0.27248
0.77162,-0.26400
0.79425,-0.25317
0.82319,-0.23767
0.85466,-0.21838
0.88627,-0.19575
0.91812,-0.16907
0.94542,-0.14220
0.97077,-0.11360
0.99523,-0.08201
1.01805,-0.04817
1.04152,-0.00870
1.06716,0.04335
1.08933,0.09678
1.10854,0.15051
1.12609,0.20839
1.14055,0.26593
1.15336,0.32788
1.16414,0.39383
1.17329,0.46678
1.17948,0.54036
1.18300,0.61912
1.18443,0.70120
1.18325,0.78210
1.17925,0.86603
1.17244,0.95140
1.16276,1.04052
1.15190,1.13270
1.14280,1.22508
1.13949,1.31794
1.13698,1.41196
1.13525,1.50733
1.13380,1.59665
1.13086,1.68699
1.12866,1.78532
1.13017,1.88767
1.13251,1.98827
1.13075,2.08411
0.70784,-0.28823
0.73540,-0.27902
0.75842,-0.26980
0.78718,-0.25666
0.81723,-0.24102
0.84766,-0.22293
0.88340,-0.19794
0.91631,-0.17072
0.94382,-0.14387
0.96828,-0.11658
0.99398,-0.08376
1.01433,-0.05395
1.03731,-0.01625
1.06174,0.03153
1.08504,0.08580
1.10490,0.13968
1.12192,0.19354
1.13694,0.25057
1.14948,0.30729
1.16070,0.37117
1.16976,0.43567
1.17728,0.50962
1.18174,0.58338
1.18393,0.65932
1.18420,0.73999
1.18171,0.82255
1.17672,0.90139
1.16884,0.98779
1.15875,1.07251
1.14897,1.16040
1.14158,1.25221
1.13886,1.34369
1.13703,1.43629
1.13639,1.52996
1.13577,1.62005
1.13483,1.71099
1.13314,1.80795
1.13654,1.91211
1.13881,2.01134
1.13498,2.10526
