-0.64965,1.36102
-0.64958,1.36102
-0.64950,1.36102
-0.64942,1.36102
-0.64932,1.36103
-0.64920,1.36103
-0.64906,1.36103
-0.64889,1.36104
-0.64868,1.36104
-0.64842,1.36105
-0.64810,1.36106
-0.64770,1.36107
-0.64719,1.36108
-0.64653,1.36110
-0.64569,1.36112
-0.64463,1.36114
-0.64332,1.36117
-0.64174,1.36120
-0.63994,1.36123
-0.63797,1.36126
-0.63590,1.36128
-0.63379,1.36129
-0.63167,1.36130
-0.62957,1.36130
-0.62755,1.36130
-0.62571,1.36129
-0.62415,1.36128
-0.62292,1.36126
-0.62201,1.36125
-0.62135,1.36125
-0.62087,1.36124
-0.62051,1.36123
-0.62025,1.36123
-0.62004,1.36123
-0.61987,1.36122
-0.61973,1.36122
-0.61961,1.36122
-0.61950,1.36122
-0.61941,1.36122
-0.61931,1.36122
-0.64970,1.36101
-0.64961,1.36102
-0.64953,1.36102
-0.64944,1.36102
-0.64933,1.36103
-0.64921,1.36103
-0.64907,1.36103
-0.64890,1.36104
-0.64869,1.36104
-0.64843,1.36105
-0.64811,1.36106
-0.64771,1.36107
-0.64719,1.36108
-0.64653,1.36110
-0.64568,1.36112
-0.64459,1.36115
-0.64324,1.36117
-0.64161,1.36120
-0.63974,1.36123
-0.63769,1.36126
-0.63553,1.36128
-0.63333,1.36129
-0.63113,1.36130
-0.62898,1.36130
-0.62695,1.36129
-0.62516,1.36128
-0.62369,1.36127
-0.62256,1.36126
-0.62174,1.36125
-0.62114,1.36124
-0.62070,1.36124
-0.62037,1.36123
-0.62012,1.36123
-0.61992,1.36123
-0.61976,1.36122
-0.61962,1.36122
-0.61950,1.36122
-0.61940,1.36122
-0.61930,1.36122
-0.61921,1.36121
-0.64982,1.36101
-0.64971,1.36101
-0.64960,1.36102
-0.64949,1.36102
-0.64937,1.36102
-0.64924,1.36103
-0.64909,1.36103
-0.64891,1.36104
-0.64870,1.36104
-0.64844,1.36105
-0.64812,1.36106
-0.64771,1.36107
-0.64719,1.36108
-0.64652,1.36110
-0.64565,1.36112
-0.64454,1.36115
-0.64315,1.36118
-0.64146,1.36121
-0.63951,1.36124
-0.63736,1.36126
-0.63511,1.36128
-0.63282,1.36130
-0.63054,1.36130
-0.62835,1.36130
-0.62634,1.36129
-0.62461,1.36128
-0.62325,1.36127
-0.62222,1.36126
-0.62147,1.36125
-0.62093,1.36124
-0.62053,1.36123
-0.62023,1.36123
-0.61999,1.36123
-0.61980,1.36122
-0.61964,1.36122
-0.61951,1.36122
-0.61939,1.36122
-0.61928,1.36122
-0.61918,1.36121
-0.61909,1.36121
-0.65008,1.36100
-0.64991,1.36101
-0.64975,1.36101
-0.64960,1.36102
-0.64946,1.36102
-0.64930,1.36103
-0.64914,1.36103
-0.64895,1.36104
-0.64873,1.36104
-0.64846,1.36105
-0.64813,1.36106
-0.64772,1.36107
-0.64719,1.36108
-0.64650,1.36110
-0.64562,1.36112
-0.64447,1.36115
-0.64302,1.36118
-0.64126,1.36121
-0.63922,1.36124
-0.63698,1.36127
-0.63462,1.36129
-0.63224,1.36130
-0.62990,1.36130
-0.62769,1.36130
-0.62572,1.36129
-0.62409,1.36128
-0.62283,1.36126
-0.62190,1.36125
-0.62122,1.36124
-0.62072,1.36124
-0.62035,1.36123
-0.62007,1.36123
-0.61985,1.36122
-0.61966,1.36122
-0.61951,1.36122
-0.61938,1.36122
-0.61926,1.36122
-0.61916,1.36121
-0.61906,1.36121
-0.61898,1.36121
-0.64990,1.36101
-0.65018,1.36100
-0.65002,1.36100
-0.64983,1.36101
-0.64964,1.36102
-0.64944,1.36102
-0.64925,1.36103
-0.64903,1.36103
-0.64879,1.36104
-0.64850,1.36105
-0.64815,1.36106
-0.64773,1.36107
-0.64718,1.36108
-0.64648,1.36110
-0.64556,1.36112
-0.64437,1.36115
-0.64286,1.36118
-0.64101,1.36121
-0.63887,1.36125
-0.63652,1.36127
-0.63406,1.36129
-0.63158,1.36130
-0.62919,1.36130
-0.62699,1.36129
-0.62509,1.36128
-0.62357,1.36127
-0.62242,1.36126
-0.62158,1.36125
-0.62097,1.36124
-0.62052,1.36123
-0.62017,1.36123
-0.61990,1.36123
-0.61969,1.36122
-0.61952,1.36122
-0.61937,1.36122
-0.61924,1.36121
-0.61913,1.36121
-0.61903,1.36121
-0.61894,1.36121
-0.61886,1.36121
0.55356,-1.39300
0.52675,-1.39201
0.43238,-1.37590
-0.64938,1.36102
-0.64977,1.36101
-0.64964,1.36102
-0.64942,1.36102
-0.64917,1.36103
-0.64889,1.36104
-0.64858,1.36105
-0.64820,1.36106
-0.64774,1.36107
-0.64716,1.36108
-0.64642,1.36110
-0.64546,1.36113
-0.64421,1.36115
-0.64262,1.36119
-0.64068,1.36122
-0.63842,1.36125
-0.63594,1.36128
-0.63337,1.36129
-0.63083,1.36130
-0.62842,1.36130
-0.62627,1.36129
-0.62448,1.36128
-0.62308,1.36127
-0.62204,1.36125
-0.62128,1.36124
-0.62072,1.36124
-0.62030,1.36123
-0.61998,1.36123
-0.61972,1.36122
-0.61952,1.36122
-0.61936,1.36122
-0.61921,1.36121
-0.61909,1.36121
-0.61899,1.36121
-0.61890,1.36121
-0.61881,1.36121
-0.61874,1.36121
0.57622,-1.39263
0.57061,-1.39282
0.56226,-1.39299
0.54891,-1.39294
0.52534,-1.39191
0.46770,-1.38422
-0.64688,1.36109
-0.64889,1.36104
-0.64886,1.36104
-0.64859,1.36105
-0.64820,1.36106
-0.64771,1.36107
-0.64709,1.36109
-0.64629,1.36111
-0.64526,1.36113
-0.64393,1.36116
-0.64224,1.36119
-0.64017,1.36123
-0.63778,1.36126
-0.63518,1.36128
-0.63253,1.36130
-0.62995,1.36130
-0.62758,1.36130
-0.62553,1.36129
-0.62387,1.36127
-0.62260,1.36126
-0.62166,1.36125
-0.62097,1.36124
-0.62045,1.36123
-0.62006,1.36123
-0.61977,1.36122
-0.61953,1.36122
-0.61934,1.36122
-0.61919,1.36121
-0.61906,1.36121
-0.61894,1.36121
-0.61885,1.36121
-0.61876,1.36121
-0.61869,1.36121
-0.61862,1.36120
0.58289,-1.39231
0.58052,-1.39243
0.57724,-1.39259
0.57292,-1.39275
0.56720,-1.39291
0.55929,-1.39301
0.54799,-1.39292
0.53116,-1.39228
0.50322,-1.38983
0.44175,-1.37837
-0.64273,1.36118
-0.64637,1.36110
-0.64630,1.36111
-0.64564,1.36112
-0.64461,1.36115
-0.64323,1.36117
-0.64145,1.36121
-0.63927,1.36124
-0.63678,1.36127
-0.63412,1.36129
-0.63146,1.36130
-0.62895,1.36130
-0.62670,1.36129
-0.62481,1.36128
-0.62329,1.36127
-0.62214,1.36125
-0.62128,1.36124
-0.62065,1.36124
-0.62017,1.36123
-0.61981,1.36122
-0.61954,1.36122
-0.61932,1.36122
-0.61915,1.36121
-0.61901,1.36121
-0.61889,1.36121
-0.61879,1.36121
-0.61871,1.36121
-0.61863,1.36120
-0.61857,1.36120
-0.61851,1.36120
0.58509,-1.39219
0.58414,-1.39224
0.58265,-1.39232
0.58052,-1.39243
0.57771,-1.39257
0.57416,-1.39271
0.56974,-1.39285
0.56417,-1.39296
0.55703,-1.39302
0.54780,-1.39292
0.53587,-1.39252
0.52031,-1.39154
0.49925,-1.38934
0.46859,-1.38439
0.41609,-1.37117
0.27412,-1.30783
-0.63707,1.36127
-0.63653,1.36127
-0.63469,1.36129
-0.63243,1.36130
-0.63007,1.36130
-0.62783,1.36130
-0.62582,1.36129
-0.62412,1.36128
-0.62275,1.36126
-0.62169,1.36125
-0.62090,1.36124
-0.62031,1.36123
-0.61987,1.36122
-0.61955,1.36122
-0.61930,1.36122
-0.61910,1.36121
-0.61895,1.36121
-0.61883,1.36121
-0.61873,1.36121
-0.61864,1.36120
-0.61857,1.36120
-0.61850,1.36120
-0.61845,1.36120
-0.61840,1.36120
0.58580,-1.39215
0.58537,-1.39217
0.58469,-1.39221
0.58364,-1.39227
0.58213,-1.39235
0.58010,-1.39246
0.57751,-1.39257
0.57431,-1.39270
0.57040,-1.39283
0.56560,-1.39294
0.55969,-1.39301
0.55241,-1.39299
0.54343,-1.39281
0.53233,-1.39235
0.51844,-1.39138
0.50048,-1.38950
0.47598,-1.38578
0.43959,-1.37782
0.37658,-1.35743
0.20181,-1.26170
-0.62849,1.36130
-0.62678,1.36129
-0.62506,1.36128
-0.62352,1.36127
-0.62224,1.36126
-0.62123,1.36124
-0.62049,1.36123
-0.61994,1.36123
-0.61955,1.36122
-0.61926,1.36122
-0.61904,1.36121
-0.61888,1.36121
-0.61875,1.36121
-0.61865,1.36121
-0.61856,1.36120
-0.61849,1.36120
-0.61843,1.36120
-0.61837,1.36120
-0.61833,1.36120
-0.61829,1.36120
0.58611,-1.39213
0.58587,-1.39214
0.58549,-1.39216
0.58492,-1.39220
0.58406,-1.39225
0.58284,-1.39231
0.58120,-1.39240
0.57907,-1.39250
0.57641,-1.39262
0.57312,-1.39274
0.56905,-1.39286
0.56400,-1.39296
0.55774,-1.39301
0.54996,-1.39296
0.54025,-1.39271
0.52804,-1.39209
0.51244,-1.39083
0.49204,-1.38837
0.46449,-1.38357
0.42511,-1.37386
0.36128,-1.35127
0.20632,-1.26483
-0.62493,1.36128
-0.62310,1.36127
-0.62175,1.36125
-0.62074,1.36124
-0.62003,1.36123
-0.61954,1.36122
-0.61920,1.36121
-0.61896,1.36121
-0.61878,1.36121
-0.61865,1.36121
-0.61855,1.36120
-0.61846,1.36120
-0.61839,1.36120
-0.61833,1.36120
-0.61828,1.36120
-0.61824,1.36120
-0.61820,1.36120
-0.61817,1.36120
0.58629,-1.39212
0.58613,-1.39213
0.58589,-1.39214
0.58553,-1.39216
0.58499,-1.39219
0.58420,-1.39224
0.58308,-1.39230
0.58157,-1.39238
0.57961,-1.39248
0.57711,-1.39259
0.57398,-1.39271
0.57003,-1.39284
0.56505,-1.39295
0.55875,-1.39301
0.55077,-1.39297
0.54066,-1.39272
0.52786,-1.39208
0.51158,-1.39075
0.49072,-1.38817
0.46359,-1.38339
0.42695,-1.37439
0.37237,-1.35578
0.26590,-1.30303
-0.62348,1.36127
-0.62127,1.36124
-0.62017,1.36123
-0.61951,1.36122
-0.61910,1.36121
-0.61883,1.36121
-0.61865,1.36121
-0.61851,1.36120
-0.61841,1.36120
-0.61833,1.36120
-0.61827,1.36120
-0.61821,1.36120
-0.61817,1.36120
-0.61813,1.36120
-0.61810,1.36120
-0.61807,1.36120
-0.61805,1.36119
0.58641,-1.39211
0.58629,-1.39212
0.58613,-1.39213
0.58588,-1.39214
0.58552,-1.39216
0.58498,-1.39219
0.58418,-1.39224
0.58305,-1.39230
0.58152,-1.39238
0.57952,-1.39248
0.57694,-1.39260
0.57366,-1.39272
0.56946,-1.39285
0.56407,-1.39296
0.55714,-1.39302
0.54825,-1.39293
0.53691,-1.39257
0.52254,-1.39171
0.50442,-1.38997
0.48161,-1.38675
0.45253,-1.38098
0.41364,-1.37041
0.35479,-1.34852
0.23037,-1.28096
-0.62074,1.36124
-0.61946,1.36122
-0.61892,1.36121
-0.61862,1.36120
-0.61843,1.36120
-0.61830,1.36120
-0.61821,1.36120
-0.61814,1.36120
-0.61809,1.36120
-0.61805,1.36119
-0.61802,1.36119
-0.61799,1.36119
-0.61796,1.36119
-0.61794,1.36119
-0.61793,1.36119
-0.61791,1.36119
0.58650,-1.39210
0.58641,-1.39211
0.58629,-1.39212
0.58612,-1.39213
0.58587,-1.39214
0.58548,-1.39216
0.58490,-1.39220
0.58404,-1.39225
0.58283,-1.39232
0.58118,-1.39240
0.57900,-1.39251
0.57617,-1.39263
0.57250,-1.39276
0.56775,-1.39290
0.56156,-1.39299
0.55352,-1.39300
0.54314,-1.39280
0.52989,-1.39221
0.51321,-1.39091
0.49242,-1.38842
0.46649,-1.38398
0.43316,-1.37611
0.38642,-1.36114
0.30538,-1.32499
-0.61931,1.36122
-0.61844,1.36120
-0.61816,1.36120
-0.61802,1.36119
-0.61793,1.36119
-0.61788,1.36119
-0.61784,1.36119
-0.61782,1.36119
-0.61780,1.36119
-0.61779,1.36119
-0.61778,1.36119
-0.61777,1.36119
-0.61776,1.36119
-0.61776,1.36119
-0.61775,1.36119
-0.61775,1.36119
0.58657,-1.39210
0.58650,-1.39210
0.58641,-1.39211
0.58629,-1.39212
0.58611,-1.39213
0.58584,-1.39214
0.58542,-1.39217
0.58478,-1.39221
0.58383,-1.39226
0.58247,-1.39233
0.58061,-1.39243
0.57814,-1.39255
0.57489,-1.39268
0.57063,-1.39282
0.56503,-1.39295
0.55766,-1.39301
0.54800,-1.39292
0.53551,-1.39251
0.51965,-1.39148
0.49984,-1.38942
0.47519,-1.38563
0.44382,-1.37889
0.40063,-1.36617
0.32839,-1.33651
0.07489,-1.16023
-0.61631,1.36116
-0.61682,1.36117
-0.61704,1.36118
-0.61717,1.36118
-0.61726,1.36118
-0.61732,1.36118
-0.61737,1.36118
-0.61741,1.36118
-0.61745,1.36118
-0.61748,1.36118
-0.61750,1.36118
-0.61752,1.36119
-0.61753,1.36119
-0.61755,1.36119
-0.61756,1.36119
0.58663,-1.39210
0.58658,-1.39210
0.58651,-1.39210
0.58642,-1.39211
0.58629,-1.39212
0.58610,-1.39213
0.58580,-1.39215
0.58534,-1.39217
0.58462,-1.39222
0.58354,-1.39228
0.58198,-1.39236
0.57983,-1.39247
0.57695,-1.39260
0.57312,-1.39274
0.56803,-1.39289
0.56125,-1.39300
0.55221,-1.39299
0.54032,-1.39271
0.52496,-1.39189
0.50548,-1.39009
0.48096,-1.38664
0.44934,-1.38023
0.40485,-1.36758
0.32577,-1.33525
-0.59901,1.36060
-0.61136,1.36104
-0.61388,1.36111
-0.61509,1.36114
-0.61578,1.36115
-0.61620,1.36116
-0.61649,1.36117
-0.61670,1.36117
-0.61685,1.36117
-0.61697,1.36117
-0.61706,1.36118
-0.61713,1.36118
-0.61719,1.36118
-0.61724,1.36118
-0.61728,1.36118
-0.61731,1.36118
0.58667,-1.39209
0.58664,-1.39209
0.58659,-1.39210
0.58652,-1.39210
0.58642,-1.39211
0.58629,-1.39212
0.58608,-1.39213
0.58575,-1.39215
0.58524,-1.39218
0.58442,-1.39223
0.58316,-1.39230
0.58134,-1.39239
0.57881,-1.39252
0.57538,-1.39266
0.57077,-1.39282
0.56455,-1.39296
0.55613,-1.39301
0.54479,-1.39285
0.52974,-1.39220
0.51014,-1.39060
0.48468,-1.38725
0.45050,-1.38050
0.39860,-1.36548
0.28076,-1.31162
-0.59839,1.36057
-0.60568,1.36087
-0.60942,1.36099
-0.61182,1.36106
-0.61339,1.36110
-0.61443,1.36112
-0.61514,1.36114
-0.61564,1.36115
-0.61600,1.36116
-0.61627,1.36116
-0.61648,1.36117
-0.61663,1.36117
-0.61676,1.36117
-0.61686,1.36117
-0.61694,1.36117
-0.61701,1.36118
0.58672,-1.39209
0.58669,-1.39209
0.58665,-1.39209
0.58660,-1.39210
0.58653,-1.39210
0.58643,-1.39211
0.58629,-1.39212
0.58606,-1.39213
0.58571,-1.39215
0.58512,-1.39219
0.58417,-1.39224
0.58269,-1.39232
0.58053,-1.39243
0.57749,-1.39257
0.57335,-1.39274
0.56768,-1.39290
0.55987,-1.39301
0.54909,-1.39294
0.53427,-1.39245
0.51406,-1.39099
0.48623,-1.38750
0.44526,-1.37924
0.36799,-1.35403
-0.58264,1.35968
-0.59651,1.36048
-0.60184,1.36072
-0.60547,1.36086
-0.60823,1.36095
-0.61036,1.36102
-0.61199,1.36106
-0.61320,1.36109
-0.61410,1.36111
-0.61477,1.36113
-0.61527,1.36114
-0.61565,1.36115
-0.61594,1.36115
-0.61617,1.36116
-0.61636,1.36116
-0.61650,1.36117
-0.61662,1.36117
0.58675,-1.39209
0.58673,-1.39209
0.58670,-1.39209
0.58666,-1.39209
0.58661,-1.39210
0.58654,-1.39210
0.58644,-1.39211
0.58629,-1.39212
0.58605,-1.39213
0.58565,-1.39215
0.58498,-1.39219
0.58386,-1.39226
0.58209,-1.39235
0.57947,-1.39249
0.57577,-1.39265
0.57063,-1.39282
0.56344,-1.39297
0.55325,-1.39300
0.53857,-1.39264
0.51703,-1.39126
0.48362,-1.38708
0.41984,-1.37231
-0.56509,1.35830
-0.58756,1.36000
-0.59474,1.36040
-0.59924,1.36061
-0.60258,1.36075
-0.60528,1.36085
-0.60752,1.36093
-0.60940,1.36099
-0.61094,1.36103
-0.61218,1.36107
-0.61317,1.36109
-0.61394,1.36111
-0.61455,1.36112
-0.61503,1.36113
-0.61540,1.36114
-0.61570,1.36115
-0.61594,1.36115
-0.61612,1.36116
0.58679,-1.39209
0.58677,-1.39209
0.58674,-1.39209
0.58671,-1.39209
0.58668,-1.39209
0.58663,-1.39210
0.58656,-1.39210
0.58645,-1.39211
0.58630,-1.39212
0.58604,-1.39213
0.58560,-1.39216
0.58482,-1.39220
0.58346,-1.39228
0.58128,-1.39240
0.57803,-1.39255
0.57337,-1.39273
0.56675,-1.39292
0.55707,-1.39302
0.54226,-1.39277
0.51726,-1.39128
0.45913,-1.38245
-0.54205,1.35589
-0.57510,1.35914
-0.58657,1.35994
-0.59291,1.36030
-0.59717,1.36051
-0.60038,1.36066
-0.60298,1.36077
-0.60519,1.36085
-0.60710,1.36091
-0.60876,1.36097
-0.61018,1.36101
-0.61139,1.36104
-0.61240,1.36107
-0.61323,1.36109
-0.61390,1.36111
-0.61445,1.36112
-0.61489,1.36113
-0.61524,1.36114
-0.61552,1.36115
0.58682,-1.39208
0.58680,-1.39208
0.58678,-1.39209
0.58676,-1.39209
0.58673,-1.39209
0.58670,-1.39209
0.58665,-1.39209
0.58658,-1.39210
0.58647,-1.39210
0.58631,-1.39211
0.58604,-1.39213
0.58554,-1.39216
0.58461,-1.39222
0.58291,-1.39231
0.58011,-1.39246
0.57585,-1.39264
0.56955,-1.39285
0.55987,-1.39301
0.54243,-1.39278
-0.16409,1.22762
-0.45174,1.34025
-0.54508,1.35624
-0.57252,1.35894
-0.58428,1.35979
-0.59089,1.36019
-0.59528,1.36042
-0.59852,1.36058
-0.60111,1.36069
-0.60329,1.36078
-0.60518,1.36085
-0.60685,1.36091
-0.60834,1.36096
-0.60965,1.36100
-0.61080,1.36103
-0.61179,1.36106
-0.61264,1.36108
-0.61335,1.36110
-0.61394,1.36111
-0.61442,1.36112
-0.61482,1.36113
0.58685,-1.39208
0.58683,-1.39208
0.58682,-1.39208
0.58680,-1.39208
0.58678,-1.39209
0.58676,-1.39209
0.58672,-1.39209
0.58667,-1.39209
0.58661,-1.39210
0.58651,-1.39210
0.58634,-1.39211
0.58605,-1.39213
0.58547,-1.39217
0.58429,-1.39223
0.58197,-1.39236
0.57791,-1.39256
0.57102,-1.39281
0.55224,-1.39299
-0.14931,1.21881
-0.29203,1.29018
-0.44567,1.33887
-0.53496,1.35501
-0.56736,1.35851
-0.58116,1.35958
-0.58862,1.36006
-0.59340,1.36033
-0.59682,1.36050
-0.59949,1.36062
-0.60169,1.36071
-0.60357,1.36079
-0.60524,1.36085
-0.60673,1.36090
-0.60807,1.36095
-0.60928,1.36098
-0.61037,1.36102
-0.61133,1.36104
-0.61217,1.36107
-0.61290,1.36108
-0.61351,1.36110
-0.61403,1.36111
0.58687,-1.39208
0.58687,-1.39208
0.58686,-1.39208
0.58684,-1.39208
0.58683,-1.39208
0.58681,-1.39208
0.58679,-1.39209
0.58675,-1.39209
0.58671,-1.39209
0.58665,-1.39209
0.58655,-1.39210
0.58639,-1.39211
0.58607,-1.39213
0.58535,-1.39217
0.58356,-1.39228
0.57906,-1.39250
0.12582,0.95075
-0.10581,1.19057
-0.19226,1.24341
-0.29192,1.29013
-0.42086,1.33278
-0.51889,1.35279
-0.56005,1.35783
-0.57721,1.35930
-0.58603,1.35990
-0.59143,1.36022
-0.59517,1.36042
-0.59799,1.36055
-0.60026,1.36065
-0.60217,1.36073
-0.60384,1.36080
-0.60533,1.36085
-0.60668,1.36090
-0.60791,1.36094
-0.60904,1.36098
-0.61007,1.36101
-0.61100,1.36103
-0.61183,1.36106
-0.61255,1.36108
-0.61318,1.36109
0.58690,-1.39208
0.58690,-1.39208
0.58689,-1.39208
0.58688,-1.39208
0.58687,-1.39208
0.58686,-1.39208
0.58685,-1.39208
0.58683,-1.39208
0.58680,-1.39208
0.58676,-1.39209
0.58671,-1.39209
0.58662,-1.39210
0.58646,-1.39211
0.58609,-1.39213
0.58485,-1.39220
0.22012,0.78830
-0.05874,1.15551
-0.13022,1.20686
-0.19475,1.24475
-0.27635,1.28369
-0.38945,1.32410
-0.49676,1.34924
-0.55016,1.35682
-0.57226,1.35892
-0.58302,1.35971
-0.58929,1.36010
-0.59347,1.36033
-0.59653,1.36048
-0.59892,1.36060
-0.60090,1.36068
-0.60260,1.36075
-0.60410,1.36081
-0.60545,1.36086
-0.60669,1.36090
-0.60783,1.36094
-0.60890,1.36097
-0.60988,1.36100
-0.61077,1.36103
-0.61158,1.36105
-0.61230,1.36107
0.58693,-1.39208
0.58693,-1.39208
0.58693,-1.39208
0.58692,-1.39208
0.58692,-1.39208
0.58691,-1.39208
0.58691,-1.39208
0.58690,-1.39208
0.58688,-1.39208
0.58687,-1.39208
0.58684,-1.39208
0.58681,-1.39208
0.58674,-1.39209
0.58661,-1.39210
0.58599,-1.39213
0.01901,1.08453
-0.07211,1.16599
-0.12943,1.20636
-0.18520,1.23957
-0.25525,1.27447
-0.35466,1.31322
-0.46762,1.34368
-0.53663,1.35522
-0.56590,1.35838
-0.57942,1.35946
-0.58689,1.35996
-0.59166,1.36023
-0.59504,1.36041
-0.59762,1.36054
-0.59970,1.36063
-0.60145,1.36070
-0.60298,1.36077
-0.60434,1.36082
-0.60559,1.36086
-0.60674,1.36090
-0.60781,1.36094
-0.60882,1.36097
-0.60976,1.36100
-0.61063,1.36102
-0.61142,1.36105
0.58696,-1.39207
0.58696,-1.39207
0.58696,-1.39207
0.58696,-1.39207
0.58697,-1.39207
0.58697,-1.39207
0.58697,-1.39207
0.58697,-1.39207
0.58697,-1.39207
0.58698,-1.39207
0.58698,-1.39207
0.58699,-1.39207
0.58702,-1.39207
0.58711,-1.39206
0.58936,-1.39192
0.03006,1.07284
-0.06032,1.15677
-0.11623,1.19767
-0.16820,1.23001
-0.23029,1.26282
-0.31725,1.30000
-0.43003,1.33511
-0.51724,1.35255
-0.55725,1.35756
-0.57487,1.35912
-0.58404,1.35978
-0.58962,1.36012
-0.59344,1.36033
-0.59627,1.36047
-0.59850,1.36058
-0.60035,1.36066
-0.60193,1.36072
-0.60332,1.36078
-0.60458,1.36083
-0.60573,1.36087
-0.60681,1.36091
-0.60783,1.36094
-0.60880,1.36097
-0.60970,1.36100
-0.61055,1.36102
0.58699,-1.39207
0.58700,-1.39207
0.58700,-1.39207
0.58701,-1.39207
0.58702,-1.39207
0.58703,-1.39207
0.58704,-1.39207
0.58706,-1.39207
0.58708,-1.39207
0.58711,-1.39206
0.58716,-1.39206
0.58725,-1.39206
0.58744,-1.39204
0.58800,-1.39201
0.59146,-1.39177
0.13045,0.94379
-0.02497,1.12691
-0.09056,1.17976
-0.14324,1.21508
-0.20035,1.24772
-0.27617,1.28361
-0.38206,1.32190
-0.48733,1.34755
-0.54418,1.35614
-0.56853,1.35861
-0.58036,1.35953
-0.58715,1.35997
-0.59159,1.36023
-0.59478,1.36040
-0.59723,1.36052
-0.59922,1.36061
-0.60088,1.36068
-0.60233,1.36074
-0.60362,1.36079
-0.60479,1.36083
-0.60588,1.36087
-0.60691,1.36091
-0.60788,1.36094
-0.60881,1.36097
-0.60969,1.36100
0.58703,-1.39207
0.58704,-1.39207
0.58705,-1.39207
0.58707,-1.39207
0.58708,-1.39207
0.58710,-1.39207
0.58713,-1.39206
0.58717,-1.39206
0.58722,-1.39206
0.58730,-1.39205
0.58742,-1.39205
0.58764,-1.39203
0.58810,-1.39200
0.58921,-1.39193
0.59220,-1.39172
0.60198,-1.39091
0.07446,1.02116
-0.04259,1.14222
-0.10558,1.19041
-0.16204,1.22642
-0.22887,1.26213
-0.32176,1.30168
-0.43762,1.33697
-0.52099,1.35310
-0.55823,1.35765
-0.57489,1.35912
-0.58373,1.35976
-0.58919,1.36009
-0.59295,1.36030
-0.59574,1.36045
-0.59795,1.36055
-0.59976,1.36063
-0.60130,1.36070
-0.60265,1.36075
-0.60386,1.36080
-0.60498,1.36084
-0.60602,1.36088
-0.60701,1.36091
-0.60796,1.36094
-0.60886,1.36097
0.58707,-1.39207
0.58709,-1.39207
0.58711,-1.39206
0.58713,-1.39206
0.58716,-1.39206
0.58720,-1.39206
0.58725,-1.39206
0.58731,-1.39205
0.58741,-1.39205
0.58755,-1.39204
0.58779,-1.39202
0.58820,-1.39200
0.58896,-1.39195
0.59041,-1.39185
0.59305,-1.39166
0.59751,-1.39130
0.60593,-1.39052
0.09889,0.98917
-0.03643,1.13697
-0.10613,1.19079
-0.16977,1.23091
-0.24760,1.27099
-0.35544,1.31348
-0.47081,1.34434
-0.53687,1.35525
-0.56484,1.35828
-0.57806,1.35936
-0.58550,1.35987
-0.59030,1.36016
-0.59371,1.36034
-0.59630,1.36047
-0.59837,1.36057
-0.60009,1.36065
-0.60157,1.36071
-0.60287,1.36076
-0.60405,1.36081
-0.60513,1.36085
-0.60614,1.36088
-0.60711,1.36092
-0.60804,1.36095
0.58713,-1.39206
0.58715,-1.39206
0.58718,-1.39206
0.58722,-1.39206
0.58726,-1.39206
0.58732,-1.39205
0.58740,-1.39205
0.58750,-1.39204
0.58766,-1.39203
0.58790,-1.39201
0.58827,-1.39199
0.58889,-1.39195
0.58991,-1.39188
0.59157,-1.39176
0.59410,-1.39158
0.59758,-1.39129
0.60181,-1.39092
0.60679,-1.39044
0.63236,-1.38719
0.01967,1.08385
-0.07689,1.16964
-0.15126,1.22000
-0.23701,1.26604
-0.35363,1.31288
-0.47401,1.34498
-0.53881,1.35549
-0.56561,1.35835
-0.57836,1.35938
-0.58562,1.35988
-0.59036,1.36016
-0.59374,1.36034
-0.59634,1.36047
-0.59842,1.36057
-0.60015,1.36065
-0.60164,1.36071
-0.60295,1.36076
-0.60413,1.36081
-0.60522,1.36085
-0.60623,1.36089
-0.60720,1.36092
0.58719,-1.39206
0.58722,-1.39206
0.58727,-1.39206
0.58732,-1.39205
0.58738,-1.39205
0.58747,-1.39204
0.58759,-1.39203
0.58775,-1.39202
0.58798,-1.39201
0.58833,-1.39199
0.58886,-1.39195
0.58968,-1.39190
0.59092,-1.39181
0.59276,-1.39168
0.59535,-1.39148
0.59869,-1.39120
0.60258,-1.39085
0.60667,-1.39045
0.61053,-1.39004
0.61382,-1.38967
0.61781,-1.38919
0.11238,0.97035
-0.04841,1.14709
-0.14911,1.21869
-0.26477,1.27870
-0.41200,1.33044
-0.51633,1.35241
-0.55744,1.35758
-0.57454,1.35910
-0.58345,1.35974
-0.58895,1.36008
-0.59277,1.36029
-0.59563,1.36044
-0.59791,1.36055
-0.59980,1.36063
-0.60140,1.36070
-0.60280,1.36076
-0.60405,1.36081
-0.60519,1.36085
-0.60625,1.36089
0.58727,-1.39205
0.58731,-1.39205
0.58737,-1.39205
0.58744,-1.39204
0.58754,-1.39204
0.58766,-1.39203
0.58782,-1.39202
0.58805,-1.39200
0.58837,-1.39198
0.58884,-1.39195
0.58952,-1.39191
0.59052,-1.39184
0.59197,-1.39173
0.59402,-1.39158
0.59678,-1.39136
0.60029,-1.39106
0.60445,-1.39067
0.60907,-1.39020
0.61397,-1.38965
0.61896,-1.38905
0.62382,-1.38841
0.62831,-1.38778
0.63200,-1.38724
0.63412,-1.38692
0.63292,-1.38710
0.36262,0.46519
-0.11432,1.19638
-0.32984,1.30463
-0.50409,1.35048
-0.55820,1.35765
-0.57630,1.35923
-0.58496,1.35984
-0.59018,1.36015
-0.59381,1.36035
-0.59657,1.36049
-0.59880,1.36059
-0.60067,1.36067
-0.60229,1.36074
-0.60371,1.36079
-0.60498,1.36084
0.58736,-1.39205
0.58742,-1.39204
0.58750,-1.39204
0.58760,-1.39203
0.58772,-1.39203
0.58788,-1.39202
0.58810,-1.39200
0.58840,-1.39198
0.58881,-1.39195
0.58940,-1.39192
0.59023,-1.39186
0.59141,-1.39178
0.59308,-1.39165
0.59537,-1.39148
0.59839,-1.39123
0.60219,-1.39089
0.60674,-1.39044
0.61198,-1.38988
0.61780,-1.38919
0.62409,-1.38837
0.63062,-1.38745
0.63707,-1.38645
0.64307,-1.38546
0.64830,-1.38454
0.65260,-1.38375
0.65587,-1.38312
0.65800,-1.38271
0.65854,-1.38260
0.65531,-1.38323
0.63811,-1.38629
-0.33606,1.30684
-0.53883,1.35550
-0.57280,1.35896
-0.58416,1.35978
-0.59006,1.36014
-0.59395,1.36036
-0.59686,1.36050
-0.59921,1.36061
-0.60119,1.36069
-0.60291,1.36076
0.58748,-1.39204
0.58756,-1.39204
0.58766,-1.39203
0.58778,-1.39202
0.58794,-1.39201
0.58814,-1.39200
0.58841,-1.39198
0.58878,-1.39196
0.58929,-1.39192
0.58999,-1.39187
0.59098,-1.39181
0.59236,-1.39171
0.59425,-1.39156
0.59681,-1.39136
0.60012,-1.39107
0.60425,-1.39069
0.60919,-1.39018
0.61490,-1.38954
0.62130,-1.38875
0.62819,-1.38780
0.63525,-1.38674
0.64202,-1.38564
0.64809,-1.38458
0.65322,-1.38363
0.65738,-1.38283
0.66068,-1.38217
0.66326,-1.38164
0.66527,-1.38122
0.66679,-1.38090
0.66780,-1.38068
0.66807,-1.38062
0.66641,-1.38098
0.65168,-1.38392
-0.38427,1.32256
-0.55927,1.35776
-0.58084,1.35956
-0.58883,1.36007
-0.59340,1.36033
-0.59665,1.36049
-0.59925,1.36061
0.58761,-1.39203
0.58771,-1.39203
0.58783,-1.39202
0.58799,-1.39201
0.58818,-1.39200
0.58843,-1.39198
0.58876,-1.39196
0.58920,-1.39193
0.58980,-1.39189
0.59062,-1.39183
0.59177,-1.39175
0.59335,-1.39163
0.59550,-1.39147
0.59834,-1.39123
0.60196,-1.39091
0.60639,-1.39048
0.61165,-1.38992
0.61767,-1.38921
0.62436,-1.38834
0.63146,-1.38732
0.63856,-1.38621
0.64518,-1.38509
0.65095,-1.38406
0.65572,-1.38315
0.65951,-1.38240
0.66250,-1.38180
0.66485,-1.38131
0.66673,-1.38091
0.66825,-1.38059
0.66949,-1.38032
0.67052,-1.38009
0.67134,-1.37991
0.67189,-1.37979
0.67196,-1.37977
0.67043,-1.38011
0.65378,-1.38352
-0.48518,1.34715
-0.57264,1.35895
-0.58630,1.35992
-0.59226,1.36027
0.58776,-1.39202
0.58789,-1.39202
0.58803,-1.39201
0.58821,-1.39199
0.58844,-1.39198
0.58873,-1.39196
0.58912,-1.39193
0.58963,-1.39190
0.59033,-1.39185
0.59129,-1.39178
0.59261,-1.39169
0.59441,-1.39155
0.59682,-1.39136
0.59994,-1.39109
0.60385,-1.39073
0.60855,-1.39025
0.61403,-1.38964
0.62024,-1.38888
0.62703,-1.38797
0.63411,-1.38692
0.64105,-1.38580
0.64739,-1.38470
0.65282,-1.38371
0.65724,-1.38286
0.66074,-1.38216
0.66348,-1.38160
0.66564,-1.38114
0.66736,-1.38078
0.66877,-1.38047
0.66993,-1.38022
0.67092,-1.38000
0.67176,-1.37982
0.67250,-1.37965
0.67313,-1.37951
0.67365,-1.37940
0.67399,-1.37932
0.67387,-1.37935
0.67187,-1.37979
0.32873,0.54956
-0.54659,1.35642
0.58794,-1.39201
0.58808,-1.39200
0.58825,-1.39199
0.58845,-1.39198
0.58871,-1.39196
0.58905,-1.39194
0.58949,-1.39191
0.59008,-1.39187
0.59088,-1.39181
0.59198,-1.39173
0.59349,-1.39162
0.59553,-1.39146
0.59821,-1.39124
0.60161,-1.39094
0.60577,-1.39054
0.61069,-1.39002
0.61632,-1.38937
0.62260,-1.38857
0.62936,-1.38763
0.63631,-1.38657
0.64301,-1.38547
0.64904,-1.38441
0.65414,-1.38346
0.65828,-1.38265
0.66154,-1.38199
0.66410,-1.38147
0.66612,-1.38104
0.66774,-1.38070
0.66906,-1.38041
0.67016,-1.38017
0.67108,-1.37997
0.67188,-1.37979
0.67257,-1.37964
0.67318,-1.37950
0.67372,-1.37938
0.67421,-1.37927
0.67465,-1.37917
0.67501,-1.37909
0.67520,-1.37904
0.67486,-1.37912
0.58812,-1.39200
0.58828,-1.39199
0.58847,-1.39198
0.58870,-1.39196
0.58899,-1.39194
0.58937,-1.39192
0.58987,-1.39188
0.59054,-1.39184
0.59146,-1.39177
0.59272,-1.39168
0.59443,-1.39155
0.59671,-1.39137
0.59966,-1.39112
0.60333,-1.39078
0.60771,-1.39034
0.61277,-1.38979
0.61849,-1.38910
0.62476,-1.38828
0.63143,-1.38733
0.63819,-1.38627
0.64461,-1.38519
0.65034,-1.38417
0.65516,-1.38326
0.65905,-1.38250
0.66213,-1.38187
0.66455,-1.38137
0.66647,-1.38097
0.66801,-1.38064
0.66927,-1.38037
0.67032,-1.38014
0.67120,-1.37994
0.67196,-1.37977
0.67261,-1.37963
0.67318,-1.37950
0.67369,-1.37939
0.67415,-1.37928
0.67456,-1.37919
0.67494,-1.37910
0.67529,-1.37902
0.67562,-1.37895
0.58831,-1.39199
0.58848,-1.39198
0.58869,-1.39196
0.58895,-1.39195
0.58927,-1.39192
0.58970,-1.39190
0.59026,-1.39186
0.59102,-1.39180
0.59207,-1.39173
0.59350,-1.39162
0.59543,-1.39147
0.59797,-1.39126
0.60119,-1.39098
0.60508,-1.39061
0.60964,-1.39014
0.61480,-1.38955
0.62054,-1.38884
0.62676,-1.38801
0.63328,-1.38705
0.63982,-1.38601
0.64597,-1.38496
0.65141,-1.38397
0.65598,-1.38310
0.65966,-1.38237
0.66259,-1.38178
0.66490,-1.38130
0.66673,-1.38091
0.66821,-1.38059
0.66943,-1.38033
0.67044,-1.38011
0.67129,-1.37992
0.67203,-1.37976
0.67266,-1.37962
0.67321,-1.37949
0.67369,-1.37939
0.67412,-1.37929
0.67450,-1.37920
0.67484,-1.37913
0.67516,-1.37905
0.67545,-1.37899
0.58850,-1.39198
0.58868,-1.39196
0.58891,-1.39195
0.58919,-1.39193
0.58955,-1.39191
0.59003,-1.39187
0.59066,-1.39183
0.59153,-1.39177
0.59271,-1.39168
0.59434,-1.39156
0.59650,-1.39138
0.59930,-1.39115
0.60276,-1.39083
0.60686,-1.39043
0.61154,-1.38993
0.61676,-1.38932
0.62247,-1.38859
0.62859,-1.38774
0.63495,-1.38679
0.64126,-1.38577
0.64714,-1.38475
0.65233,-1.38380
0.65667,-1.38297
0.66018,-1.38227
0.66297,-1.38170
0.66518,-1.38124
0.66695,-1.38087
0.66838,-1.38056
0.66956,-1.38030
0.67054,-1.38009
0.67137,-1.37990
0.67209,-1.37975
0.67271,-1.37961
0.67324,-1.37949
0.67371,-1.37938
0.67412,-1.37929
0.67449,-1.37921
0.67481,-1.37913
0.67510,-1.37907
0.67536,-1.37901
