-0.63903,1.36124
-0.63898,1.36124
-0.63893,1.36124
-0.63888,1.36125
-0.63881,1.36125
-0.63873,1.36125
-0.63864,1.36125
-0.63853,1.36125
-0.63839,1.36125
-0.63822,1.36125
-0.63801,1.36126
-0.63774,1.36126
-0.63741,1.36126
-0.63697,1.36127
-0.63642,1.36127
-0.63572,1.36128
-0.63485,1.36129
-0.63380,1.36129
-0.63261,1.36130
-0.63129,1.36130
-0.62992,1.36130
-0.62851,1.36130
-0.62709,1.36130
-0.62569,1.36129
-0.62433,1.36128
-0.62309,1.36127
-0.62204,1.36125
-0.62121,1.36124
-0.62060,1.36124
-0.62015,1.36123
-0.61983,1.36122
-0.61959,1.36122
-0.61941,1.36122
-0.61926,1.36122
-0.61915,1.36121
-0.61906,1.36121
-0.61897,1.36121
-0.61890,1.36121
-0.61884,1.36121
-0.61877,1.36121
-0.63906,1.36124
-0.63901,1.36124
-0.63895,1.36124
-0.63889,1.36124
-0.63882,1.36125
-0.63874,1.36125
-0.63864,1.36125
-0.63853,1.36125
-0.63839,1.36125
-0.63822,1.36125
-0.63801,1.36126
-0.63775,1.36126
-0.63741,1.36126
-0.63697,1.36127
-0.63641,1.36127
-0.63569,1.36128
-0.63480,1.36129
-0.63372,1.36129
-0.63247,1.36130
-0.63111,1.36130
-0.62967,1.36130
-0.62820,1.36130
-0.62673,1.36129
-0.62529,1.36128
-0.62393,1.36127
-0.62272,1.36126
-0.62173,1.36125
-0.62097,1.36124
-0.62041,1.36123
-0.62001,1.36123
-0.61971,1.36122
-0.61949,1.36122
-0.61932,1.36122
-0.61919,1.36121
-0.61908,1.36121
-0.61898,1.36121
-0.61890,1.36121
-0.61883,1.36121
-0.61876,1.36121
-0.61870,1.36121
-0.63914,1.36124
-0.63907,1.36124
-0.63899,1.36124
-0.63892,1.36124
-0.63884,1.36125
-0.63876,1.36125
-0.63866,1.36125
-0.63854,1.36125
-0.63840,1.36125
-0.63823,1.36125
-0.63802,1.36126
-0.63775,1.36126
-0.63741,1.36126
-0.63696,1.36127
-0.63639,1.36127
-0.63566,1.36128
-0.63473,1.36129
-0.63361,1.36129
-0.63232,1.36130
-0.63089,1.36130
-0.62939,1.36130
-0.62786,1.36130
-0.62634,1.36129
-0.62487,1.36128
-0.62352,1.36127
-0.62235,1.36126
-0.62143,1.36125
-0.62074,1.36124
-0.62023,1.36123
-0.61987,1.36122
-0.61960,1.36122
-0.61939,1.36122
-0.61923,1.36121
-0.61910,1.36121
-0.61900,1.36121
-0.61890,1.36121
-0.61882,1.36121
-0.61875,1.36121
-0.61869,1.36121
-0.61862,1.36120
-0.63931,1.36124
-0.63920,1.36124
-0.63909,1.36124
-0.63900,1.36124
-0.63890,1.36124
-0.63880,1.36125
-0.63869,1.36125
-0.63857,1.36125
-0.63842,1.36125
-0.63824,1.36125
-0.63803,1.36126
-0.63775,1.36126
-0.63740,1.36126
-0.63695,1.36127
-0.63637,1.36127
-0.63561,1.36128
-0.63465,1.36129
-0.63348,1.36129
-0.63213,1.36130
-0.63064,1.36130
-0.62907,1.36130
-0.62747,1.36130
-0.62591,1.36129
-0.62442,1.36128
-0.62310,1.36127
-0.62200,1.36125
-0.62115,1.36124
-0.62052,1.36123
-0.62006,1.36123
-0.61973,1.36122
-0.61948,1.36122
-0.61929,1.36122
-0.61913,1.36121
-0.61901,1.36121
-0.61891,1.36121
-0.61882,1.36121
-0.61874,1.36121
-0.61867,1.36121
-0.61860,1.36120
-0.61854,1.36120
-0.63920,1.36124
-0.63938,1.36124
-0.63927,1.36124
-0.63915,1.36124
-0.63902,1.36124
-0.63889,1.36124
-0.63876,1.36125
-0.63862,1.36125
-0.63846,1.36125
-0.63827,1.36125
-0.63804,1.36126
-0.63776,1.36126
-0.63740,1.36126
-0.63693,1.36127
-0.63633,1.36127
-0.63554,1.36128
-0.63454,1.36129
-0.63332,1.36129
-0.63190,1.36130
-0.63033,1.36130
-0.62869,1.36130
-0.62703,1.36130
-0.62543,1.36129
-0.62395,1.36127
-0.62268,1.36126
-0.62165,1.36125
-0.62088,1.36124
-0.62031,1.36123
-0.61989,1.36122
-0.61959,1.36122
-0.61935,1.36122
-0.61917,1.36121
-0.61903,1.36121
-0.61891,1.36121
-0.61881,1.36121
-0.61872,1.36121
-0.61865,1.36121
-0.61858,1.36120
-0.61852,1.36120
-0.61846,1.36120
0.56688,-1.39291
0.55096,-1.39297
0.49448,-1.38871
-0.63885,1.36125
-0.63911,1.36124
-0.63902,1.36124
-0.63888,1.36125
-0.63871,1.36125
-0.63853,1.36125
-0.63832,1.36125
-0.63807,1.36126
-0.63777,1.36126
-0.63739,1.36126
-0.63690,1.36127
-0.63626,1.36127
-0.63544,1.36128
-0.63438,1.36129
-0.63309,1.36130
-0.63159,1.36130
-0.62994,1.36130
-0.62823,1.36130
-0.62653,1.36129
-0.62491,1.36128
-0.62347,1.36127
-0.62226,1.36126
-0.62132,1.36124
-0.62062,1.36124
-0.62010,1.36123
-0.61972,1.36122
-0.61944,1.36122
-0.61922,1.36121
-0.61905,1.36121
-0.61891,1.36121
-0.61880,1.36121
-0.61871,1.36121
-0.61863,1.36120
-0.61855,1.36120
-0.61849,1.36120
-0.61843,1.36120
-0.61838,1.36120
0.58047,-1.39244
0.57709,-1.39259
0.57207,-1.39278
0.56411,-1.39296
0.55013,-1.39296
0.51591,-1.39116
-0.63720,1.36126
-0.63853,1.36125
-0.63851,1.36125
-0.63833,1.36125
-0.63807,1.36126
-0.63775,1.36126
-0.63734,1.36126
-0.63681,1.36127
-0.63613,1.36128
-0.63525,1.36128
-0.63413,1.36129
-0.63276,1.36130
-0.63117,1.36130
-0.62944,1.36130
-0.62767,1.36130
-0.62594,1.36129
-0.62435,1.36128
-0.62297,1.36126
-0.62185,1.36125
-0.62100,1.36124
-0.62036,1.36123
-0.61989,1.36122
-0.61954,1.36122
-0.61928,1.36122
-0.61908,1.36121
-0.61892,1.36121
-0.61879,1.36121
-0.61869,1.36121
-0.61860,1.36120
-0.61852,1.36120
-0.61846,1.36120
-0.61840,1.36120
-0.61835,1.36120
-0.61830,1.36120
0.58450,-1.39222
0.58307,-1.39230
0.58108,-1.39241
0.57848,-1.39253
0.57504,-1.39267
0.57030,-1.39283
0.56356,-1.39297
0.55357,-1.39300
0.53704,-1.39258
0.50022,-1.38947
-0.63446,1.36129
-0.63687,1.36127
-0.63682,1.36127
-0.63638,1.36127
-0.63570,1.36128
-0.63479,1.36129
-0.63361,1.36129
-0.63216,1.36130
-0.63051,1.36130
-0.62873,1.36130
-0.62695,1.36129
-0.62527,1.36128
-0.62376,1.36127
-0.62248,1.36126
-0.62146,1.36125
-0.62069,1.36124
-0.62011,1.36123
-0.61968,1.36122
-0.61936,1.36122
-0.61911,1.36121
-0.61893,1.36121
-0.61878,1.36121
-0.61866,1.36121
-0.61857,1.36120
-0.61849,1.36120
-0.61842,1.36120
-0.61836,1.36120
-0.61831,1.36120
-0.61827,1.36120
-0.61823,1.36120
0.58583,-1.39214
0.58526,-1.39218
0.58435,-1.39223
0.58307,-1.39230
0.58137,-1.39239
0.57922,-1.39250
0.57656,-1.39261
0.57322,-1.39274
0.56895,-1.39287
0.56345,-1.39297
0.55637,-1.39301
0.54715,-1.39291
0.53469,-1.39247
0.51644,-1.39121
0.48438,-1.38720
0.38495,-1.36060
-0.63070,1.36130
-0.63034,1.36130
-0.62911,1.36130
-0.62760,1.36130
-0.62602,1.36129
-0.62452,1.36128
-0.62317,1.36127
-0.62202,1.36125
-0.62109,1.36124
-0.62038,1.36123
-0.61984,1.36122
-0.61945,1.36122
-0.61915,1.36121
-0.61893,1.36121
-0.61876,1.36121
-0.61863,1.36120
-0.61853,1.36120
-0.61845,1.36120
-0.61838,1.36120
-0.61832,1.36120
-0.61827,1.36120
-0.61822,1.36120
-0.61819,1.36120
-0.61815,1.36120
0.58627,-1.39212
0.58601,-1.39213
0.58559,-1.39216
0.58495,-1.39220
0.58404,-1.39225
0.58281,-1.39232
0.58125,-1.39240
0.57932,-1.39249
0.57696,-1.39260
0.57408,-1.39271
0.57054,-1.39282
0.56619,-1.39293
0.56085,-1.39300
0.55427,-1.39301
0.54604,-1.39288
0.53542,-1.39250
0.52085,-1.39158
0.49890,-1.38930
0.45904,-1.38243
0.32187,-1.33335
-0.62496,1.36128
-0.62381,1.36127
-0.62266,1.36126
-0.62162,1.36125
-0.62075,1.36124
-0.62007,1.36123
-0.61957,1.36122
-0.61920,1.36121
-0.61893,1.36121
-0.61874,1.36121
-0.61859,1.36120
-0.61848,1.36120
-0.61839,1.36120
-0.61832,1.36120
-0.61826,1.36120
-0.61821,1.36120
-0.61817,1.36120
-0.61814,1.36120
-0.61810,1.36120
-0.61808,1.36120
0.58645,-1.39211
0.58631,-1.39211
0.58608,-1.39213
0.58573,-1.39215
0.58521,-1.39218
0.58447,-1.39222
0.58347,-1.39228
0.58219,-1.39235
0.58058,-1.39243
0.57860,-1.39253
0.57615,-1.39263
0.57312,-1.39274
0.56938,-1.39286
0.56473,-1.39295
0.55896,-1.39301
0.55173,-1.39298
0.54250,-1.39278
0.53041,-1.39224
0.51398,-1.39098
0.48999,-1.38807
0.44884,-1.38011
0.32613,-1.33543
-0.62257,1.36126
-0.62133,1.36125
-0.62042,1.36123
-0.61974,1.36122
-0.61926,1.36122
-0.61893,1.36121
-0.61870,1.36121
-0.61853,1.36120
-0.61841,1.36120
-0.61832,1.36120
-0.61825,1.36120
-0.61820,1.36120
-0.61815,1.36120
-0.61811,1.36120
-0.61808,1.36120
-0.61805,1.36119
-0.61802,1.36119
-0.61800,1.36119
0.58656,-1.39210
0.58646,-1.39211
0.58632,-1.39211
0.58610,-1.39213
0.58577,-1.39215
0.58529,-1.39218
0.58462,-1.39222
0.58370,-1.39227
0.58251,-1.39233
0.58101,-1.39241
0.57911,-1.39250
0.57674,-1.39261
0.57375,-1.39272
0.56998,-1.39284
0.56521,-1.39295
0.55921,-1.39301
0.55162,-1.39298
0.54199,-1.39277
0.52963,-1.39219
0.51344,-1.39093
0.49113,-1.38823
0.45626,-1.38182
0.37831,-1.35809
-0.62159,1.36125
-0.62009,1.36123
-0.61936,1.36122
-0.61891,1.36121
-0.61863,1.36120
-0.61845,1.36120
-0.61832,1.36120
-0.61823,1.36120
-0.61816,1.36120
-0.61811,1.36120
-0.61806,1.36119
-0.61803,1.36119
-0.61800,1.36119
-0.61797,1.36119
-0.61795,1.36119
-0.61793,1.36119
-0.61792,1.36119
0.58663,-1.39209
0.58656,-1.39210
0.58646,-1.39211
0.58632,-1.39211
0.58609,-1.39213
0.58576,-1.39215
0.58528,-1.39218
0.58459,-1.39222
0.58367,-1.39227
0.58246,-1.39234
0.58090,-1.39242
0.57892,-1.39251
0.57640,-1.39262
0.57316,-1.39274
0.56902,-1.39286
0.56372,-1.39297
0.55698,-1.39302
0.54847,-1.39293
0.53775,-1.39261
0.52422,-1.39183
0.50677,-1.39024
0.48284,-1.38695
0.44444,-1.37904
0.34808,-1.34559
-0.61974,1.36122
-0.61887,1.36121
-0.61851,1.36120
-0.61830,1.36120
-0.61818,1.36120
-0.61809,1.36120
-0.61803,1.36119
-0.61798,1.36119
-0.61795,1.36119
-0.61792,1.36119
-0.61789,1.36119
-0.61787,1.36119
-0.61786,1.36119
-0.61784,1.36119
-0.61783,1.36119
-0.61782,1.36119
0.58669,-1.39209
0.58664,-1.39209
0.58656,-1.39210
0.58646,-1.39211
0.58630,-1.39211
0.58607,-1.39213
0.58572,-1.39215
0.58520,-1.39218
0.58446,-1.39222
0.58346,-1.39228
0.58214,-1.39235
0.58043,-1.39244
0.57823,-1.39254
0.57537,-1.39266
0.57166,-1.39279
0.56686,-1.39291
0.56068,-1.39300
0.55282,-1.39299
0.54295,-1.39280
0.53064,-1.39225
0.51518,-1.39109
0.49496,-1.38878
0.46547,-1.38377
0.40916,-1.36899
-0.61877,1.36121
-0.61818,1.36120
-0.61799,1.36119
-0.61790,1.36119
-0.61784,1.36119
-0.61780,1.36119
-0.61778,1.36119
-0.61776,1.36119
-0.61775,1.36119
-0.61774,1.36119
-0.61773,1.36119
-0.61773,1.36119
-0.61772,1.36119
-0.61772,1.36119
-0.61772,1.36119
-0.61771,1.36119
0.58673,-1.39209
0.58669,-1.39209
0.58664,-1.39209
0.58656,-1.39210
0.58645,-1.39211
0.58629,-1.39212
0.58603,-1.39213
0.58565,-1.39215
0.58507,-1.39219
0.58425,-1.39224
0.58312,-1.39230
0.58162,-1.39238
0.57966,-1.39248
0.57710,-1.39259
0.57374,-1.39272
0.56932,-1.39286
0.56357,-1.39297
0.55615,-1.39301
0.54676,-1.39290
0.53503,-1.39248
0.52039,-1.39154
0.50148,-1.38962
0.47462,-1.38553
0.42600,-1.37411
0.18288,-1.24820
-0.61673,1.36117
-0.61708,1.36118
-0.61723,1.36118
-0.61732,1.36118
-0.61738,1.36118
-0.61742,1.36118
-0.61746,1.36118
-0.61749,1.36118
-0.61751,1.36118
-0.61753,1.36119
-0.61754,1.36119
-0.61756,1.36119
-0.61757,1.36119
-0.61757,1.36119
-0.61758,1.36119
0.58677,-1.39209
0.58674,-1.39209
0.58670,-1.39209
0.58664,-1.39209
0.58656,-1.39210
0.58644,-1.39211
0.58626,-1.39212
0.58598,-1.39213
0.58555,-1.39216
0.58489,-1.39220
0.58395,-1.39225
0.58265,-1.39233
0.58090,-1.39242
0.57860,-1.39253
0.57554,-1.39266
0.57147,-1.39280
0.56608,-1.39293
0.55901,-1.39301
0.54990,-1.39296
0.53838,-1.39263
0.52383,-1.39181
0.50484,-1.39002
0.47730,-1.38601
0.42412,-1.37357
-0.60488,1.36084
-0.61336,1.36110
-0.61509,1.36114
-0.61591,1.36115
-0.61637,1.36116
-0.61666,1.36117
-0.61686,1.36117
-0.61700,1.36118
-0.61710,1.36118
-0.61718,1.36118
-0.61725,1.36118
-0.61730,1.36118
-0.61734,1.36118
-0.61737,1.36118
-0.61740,1.36118
-0.61742,1.36118
0.58680,-1.39208
0.58677,-1.39209
0.58674,-1.39209
0.58670,-1.39209
0.58664,-1.39209
0.58656,-1.39210
0.58643,-1.39211
0.58624,-1.39212
0.58592,-1.39214
0.58543,-1.39217
0.58467,-1.39221
0.58356,-1.39228
0.58203,-1.39236
0.57996,-1.39246
0.57719,-1.39259
0.57345,-1.39273
0.56841,-1.39288
0.56166,-1.39299
0.55273,-1.39299
0.54113,-1.39274
0.52604,-1.39196
0.50554,-1.39010
0.47332,-1.38529
0.39023,-1.36253
-0.60445,1.36082
-0.60947,1.36099
-0.61204,1.36106
-0.61368,1.36110
-0.61475,1.36113
-0.61546,1.36114
-0.61594,1.36115
-0.61628,1.36116
-0.61653,1.36117
-0.61671,1.36117
-0.61685,1.36117
-0.61696,1.36117
-0.61704,1.36118
-0.61711,1.36118
-0.61716,1.36118
-0.61721,1.36118
0.58682,-1.39208
0.58680,-1.39208
0.58678,-1.39209
0.58675,-1.39209
0.58671,-1.39209
0.58665,-1.39209
0.58656,-1.39210
0.58642,-1.39211
0.58621,-1.39212
0.58585,-1.39214
0.58527,-1.39218
0.58438,-1.39223
0.58307,-1.39230
0.58124,-1.39240
0.57873,-1.39252
0.57532,-1.39266
0.57065,-1.39282
0.56422,-1.39296
0.55542,-1.39301
0.54345,-1.39281
0.52696,-1.39202
0.50236,-1.38973
0.45334,-1.38116
-0.59346,1.36033
-0.60315,1.36077
-0.60683,1.36091
-0.60933,1.36099
-0.61123,1.36104
-0.61269,1.36108
-0.61379,1.36111
-0.61462,1.36113
-0.61523,1.36114
-0.61569,1.36115
-0.61603,1.36116
-0.61629,1.36116
-0.61649,1.36117
-0.61664,1.36117
-0.61677,1.36117
-0.61687,1.36117
-0.61694,1.36117
0.58684,-1.39208
0.58683,-1.39208
0.58681,-1.39208
0.58679,-1.39209
0.58676,-1.39209
0.58671,-1.39209
0.58665,-1.39209
0.58656,-1.39210
0.58642,-1.39211
0.58618,-1.39212
0.58577,-1.39215
0.58509,-1.39219
0.58401,-1.39225
0.58243,-1.39234
0.58019,-1.39245
0.57710,-1.39259
0.57279,-1.39275
0.56669,-1.39292
0.55797,-1.39301
0.54521,-1.39286
0.52541,-1.39192
0.48671,-1.38757
-0.58097,1.35957
-0.59691,1.36050
-0.60192,1.36072
-0.60504,1.36084
-0.60735,1.36092
-0.60920,1.36098
-0.61074,1.36103
-0.61202,1.36106
-0.61308,1.36109
-0.61393,1.36111
-0.61460,1.36113
-0.61513,1.36114
-0.61554,1.36115
-0.61587,1.36115
-0.61612,1.36116
-0.61632,1.36116
-0.61648,1.36117
-0.61661,1.36117
0.58686,-1.39208
0.58685,-1.39208
0.58684,-1.39208
0.58682,-1.39208
0.58680,-1.39208
0.58677,-1.39209
0.58672,-1.39209
0.58666,-1.39209
0.58657,-1.39210
0.58641,-1.39211
0.58614,-1.39212
0.58567,-1.39215
0.58485,-1.39220
0.58353,-1.39228
0.58156,-1.39238
0.57875,-1.39252
0.57477,-1.39268
0.56898,-1.39287
0.56015,-1.39301
0.54535,-1.39286
0.51075,-1.39066
-0.56419,1.35822
-0.58812,1.36003
-0.59622,1.36047
-0.60065,1.36067
-0.60360,1.36079
-0.60582,1.36087
-0.60762,1.36093
-0.60914,1.36098
-0.61045,1.36102
-0.61159,1.36105
-0.61256,1.36108
-0.61339,1.36110
-0.61407,1.36111
-0.61464,1.36113
-0.61510,1.36114
-0.61547,1.36114
-0.61577,1.36115
-0.61601,1.36116
-0.61620,1.36116
0.58688,-1.39208
0.58687,-1.39208
0.58686,-1.39208
0.58685,-1.39208
0.58683,-1.39208
0.58681,-1.39208
0.58678,-1.39209
0.58674,-1.39209
0.58667,-1.39209
0.58658,-1.39210
0.58641,-1.39211
0.58611,-1.39213
0.58554,-1.39216
0.58451,-1.39222
0.58281,-1.39232
0.58024,-1.39245
0.57645,-1.39262
0.57065,-1.39282
0.56026,-1.39300
-0.23703,1.26605
-0.49372,1.34870
-0.56642,1.35842
-0.58629,1.35992
-0.59461,1.36039
-0.59924,1.36061
-0.60229,1.36074
-0.60454,1.36083
-0.60633,1.36089
-0.60783,1.36094
-0.60913,1.36098
-0.61028,1.36101
-0.61130,1.36104
-0.61220,1.36107
-0.61298,1.36109
-0.61366,1.36110
-0.61424,1.36112
-0.61472,1.36113
-0.61512,1.36114
-0.61545,1.36114
-0.61572,1.36115
0.58690,-1.39208
0.58689,-1.39208
0.58688,-1.39208
0.58687,-1.39208
0.58686,-1.39208
0.58685,-1.39208
0.58682,-1.39208
0.58680,-1.39208
0.58675,-1.39209
0.58669,-1.39209
0.58659,-1.39210
0.58642,-1.39211
0.58607,-1.39213
0.58534,-1.39217
0.58394,-1.39225
0.58148,-1.39239
0.57733,-1.39258
0.56609,-1.39293
-0.22400,1.25975
-0.35324,1.31275
-0.48872,1.34780
-0.55893,1.35772
-0.58260,1.35968
-0.59241,1.36027
-0.59765,1.36054
-0.60099,1.36068
-0.60337,1.36078
-0.60521,1.36085
-0.60673,1.36090
-0.60803,1.36095
-0.60917,1.36098
-0.61019,1.36101
-0.61112,1.36104
-0.61195,1.36106
-0.61269,1.36108
-0.61335,1.36110
-0.61392,1.36111
-0.61441,1.36112
-0.61483,1.36113
-0.61518,1.36114
0.58692,-1.39208
0.58691,-1.39208
0.58691,-1.39208
0.58690,-1.39208
0.58689,-1.39208
0.58688,-1.39208
0.58686,-1.39208
0.58684,-1.39208
0.58682,-1.39208
0.58678,-1.39209
0.58672,-1.39209
0.58662,-1.39210
0.58643,-1.39211
0.58599,-1.39213
0.58490,-1.39220
0.58218,-1.39235
0.00418,1.09954
-0.18639,1.24023
-0.26217,1.27756
-0.35314,1.31271
-0.46791,1.34375
-0.54684,1.35644
-0.57734,1.35931
-0.58962,1.36012
-0.59584,1.36045
-0.59962,1.36063
-0.60222,1.36074
-0.60417,1.36081
-0.60574,1.36087
-0.60706,1.36091
-0.60821,1.36095
-0.60924,1.36098
-0.61016,1.36101
-0.61101,1.36103
-0.61178,1.36106
-0.61249,1.36107
-0.61312,1.36109
-0.61369,1.36110
-0.61418,1.36112
-0.61461,1.36113
0.58693,-1.39208
0.58693,-1.39208
0.58693,-1.39208
0.58692,-1.39208
0.58692,-1.39208
0.58691,-1.39208
0.58690,-1.39208
0.58689,-1.39208
0.58687,-1.39208
0.58685,-1.39208
0.58682,-1.39208
0.58676,-1.39209
0.58667,-1.39209
0.58644,-1.39211
0.58569,-1.39215
0.09402,0.99575
-0.14695,1.21737
-0.20735,1.25137
-0.26441,1.27854
-0.33886,1.30783
-0.44086,1.33774
-0.52980,1.35433
-0.57015,1.35874
-0.58611,1.35991
-0.59373,1.36034
-0.59812,1.36056
-0.60104,1.36069
-0.60316,1.36077
-0.60482,1.36084
-0.60619,1.36088
-0.60736,1.36092
-0.60839,1.36096
-0.60932,1.36099
-0.61017,1.36101
-0.61095,1.36103
-0.61168,1.36105
-0.61235,1.36107
-0.61296,1.36109
-0.61352,1.36110
-0.61401,1.36111
0.58695,-1.39207
0.58695,-1.39207
0.58695,-1.39208
0.58695,-1.39208
0.58694,-1.39208
0.58694,-1.39208
0.58694,-1.39208
0.58693,-1.39208
0.58692,-1.39208
0.58691,-1.39208
0.58690,-1.39208
0.58688,-1.39208
0.58684,-1.39208
0.58675,-1.39209
0.58638,-1.39211
-0.08382,1.17483
-0.15803,1.22406
-0.20667,1.25102
-0.25584,1.27473
-0.31950,1.30084
-0.41009,1.32993
-0.50666,1.35090
-0.56017,1.35784
-0.58156,1.35961
-0.59119,1.36021
-0.59644,1.36048
-0.59978,1.36063
-0.60213,1.36073
-0.60392,1.36080
-0.60536,1.36085
-0.60657,1.36090
-0.60762,1.36093
-0.60856,1.36096
-0.60941,1.36099
-0.61020,1.36101
-0.61094,1.36103
-0.61163,1.36105
-0.61227,1.36107
-0.61286,1.36108
-0.61341,1.36110
0.58697,-1.39207
0.58697,-1.39207
0.58697,-1.39207
0.58697,-1.39207
0.58697,-1.39207
0.58697,-1.39207
0.58697,-1.39207
0.58698,-1.39207
0.58698,-1.39207
0.58698,-1.39207
0.58698,-1.39207
0.58699,-1.39207
0.58701,-1.39207
0.58706,-1.39207
0.58843,-1.39198
-0.07493,1.16815
-0.14825,1.21817
-0.19530,1.24504
-0.24067,1.26777
-0.29666,1.29204
-0.37629,1.32014
-0.47567,1.34531
-0.54558,1.35630
-0.57531,1.35916
-0.58796,1.36002
-0.59444,1.36038
-0.59835,1.36057
-0.60102,1.36069
-0.60298,1.36077
-0.60453,1.36082
-0.60581,1.36087
-0.60689,1.36091
-0.60785,1.36094
-0.60872,1.36097
-0.60951,1.36099
-0.61025,1.36101
-0.61095,1.36103
-0.61161,1.36105
-0.61223,1.36107
-0.61281,1.36108
0.58699,-1.39207
0.58699,-1.39207
0.58700,-1.39207
0.58700,-1.39207
0.58701,-1.39207
0.58701,-1.39207
0.58702,-1.39207
0.58703,-1.39207
0.58704,-1.39207
0.58706,-1.39207
0.58709,-1.39207
0.58715,-1.39206
0.58726,-1.39206
0.58760,-1.39203
0.58971,-1.39189
0.00820,1.09554
-0.11931,1.19973
-0.17347,1.23302
-0.21868,1.25712
-0.26946,1.28074
-0.33870,1.30777
-0.43439,1.33619
-0.52240,1.35330
-0.56576,1.35836
-0.58344,1.35974
-0.59184,1.36024
-0.59662,1.36049
-0.59973,1.36063
-0.60195,1.36072
-0.60365,1.36079
-0.60502,1.36084
-0.60617,1.36088
-0.60717,1.36092
-0.60806,1.36095
-0.60886,1.36097
-0.60961,1.36099
-0.61032,1.36101
-0.61099,1.36103
-0.61162,1.36105
-0.61223,1.36107
0.58701,-1.39207
0.58702,-1.39207
0.58703,-1.39207
0.58703,-1.39207
0.58704,-1.39207
0.58706,-1.39207
0.58707,-1.39207
0.58710,-1.39207
0.58713,-1.39206
0.58717,-1.39206
0.58725,-1.39206
0.58738,-1.39205
0.58766,-1.39203
0.58834,-1.39199
0.59016,-1.39186
0.59615,-1.39141
-0.03895,1.13913
-0.13367,1.20907
-0.18620,1.24012
-0.23521,1.26519
-0.29535,1.29152
-0.38039,1.32140
-0.48202,1.34655
-0.54843,1.35662
-0.57602,1.35921
-0.58797,1.36002
-0.59423,1.36037
-0.59805,1.36056
-0.60067,1.36067
-0.60262,1.36075
-0.60414,1.36081
-0.60540,1.36086
-0.60646,1.36089
-0.60739,1.36092
-0.60823,1.36095
-0.60899,1.36098
-0.60971,1.36100
-0.61039,1.36102
-0.61104,1.36104
-0.61166,1.36105
0.58704,-1.39207
0.58705,-1.39207
0.58706,-1.39207
0.58707,-1.39207
0.58709,-1.39207
0.58711,-1.39206
0.58714,-1.39206
0.58718,-1.39206
0.58724,-1.39206
0.58733,-1.39205
0.58747,-1.39204
0.58772,-1.39203
0.58819,-1.39200
0.58907,-1.39194
0.59068,-1.39183
0.59340,-1.39163
0.59858,-1.39121
-0.01873,1.12128
-0.12864,1.20585
-0.18667,1.24038
-0.24206,1.26842
-0.31248,1.29820
-0.41079,1.33011
-0.50923,1.35131
-0.56035,1.35786
-0.58079,1.35956
-0.59022,1.36015
-0.59547,1.36043
-0.59883,1.36059
-0.60120,1.36069
-0.60300,1.36077
-0.60444,1.36082
-0.60563,1.36086
-0.60665,1.36090
-0.60755,1.36093
-0.60835,1.36096
-0.60910,1.36098
-0.60980,1.36100
-0.61046,1.36102
-0.61109,1.36104
0.58707,-1.39207
0.58709,-1.39207
0.58710,-1.39207
0.58712,-1.39206
0.58715,-1.39206
0.58719,-1.39206
0.58723,-1.39206
0.58730,-1.39205
0.58740,-1.39205
0.58754,-1.39204
0.58777,-1.39202
0.58814,-1.39200
0.58877,-1.39196
0.58978,-1.39189
0.59132,-1.39178
0.59345,-1.39163
0.59605,-1.39142
0.59912,-1.39116
0.61511,-1.38952
-0.08330,1.17444
-0.16201,1.22641
-0.22571,1.26059
-0.30279,1.29446
-0.40917,1.32968
-0.51180,1.35172
-0.56179,1.35800
-0.58134,1.35960
-0.59043,1.36017
-0.59555,1.36044
-0.59887,1.36059
-0.60123,1.36069
-0.60303,1.36077
-0.60447,1.36082
-0.60567,1.36087
-0.60670,1.36090
-0.60760,1.36093
-0.60841,1.36096
-0.60916,1.36098
-0.60985,1.36100
-0.61052,1.36102
0.58711,-1.39206
0.58713,-1.39206
0.58716,-1.39206
0.58719,-1.39206
0.58723,-1.39206
0.58728,-1.39205
0.58735,-1.39205
0.58745,-1.39204
0.58759,-1.39203
0.58780,-1.39202
0.58813,-1.39200
0.58862,-1.39197
0.58938,-1.39192
0.59050,-1.39184
0.59208,-1.39173
0.59413,-1.39157
0.59652,-1.39138
0.59904,-1.39117
0.60143,-1.39096
0.60347,-1.39076
0.60596,-1.39052
-0.00735,1.11069
-0.13844,1.21209
-0.22382,1.25967
-0.32823,1.30405
-0.46037,1.34215
-0.54489,1.35622
-0.57545,1.35917
-0.58773,1.36001
-0.59402,1.36036
-0.59788,1.36055
-0.60055,1.36067
-0.60254,1.36075
-0.60412,1.36081
-0.60542,1.36086
-0.60653,1.36090
-0.60750,1.36093
-0.60836,1.36096
-0.60914,1.36098
-0.60987,1.36100
0.58716,-1.39206
0.58718,-1.39206
0.58722,-1.39206
0.58726,-1.39206
0.58732,-1.39205
0.58739,-1.39205
0.58749,-1.39204
0.58763,-1.39203
0.58783,-1.39202
0.58811,-1.39200
0.58853,-1.39197
0.58914,-1.39193
0.59002,-1.39187
0.59127,-1.39179
0.59296,-1.39166
0.59511,-1.39150
0.59767,-1.39129
0.60053,-1.39104
0.60357,-1.39076
0.60667,-1.39045
0.60972,-1.39013
0.61255,-1.38981
0.61488,-1.38954
0.61623,-1.38938
0.61546,-1.38947
0.28899,0.64278
-0.19366,1.24416
-0.38773,1.32359
-0.53549,1.35508
-0.57600,1.35921
-0.58898,1.36008
-0.59509,1.36041
-0.59874,1.36059
-0.60127,1.36070
-0.60319,1.36077
-0.60474,1.36083
-0.60603,1.36088
-0.60714,1.36092
-0.60812,1.36095
-0.60899,1.36098
0.58721,-1.39206
0.58725,-1.39206
0.58730,-1.39205
0.58736,-1.39205
0.58743,-1.39204
0.58753,-1.39204
0.58766,-1.39203
0.58784,-1.39202
0.58809,-1.39200
0.58845,-1.39198
0.58896,-1.39195
0.58968,-1.39190
0.59070,-1.39183
0.59209,-1.39173
0.59395,-1.39159
0.59628,-1.39140
0.59909,-1.39117
0.60233,-1.39087
0.60595,-1.39052
0.60989,-1.39011
0.61400,-1.38965
0.61810,-1.38915
0.62193,-1.38866
0.62530,-1.38821
0.62807,-1.38782
0.63020,-1.38751
0.63159,-1.38730
0.63194,-1.38725
0.62984,-1.38756
0.61876,-1.38907
-0.39336,1.32524
-0.56180,1.35800
-0.58649,1.35993
-0.59452,1.36038
-0.59866,1.36058
-0.60137,1.36070
-0.60339,1.36078
-0.60502,1.36084
-0.60639,1.36089
-0.60757,1.36093
0.58728,-1.39205
0.58733,-1.39205
0.58739,-1.39205
0.58747,-1.39204
0.58756,-1.39204
0.58769,-1.39203
0.58785,-1.39202
0.58808,-1.39200
0.58839,-1.39198
0.58882,-1.39195
0.58942,-1.39191
0.59026,-1.39186
0.59141,-1.39178
0.59298,-1.39166
0.59501,-1.39150
0.59755,-1.39130
0.60060,-1.39103
0.60415,-1.39070
0.60814,-1.39030
0.61247,-1.38982
0.61694,-1.38930
0.62126,-1.38875
0.62516,-1.38823
0.62848,-1.38776
0.63119,-1.38736
0.63334,-1.38704
0.63503,-1.38678
0.63635,-1.38657
0.63735,-1.38641
0.63802,-1.38630
0.63820,-1.38627
0.63710,-1.38645
0.62748,-1.38790
-0.43633,1.33666
-0.57677,1.35927
-0.59219,1.36026
-0.59780,1.36054
-0.60099,1.36068
-0.60325,1.36078
-0.60504,1.36084
0.58736,-1.39205
0.58743,-1.39204
0.58750,-1.39204
0.58759,-1.39203
0.58771,-1.39203
0.58786,-1.39202
0.58806,-1.39200
0.58833,-1.39199
0.58869,-1.39196
0.58920,-1.39193
0.58990,-1.39188
0.59086,-1.39181
0.59218,-1.39172
0.59391,-1.39159
0.59614,-1.39141
0.59887,-1.39118
0.60212,-1.39089
0.60587,-1.39053
0.61006,-1.39009
0.61454,-1.38958
0.61905,-1.38903
0.62329,-1.38848
0.62701,-1.38797
0.63010,-1.38752
0.63258,-1.38715
0.63453,-1.38685
0.63608,-1.38661
0.63731,-1.38641
0.63832,-1.38625
0.63914,-1.38612
0.63982,-1.38601
0.64036,-1.38592
0.64073,-1.38585
0.64077,-1.38585
0.63976,-1.38602
0.62884,-1.38771
-0.52070,1.35306
-0.58637,1.35992
-0.59603,1.36046
-0.60019,1.36065
0.58746,-1.39204
0.58753,-1.39204
0.58762,-1.39203
0.58773,-1.39203
0.58787,-1.39202
0.58805,-1.39200
0.58828,-1.39199
0.58859,-1.39197
0.58902,-1.39194
0.58960,-1.39190
0.59041,-1.39185
0.59151,-1.39177
0.59298,-1.39166
0.59490,-1.39151
0.59730,-1.39132
0.60021,-1.39107
0.60361,-1.39075
0.60748,-1.39036
0.61174,-1.38991
0.61622,-1.38938
0.62064,-1.38883
0.62471,-1.38829
0.62822,-1.38780
0.63109,-1.38738
0.63338,-1.38703
0.63517,-1.38675
0.63660,-1.38653
0.63773,-1.38635
0.63866,-1.38620
0.63943,-1.38607
0.64008,-1.38596
0.64065,-1.38587
0.64113,-1.38579
0.64155,-1.38572
0.64190,-1.38566
0.64213,-1.38562
0.64205,-1.38563
0.64072,-1.38586
0.23415,0.76041
-0.56753,1.35852
0.58756,-1.39204
0.58765,-1.39203
0.58775,-1.39202
0.58788,-1.39202
0.58804,-1.39201
0.58824,-1.39199
0.58851,-1.39197
0.58887,-1.39195
0.58936,-1.39192
0.59003,-1.39187
0.59095,-1.39181
0.59219,-1.39172
0.59384,-1.39160
0.59593,-1.39143
0.59849,-1.39122
0.60153,-1.39095
0.60503,-1.39061
0.60895,-1.39021
0.61321,-1.38974
0.61762,-1.38921
0.62189,-1.38867
0.62577,-1.38814
0.62908,-1.38767
0.63177,-1.38728
0.63390,-1.38695
0.63558,-1.38669
0.63692,-1.38648
0.63798,-1.38631
0.63886,-1.38616
0.63958,-1.38605
0.64019,-1.38594
0.64072,-1.38586
0.64118,-1.38578
0.64159,-1.38571
0.64195,-1.38565
0.64228,-1.38560
0.64257,-1.38555
0.64281,-1.38551
0.64294,-1.38548
0.64271,-1.38552
0.58767,-1.39203
0.58777,-1.39202
0.58789,-1.39202
0.58803,-1.39201
0.58821,-1.39199
0.58844,-1.39198
0.58874,-1.39196
0.58915,-1.39193
0.58971,-1.39189
0.59048,-1.39184
0.59152,-1.39177
0.59292,-1.39166
0.59473,-1.39153
0.59698,-1.39134
0.59969,-1.39111
0.60282,-1.39083
0.60638,-1.39048
0.61031,-1.39006
0.61452,-1.38959
0.61881,-1.38906
0.62292,-1.38853
0.62661,-1.38803
0.62974,-1.38758
0.63227,-1.38720
0.63429,-1.38689
0.63588,-1.38664
0.63714,-1.38644
0.63816,-1.38628
0.63899,-1.38614
0.63969,-1.38603
0.64027,-1.38593
0.64077,-1.38585
0.64121,-1.38578
0.64159,-1.38571
0.64193,-1.38565
0.64223,-1.38560
0.64251,-1.38556
0.64276,-1.38551
0.64299,-1.38547
0.64321,-1.38544
0.58779,-1.39202
0.58789,-1.39201
0.58802,-1.39201
0.58818,-1.39200
0.58838,-1.39198
0.58863,-1.39197
0.58898,-1.39194
0.58944,-1.39191
0.59008,-1.39187
0.59095,-1.39181
0.59213,-1.39172
0.59369,-1.39161
0.59566,-1.39145
0.59806,-1.39125
0.60088,-1.39101
0.60408,-1.39071
0.60766,-1.39035
0.61157,-1.38992
0.61569,-1.38945
0.61985,-1.38893
0.62379,-1.38841
0.62731,-1.38793
0.63027,-1.38750
0.63267,-1.38714
0.63459,-1.38684
0.63611,-1.38661
0.63732,-1.38641
0.63829,-1.38626
0.63910,-1.38613
0.63977,-1.38601
0.64033,-1.38592
0.64082,-1.38584
0.64124,-1.38577
0.64161,-1.38571
0.64193,-1.38565
0.64221,-1.38561
0.64247,-1.38556
0.64269,-1.38552
0.64290,-1.38549
0.64310,-1.38545
0.58790,-1.39201
0.58802,-1.39201
0.58816,-1.39200
0.58833,-1.39199
0.58855,-1.39197
0.58883,-1.39195
0.58922,-1.39193
0.58975,-1.39189
0.59047,-1.39184
0.59147,-1.39177
0.59279,-1.39167
0.59451,-1.39154
0.59663,-1.39137
0.59916,-1.39116
0.60206,-1.39090
0.60530,-1.39059
0.60887,-1.39022
0.61273,-1.38979
0.61675,-1.38932
0.62077,-1.38881
0.62455,-1.38831
0.62790,-1.38784
0.63072,-1.38743
0.63301,-1.38709
0.63484,-1.38681
0.63629,-1.38658
0.63746,-1.38639
0.63841,-1.38624
0.63918,-1.38611
0.63984,-1.38600
0.64039,-1.38591
0.64086,-1.38583
0.64127,-1.38576
0.64163,-1.38570
0.64194,-1.38565
0.64221,-1.38561
0.64246,-1.38556
0.64267,-1.38553
0.64286,-1.38550
0.64304,-1.38547
