-0.79359,1.33950
-0.79318,1.33961
-0.79274,1.33974
-0.79222,1.33988
-0.79162,1.34004
-0.79091,1.34023
-0.79006,1.34046
-0.78903,1.34074
-0.78778,1.34107
-0.78624,1.34148
-0.78431,1.34198
-0.78189,1.34260
-0.77882,1.34338
-0.77489,1.34434
-0.76988,1.34553
-0.76356,1.34697
-0.75576,1.34864
-0.74648,1.35049
-0.73594,1.35241
-0.72455,1.35427
-0.71276,1.35595
-0.70091,1.35741
-0.68923,1.35861
-0.67788,1.35956
-0.66715,1.36026
-0.65753,1.36073
-0.64953,1.36102
-0.64334,1.36117
-0.63880,1.36125
-0.63554,1.36128
-0.63318,1.36130
-0.63145,1.36130
-0.63015,1.36130
-0.62914,1.36130
-0.62832,1.36130
-0.62765,1.36130
-0.62706,1.36130
-0.62654,1.36129
-0.62607,1.36129
-0.62563,1.36129
-0.79389,1.33942
-0.79340,1.33956
-0.79289,1.33970
-0.79233,1.33985
-0.79170,1.34002
-0.79097,1.34022
-0.79010,1.34045
-0.78907,1.34073
-0.78781,1.34106
-0.78627,1.34147
-0.78434,1.34197
-0.78192,1.34259
-0.77883,1.34337
-0.77487,1.34434
-0.76979,1.34555
-0.76333,1.34702
-0.75531,1.34873
-0.74572,1.35064
-0.73478,1.35261
-0.72294,1.35451
-0.71067,1.35623
-0.69836,1.35769
-0.68629,1.35887
-0.67470,1.35978
-0.66400,1.36043
-0.65469,1.36085
-0.64720,1.36108
-0.64155,1.36120
-0.63745,1.36126
-0.63450,1.36129
-0.63235,1.36130
-0.63076,1.36130
-0.62954,1.36130
-0.62858,1.36130
-0.62779,1.36130
-0.62713,1.36130
-0.62655,1.36129
-0.62603,1.36129
-0.62556,1.36129
-0.62512,1.36128
-0.79464,1.33921
-0.79395,1.33940
-0.79329,1.33959
-0.79263,1.33977
-0.79192,1.33996
-0.79113,1.34018
-0.79022,1.34042
-0.78916,1.34071
-0.78788,1.34105
-0.78632,1.34146
-0.78439,1.34196
-0.78195,1.34259
-0.77883,1.34337
-0.77482,1.34436
-0.76964,1.34558
-0.76302,1.34708
-0.75475,1.34885
-0.74480,1.35081
-0.73342,1.35284
-0.72108,1.35479
-0.70830,1.35653
-0.69553,1.35799
-0.68310,1.35915
-0.67136,1.36001
-0.66080,1.36059
-0.65191,1.36095
-0.64498,1.36114
-0.63985,1.36123
-0.63616,1.36128
-0.63349,1.36129
-0.63152,1.36130
-0.63004,1.36130
-0.62889,1.36130
-0.62797,1.36130
-0.62721,1.36130
-0.62656,1.36129
-0.62599,1.36129
-0.62547,1.36129
-0.62500,1.36128
-0.62457,1.36128
-0.79622,1.33877
-0.79517,1.33907
-0.79422,1.33933
-0.79333,1.33958
-0.79244,1.33982
-0.79153,1.34007
-0.79052,1.34034
-0.78938,1.34065
-0.78805,1.34100
-0.78644,1.34143
-0.78446,1.34194
-0.78198,1.34258
-0.77881,1.34338
-0.77472,1.34438
-0.76941,1.34564
-0.76259,1.34718
-0.75402,1.34900
-0.74367,1.35102
-0.73178,1.35312
-0.71889,1.35511
-0.70558,1.35686
-0.69235,1.35831
-0.67962,1.35942
-0.66785,1.36022
-0.65758,1.36073
-0.64922,1.36103
-0.64287,1.36118
-0.63825,1.36125
-0.63491,1.36129
-0.63248,1.36130
-0.63067,1.36130
-0.62929,1.36130
-0.62820,1.36130
-0.62732,1.36130
-0.62658,1.36129
-0.62594,1.36129
-0.62538,1.36129
-0.62488,1.36128
-0.62442,1.36128
-0.62401,1.36127
-0.79513,1.33908
-0.79679,1.33861
-0.79585,1.33888
-0.79469,1.33920
-0.79353,1.33952
-0.79238,1.33984
-0.79118,1.34016
-0.78988,1.34051
-0.78841,1.34091
-0.78669,1.34136
-0.78462,1.34190
-0.78204,1.34256
-0.77877,1.34339
-0.77454,1.34442
-0.76906,1.34572
-0.76198,1.34731
-0.75305,1.34920
-0.74221,1.35129
-0.72976,1.35345
-0.71626,1.35548
-0.70240,1.35724
-0.68875,1.35865
-0.67584,1.35970
-0.66420,1.36042
-0.65437,1.36086
-0.64663,1.36110
-0.64087,1.36122
-0.63670,1.36127
-0.63368,1.36129
-0.63145,1.36130
-0.62978,1.36130
-0.62848,1.36130
-0.62745,1.36130
-0.62660,1.36129
-0.62589,1.36129
-0.62528,1.36128
-0.62474,1.36128
-0.62426,1.36128
-0.62383,1.36127
-0.62344,1.36127
0.33458,-1.33945
0.19774,-1.25884
0.01309,-1.10144
-0.79199,1.33994
-0.79436,1.33929
-0.79354,1.33952
-0.79223,1.33988
-0.79073,1.34028
-0.78906,1.34073
-0.78715,1.34124
-0.78488,1.34183
-0.78213,1.34254
-0.77867,1.34341
-0.77423,1.34450
-0.76848,1.34585
-0.76105,1.34752
-0.75164,1.34948
-0.74023,1.35166
-0.72712,1.35387
-0.71299,1.35592
-0.69859,1.35766
-0.68463,1.35902
-0.67172,1.35998
-0.66044,1.36061
-0.65121,1.36097
-0.64414,1.36116
-0.63894,1.36124
-0.63518,1.36128
-0.63243,1.36130
-0.63039,1.36130
-0.62883,1.36130
-0.62761,1.36130
-0.62663,1.36129
-0.62583,1.36129
-0.62516,1.36128
-0.62458,1.36128
-0.62407,1.36127
-0.62363,1.36127
-0.62323,1.36127
-0.62287,1.36126
0.50422,-1.38995
0.45964,-1.38256
0.39533,-1.36434
0.30541,-1.32501
0.19241,-1.25507
0.05659,-1.14347
-0.77698,1.34383
-0.78901,1.34074
-0.78888,1.34078
-0.78723,1.34122
-0.78490,1.34183
-0.78194,1.34259
-0.77822,1.34352
-0.77346,1.34468
-0.76731,1.34612
-0.75939,1.34787
-0.74939,1.34993
-0.73729,1.35218
-0.72347,1.35443
-0.70872,1.35647
-0.69393,1.35815
-0.67990,1.35940
-0.66730,1.36025
-0.65663,1.36077
-0.64815,1.36106
-0.64175,1.36120
-0.63707,1.36127
-0.63366,1.36129
-0.63115,1.36130
-0.62926,1.36130
-0.62781,1.36130
-0.62667,1.36129
-0.62576,1.36129
-0.62501,1.36128
-0.62439,1.36128
-0.62386,1.36127
-0.62340,1.36127
-0.62299,1.36126
-0.62263,1.36126
-0.62231,1.36126
0.55635,-1.39301
0.53807,-1.39262
0.51230,-1.39082
0.47798,-1.38613
0.43287,-1.37603
0.37379,-1.35634
0.29993,-1.32213
0.21550,-1.27110
0.12477,-1.20317
0.02314,-1.11143
-0.75230,1.34935
-0.77393,1.34457
-0.77347,1.34468
-0.76953,1.34561
-0.76344,1.34699
-0.75522,1.34875
-0.74473,1.35082
-0.73207,1.35307
-0.71778,1.35527
-0.70277,1.35719
-0.68808,1.35871
-0.67452,1.35980
-0.66268,1.36050
-0.65290,1.36091
-0.64523,1.36113
-0.63946,1.36124
-0.63521,1.36128
-0.63210,1.36130
-0.62979,1.36130
-0.62805,1.36130
-0.62671,1.36129
-0.62567,1.36129
-0.62484,1.36128
-0.62417,1.36128
-0.62361,1.36127
-0.62313,1.36127
-0.62272,1.36126
-0.62237,1.36126
-0.62205,1.36125
-0.62177,1.36125
0.57295,-1.39275
0.56580,-1.39293
0.55449,-1.39301
0.53806,-1.39262
0.51600,-1.39117
0.48783,-1.38774
0.45274,-1.38102
0.40964,-1.36914
0.35790,-1.34985
0.29885,-1.32155
0.23634,-1.28482
0.17446,-1.24201
0.11521,-1.19524
0.05792,-1.14471
-0.00253,-1.08556
-0.09129,-0.98672
-0.71940,1.35503
-0.71632,1.35547
-0.70597,1.35681
-0.69338,1.35821
-0.68056,1.35935
-0.66861,1.36017
-0.65813,1.36071
-0.64940,1.36102
-0.64248,1.36119
-0.63722,1.36126
-0.63332,1.36129
-0.63045,1.36130
-0.62833,1.36130
-0.62675,1.36129
-0.62555,1.36129
-0.62463,1.36128
-0.62389,1.36127
-0.62330,1.36127
-0.62282,1.36126
-0.62241,1.36126
-0.62205,1.36125
-0.62175,1.36125
-0.62148,1.36125
-0.62124,1.36124
0.57829,-1.39254
0.57508,-1.39267
0.56995,-1.39284
0.56204,-1.39299
0.55050,-1.39297
0.53477,-1.39247
0.51443,-1.39102
0.48903,-1.38792
0.45793,-1.38219
0.42052,-1.37251
0.37663,-1.35745
0.32713,-1.33591
0.27418,-1.30786
0.22050,-1.27446
0.16822,-1.23735
0.11810,-1.19766
0.06957,-1.15541
0.02074,-1.10906
-0.03351,-1.05278
-0.12493,-0.94493
-0.67209,1.35996
-0.66307,1.36048
-0.65422,1.36086
-0.64636,1.36110
-0.63993,1.36123
-0.63497,1.36128
-0.63131,1.36130
-0.62866,1.36130
-0.62676,1.36129
-0.62537,1.36129
-0.62434,1.36128
-0.62355,1.36127
-0.62293,1.36126
-0.62243,1.36126
-0.62202,1.36125
-0.62168,1.36125
-0.62139,1.36125
-0.62113,1.36124
-0.62091,1.36124
-0.62071,1.36124
0.58057,-1.39243
0.57875,-1.39252
0.57597,-1.39264
0.57169,-1.39279
0.56525,-1.39294
0.55597,-1.39301
0.54329,-1.39281
0.52672,-1.39201
0.50571,-1.39012
0.47953,-1.38640
0.44731,-1.37975
0.40841,-1.36875
0.36285,-1.35192
0.31181,-1.32831
0.25757,-1.29805
0.20280,-1.26239
0.14966,-1.22312
0.09934,-1.18178
0.05189,-1.13909
0.00585,-1.09413
-0.04367,-1.04164
-0.12286,-0.94757
-0.65353,1.36089
-0.64425,1.36115
-0.63752,1.36126
-0.63257,1.36130
-0.62910,1.36130
-0.62672,1.36129
-0.62508,1.36128
-0.62393,1.36127
-0.62309,1.36127
-0.62245,1.36126
-0.62195,1.36125
-0.62155,1.36125
-0.62122,1.36124
-0.62094,1.36124
-0.62070,1.36124
-0.62050,1.36123
-0.62032,1.36123
-0.62016,1.36123
0.58186,-1.39237
0.58067,-1.39243
0.57890,-1.39251
0.57624,-1.39263
0.57223,-1.39277
0.56628,-1.39293
0.55778,-1.39301
0.54618,-1.39288
0.53090,-1.39227
0.51127,-1.39072
0.48636,-1.38752
0.45506,-1.38155
0.41635,-1.37125
0.36990,-1.35480
0.31678,-1.33082
0.25966,-1.29931
0.20209,-1.26190
0.14716,-1.22115
0.09662,-1.17942
0.05062,-1.13789
0.00764,-1.09594
-0.03638,-1.04965
-0.09524,-0.98194
-0.64617,1.36111
-0.63513,1.36128
-0.62979,1.36130
-0.62659,1.36129
-0.62461,1.36128
-0.62332,1.36127
-0.62244,1.36126
-0.62179,1.36125
-0.62131,1.36124
-0.62093,1.36124
-0.62062,1.36124
-0.62037,1.36123
-0.62016,1.36123
-0.61998,1.36123
-0.61983,1.36122
-0.61970,1.36122
-0.61958,1.36122
0.58274,-1.39232
0.58189,-1.39237
0.58068,-1.39243
0.57888,-1.39251
0.57617,-1.39263
0.57210,-1.39278
0.56609,-1.39293
0.55752,-1.39301
0.54577,-1.39288
0.53019,-1.39223
0.50993,-1.39058
0.48384,-1.38711
0.45057,-1.38052
0.40892,-1.36891
0.35867,-1.35017
0.30152,-1.32297
0.24121,-1.28792
0.18219,-1.24769
0.12778,-1.20564
0.07925,-1.16414
0.03590,-1.12387
-0.00471,-1.08331
-0.04776,-1.03711
-0.11186,-0.96148
-0.63256,1.36130
-0.62634,1.36129
-0.62374,1.36127
-0.62230,1.36126
-0.62141,1.36125
-0.62080,1.36124
-0.62036,1.36123
-0.62004,1.36123
-0.61979,1.36122
-0.61959,1.36122
-0.61943,1.36122
-0.61930,1.36122
-0.61918,1.36121
-0.61909,1.36121
-0.61900,1.36121
-0.61893,1.36121
0.58340,-1.39228
0.58277,-1.39232
0.58190,-1.39236
0.58063,-1.39243
0.57874,-1.39252
0.57588,-1.39264
0.57154,-1.39279
0.56510,-1.39295
0.55587,-1.39301
0.54315,-1.39280
0.52614,-1.39197
0.50376,-1.38990
0.47463,-1.38553
0.43716,-1.37718
0.39022,-1.36253
0.33433,-1.33933
0.27261,-1.30696
0.21022,-1.26751
0.15191,-1.22487
0.10013,-1.18245
0.05479,-1.14180
0.01389,-1.10223
-0.02651,-1.06034
-0.07564,-1.00528
-0.62559,1.36129
-0.62145,1.36125
-0.62011,1.36123
-0.61944,1.36122
-0.61904,1.36121
-0.61878,1.36121
-0.61861,1.36120
-0.61850,1.36120
-0.61841,1.36120
-0.61835,1.36120
-0.61831,1.36120
-0.61827,1.36120
-0.61824,1.36120
-0.61821,1.36120
-0.61819,1.36120
-0.61817,1.36120
0.58392,-1.39225
0.58345,-1.39228
0.58280,-1.39232
0.58189,-1.39237
0.58055,-1.39243
0.57852,-1.39253
0.57541,-1.39266
0.57064,-1.39282
0.56348,-1.39297
0.55313,-1.39300
0.53876,-1.39265
0.51936,-1.39146
0.49361,-1.38859
0.45980,-1.38259
0.41621,-1.37121
0.36224,-1.35167
0.30000,-1.32216
0.23465,-1.28373
0.17223,-1.24035
0.11658,-1.19639
0.06828,-1.15424
0.02549,-1.11374
-0.01563,-1.07191
-0.06326,-1.01960
-0.18689,-0.86028
-0.61141,1.36105
-0.61380,1.36111
-0.61482,1.36113
-0.61542,1.36114
-0.61584,1.36115
-0.61615,1.36116
-0.61639,1.36116
-0.61658,1.36117
-0.61674,1.36117
-0.61687,1.36117
-0.61698,1.36117
-0.61707,1.36118
-0.61714,1.36118
-0.61720,1.36118
-0.61725,1.36118
0.58435,-1.39223
0.58399,-1.39225
0.58350,-1.39228
0.58283,-1.39232
0.58187,-1.39237
0.58044,-1.39244
0.57825,-1.39254
0.57481,-1.39268
0.56943,-1.39285
0.56126,-1.39300
0.54934,-1.39295
0.53266,-1.39236
0.50995,-1.39058
0.47952,-1.38640
0.43936,-1.37776
0.38790,-1.36169
0.32590,-1.33531
0.25792,-1.29826
0.19098,-1.25405
0.13051,-1.20786
0.07810,-1.16311
0.03198,-1.12008
-0.01220,-1.07552
-0.06472,-1.01793
-0.53871,1.35548
-0.58905,1.36009
-0.60030,1.36066
-0.60580,1.36087
-0.60894,1.36097
-0.61093,1.36103
-0.61227,1.36107
-0.61323,1.36109
-0.61394,1.36111
-0.61449,1.36112
-0.61493,1.36113
-0.61527,1.36114
-0.61555,1.36115
-0.61578,1.36115
-0.61596,1.36115
-0.61611,1.36116
0.58471,-1.39221
0.58443,-1.39223
0.58406,-1.39225
0.58356,-1.39228
0.58286,-1.39231
0.58185,-1.39237
0.58032,-1.39244
0.57792,-1.39256
0.57406,-1.39271
0.56791,-1.39289
0.55841,-1.39301
0.54441,-1.39284
0.52466,-1.39187
0.49754,-1.38912
0.46093,-1.38283
0.41257,-1.37007
0.35173,-1.34720
0.28163,-1.31211
0.20964,-1.26711
0.14305,-1.21791
0.08485,-1.16912
0.03338,-1.12144
-0.01725,-1.07020
-0.08805,-0.99060
-0.53635,1.35519
-0.56496,1.35829
-0.58066,1.35955
-0.59107,1.36020
-0.59807,1.36056
-0.60279,1.36076
-0.60604,1.36088
-0.60833,1.36095
-0.60999,1.36101
-0.61124,1.36104
-0.61219,1.36107
-0.61293,1.36109
-0.61352,1.36110
-0.61399,1.36111
-0.61436,1.36112
-0.61467,1.36113
0.58502,-1.39219
0.58480,-1.39220
0.58451,-1.39222
0.58414,-1.39224
0.58363,-1.39227
0.58291,-1.39231
0.58185,-1.39237
0.58020,-1.39245
0.57755,-1.39257
0.57318,-1.39274
0.56603,-1.39293
0.55480,-1.39301
0.53807,-1.39262
0.51428,-1.39101
0.48134,-1.38670
0.43660,-1.37703
0.37794,-1.35795
0.30654,-1.32560
0.22905,-1.28010
0.15446,-1.22685
0.08778,-1.17170
0.02714,-1.11536
-0.03931,-1.04644
-0.48222,1.34659
-0.52937,1.35427
-0.54959,1.35675
-0.56411,1.35822
-0.57559,1.35918
-0.58472,1.35982
-0.59182,1.36024
-0.59722,1.36052
-0.60127,1.36070
-0.60431,1.36082
-0.60661,1.36090
-0.60836,1.36096
-0.60972,1.36100
-0.61079,1.36103
-0.61163,1.36105
-0.61230,1.36107
-0.61284,1.36108
0.58530,-1.39218
0.58512,-1.39219
0.58490,-1.39220
0.58461,-1.39222
0.58424,-1.39224
0.58372,-1.39227
0.58298,-1.39231
0.58186,-1.39237
0.58010,-1.39246
0.57716,-1.39259
0.57215,-1.39278
0.56370,-1.39297
0.55016,-1.39296
0.52980,-1.39220
0.50059,-1.38951
0.45977,-1.38259
0.40418,-1.36736
0.33254,-1.33849
0.24918,-1.29291
0.16368,-1.23391
0.08288,-1.16737
0.00088,-1.08905
-0.43165,1.33551
-0.49812,1.34947
-0.52296,1.35338
-0.53957,1.35559
-0.55251,1.35707
-0.56333,1.35814
-0.57261,1.35895
-0.58055,1.35954
-0.58721,1.35998
-0.59268,1.36029
-0.59708,1.36051
-0.60057,1.36067
-0.60333,1.36078
-0.60550,1.36086
-0.60722,1.36092
-0.60859,1.36096
-0.60968,1.36100
-0.61056,1.36102
0.58554,-1.39216
0.58540,-1.39217
0.58523,-1.39218
0.58501,-1.39219
0.58473,-1.39221
0.58436,-1.39223
0.58384,-1.39226
0.58308,-1.39230
0.58192,-1.39236
0.58003,-1.39246
0.57675,-1.39261
0.57091,-1.39281
0.56070,-1.39300
0.54397,-1.39283
0.51850,-1.39139
0.48156,-1.38674
0.42937,-1.37507
0.35819,-1.34997
0.26792,-1.30422
0.16442,-1.23448
0.04446,-1.13207
-0.37624,1.32013
-0.45941,1.34195
-0.49485,1.34890
-0.51642,1.35242
-0.53180,1.35460
-0.54392,1.35611
-0.55410,1.35724
-0.56297,1.35811
-0.57084,1.35880
-0.57781,1.35935
-0.58392,1.35977
-0.58919,1.36009
-0.59364,1.36034
-0.59734,1.36052
-0.60037,1.36066
-0.60285,1.36076
-0.60485,1.36084
-0.60647,1.36089
-0.60778,1.36094
0.58577,-1.39215
0.58566,-1.39215
0.58552,-1.39216
0.58536,-1.39217
0.58515,-1.39218
0.58488,-1.39220
0.58451,-1.39222
0.58400,-1.39225
0.58324,-1.39229
0.58205,-1.39236
0.58003,-1.39246
0.57633,-1.39262
0.56933,-1.39286
0.55647,-1.39301
0.53481,-1.39247
0.50122,-1.38959
0.45126,-1.38068
0.37790,-1.35794
0.26885,-1.30476
0.26764,0.69016
-0.21608,1.25581
-0.38296,1.32217
-0.45201,1.34031
-0.48744,1.34757
-0.50939,1.35134
-0.52488,1.35366
-0.53687,1.35525
-0.54677,1.35644
-0.55533,1.35736
-0.56294,1.35811
-0.56982,1.35872
-0.57604,1.35921
-0.58163,1.35962
-0.58660,1.35994
-0.59095,1.36019
-0.59470,1.36039
-0.59787,1.36055
-0.60053,1.36067
-0.60273,1.36076
-0.60454,1.36082
0.58598,-1.39213
0.58589,-1.39214
0.58579,-1.39215
0.58567,-1.39215
0.58551,-1.39216
0.58532,-1.39217
0.58506,-1.39219
0.58471,-1.39221
0.58422,-1.39224
0.58348,-1.39228
0.58227,-1.39235
0.58010,-1.39246
0.57582,-1.39264
0.56691,-1.39291
0.54922,-1.39295
0.51752,-1.39130
0.46285,-1.38324
0.32608,-1.33540
0.28616,0.64916
0.04451,1.05688
-0.20674,1.25105
-0.36103,1.31531
-0.43770,1.33699
-0.47761,1.34570
-0.50167,1.35007
-0.51814,1.35268
-0.53053,1.35443
-0.54052,1.35570
-0.54900,1.35669
-0.55645,1.35748
-0.56316,1.35813
-0.56929,1.35867
-0.57491,1.35913
-0.58007,1.35951
-0.58475,1.35982
-0.58894,1.36008
-0.59265,1.36029
-0.59587,1.36045
-0.59862,1.36058
-0.60094,1.36068
0.58619,-1.39212
0.58612,-1.39213
0.58605,-1.39213
0.58596,-1.39214
0.58585,-1.39214
0.58571,-1.39215
0.58554,-1.39216
0.58531,-1.39218
0.58499,-1.39219
0.58453,-1.39222
0.58383,-1.39226
0.58262,-1.39233
0.58026,-1.39245
0.57491,-1.39268
0.56141,-1.39300
0.52665,-1.39200
0.42404,0.30167
0.32984,0.54686
0.22678,0.77519
0.04472,1.05665
-0.16898,1.23046
-0.32896,1.30431
-0.41861,1.33219
-0.46563,1.34327
-0.49310,1.34859
-0.51125,1.35163
-0.52448,1.35360
-0.53486,1.35500
-0.54346,1.35606
-0.55090,1.35690
-0.55752,1.35758
-0.56354,1.35816
-0.56909,1.35865
-0.57425,1.35907
-0.57904,1.35943
-0.58346,1.35974
-0.58749,1.35999
-0.59112,1.36020
-0.59433,1.36038
-0.59712,1.36051
0.58639,-1.39211
0.58635,-1.39211
0.58630,-1.39212
0.58624,-1.39212
0.58617,-1.39212
0.58608,-1.39213
0.58597,-1.39213
0.58583,-1.39214
0.58564,-1.39216
0.58537,-1.39217
0.58498,-1.39219
0.58434,-1.39223
0.58316,-1.39230
0.58044,-1.39244
0.57120,-1.39280
0.44122,0.25354
0.36260,0.46526
0.30721,0.60081
0.22282,0.78300
0.07413,1.02157
-0.12098,1.20084
-0.28893,1.28892
-0.39460,1.32560
-0.45127,1.34015
-0.48343,1.34682
-0.50394,1.35045
-0.51840,1.35272
-0.52944,1.35428
-0.53838,1.35544
-0.54595,1.35634
-0.55258,1.35708
-0.55855,1.35769
-0.56403,1.35821
-0.56913,1.35866
-0.57392,1.35905
-0.57841,1.35939
-0.58261,1.35968
-0.58650,1.35993
-0.59004,1.36014
-0.59321,1.36032
0.58660,-1.39210
0.58658,-1.39210
0.58656,-1.39210
0.58653,-1.39210
0.58650,-1.39210
0.58646,-1.39211
0.58641,-1.39211
0.58634,-1.39211
0.58626,-1.39212
0.58613,-1.39213
0.58596,-1.39214
0.58569,-1.39215
0.58522,-1.39218
0.58421,-1.39224
0.57968,-1.39248
0.39665,0.37626
0.35451,0.48577
0.30801,0.59894
0.23769,0.75324
0.11444,0.96740
-0.06561,1.16095
-0.24090,1.26788
-0.36455,1.31645
-0.43381,1.33604
-0.47227,1.34463
-0.49591,1.34909
-0.51205,1.35176
-0.52401,1.35353
-0.53348,1.35482
-0.54133,1.35580
-0.54809,1.35659
-0.55409,1.35723
-0.55954,1.35778
-0.56459,1.35826
-0.56934,1.35868
-0.57383,1.35904
-0.57808,1.35937
-0.58210,1.35965
-0.58586,1.35989
-0.58931,1.36010
0.58682,-1.39208
0.58682,-1.39208
0.58683,-1.39208
0.58684,-1.39208
0.58685,-1.39208
0.58686,-1.39208
0.58687,-1.39208
0.58689,-1.39208
0.58691,-1.39208
0.58694,-1.39208
0.58698,-1.39207
0.58706,-1.39207
0.58726,-1.39206
0.58794,-1.39201
0.60413,-1.39070
0.40022,0.36669
0.36169,0.46758
0.32072,0.56884
0.26213,0.70207
0.16137,0.89466
-0.00159,1.10517
-0.18290,1.23831
-0.32583,1.30318
-0.41160,1.33033
-0.45873,1.34180
-0.48666,1.34742
-0.50505,1.35064
-0.51829,1.35271
-0.52850,1.35416
-0.53680,1.35524
-0.54381,1.35610
-0.54994,1.35679
-0.55544,1.35737
-0.56048,1.35787
-0.56519,1.35831
-0.56965,1.35870
-0.57391,1.35905
-0.57798,1.35936
-0.58186,1.35963
-0.58550,1.35987
0.58706,-1.39207
0.58709,-1.39207
0.58714,-1.39206
0.58719,-1.39206
0.58725,-1.39206
0.58732,-1.39205
0.58741,-1.39205
0.58753,-1.39204
0.58769,-1.39203
0.58792,-1.39201
0.58829,-1.39199
0.58893,-1.39195
0.59029,-1.39185
0.59441,-1.39155
0.61888,-1.38906
0.42497,0.29908
0.37969,0.42111
0.34185,0.51742
0.29320,0.63320
0.21375,0.80066
0.07446,1.02115
-0.10949,1.19310
-0.27292,1.28223
-0.38095,1.32156
-0.44089,1.33775
-0.47512,1.34521
-0.49676,1.34924
-0.51181,1.35172
-0.52309,1.35340
-0.53206,1.35463
-0.53949,1.35558
-0.54587,1.35634
-0.55151,1.35696
-0.55662,1.35749
-0.56135,1.35796
-0.56580,1.35837
-0.57004,1.35873
-0.57413,1.35907
-0.57805,1.35936
-0.58181,1.35963
0.58733,-1.39205
0.58740,-1.39205
0.58749,-1.39204
0.58759,-1.39203
0.58771,-1.39203
0.58787,-1.39202
0.58807,-1.39200
0.58834,-1.39199
0.58871,-1.39196
0.58926,-1.39192
0.59016,-1.39186
0.59177,-1.39175
0.59509,-1.39150
0.60305,-1.39080
0.62395,-1.38839
0.68599,-1.37649
0.41256,0.33325
0.37131,0.44288
0.33003,0.54639
0.27033,0.68430
0.16399,0.89029
-0.00960,1.11281
-0.19444,1.24458
-0.33300,1.30576
-0.41403,1.33098
-0.45879,1.34181
-0.48568,1.34724
-0.50359,1.35039
-0.51655,1.35245
-0.52657,1.35389
-0.53470,1.35498
-0.54155,1.35583
-0.54749,1.35652
-0.55278,1.35710
-0.55761,1.35759
-0.56211,1.35803
-0.56638,1.35842
-0.57047,1.35877
-0.57442,1.35909
-0.57825,1.35938
0.58765,-1.39203
0.58777,-1.39202
0.58791,-1.39201
0.58808,-1.39200
0.58829,-1.39199
0.58856,-1.39197
0.58891,-1.39195
0.58939,-1.39192
0.59008,-1.39187
0.59113,-1.39180
0.59284,-1.39167
0.59581,-1.39144
0.60128,-1.39097
0.61153,-1.38993
0.62974,-1.38758
0.65881,-1.38255
0.70837,-1.37057
0.41831,0.31749
0.37436,0.43499
0.32957,0.54751
0.25999,0.70665
0.12901,0.94597
-0.06689,1.16195
-0.24598,1.27024
-0.36506,1.31661
-0.43098,1.33534
-0.46815,1.34379
-0.49136,1.34828
-0.50736,1.35101
-0.51924,1.35285
-0.52860,1.35417
-0.53629,1.35518
-0.54283,1.35598
-0.54855,1.35664
-0.55367,1.35719
-0.55835,1.35767
-0.56272,1.35809
-0.56688,1.35846
-0.57089,1.35880
-0.57477,1.35912
0.58803,-1.39201
0.58821,-1.39199
0.58842,-1.39198
0.58868,-1.39196
0.58901,-1.39194
0.58943,-1.39191
0.59000,-1.39187
0.59078,-1.39182
0.59192,-1.39174
0.59364,-1.39161
0.59637,-1.39140
0.60080,-1.39101
0.60807,-1.39030
0.61964,-1.38896
0.63677,-1.38650
0.65928,-1.38245
0.68501,-1.37673
0.71305,-1.36923
0.82577,-1.32665
0.39686,0.37568
0.35141,0.49358
0.28383,0.65440
0.14894,0.91499
-0.06393,1.15963
-0.25110,1.27259
-0.36919,1.31793
-0.43301,1.33585
-0.46905,1.34398
-0.49176,1.34835
-0.50755,1.35104
-0.51938,1.35287
-0.52874,1.35419
-0.53647,1.35520
-0.54306,1.35601
-0.54882,1.35667
-0.55398,1.35722
-0.55869,1.35770
-0.56308,1.35812
-0.56724,1.35849
-0.57124,1.35883
0.58850,-1.39198
0.58874,-1.39196
0.58905,-1.39194
0.58943,-1.39191
0.58991,-1.39188
0.59053,-1.39184
0.59138,-1.39178
0.59256,-1.39169
0.59426,-1.39156
0.59678,-1.39136
0.60059,-1.39103
0.60639,-1.39048
0.61511,-1.38952
0.62778,-1.38786
0.64498,-1.38513
0.66620,-1.38103
0.68953,-1.37561
0.71241,-1.36941
0.73261,-1.36324
0.74885,-1.35781
0.76736,-1.35113
0.42125,0.30939
0.36829,0.45066
0.28640,0.64863
0.09624,0.99277
-0.15554,1.22258
-0.32413,1.30255
-0.41208,1.33046
-0.45779,1.34159
-0.48477,1.34707
-0.50277,1.35026
-0.51592,1.35235
-0.52618,1.35384
-0.53458,1.35496
-0.54170,1.35585
-0.54789,1.35656
-0.55339,1.35716
-0.55838,1.35767
-0.56298,1.35811
-0.56731,1.35850
0.58906,-1.39194
0.58940,-1.39192
0.58982,-1.39189
0.59035,-1.39185
0.59102,-1.39180
0.59191,-1.39174
0.59309,-1.39165
0.59473,-1.39153
0.59706,-1.39134
0.60041,-1.39105
0.60527,-1.39059
0.61233,-1.38984
0.62238,-1.38860
0.63622,-1.38659
0.65424,-1.38344
0.67598,-1.37887
0.70016,-1.37284
0.72515,-1.36560
0.74958,-1.35756
0.77247,-1.34920
0.79312,-1.34097
0.81081,-1.33341
0.82449,-1.32724
0.83204,-1.32372
0.82778,-1.32572
0.46875,0.17450
0.32246,0.56468
-0.02374,1.12581
-0.30176,1.29406
-0.41397,1.33097
-0.46294,1.34270
-0.48961,1.34796
-0.50694,1.35094
-0.51961,1.35290
-0.52962,1.35431
-0.53792,1.35538
-0.54506,1.35624
-0.55135,1.35694
-0.55698,1.35753
-0.56211,1.35803
0.58975,-1.39189
0.59021,-1.39186
0.59077,-1.39182
0.59147,-1.39177
0.59237,-1.39171
0.59354,-1.39162
0.59511,-1.39150
0.59725,-1.39132
0.60022,-1.39107
0.60439,-1.39068
0.61028,-1.39007
0.61854,-1.38910
0.62992,-1.38755
0.64509,-1.38511
0.66432,-1.38142
0.68722,-1.37619
0.71279,-1.36930
0.73986,-1.36087
0.76732,-1.35115
0.79418,-1.34053
0.81944,-1.32955
0.84212,-1.31888
0.86146,-1.30916
0.87715,-1.30086
0.88927,-1.29419
0.89809,-1.28919
0.90366,-1.28596
0.90505,-1.28515
0.89662,-1.29003
0.84559,-1.31718
-0.03444,1.13525
-0.36924,1.31794
-0.45278,1.34049
-0.48703,1.34749
-0.50655,1.35088
-0.52010,1.35297
-0.53066,1.35445
-0.53945,1.35557
-0.54707,1.35647
-0.55382,1.35721
0.59058,-1.39183
0.59117,-1.39179
0.59189,-1.39174
0.59279,-1.39167
0.59394,-1.39159
0.59542,-1.39147
0.59738,-1.39131
0.60002,-1.39108
0.60364,-1.39075
0.60863,-1.39024
0.61553,-1.38947
0.62502,-1.38825
0.63778,-1.38634
0.65439,-1.38341
0.67496,-1.37910
0.69905,-1.37314
0.72575,-1.36541
0.75398,-1.35602
0.78260,-1.34524
0.81035,-1.33361
0.83593,-1.32187
0.85819,-1.31085
0.87653,-1.30120
0.89098,-1.29323
0.90207,-1.28689
0.91049,-1.28194
0.91688,-1.27811
0.92173,-1.27516
0.92533,-1.27295
0.92770,-1.27148
0.92832,-1.27109
0.92443,-1.27350
0.88672,-1.29561
-0.11292,1.19544
-0.41663,1.33168
-0.47661,1.34550
-0.50237,1.35019
-0.51815,1.35268
-0.52990,1.35435
-0.53960,1.35559
0.59156,-1.39176
0.59229,-1.39171
0.59319,-1.39164
0.59429,-1.39156
0.59569,-1.39145
0.59748,-1.39130
0.59983,-1.39110
0.60297,-1.39081
0.60723,-1.39039
0.61306,-1.38976
0.62101,-1.38878
0.63177,-1.38728
0.64597,-1.38496
0.66402,-1.38148
0.68586,-1.37652
0.71090,-1.36985
0.73823,-1.36141
0.76676,-1.35136
0.79530,-1.34006
0.82253,-1.32814
0.84708,-1.31644
0.86793,-1.30579
0.88470,-1.29673
0.89769,-1.28942
0.90755,-1.28369
0.91501,-1.27924
0.92073,-1.27577
0.92518,-1.27304
0.92873,-1.27083
0.93160,-1.26904
0.93393,-1.26756
0.93578,-1.26639
0.93703,-1.26560
0.93717,-1.26551
0.93373,-1.26769
0.89251,-1.29237
-0.26934,1.28069
-0.45233,1.34039
-0.49397,1.34875
-0.51414,1.35208
0.59268,-1.39168
0.59356,-1.39162
0.59462,-1.39153
0.59593,-1.39143
0.59757,-1.39130
0.59966,-1.39112
0.60240,-1.39087
0.60605,-1.39051
0.61097,-1.38999
0.61766,-1.38921
0.62672,-1.38801
0.63880,-1.38617
0.65445,-1.38340
0.67387,-1.37935
0.69677,-1.37374
0.72242,-1.36644
0.74987,-1.35746
0.77807,-1.34703
0.80588,-1.33557
0.83198,-1.32375
0.85513,-1.31241
0.87449,-1.30230
0.88987,-1.29385
0.90169,-1.28711
0.91063,-1.28186
0.91741,-1.27780
0.92261,-1.27463
0.92667,-1.27211
0.92993,-1.27008
0.93260,-1.26840
0.93483,-1.26699
0.93673,-1.26578
0.93837,-1.26474
0.93978,-1.26383
0.94092,-1.26309
0.94166,-1.26262
0.94141,-1.26278
0.93698,-1.26563
0.46089,0.19729
-0.38637,1.32319
0.59392,-1.39159
0.59494,-1.39151
0.59616,-1.39141
0.59765,-1.39129
0.59952,-1.39113
0.60192,-1.39091
0.60505,-1.39061
0.60922,-1.39018
0.61484,-1.38955
0.62245,-1.38859
0.63268,-1.38714
0.64614,-1.38493
0.66321,-1.38165
0.68384,-1.37701
0.70752,-1.37081
0.73341,-1.36298
0.76058,-1.35364
0.78807,-1.34304
0.81480,-1.33164
0.83957,-1.32012
0.86128,-1.30926
0.87927,-1.29971
0.89348,-1.29182
0.90438,-1.28554
0.91264,-1.28066
0.91892,-1.27687
0.92376,-1.27391
0.92756,-1.27156
0.93061,-1.26965
0.93311,-1.26808
0.93521,-1.26675
0.93699,-1.26562
0.93853,-1.26464
0.93988,-1.26377
0.94108,-1.26299
0.94216,-1.26230
0.94311,-1.26168
0.94389,-1.26117
0.94431,-1.26090
0.94356,-1.26139
0.59524,-1.39149
0.59638,-1.39139
0.59775,-1.39128
0.59942,-1.39114
0.60152,-1.39095
0.60421,-1.39069
0.60774,-1.39034
0.61247,-1.38982
0.61885,-1.38906
0.62747,-1.38790
0.63894,-1.38615
0.65379,-1.38352
0.67218,-1.37972
0.69382,-1.37451
0.71798,-1.36778
0.74379,-1.35955
0.77039,-1.34999
0.79692,-1.33938
0.82244,-1.32819
0.84585,-1.31705
0.86620,-1.30670
0.88297,-1.29769
0.89620,-1.29027
0.90637,-1.28438
0.91410,-1.27979
0.92000,-1.27622
0.92457,-1.27341
0.92818,-1.27118
0.93109,-1.26936
0.93347,-1.26785
0.93547,-1.26659
0.93717,-1.26551
0.93862,-1.26457
0.93989,-1.26376
0.94101,-1.26304
0.94201,-1.26240
0.94291,-1.26181
0.94373,-1.26128
0.94450,-1.26078
0.94520,-1.26032
0.59660,-1.39138
0.59785,-1.39127
0.59935,-1.39114
0.60119,-1.39098
0.60352,-1.39076
0.60652,-1.39046
0.61049,-1.39004
0.61583,-1.38943
0.62304,-1.38852
0.63274,-1.38713
0.64552,-1.38504
0.66174,-1.38195
0.68132,-1.37762
0.70371,-1.37187
0.72806,-1.36469
0.75352,-1.35618
0.77935,-1.34653
0.80482,-1.33602
0.82908,-1.32511
0.85118,-1.31440
0.87028,-1.30454
0.88598,-1.29602
0.89838,-1.28902
0.90793,-1.28346
0.91523,-1.27911
0.92083,-1.27571
0.92519,-1.27303
0.92865,-1.27088
0.93145,-1.26913
0.93375,-1.26768
0.93568,-1.26645
0.93732,-1.26541
0.93873,-1.26451
0.93995,-1.26372
0.94101,-1.26304
0.94195,-1.26243
0.94278,-1.26190
0.94353,-1.26141
0.94421,-1.26097
0.94485,-1.26055
0.59796,-1.39126
0.59931,-1.39115
0.60094,-1.39100
0.60295,-1.39081
0.60551,-1.39057
0.60885,-1.39022
0.61330,-1.38973
0.61932,-1.38900
0.62745,-1.38791
0.63833,-1.38625
0.65245,-1.38378
0.66997,-1.38021
0.69056,-1.37535
0.71343,-1.36912
0.73770,-1.36159
0.76260,-1.35290
0.78753,-1.34326
0.81189,-1.33294
0.83492,-1.32235
0.85579,-1.31207
0.87377,-1.30269
0.88853,-1.29461
0.90020,-1.28797
0.90923,-1.28269
0.91616,-1.27855
0.92152,-1.27529
0.92570,-1.27271
0.92904,-1.27064
0.93175,-1.26894
0.93399,-1.26753
0.93587,-1.26634
0.93746,-1.26532
0.93883,-1.26444
0.94002,-1.26368
0.94105,-1.26301
0.94195,-1.26243
0.94275,-1.26192
0.94345,-1.26146
0.94408,-1.26105
0.94465,-1.26068
