-0.61901,1.36121
-0.61901,1.36121
-0.61900,1.36121
-0.61900,1.36121
-0.61900,1.36121
-0.61899,1.36121
-0.61899,1.36121
-0.61898,1.36121
-0.61897,1.36121
-0.61896,1.36121
-0.61895,1.36121
-0.61893,1.36121
-0.61891,1.36121
-0.61888,1.36121
-0.61885,1.36121
-0.61880,1.36121
-0.61875,1.36121
-0.61868,1.36121
-0.61861,1.36120
-0.61852,1.36120
-0.61843,1.36120
-0.61834,1.36120
-0.61825,1.36120
-0.61816,1.36120
-0.61808,1.36120
-0.61799,1.36119
-0.61793,1.36119
-0.61787,1.36119
-0.61783,1.36119
-0.61780,1.36119
-0.61778,1.36119
-0.61777,1.36119
-0.61775,1.36119
-0.61774,1.36119
-0.61774,1.36119
-0.61773,1.36119
-0.61773,1.36119
-0.61772,1.36119
-0.61772,1.36119
-0.61771,1.36119
-0.61901,1.36121
-0.61901,1.36121
-0.61900,1.36121
-0.61900,1.36121
-0.61900,1.36121
-0.61899,1.36121
-0.61899,1.36121
-0.61898,1.36121
-0.61897,1.36121
-0.61896,1.36121
-0.61895,1.36121
-0.61893,1.36121
-0.61891,1.36121
-0.61888,1.36121
-0.61885,1.36121
-0.61880,1.36121
-0.61874,1.36121
-0.61868,1.36121
-0.61860,1.36120
-0.61851,1.36120
-0.61842,1.36120
-0.61833,1.36120
-0.61823,1.36120
-0.61814,1.36120
-0.61805,1.36119
-0.61797,1.36119
-0.61791,1.36119
-0.61786,1.36119
-0.61782,1.36119
-0.61779,1.36119
-0.61777,1.36119
-0.61776,1.36119
-0.61775,1.36119
-0.61774,1.36119
-0.61773,1.36119
-0.61773,1.36119
-0.61772,1.36119
-0.61772,1.36119
-0.61771,1.36119
-0.61771,1.36119
-0.61902,1.36121
-0.61901,1.36121
-0.61901,1.36121
-0.61900,1.36121
-0.61900,1.36121
-0.61899,1.36121
-0.61899,1.36121
-0.61898,1.36121
-0.61897,1.36121
-0.61896,1.36121
-0.61895,1.36121
-0.61893,1.36121
-0.61891,1.36121
-0.61888,1.36121
-0.61884,1.36121
-0.61880,1.36121
-0.61874,1.36121
-0.61867,1.36121
-0.61859,1.36120
-0.61850,1.36120
-0.61840,1.36120
-0.61830,1.36120
-0.61821,1.36120
-0.61811,1.36120
-0.61802,1.36119
-0.61795,1.36119
-0.61789,1.36119
-0.61784,1.36119
-0.61781,1.36119
-0.61778,1.36119
-0.61777,1.36119
-0.61775,1.36119
-0.61774,1.36119
-0.61773,1.36119
-0.61773,1.36119
-0.61772,1.36119
-0.61772,1.36119
-0.61771,1.36119
-0.61771,1.36119
-0.61770,1.36119
-0.61903,1.36121
-0.61902,1.36121
-0.61901,1.36121
-0.61901,1.36121
-0.61900,1.36121
-0.61900,1.36121
-0.61899,1.36121
-0.61898,1.36121
-0.61897,1.36121
-0.61896,1.36121
-0.61895,1.36121
-0.61893,1.36121
-0.61891,1.36121
-0.61888,1.36121
-0.61884,1.36121
-0.61880,1.36121
-0.61874,1.36121
-0.61866,1.36121
-0.61858,1.36120
-0.61848,1.36120
-0.61838,1.36120
-0.61828,1.36120
-0.61818,1.36120
-0.61808,1.36120
-0.61800,1.36119
-0.61792,1.36119
-0.61787,1.36119
-0.61783,1.36119
-0.61780,1.36119
-0.61777,1.36119
-0.61776,1.36119
-0.61775,1.36119
-0.61774,1.36119
-0.61773,1.36119
-0.61772,1.36119
-0.61771,1.36119
-0.61771,1.36119
-0.61771,1.36119
-0.61770,1.36119
-0.61770,1.36119
-0.61902,1.36121
-0.61903,1.36121
-0.61902,1.36121
-0.61902,1.36121
-0.61901,1.36121
-0.61900,1.36121
-0.61899,1.36121
-0.61898,1.36121
-0.61897,1.36121
-0.61896,1.36121
-0.61895,1.36121
-0.61893,1.36121
-0.61891,1.36121
-0.61888,1.36121
-0.61884,1.36121
-0.61879,1.36121
-0.61873,1.36121
-0.61865,1.36121
-0.61856,1.36120
-0.61846,1.36120
-0.61836,1.36120
-0.61825,1.36120
-0.61815,1.36120
-0.61805,1.36119
-0.61797,1.36119
-0.61790,1.36119
-0.61785,1.36119
-0.61781,1.36119
-0.61779,1.36119
-0.61777,1.36119
-0.61775,1.36119
-0.61774,1.36119
-0.61773,1.36119
-0.61772,1.36119
-0.61771,1.36119
-0.61771,1.36119
-0.61770,1.36119
-0.61770,1.36119
-0.61770,1.36119
-0.61769,1.36119
0.58638,-1.39211
0.58591,-1.39214
0.58431,-1.39223
-0.61900,1.36121
-0.61901,1.36121
-0.61901,1.36121
-0.61900,1.36121
-0.61899,1.36121
-0.61898,1.36121
-0.61897,1.36121
-0.61895,1.36121
-0.61893,1.36121
-0.61891,1.36121
-0.61888,1.36121
-0.61884,1.36121
-0.61878,1.36121
-0.61872,1.36121
-0.61864,1.36120
-0.61854,1.36120
-0.61844,1.36120
-0.61833,1.36120
-0.61822,1.36120
-0.61811,1.36120
-0.61802,1.36119
-0.61794,1.36119
-0.61788,1.36119
-0.61783,1.36119
-0.61780,1.36119
-0.61777,1.36119
-0.61776,1.36119
-0.61774,1.36119
-0.61773,1.36119
-0.61772,1.36119
-0.61771,1.36119
-0.61771,1.36119
-0.61770,1.36119
-0.61770,1.36119
-0.61769,1.36119
-0.61769,1.36119
-0.61769,1.36119
0.58679,-1.39209
0.58668,-1.39209
0.58653,-1.39210
0.58630,-1.39212
0.58589,-1.39214
0.58491,-1.39220
-0.61890,1.36121
-0.61898,1.36121
-0.61898,1.36121
-0.61897,1.36121
-0.61895,1.36121
-0.61893,1.36121
-0.61890,1.36121
-0.61887,1.36121
-0.61883,1.36121
-0.61877,1.36121
-0.61870,1.36121
-0.61862,1.36120
-0.61851,1.36120
-0.61840,1.36120
-0.61829,1.36120
-0.61818,1.36120
-0.61808,1.36120
-0.61799,1.36119
-0.61791,1.36119
-0.61786,1.36119
-0.61782,1.36119
-0.61779,1.36119
-0.61776,1.36119
-0.61775,1.36119
-0.61773,1.36119
-0.61772,1.36119
-0.61771,1.36119
-0.61771,1.36119
-0.61770,1.36119
-0.61770,1.36119
-0.61769,1.36119
-0.61769,1.36119
-0.61768,1.36119
-0.61768,1.36119
0.58691,-1.39208
0.58686,-1.39208
0.58680,-1.39208
0.58672,-1.39209
0.58662,-1.39210
0.58648,-1.39210
0.58628,-1.39212
0.58599,-1.39213
0.58551,-1.39216
0.58447,-1.39222
-0.61872,1.36121
-0.61887,1.36121
-0.61887,1.36121
-0.61884,1.36121
-0.61880,1.36121
-0.61874,1.36121
-0.61867,1.36121
-0.61858,1.36120
-0.61847,1.36120
-0.61836,1.36120
-0.61824,1.36120
-0.61814,1.36120
-0.61804,1.36119
-0.61796,1.36119
-0.61789,1.36119
-0.61784,1.36119
-0.61780,1.36119
-0.61777,1.36119
-0.61775,1.36119
-0.61773,1.36119
-0.61772,1.36119
-0.61771,1.36119
-0.61770,1.36119
-0.61770,1.36119
-0.61769,1.36119
-0.61769,1.36119
-0.61769,1.36119
-0.61768,1.36119
-0.61768,1.36119
-0.61768,1.36119
0.58695,-1.39208
0.58693,-1.39208
0.58690,-1.39208
0.58686,-1.39208
0.58681,-1.39208
0.58675,-1.39209
0.58667,-1.39209
0.58657,-1.39210
0.58644,-1.39211
0.58628,-1.39212
0.58607,-1.39213
0.58580,-1.39215
0.58544,-1.39217
0.58493,-1.39220
0.58403,-1.39225
0.58121,-1.39240
-0.61848,1.36120
-0.61846,1.36120
-0.61838,1.36120
-0.61829,1.36120
-0.61818,1.36120
-0.61809,1.36120
-0.61800,1.36119
-0.61793,1.36119
-0.61786,1.36119
-0.61782,1.36119
-0.61778,1.36119
-0.61776,1.36119
-0.61774,1.36119
-0.61772,1.36119
-0.61771,1.36119
-0.61770,1.36119
-0.61770,1.36119
-0.61769,1.36119
-0.61769,1.36119
-0.61768,1.36119
-0.61768,1.36119
-0.61768,1.36119
-0.61767,1.36119
-0.61767,1.36119
0.58696,-1.39207
0.58695,-1.39207
0.58694,-1.39208
0.58692,-1.39208
0.58689,-1.39208
0.58686,-1.39208
0.58681,-1.39208
0.58675,-1.39209
0.58668,-1.39209
0.58659,-1.39210
0.58649,-1.39210
0.58636,-1.39211
0.58620,-1.39212
0.58601,-1.39213
0.58577,-1.39215
0.58546,-1.39217
0.58505,-1.39219
0.58444,-1.39223
0.58333,-1.39229
0.57921,-1.39250
-0.61812,1.36120
-0.61804,1.36119
-0.61797,1.36119
-0.61790,1.36119
-0.61784,1.36119
-0.61780,1.36119
-0.61776,1.36119
-0.61774,1.36119
-0.61772,1.36119
-0.61771,1.36119
-0.61770,1.36119
-0.61769,1.36119
-0.61769,1.36119
-0.61768,1.36119
-0.61768,1.36119
-0.61768,1.36119
-0.61767,1.36119
-0.61767,1.36119
-0.61767,1.36119
-0.61767,1.36119
0.58697,-1.39207
0.58696,-1.39207
0.58696,-1.39207
0.58695,-1.39208
0.58693,-1.39208
0.58691,-1.39208
0.58688,-1.39208
0.58684,-1.39208
0.58679,-1.39208
0.58673,-1.39209
0.58665,-1.39209
0.58656,-1.39210
0.58645,-1.39211
0.58631,-1.39211
0.58614,-1.39212
0.58593,-1.39214
0.58567,-1.39215
0.58532,-1.39217
0.58486,-1.39220
0.58419,-1.39224
0.58305,-1.39230
0.57935,-1.39249
-0.61796,1.36119
-0.61788,1.36119
-0.61782,1.36119
-0.61778,1.36119
-0.61774,1.36119
-0.61772,1.36119
-0.61771,1.36119
-0.61770,1.36119
-0.61769,1.36119
-0.61768,1.36119
-0.61768,1.36119
-0.61767,1.36119
-0.61767,1.36119
-0.61767,1.36119
-0.61767,1.36119
-0.61766,1.36119
-0.61766,1.36119
-0.61766,1.36119
0.58697,-1.39207
0.58697,-1.39207
0.58696,-1.39207
0.58696,-1.39207
0.58695,-1.39208
0.58693,-1.39208
0.58691,-1.39208
0.58688,-1.39208
0.58685,-1.39208
0.58680,-1.39208
0.58674,-1.39209
0.58667,-1.39209
0.58658,-1.39210
0.58647,-1.39210
0.58633,-1.39211
0.58615,-1.39212
0.58593,-1.39214
0.58565,-1.39215
0.58530,-1.39218
0.58484,-1.39220
0.58422,-1.39224
0.58325,-1.39229
0.58101,-1.39241
-0.61790,1.36119
-0.61780,1.36119
-0.61775,1.36119
-0.61772,1.36119
-0.61770,1.36119
-0.61769,1.36119
-0.61768,1.36119
-0.61768,1.36119
-0.61767,1.36119
-0.61767,1.36119
-0.61767,1.36119
-0.61766,1.36119
-0.61766,1.36119
-0.61766,1.36119
-0.61766,1.36119
-0.61766,1.36119
-0.61766,1.36119
0.58697,-1.39207
0.58697,-1.39207
0.58697,-1.39207
0.58696,-1.39207
0.58696,-1.39207
0.58695,-1.39208
0.58693,-1.39208
0.58691,-1.39208
0.58688,-1.39208
0.58685,-1.39208
0.58680,-1.39208
0.58674,-1.39209
0.58666,-1.39209
0.58656,-1.39210
0.58644,-1.39211
0.58628,-1.39212
0.58609,-1.39213
0.58584,-1.39214
0.58553,-1.39216
0.58515,-1.39218
0.58466,-1.39221
0.58399,-1.39225
0.58292,-1.39231
0.58008,-1.39246
-0.61778,1.36119
-0.61772,1.36119
-0.61769,1.36119
-0.61768,1.36119
-0.61767,1.36119
-0.61767,1.36119
-0.61766,1.36119
-0.61766,1.36119
-0.61766,1.36119
-0.61766,1.36119
-0.61765,1.36119
-0.61765,1.36119
-0.61765,1.36119
-0.61765,1.36119
-0.61765,1.36119
-0.61765,1.36119
0.58697,-1.39207
0.58697,-1.39207
0.58697,-1.39207
0.58697,-1.39207
0.58696,-1.39207
0.58696,-1.39207
0.58694,-1.39208
0.58693,-1.39208
0.58691,-1.39208
0.58688,-1.39208
0.58684,-1.39208
0.58678,-1.39209
0.58672,-1.39209
0.58663,-1.39209
0.58652,-1.39210
0.58638,-1.39211
0.58619,-1.39212
0.58596,-1.39214
0.58568,-1.39215
0.58533,-1.39217
0.58489,-1.39220
0.58433,-1.39223
0.58351,-1.39228
0.58192,-1.39236
-0.61771,1.36119
-0.61767,1.36119
-0.61766,1.36119
-0.61765,1.36119
-0.61765,1.36119
-0.61765,1.36119
-0.61765,1.36119
-0.61765,1.36119
-0.61764,1.36119
-0.61764,1.36119
-0.61764,1.36119
-0.61764,1.36119
-0.61764,1.36119
-0.61764,1.36119
-0.61764,1.36119
-0.61764,1.36119
0.58698,-1.39207
0.58697,-1.39207
0.58697,-1.39207
0.58697,-1.39207
0.58697,-1.39207
0.58696,-1.39207
0.58695,-1.39207
0.58694,-1.39208
0.58693,-1.39208
0.58690,-1.39208
0.58687,-1.39208
0.58682,-1.39208
0.58676,-1.39209
0.58668,-1.39209
0.58658,-1.39210
0.58645,-1.39211
0.58628,-1.39212
0.58606,-1.39213
0.58579,-1.39215
0.58545,-1.39217
0.58504,-1.39219
0.58451,-1.39222
0.58376,-1.39226
0.58240,-1.39234
0.57307,-1.39274
-0.61758,1.36119
-0.61760,1.36119
-0.61761,1.36119
-0.61762,1.36119
-0.61762,1.36119
-0.61762,1.36119
-0.61763,1.36119
-0.61763,1.36119
-0.61763,1.36119
-0.61763,1.36119
-0.61763,1.36119
-0.61763,1.36119
-0.61763,1.36119
-0.61763,1.36119
-0.61763,1.36119
0.58698,-1.39207
0.58698,-1.39207
0.58697,-1.39207
0.58697,-1.39207
0.58697,-1.39207
0.58697,-1.39207
0.58696,-1.39207
0.58695,-1.39207
0.58694,-1.39208
0.58692,-1.39208
0.58689,-1.39208
0.58685,-1.39208
0.58680,-1.39208
0.58673,-1.39209
0.58664,-1.39209
0.58651,-1.39210
0.58635,-1.39211
0.58615,-1.39212
0.58588,-1.39214
0.58555,-1.39216
0.58514,-1.39219
0.58460,-1.39222
0.58384,-1.39226
0.58235,-1.39234
-0.61678,1.36117
-0.61735,1.36118
-0.61747,1.36118
-0.61752,1.36119
-0.61755,1.36119
-0.61757,1.36119
-0.61759,1.36119
-0.61759,1.36119
-0.61760,1.36119
-0.61761,1.36119
-0.61761,1.36119
-0.61761,1.36119
-0.61762,1.36119
-0.61762,1.36119
-0.61762,1.36119
-0.61762,1.36119
0.58698,-1.39207
0.58698,-1.39207
0.58698,-1.39207
0.58697,-1.39207
0.58697,-1.39207
0.58697,-1.39207
0.58697,-1.39207
0.58696,-1.39207
0.58695,-1.39207
0.58694,-1.39208
0.58691,-1.39208
0.58688,-1.39208
0.58683,-1.39208
0.58677,-1.39209
0.58669,-1.39209
0.58657,-1.39210
0.58642,-1.39211
0.58622,-1.39212
0.58596,-1.39214
0.58563,-1.39216
0.58520,-1.39218
0.58462,-1.39222
0.58373,-1.39227
0.58137,-1.39239
-0.61675,1.36117
-0.61709,1.36118
-0.61726,1.36118
-0.61737,1.36118
-0.61745,1.36118
-0.61749,1.36118
-0.61752,1.36119
-0.61755,1.36119
-0.61756,1.36119
-0.61758,1.36119
-0.61758,1.36119
-0.61759,1.36119
-0.61760,1.36119
-0.61760,1.36119
-0.61761,1.36119
-0.61761,1.36119
0.58698,-1.39207
0.58698,-1.39207
0.58698,-1.39207
0.58698,-1.39207
0.58698,-1.39207
0.58697,-1.39207
0.58697,-1.39207
0.58697,-1.39207
0.58696,-1.39207
0.58695,-1.39207
0.58693,-1.39208
0.58690,-1.39208
0.58686,-1.39208
0.58681,-1.39208
0.58673,-1.39209
0.58663,-1.39209
0.58649,-1.39210
0.58630,-1.39212
0.58604,-1.39213
0.58569,-1.39215
0.58522,-1.39218
0.58453,-1.39222
0.58317,-1.39230
-0.61598,1.36115
-0.61666,1.36117
-0.61691,1.36117
-0.61708,1.36118
-0.61721,1.36118
-0.61731,1.36118
-0.61738,1.36118
-0.61744,1.36118
-0.61748,1.36118
-0.61751,1.36118
-0.61753,1.36119
-0.61755,1.36119
-0.61756,1.36119
-0.61757,1.36119
-0.61758,1.36119
-0.61759,1.36119
-0.61759,1.36119
0.58698,-1.39207
0.58698,-1.39207
0.58698,-1.39207
0.58698,-1.39207
0.58698,-1.39207
0.58698,-1.39207
0.58697,-1.39207
0.58697,-1.39207
0.58697,-1.39207
0.58696,-1.39207
0.58695,-1.39208
0.58693,-1.39208
0.58689,-1.39208
0.58684,-1.39208
0.58678,-1.39209
0.58668,-1.39209
0.58655,-1.39210
0.58637,-1.39211
0.58612,-1.39213
0.58574,-1.39215
0.58518,-1.39218
0.58410,-1.39225
-0.61507,1.36114
-0.61622,1.36116
-0.61657,1.36117
-0.61679,1.36117
-0.61695,1.36117
-0.61707,1.36118
-0.61718,1.36118
-0.61726,1.36118
-0.61733,1.36118
-0.61739,1.36118
-0.61744,1.36118
-0.61747,1.36118
-0.61750,1.36118
-0.61752,1.36119
-0.61754,1.36119
-0.61755,1.36119
-0.61756,1.36119
-0.61757,1.36119
0.58698,-1.39207
0.58698,-1.39207
0.58698,-1.39207
0.58698,-1.39207
0.58698,-1.39207
0.58698,-1.39207
0.58698,-1.39207
0.58697,-1.39207
0.58697,-1.39207
0.58697,-1.39207
0.58696,-1.39207
0.58694,-1.39208
0.58692,-1.39208
0.58688,-1.39208
0.58682,-1.39208
0.58673,-1.39209
0.58661,-1.39210
0.58644,-1.39211
0.58618,-1.39212
0.58575,-1.39215
0.58477,-1.39221
-0.61379,1.36111
-0.61560,1.36115
-0.61617,1.36116
-0.61649,1.36117
-0.61669,1.36117
-0.61684,1.36117
-0.61697,1.36117
-0.61707,1.36118
-0.61716,1.36118
-0.61723,1.36118
-0.61730,1.36118
-0.61735,1.36118
-0.61740,1.36118
-0.61744,1.36118
-0.61747,1.36118
-0.61749,1.36118
-0.61751,1.36119
-0.61753,1.36119
-0.61754,1.36119
0.58698,-1.39207
0.58698,-1.39207
0.58698,-1.39207
0.58698,-1.39207
0.58698,-1.39207
0.58698,-1.39207
0.58698,-1.39207
0.58698,-1.39207
0.58697,-1.39207
0.58697,-1.39207
0.58697,-1.39207
0.58696,-1.39207
0.58694,-1.39208
0.58691,-1.39208
0.58686,-1.39208
0.58678,-1.39209
0.58666,-1.39209
0.58649,-1.39210
0.58618,-1.39212
-0.55966,1.35780
-0.60748,1.36093
-0.61397,1.36111
-0.61546,1.36114
-0.61606,1.36116
-0.61639,1.36116
-0.61660,1.36117
-0.61675,1.36117
-0.61688,1.36117
-0.61698,1.36117
-0.61707,1.36118
-0.61715,1.36118
-0.61721,1.36118
-0.61727,1.36118
-0.61733,1.36118
-0.61737,1.36118
-0.61741,1.36118
-0.61744,1.36118
-0.61747,1.36118
-0.61749,1.36118
-0.61751,1.36118
0.58698,-1.39207
0.58698,-1.39207
0.58698,-1.39207
0.58698,-1.39207
0.58698,-1.39207
0.58698,-1.39207
0.58698,-1.39207
0.58698,-1.39207
0.58698,-1.39207
0.58697,-1.39207
0.58697,-1.39207
0.58697,-1.39207
0.58696,-1.39207
0.58693,-1.39208
0.58689,-1.39208
0.58682,-1.39208
0.58669,-1.39209
0.58635,-1.39211
-0.55574,1.35740
-0.58769,1.36001
-0.60696,1.36091
-0.61338,1.36110
-0.61519,1.36114
-0.61591,1.36115
-0.61628,1.36116
-0.61651,1.36117
-0.61667,1.36117
-0.61680,1.36117
-0.61690,1.36117
-0.61699,1.36118
-0.61707,1.36118
-0.61714,1.36118
-0.61720,1.36118
-0.61726,1.36118
-0.61731,1.36118
-0.61735,1.36118
-0.61739,1.36118
-0.61742,1.36118
-0.61745,1.36118
-0.61747,1.36118
0.58698,-1.39207
0.58698,-1.39207
0.58698,-1.39207
0.58698,-1.39207
0.58698,-1.39207
0.58698,-1.39207
0.58698,-1.39207
0.58698,-1.39207
0.58698,-1.39207
0.58698,-1.39207
0.58698,-1.39207
0.58697,-1.39207
0.58697,-1.39207
0.58695,-1.39207
0.58692,-1.39208
0.58684,-1.39208
-0.47287,1.34476
-0.54363,1.35607
-0.56679,1.35846
-0.58767,1.36000
-0.60469,1.36083
-0.61239,1.36107
-0.61480,1.36113
-0.61570,1.36115
-0.61615,1.36116
-0.61641,1.36116
-0.61659,1.36117
-0.61673,1.36117
-0.61684,1.36117
-0.61693,1.36117
-0.61701,1.36118
-0.61707,1.36118
-0.61714,1.36118
-0.61719,1.36118
-0.61725,1.36118
-0.61729,1.36118
-0.61734,1.36118
-0.61737,1.36118
-0.61741,1.36118
-0.61744,1.36118
0.58698,-1.39207
0.58698,-1.39207
0.58698,-1.39207
0.58698,-1.39207
0.58698,-1.39207
0.58698,-1.39207
0.58698,-1.39207
0.58698,-1.39207
0.58698,-1.39207
0.58698,-1.39207
0.58698,-1.39207
0.58698,-1.39207
0.58697,-1.39207
0.58697,-1.39207
0.58694,-1.39208
-0.43893,1.33728
-0.52985,1.35434
-0.55052,1.35685
-0.56740,1.35851
-0.58489,1.35983
-0.60141,1.36070
-0.61092,1.36103
-0.61426,1.36112
-0.61545,1.36114
-0.61600,1.36116
-0.61631,1.36116
-0.61651,1.36117
-0.61666,1.36117
-0.61677,1.36117
-0.61687,1.36117
-0.61695,1.36117
-0.61702,1.36118
-0.61708,1.36118
-0.61714,1.36118
-0.61719,1.36118
-0.61724,1.36118
-0.61729,1.36118
-0.61733,1.36118
-0.61736,1.36118
-0.61740,1.36118
0.58698,-1.39207
0.58698,-1.39207
0.58698,-1.39207
0.58698,-1.39207
0.58698,-1.39207
0.58698,-1.39207
0.58698,-1.39207
0.58698,-1.39207
0.58698,-1.39207
0.58698,-1.39207
0.58698,-1.39207
0.58698,-1.39207
0.58698,-1.39207
0.58698,-1.39207
0.58697,-1.39207
-0.50637,1.35085
-0.53381,1.35486
-0.55030,1.35683
-0.56505,1.35830
-0.58083,1.35956
-0.59719,1.36052
-0.60877,1.36097
-0.61348,1.36110
-0.61512,1.36114
-0.61582,1.36115
-0.61619,1.36116
-0.61642,1.36116
-0.61659,1.36117
-0.61671,1.36117
-0.61681,1.36117
-0.61689,1.36117
-0.61697,1.36117
-0.61703,1.36118
-0.61709,1.36118
-0.61714,1.36118
-0.61719,1.36118
-0.61724,1.36118
-0.61728,1.36118
-0.61732,1.36118
-0.61736,1.36118
0.58698,-1.39207
0.58698,-1.39207
0.58698,-1.39207
0.58698,-1.39207
0.58698,-1.39207
0.58698,-1.39207
0.58698,-1.39207
0.58698,-1.39207
0.58698,-1.39207
0.58698,-1.39207
0.58698,-1.39207
0.58698,-1.39207
0.58698,-1.39207
0.58699,-1.39207
0.58703,-1.39207
-0.50299,1.35030
-0.53031,1.35440
-0.54660,1.35642
-0.56073,1.35790
-0.57561,1.35918
-0.59183,1.36024
-0.60556,1.36086
-0.61229,1.36107
-0.61465,1.36113
-0.61558,1.36115
-0.61605,1.36116
-0.61633,1.36116
-0.61651,1.36117
-0.61665,1.36117
-0.61675,1.36117
-0.61684,1.36117
-0.61692,1.36117
-0.61698,1.36117
-0.61704,1.36118
-0.61709,1.36118
-0.61714,1.36118
-0.61719,1.36118
-0.61724,1.36118
-0.61728,1.36118
-0.61732,1.36118
0.58698,-1.39207
0.58698,-1.39207
0.58698,-1.39207
0.58698,-1.39207
0.58698,-1.39207
0.58698,-1.39207
0.58698,-1.39207
0.58698,-1.39207
0.58699,-1.39207
0.58699,-1.39207
0.58699,-1.39207
0.58699,-1.39207
0.58699,-1.39207
0.58700,-1.39207
0.58707,-1.39207
-0.47135,1.34445
-0.51972,1.35292
-0.53922,1.35554
-0.55410,1.35724
-0.56875,1.35863
-0.58485,1.35983
-0.60057,1.36067
-0.61026,1.36101
-0.61392,1.36111
-0.61526,1.36114
-0.61586,1.36115
-0.61620,1.36116
-0.61642,1.36116
-0.61658,1.36117
-0.61669,1.36117
-0.61679,1.36117
-0.61687,1.36117
-0.61693,1.36117
-0.61699,1.36118
-0.61705,1.36118
-0.61710,1.36118
-0.61715,1.36118
-0.61719,1.36118
-0.61724,1.36118
-0.61728,1.36118
0.58698,-1.39207
0.58698,-1.39207
0.58698,-1.39207
0.58699,-1.39207
0.58699,-1.39207
0.58699,-1.39207
0.58699,-1.39207
0.58699,-1.39207
0.58699,-1.39207
0.58699,-1.39207
0.58699,-1.39207
0.58700,-1.39207
0.58700,-1.39207
0.58703,-1.39207
0.58708,-1.39207
0.58727,-1.39205
-0.48927,1.34790
-0.52502,1.35368
-0.54356,1.35607
-0.55913,1.35774
-0.57529,1.35916
-0.59253,1.36028
-0.60625,1.36089
-0.61252,1.36107
-0.61470,1.36113
-0.61559,1.36115
-0.61603,1.36116
-0.61630,1.36116
-0.61649,1.36117
-0.61662,1.36117
-0.61673,1.36117
-0.61681,1.36117
-0.61689,1.36117
-0.61695,1.36117
-0.61701,1.36118
-0.61706,1.36118
-0.61711,1.36118
-0.61715,1.36118
-0.61720,1.36118
-0.61724,1.36118
0.58699,-1.39207
0.58699,-1.39207
0.58699,-1.39207
0.58699,-1.39207
0.58699,-1.39207
0.58699,-1.39207
0.58699,-1.39207
0.58699,-1.39207
0.58699,-1.39207
0.58699,-1.39207
0.58700,-1.39207
0.58701,-1.39207
0.58702,-1.39207
0.58705,-1.39207
0.58710,-1.39207
0.58718,-1.39206
0.58734,-1.39205
-0.48157,1.34646
-0.52317,1.35341
-0.54372,1.35609
-0.56114,1.35794
-0.57928,1.35945
-0.59729,1.36052
-0.60902,1.36098
-0.61349,1.36110
-0.61506,1.36114
-0.61575,1.36115
-0.61612,1.36116
-0.61636,1.36116
-0.61652,1.36117
-0.61665,1.36117
-0.61675,1.36117
-0.61683,1.36117
-0.61690,1.36117
-0.61696,1.36117
-0.61701,1.36118
-0.61707,1.36118
-0.61711,1.36118
-0.61716,1.36118
-0.61720,1.36118
0.58699,-1.39207
0.58699,-1.39207
0.58699,-1.39207
0.58699,-1.39207
0.58699,-1.39207
0.58699,-1.39207
0.58699,-1.39207
0.58699,-1.39207
0.58700,-1.39207
0.58700,-1.39207
0.58701,-1.39207
0.58702,-1.39207
0.58704,-1.39207
0.58707,-1.39207
0.58712,-1.39206
0.58718,-1.39206
0.58726,-1.39206
0.58736,-1.39205
0.58787,-1.39202
-0.50617,1.35082
-0.53522,1.35504
-0.55627,1.35746
-0.57706,1.35929
-0.59705,1.36051
-0.60927,1.36098
-0.61360,1.36110
-0.61510,1.36114
-0.61576,1.36115
-0.61613,1.36116
-0.61636,1.36116
-0.61653,1.36117
-0.61665,1.36117
-0.61675,1.36117
-0.61683,1.36117
-0.61690,1.36117
-0.61696,1.36117
-0.61702,1.36118
-0.61707,1.36118
-0.61712,1.36118
-0.61716,1.36118
0.58699,-1.39207
0.58699,-1.39207
0.58699,-1.39207
0.58699,-1.39207
0.58699,-1.39207
0.58699,-1.39207
0.58699,-1.39207
0.58700,-1.39207
0.58700,-1.39207
0.58701,-1.39207
0.58702,-1.39207
0.58703,-1.39207
0.58706,-1.39207
0.58709,-1.39207
0.58714,-1.39206
0.58720,-1.39206
0.58728,-1.39205
0.58736,-1.39205
0.58743,-1.39204
0.58750,-1.39204
0.58758,-1.39204
-0.47725,1.34563
-0.52676,1.35392
-0.55569,1.35740
-0.58270,1.35969
-0.60381,1.36080
-0.61223,1.36107
-0.61466,1.36113
-0.61557,1.36115
-0.61602,1.36116
-0.61629,1.36116
-0.61648,1.36117
-0.61662,1.36117
-0.61673,1.36117
-0.61681,1.36117
-0.61689,1.36117
-0.61696,1.36117
-0.61702,1.36118
-0.61707,1.36118
-0.61712,1.36118
0.58699,-1.39207
0.58699,-1.39207
0.58699,-1.39207
0.58699,-1.39207
0.58699,-1.39207
0.58700,-1.39207
0.58700,-1.39207
0.58700,-1.39207
0.58701,-1.39207
0.58702,-1.39207
0.58703,-1.39207
0.58705,-1.39207
0.58708,-1.39207
0.58712,-1.39206
0.58717,-1.39206
0.58723,-1.39206
0.58731,-1.39205
0.58740,-1.39205
0.58750,-1.39204
0.58760,-1.39203
0.58770,-1.39203
0.58779,-1.39202
0.58786,-1.39202
0.58791,-1.39201
0.58788,-1.39202
-0.35046,1.31181
-0.54605,1.35636
-0.59374,1.36034
-0.61142,1.36105
-0.61470,1.36113
-0.61566,1.36115
-0.61610,1.36116
-0.61635,1.36116
-0.61653,1.36117
-0.61666,1.36117
-0.61677,1.36117
-0.61686,1.36117
-0.61693,1.36117
-0.61700,1.36118
-0.61706,1.36118
0.58699,-1.39207
0.58699,-1.39207
0.58699,-1.39207
0.58700,-1.39207
0.58700,-1.39207
0.58700,-1.39207
0.58700,-1.39207
0.58701,-1.39207
0.58702,-1.39207
0.58703,-1.39207
0.58704,-1.39207
0.58707,-1.39207
0.58710,-1.39207
0.58714,-1.39206
0.58720,-1.39206
0.58727,-1.39205
0.58736,-1.39205
0.58746,-1.39204
0.58758,-1.39204
0.58770,-1.39203
0.58783,-1.39202
0.58797,-1.39201
0.58809,-1.39200
0.58820,-1.39199
0.58830,-1.39199
0.58837,-1.39198
0.58841,-1.39198
0.58843,-1.39198
0.58836,-1.39198
0.58799,-1.39201
-0.59464,1.36039
-0.61361,1.36110
-0.61548,1.36114
-0.61606,1.36116
-0.61635,1.36116
-0.61654,1.36117
-0.61668,1.36117
-0.61679,1.36117
-0.61688,1.36117
-0.61696,1.36117
0.58699,-1.39207
0.58699,-1.39207
0.58700,-1.39207
0.58700,-1.39207
0.58700,-1.39207
0.58701,-1.39207
0.58701,-1.39207
0.58702,-1.39207
0.58703,-1.39207
0.58704,-1.39207
0.58706,-1.39207
0.58708,-1.39207
0.58712,-1.39206
0.58717,-1.39206
0.58723,-1.39206
0.58731,-1.39205
0.58741,-1.39205
0.58752,-1.39204
0.58765,-1.39203
0.58778,-1.39202
0.58793,-1.39201
0.58807,-1.39200
0.58820,-1.39200
0.58831,-1.39199
0.58840,-1.39198
0.58847,-1.39198
0.58853,-1.39197
0.58858,-1.39197
0.58861,-1.39197
0.58863,-1.39197
0.58864,-1.39197
0.58860,-1.39197
0.58828,-1.39199
-0.60083,1.36068
-0.61476,1.36113
-0.61589,1.36115
-0.61629,1.36116
-0.61651,1.36117
-0.61667,1.36117
-0.61679,1.36117
0.58700,-1.39207
0.58700,-1.39207
0.58700,-1.39207
0.58700,-1.39207
0.58701,-1.39207
0.58701,-1.39207
0.58702,-1.39207
0.58702,-1.39207
0.58704,-1.39207
0.58705,-1.39207
0.58707,-1.39207
0.58710,-1.39207
0.58714,-1.39206
0.58720,-1.39206
0.58727,-1.39205
0.58735,-1.39205
0.58745,-1.39204
0.58757,-1.39204
0.58771,-1.39203
0.58785,-1.39202
0.58800,-1.39201
0.58814,-1.39200
0.58826,-1.39199
0.58836,-1.39198
0.58845,-1.39198
0.58851,-1.39197
0.58857,-1.39197
0.58861,-1.39197
0.58864,-1.39197
0.58867,-1.39196
0.58870,-1.39196
0.58871,-1.39196
0.58873,-1.39196
0.58873,-1.39196
0.58869,-1.39196
0.58832,-1.39199
-0.61010,1.36101
-0.61547,1.36114
-0.61616,1.36116
-0.61645,1.36116
0.58700,-1.39207
0.58700,-1.39207
0.58700,-1.39207
0.58701,-1.39207
0.58701,-1.39207
0.58702,-1.39207
0.58702,-1.39207
0.58703,-1.39207
0.58705,-1.39207
0.58706,-1.39207
0.58709,-1.39207
0.58712,-1.39206
0.58717,-1.39206
0.58723,-1.39206
0.58730,-1.39205
0.58739,-1.39205
0.58750,-1.39204
0.58762,-1.39203
0.58776,-1.39202
0.58791,-1.39201
0.58805,-1.39200
0.58818,-1.39200
0.58830,-1.39199
0.58840,-1.39198
0.58848,-1.39198
0.58854,-1.39197
0.58858,-1.39197
0.58862,-1.39197
0.58866,-1.39197
0.58868,-1.39196
0.58870,-1.39196
0.58872,-1.39196
0.58874,-1.39196
0.58875,-1.39196
0.58877,-1.39196
0.58877,-1.39196
0.58877,-1.39196
0.58873,-1.39196
-0.38056,1.32145
-0.61405,1.36111
0.58700,-1.39207
0.58700,-1.39207
0.58701,-1.39207
0.58701,-1.39207
0.58702,-1.39207
0.58702,-1.39207
0.58703,-1.39207
0.58704,-1.39207
0.58706,-1.39207
0.58708,-1.39207
0.58711,-1.39207
0.58714,-1.39206
0.58719,-1.39206
0.58726,-1.39206
0.58734,-1.39205
0.58744,-1.39204
0.58755,-1.39204
0.58767,-1.39203
0.58781,-1.39202
0.58795,-1.39201
0.58809,-1.39200
0.58822,-1.39199
0.58833,-1.39199
0.58842,-1.39198
0.58849,-1.39198
0.58855,-1.39197
0.58860,-1.39197
0.58863,-1.39197
0.58866,-1.39196
0.58869,-1.39196
0.58871,-1.39196
0.58873,-1.39196
0.58874,-1.39196
0.58876,-1.39196
0.58877,-1.39196
0.58878,-1.39196
0.58879,-1.39196
0.58880,-1.39196
0.58880,-1.39196
0.58879,-1.39196
0.58700,-1.39207
0.58701,-1.39207
0.58701,-1.39207
0.58702,-1.39207
0.58702,-1.39207
0.58703,-1.39207
0.58704,-1.39207
0.58705,-1.39207
0.58707,-1.39207
0.58709,-1.39207
0.58712,-1.39206
0.58717,-1.39206
0.58722,-1.39206
0.58729,-1.39205
0.58738,-1.39205
0.58748,-1.39204
0.58759,-1.39203
0.58772,-1.39203
0.58785,-1.39202
0.58799,-1.39201
0.58813,-1.39200
0.58825,-1.39199
0.58835,-1.39199
0.58844,-1.39198
0.58851,-1.39198
0.58856,-1.39197
0.58860,-1.39197
0.58864,-1.39197
0.58867,-1.39196
0.58869,-1.39196
0.58871,-1.39196
0.58873,-1.39196
0.58874,-1.39196
0.58876,-1.39196
0.58877,-1.39196
0.58878,-1.39196
0.58879,-1.39196
0.58880,-1.39196
0.58880,-1.39196
0.58881,-1.39195
0.58701,-1.39207
0.58701,-1.39207
0.58702,-1.39207
0.58702,-1.39207
0.58703,-1.39207
0.58703,-1.39207
0.58704,-1.39207
0.58706,-1.39207
0.58708,-1.39207
0.58711,-1.39207
0.58714,-1.39206
0.58719,-1.39206
0.58725,-1.39206
0.58733,-1.39205
0.58742,-1.39205
0.58752,-1.39204
0.58763,-1.39203
0.58776,-1.39202
0.58789,-1.39202
0.58802,-1.39201
0.58815,-1.39200
0.58827,-1.39199
0.58837,-1.39198
0.58845,-1.39198
0.58852,-1.39197
0.58857,-1.39197
0.58861,-1.39197
0.58864,-1.39197
0.58867,-1.39196
0.58869,-1.39196
0.58871,-1.39196
0.58873,-1.39196
0.58874,-1.39196
0.58876,-1.39196
0.58877,-1.39196
0.58878,-1.39196
0.58879,-1.39196
0.58879,-1.39196
0.58880,-1.39196
0.58881,-1.39196
0.58701,-1.39207
0.58702,-1.39207
0.58702,-1.39207
0.58702,-1.39207
0.58703,-1.39207
0.58704,-1.39207
0.58705,-1.39207
0.58707,-1.39207
0.58709,-1.39207
0.58712,-1.39206
0.58716,-1.39206
0.58722,-1.39206
0.58728,-1.39205
0.58736,-1.39205
0.58745,-1.39204
0.58756,-1.39204
0.58767,-1.39203
0.58779,-1.39202
0.58792,-1.39201
0.58805,-1.39200
0.58818,-1.39200
0.58829,-1.39199
0.58839,-1.39198
0.58846,-1.39198
0.58852,-1.39197
0.58857,-1.39197
0.58861,-1.39197
0.58865,-1.39197
0.58867,-1.39196
0.58870,-1.39196
0.58871,-1.39196
0.58873,-1.39196
0.58875,-1.39196
0.58876,-1.39196
0.58877,-1.39196
0.58878,-1.39196
0.58879,-1.39196
0.58879,-1.39196
0.58880,-1.39196
0.58881,-1.39196
