-0.63022,1.36130
-0.63020,1.36130
-0.63017,1.36130
-0.63014,1.36130
-0.63010,1.36130
-0.63005,1.36130
-0.63000,1.36130
-0.62993,1.36130
-0.62985,1.36130
-0.62975,1.36130
-0.62963,1.36130
-0.62948,1.36130
-0.62928,1.36130
-0.62903,1.36130
-0.62871,1.36130
-0.62830,1.36130
-0.62779,1.36130
-0.62718,1.36130
-0.62648,1.36129
-0.62571,1.36129
-0.62490,1.36128
-0.62407,1.36127
-0.62324,1.36127
-0.62241,1.36126
-0.62161,1.36125
-0.62088,1.36124
-0.62025,1.36123
-0.61976,1.36122
-0.61940,1.36122
-0.61913,1.36121
-0.61894,1.36121
-0.61880,1.36121
-0.61869,1.36121
-0.61861,1.36120
-0.61854,1.36120
-0.61848,1.36120
-0.61843,1.36120
-0.61839,1.36120
-0.61835,1.36120
-0.61831,1.36120
-0.63024,1.36130
-0.63021,1.36130
-0.63018,1.36130
-0.63014,1.36130
-0.63010,1.36130
-0.63006,1.36130
-0.63000,1.36130
-0.62994,1.36130
-0.62986,1.36130
-0.62976,1.36130
-0.62963,1.36130
-0.62948,1.36130
-0.62928,1.36130
-0.62903,1.36130
-0.62870,1.36130
-0.62828,1.36130
-0.62776,1.36130
-0.62713,1.36130
-0.62640,1.36129
-0.62560,1.36129
-0.62476,1.36128
-0.62389,1.36127
-0.62303,1.36126
-0.62218,1.36126
-0.62137,1.36125
-0.62066,1.36124
-0.62007,1.36123
-0.61962,1.36122
-0.61929,1.36122
-0.61905,1.36121
-0.61887,1.36121
-0.61874,1.36121
-0.61864,1.36120
-0.61856,1.36120
-0.61849,1.36120
-0.61844,1.36120
-0.61839,1.36120
-0.61835,1.36120
-0.61831,1.36120
-0.61827,1.36120
-0.63029,1.36130
-0.63025,1.36130
-0.63020,1.36130
-0.63016,1.36130
-0.63012,1.36130
-0.63007,1.36130
-0.63001,1.36130
-0.62994,1.36130
-0.62986,1.36130
-0.62976,1.36130
-0.62964,1.36130
-0.62948,1.36130
-0.62928,1.36130
-0.62902,1.36130
-0.62869,1.36130
-0.62826,1.36130
-0.62772,1.36130
-0.62707,1.36130
-0.62631,1.36129
-0.62547,1.36129
-0.62459,1.36128
-0.62369,1.36127
-0.62280,1.36126
-0.62193,1.36125
-0.62113,1.36124
-0.62044,1.36123
-0.61989,1.36122
-0.61948,1.36122
-0.61918,1.36121
-0.61896,1.36121
-0.61880,1.36121
-0.61868,1.36121
-0.61859,1.36120
-0.61851,1.36120
-0.61845,1.36120
-0.61839,1.36120
-0.61834,1.36120
-0.61830,1.36120
-0.61826,1.36120
-0.61823,1.36120
-0.63039,1.36130
-0.63032,1.36130
-0.63026,1.36130
-0.63021,1.36130
-0.63015,1.36130
-0.63009,1.36130
-0.63003,1.36130
-0.62996,1.36130
-0.62987,1.36130
-0.62977,1.36130
-0.62964,1.36130
-0.62948,1.36130
-0.62928,1.36130
-0.62902,1.36130
-0.62867,1.36130
-0.62823,1.36130
-0.62767,1.36130
-0.62699,1.36129
-0.62620,1.36129
-0.62532,1.36129
-0.62440,1.36128
-0.62346,1.36127
-0.62254,1.36126
-0.62166,1.36125
-0.62088,1.36124
-0.62023,1.36123
-0.61973,1.36122
-0.61935,1.36122
-0.61908,1.36121
-0.61888,1.36121
-0.61873,1.36121
-0.61862,1.36120
-0.61853,1.36120
-0.61845,1.36120
-0.61839,1.36120
-0.61834,1.36120
-0.61829,1.36120
-0.61825,1.36120
-0.61821,1.36120
-0.61818,1.36120
-0.63032,1.36130
-0.63043,1.36130
-0.63037,1.36130
-0.63029,1.36130
-0.63022,1.36130
-0.63015,1.36130
-0.63007,1.36130
-0.62999,1.36130
-0.62989,1.36130
-0.62978,1.36130
-0.62965,1.36130
-0.62949,1.36130
-0.62928,1.36130
-0.62901,1.36130
-0.62865,1.36130
-0.62819,1.36130
-0.62761,1.36130
-0.62690,1.36129
-0.62606,1.36129
-0.62514,1.36128
-0.62418,1.36128
-0.62321,1.36127
-0.62226,1.36126
-0.62139,1.36125
-0.62063,1.36124
-0.62002,1.36123
-0.61956,1.36122
-0.61923,1.36121
-0.61898,1.36121
-0.61880,1.36121
-0.61866,1.36121
-0.61855,1.36120
-0.61847,1.36120
-0.61840,1.36120
-0.61834,1.36120
-0.61828,1.36120
-0.61824,1.36120
-0.61820,1.36120
-0.61816,1.36120
-0.61813,1.36120
0.57672,-1.39261
0.56869,-1.39287
0.54056,-1.39272
-0.63012,1.36130
-0.63027,1.36130
-0.63022,1.36130
-0.63014,1.36130
-0.63004,1.36130
-0.62993,1.36130
-0.62981,1.36130
-0.62967,1.36130
-0.62949,1.36130
-0.62927,1.36130
-0.62899,1.36130
-0.62861,1.36130
-0.62813,1.36130
-0.62752,1.36130
-0.62676,1.36129
-0.62588,1.36129
-0.62492,1.36128
-0.62391,1.36127
-0.62291,1.36126
-0.62195,1.36125
-0.62110,1.36124
-0.62039,1.36123
-0.61983,1.36122
-0.61941,1.36122
-0.61910,1.36121
-0.61888,1.36121
-0.61871,1.36121
-0.61858,1.36120
-0.61848,1.36120
-0.61840,1.36120
-0.61833,1.36120
-0.61827,1.36120
-0.61823,1.36120
-0.61818,1.36120
-0.61815,1.36120
-0.61811,1.36120
-0.61808,1.36120
0.58364,-1.39227
0.58191,-1.39236
0.57936,-1.39249
0.57531,-1.39266
0.56827,-1.39288
0.55121,-1.39298
-0.62916,1.36130
-0.62993,1.36130
-0.62992,1.36130
-0.62982,1.36130
-0.62967,1.36130
-0.62948,1.36130
-0.62924,1.36130
-0.62894,1.36130
-0.62854,1.36130
-0.62803,1.36130
-0.62737,1.36130
-0.62657,1.36129
-0.62564,1.36129
-0.62462,1.36128
-0.62358,1.36127
-0.62256,1.36126
-0.62162,1.36125
-0.62081,1.36124
-0.62014,1.36123
-0.61964,1.36122
-0.61926,1.36122
-0.61898,1.36121
-0.61877,1.36121
-0.61862,1.36120
-0.61850,1.36120
-0.61840,1.36120
-0.61832,1.36120
-0.61826,1.36120
-0.61821,1.36120
-0.61817,1.36120
-0.61813,1.36120
-0.61809,1.36120
-0.61806,1.36119
-0.61803,1.36119
0.58571,-1.39215
0.58497,-1.39219
0.58395,-1.39225
0.58262,-1.39233
0.58086,-1.39242
0.57846,-1.39253
0.57504,-1.39267
0.57000,-1.39284
0.56173,-1.39299
0.54341,-1.39281
-0.62756,1.36130
-0.62897,1.36130
-0.62894,1.36130
-0.62868,1.36130
-0.62829,1.36130
-0.62775,1.36130
-0.62706,1.36130
-0.62622,1.36129
-0.62525,1.36128
-0.62421,1.36128
-0.62316,1.36127
-0.62216,1.36126
-0.62127,1.36124
-0.62052,1.36123
-0.61991,1.36123
-0.61945,1.36122
-0.61911,1.36121
-0.61885,1.36121
-0.61866,1.36121
-0.61852,1.36120
-0.61840,1.36120
-0.61832,1.36120
-0.61825,1.36120
-0.61819,1.36120
-0.61814,1.36120
-0.61810,1.36120
-0.61807,1.36120
-0.61804,1.36119
-0.61801,1.36119
-0.61799,1.36119
0.58639,-1.39211
0.58609,-1.39213
0.58563,-1.39216
0.58497,-1.39219
0.58410,-1.39225
0.58300,-1.39231
0.58164,-1.39238
0.57994,-1.39246
0.57777,-1.39256
0.57498,-1.39268
0.57141,-1.39280
0.56678,-1.39292
0.56055,-1.39300
0.55147,-1.39298
0.53552,-1.39251
0.48388,-1.38712
-0.62536,1.36129
-0.62515,1.36128
-0.62443,1.36128
-0.62354,1.36127
-0.62261,1.36126
-0.62172,1.36125
-0.62092,1.36124
-0.62024,1.36123
-0.61969,1.36122
-0.61927,1.36122
-0.61895,1.36121
-0.61871,1.36121
-0.61854,1.36120
-0.61841,1.36120
-0.61831,1.36120
-0.61823,1.36120
-0.61817,1.36120
-0.61812,1.36120
-0.61808,1.36120
-0.61804,1.36119
-0.61801,1.36119
-0.61799,1.36119
-0.61796,1.36119
-0.61794,1.36119
0.58661,-1.39210
0.58648,-1.39210
0.58627,-1.39212
0.58594,-1.39214
0.58547,-1.39217
0.58484,-1.39220
0.58404,-1.39225
0.58305,-1.39230
0.58184,-1.39237
0.58037,-1.39244
0.57858,-1.39253
0.57637,-1.39262
0.57367,-1.39272
0.57035,-1.39283
0.56623,-1.39293
0.56092,-1.39300
0.55367,-1.39300
0.54276,-1.39279
0.52279,-1.39173
0.44696,-1.37966
-0.62198,1.36125
-0.62130,1.36124
-0.62062,1.36124
-0.62000,1.36123
-0.61949,1.36122
-0.61909,1.36121
-0.61879,1.36121
-0.61857,1.36120
-0.61841,1.36120
-0.61829,1.36120
-0.61821,1.36120
-0.61814,1.36120
-0.61809,1.36120
-0.61805,1.36119
-0.61801,1.36119
-0.61798,1.36119
-0.61796,1.36119
-0.61793,1.36119
-0.61792,1.36119
-0.61790,1.36119
0.58671,-1.39209
0.58663,-1.39209
0.58652,-1.39210
0.58634,-1.39211
0.58607,-1.39213
0.58569,-1.39215
0.58518,-1.39218
0.58452,-1.39222
0.58370,-1.39227
0.58268,-1.39232
0.58143,-1.39239
0.57989,-1.39247
0.57798,-1.39255
0.57563,-1.39265
0.57272,-1.39276
0.56908,-1.39286
0.56445,-1.39296
0.55842,-1.39301
0.55025,-1.39296
0.53832,-1.39263
0.51761,-1.39131
0.44961,-1.38029
-0.62057,1.36123
-0.61983,1.36122
-0.61929,1.36122
-0.61889,1.36121
-0.61860,1.36120
-0.61840,1.36120
-0.61827,1.36120
-0.61817,1.36120
-0.61810,1.36120
-0.61805,1.36119
-0.61800,1.36119
-0.61797,1.36119
-0.61794,1.36119
-0.61792,1.36119
-0.61790,1.36119
-0.61788,1.36119
-0.61787,1.36119
-0.61785,1.36119
0.58677,-1.39209
0.58672,-1.39209
0.58664,-1.39209
0.58653,-1.39210
0.58636,-1.39211
0.58611,-1.39213
0.58577,-1.39215
0.58530,-1.39218
0.58469,-1.39221
0.58391,-1.39226
0.58295,-1.39231
0.58173,-1.39237
0.58021,-1.39245
0.57829,-1.39254
0.57588,-1.39264
0.57284,-1.39275
0.56902,-1.39286
0.56420,-1.39296
0.55803,-1.39301
0.54998,-1.39296
0.53889,-1.39265
0.52138,-1.39162
0.48019,-1.38651
-0.61999,1.36123
-0.61910,1.36121
-0.61866,1.36121
-0.61839,1.36120
-0.61823,1.36120
-0.61812,1.36120
-0.61805,1.36119
-0.61799,1.36119
-0.61795,1.36119
-0.61792,1.36119
-0.61789,1.36119
-0.61787,1.36119
-0.61785,1.36119
-0.61784,1.36119
-0.61782,1.36119
-0.61781,1.36119
-0.61780,1.36119
0.58680,-1.39208
0.58677,-1.39209
0.58672,-1.39209
0.58664,-1.39209
0.58653,-1.39210
0.58636,-1.39211
0.58611,-1.39213
0.58575,-1.39215
0.58528,-1.39218
0.58466,-1.39221
0.58386,-1.39226
0.58285,-1.39231
0.58156,-1.39238
0.57991,-1.39246
0.57780,-1.39256
0.57512,-1.39267
0.57172,-1.39279
0.56744,-1.39290
0.56208,-1.39299
0.55534,-1.39301
0.54667,-1.39290
0.53475,-1.39247
0.51536,-1.39111
0.46287,-1.38324
-0.61889,1.36121
-0.61837,1.36120
-0.61816,1.36120
-0.61803,1.36119
-0.61796,1.36119
-0.61791,1.36119
-0.61787,1.36119
-0.61784,1.36119
-0.61782,1.36119
-0.61780,1.36119
-0.61779,1.36119
-0.61778,1.36119
-0.61777,1.36119
-0.61776,1.36119
-0.61775,1.36119
-0.61775,1.36119
0.58683,-1.39208
0.58680,-1.39208
0.58677,-1.39209
0.58671,-1.39209
0.58663,-1.39209
0.58651,-1.39210
0.58633,-1.39211
0.58607,-1.39213
0.58569,-1.39215
0.58517,-1.39218
0.58450,-1.39222
0.58362,-1.39227
0.58249,-1.39233
0.58103,-1.39241
0.57914,-1.39250
0.57671,-1.39261
0.57358,-1.39273
0.56963,-1.39285
0.56468,-1.39295
0.55853,-1.39301
0.55084,-1.39297
0.54079,-1.39273
0.52604,-1.39196
0.49698,-1.38905
-0.61831,1.36120
-0.61796,1.36119
-0.61785,1.36119
-0.61779,1.36119
-0.61776,1.36119
-0.61773,1.36119
-0.61772,1.36119
-0.61771,1.36119
-0.61770,1.36119
-0.61770,1.36119
-0.61769,1.36119
-0.61769,1.36119
-0.61769,1.36119
-0.61769,1.36119
-0.61768,1.36119
-0.61768,1.36119
0.58685,-1.39208
0.58683,-1.39208
0.58681,-1.39208
0.58677,-1.39209
0.58671,-1.39209
0.58662,-1.39210
0.58649,-1.39210
0.58630,-1.39212
0.58600,-1.39213
0.58558,-1.39216
0.58500,-1.39219
0.58423,-1.39224
0.58323,-1.39229
0.58192,-1.39236
0.58020,-1.39245
0.57796,-1.39255
0.57504,-1.39267
0.57130,-1.39280
0.56659,-1.39292
0.56073,-1.39300
0.55343,-1.39300
0.54404,-1.39283
0.53064,-1.39225
0.50585,-1.39014
0.34144,-1.34261
-0.61710,1.36118
-0.61731,1.36118
-0.61739,1.36118
-0.61745,1.36118
-0.61748,1.36118
-0.61751,1.36118
-0.61753,1.36119
-0.61755,1.36119
-0.61756,1.36119
-0.61757,1.36119
-0.61758,1.36119
-0.61759,1.36119
-0.61759,1.36119
-0.61760,1.36119
-0.61760,1.36119
0.58687,-1.39208
0.58686,-1.39208
0.58684,-1.39208
0.58681,-1.39208
0.58677,-1.39209
0.58671,-1.39209
0.58661,-1.39210
0.58647,-1.39210
0.58624,-1.39212
0.58591,-1.39214
0.58542,-1.39217
0.58476,-1.39221
0.58386,-1.39226
0.58268,-1.39232
0.58112,-1.39240
0.57905,-1.39251
0.57631,-1.39262
0.57274,-1.39276
0.56816,-1.39289
0.56239,-1.39299
0.55515,-1.39301
0.54571,-1.39287
0.53198,-1.39233
0.50487,-1.39002
-0.60997,1.36100
-0.61508,1.36114
-0.61611,1.36116
-0.61661,1.36117
-0.61688,1.36117
-0.61706,1.36118
-0.61717,1.36118
-0.61726,1.36118
-0.61732,1.36118
-0.61737,1.36118
-0.61740,1.36118
-0.61743,1.36118
-0.61746,1.36118
-0.61748,1.36118
-0.61749,1.36118
-0.61751,1.36118
0.58689,-1.39208
0.58687,-1.39208
0.58686,-1.39208
0.58684,-1.39208
0.58681,-1.39208
0.58677,-1.39209
0.58670,-1.39209
0.58660,-1.39210
0.58644,-1.39211
0.58618,-1.39212
0.58579,-1.39215
0.58522,-1.39218
0.58444,-1.39223
0.58338,-1.39229
0.58196,-1.39236
0.58006,-1.39246
0.57750,-1.39257
0.57408,-1.39271
0.56958,-1.39285
0.56377,-1.39297
0.55625,-1.39301
0.54606,-1.39288
0.52999,-1.39221
0.48678,-1.38758
-0.60971,1.36100
-0.61275,1.36108
-0.61429,1.36112
-0.61527,1.36114
-0.61591,1.36115
-0.61634,1.36116
-0.61663,1.36117
-0.61683,1.36117
-0.61698,1.36117
-0.61708,1.36118
-0.61717,1.36118
-0.61723,1.36118
-0.61728,1.36118
-0.61732,1.36118
-0.61736,1.36118
-0.61738,1.36118
0.58690,-1.39208
0.58689,-1.39208
0.58688,-1.39208
0.58686,-1.39208
0.58684,-1.39208
0.58681,-1.39208
0.58677,-1.39209
0.58670,-1.39209
0.58658,-1.39210
0.58640,-1.39211
0.58610,-1.39213
0.58564,-1.39215
0.58497,-1.39219
0.58403,-1.39225
0.58275,-1.39232
0.58101,-1.39241
0.57863,-1.39252
0.57537,-1.39266
0.57093,-1.39281
0.56493,-1.39295
0.55671,-1.39301
0.54447,-1.39284
0.51991,-1.39150
-0.60300,1.36077
-0.60892,1.36097
-0.61115,1.36104
-0.61266,1.36108
-0.61380,1.36111
-0.61468,1.36113
-0.61534,1.36114
-0.61584,1.36115
-0.61620,1.36116
-0.61647,1.36117
-0.61668,1.36117
-0.61683,1.36117
-0.61695,1.36117
-0.61704,1.36118
-0.61712,1.36118
-0.61718,1.36118
-0.61722,1.36118
0.58691,-1.39208
0.58690,-1.39208
0.58689,-1.39208
0.58688,-1.39208
0.58687,-1.39208
0.58684,-1.39208
0.58681,-1.39208
0.58677,-1.39209
0.58669,-1.39209
0.58657,-1.39210
0.58636,-1.39211
0.58601,-1.39213
0.58546,-1.39217
0.58464,-1.39221
0.58350,-1.39228
0.58192,-1.39236
0.57972,-1.39247
0.57662,-1.39261
0.57221,-1.39277
0.56581,-1.39293
0.55593,-1.39301
0.53668,-1.39256
-0.59525,1.36042
-0.60512,1.36085
-0.60818,1.36095
-0.61007,1.36101
-0.61146,1.36105
-0.61258,1.36108
-0.61351,1.36110
-0.61428,1.36112
-0.61491,1.36113
-0.61542,1.36114
-0.61582,1.36115
-0.61614,1.36116
-0.61639,1.36116
-0.61658,1.36117
-0.61673,1.36117
-0.61685,1.36117
-0.61695,1.36117
-0.61702,1.36118
0.58692,-1.39208
0.58692,-1.39208
0.58691,-1.39208
0.58690,-1.39208
0.58689,-1.39208
0.58687,-1.39208
0.58685,-1.39208
0.58682,-1.39208
0.58677,-1.39209
0.58669,-1.39209
0.58655,-1.39210
0.58631,-1.39211
0.58588,-1.39214
0.58521,-1.39218
0.58420,-1.39224
0.58276,-1.39232
0.58073,-1.39242
0.57778,-1.39256
0.57332,-1.39274
0.56588,-1.39293
0.54865,-1.39294
-0.58461,1.35981
-0.59970,1.36063
-0.60469,1.36083
-0.60740,1.36092
-0.60920,1.36098
-0.61054,1.36102
-0.61163,1.36105
-0.61254,1.36108
-0.61333,1.36110
-0.61402,1.36111
-0.61460,1.36113
-0.61510,1.36114
-0.61551,1.36115
-0.61585,1.36115
-0.61612,1.36116
-0.61634,1.36116
-0.61652,1.36117
-0.61667,1.36117
-0.61678,1.36117
0.58693,-1.39208
0.58693,-1.39208
0.58692,-1.39208
0.58691,-1.39208
0.58691,-1.39208
0.58689,-1.39208
0.58688,-1.39208
0.58686,-1.39208
0.58682,-1.39208
0.58677,-1.39209
0.58669,-1.39209
0.58653,-1.39210
0.58624,-1.39212
0.58571,-1.39215
0.58484,-1.39220
0.58352,-1.39228
0.58158,-1.39238
0.57863,-1.39252
0.57337,-1.39273
-0.32350,1.30232
-0.53687,1.35525
-0.58604,1.35990
-0.59857,1.36058
-0.60371,1.36079
-0.60654,1.36090
-0.60840,1.36096
-0.60977,1.36100
-0.61085,1.36103
-0.61176,1.36105
-0.61254,1.36108
-0.61323,1.36109
-0.61384,1.36111
-0.61438,1.36112
-0.61485,1.36113
-0.61526,1.36114
-0.61561,1.36115
-0.61590,1.36115
-0.61614,1.36116
-0.61633,1.36116
-0.61649,1.36117
0.58694,-1.39208
0.58694,-1.39208
0.58693,-1.39208
0.58693,-1.39208
0.58692,-1.39208
0.58691,-1.39208
0.58690,-1.39208
0.58689,-1.39208
0.58687,-1.39208
0.58683,-1.39208
0.58678,-1.39209
0.58669,-1.39209
0.58651,-1.39210
0.58614,-1.39212
0.58542,-1.39217
0.58416,-1.39224
0.58203,-1.39236
0.57632,-1.39262
-0.31194,1.29800
-0.42591,1.33407
-0.53328,1.35479
-0.58122,1.35959
-0.59626,1.36047
-0.60235,1.36074
-0.60557,1.36086
-0.60761,1.36093
-0.60905,1.36098
-0.61017,1.36101
-0.61109,1.36104
-0.61187,1.36106
-0.61256,1.36108
-0.61318,1.36109
-0.61373,1.36110
-0.61423,1.36112
-0.61468,1.36113
-0.61507,1.36114
-0.61542,1.36114
-0.61571,1.36115
-0.61596,1.36115
-0.61617,1.36116
0.58695,-1.39207
0.58695,-1.39208
0.58694,-1.39208
0.58694,-1.39208
0.58694,-1.39208
0.58693,-1.39208
0.58692,-1.39208
0.58691,-1.39208
0.58690,-1.39208
0.58688,-1.39208
0.58685,-1.39208
0.58680,-1.39208
0.58670,-1.39209
0.58647,-1.39210
0.58591,-1.39214
0.58452,-1.39222
-0.12471,1.20329
-0.27889,1.28476
-0.34588,1.31026
-0.42582,1.33405
-0.51804,1.35267
-0.57333,1.35900
-0.59297,1.36030
-0.60063,1.36067
-0.60446,1.36082
-0.60677,1.36090
-0.60835,1.36096
-0.60954,1.36099
-0.61049,1.36102
-0.61129,1.36104
-0.61199,1.36106
-0.61260,1.36108
-0.61316,1.36109
-0.61367,1.36110
-0.61413,1.36111
-0.61456,1.36112
-0.61494,1.36113
-0.61528,1.36114
-0.61557,1.36115
-0.61583,1.36115
0.58696,-1.39207
0.58696,-1.39207
0.58695,-1.39207
0.58695,-1.39207
0.58695,-1.39207
0.58695,-1.39208
0.58694,-1.39208
0.58693,-1.39208
0.58693,-1.39208
0.58691,-1.39208
0.58690,-1.39208
0.58687,-1.39208
0.58682,-1.39208
0.58671,-1.39209
0.58632,-1.39211
-0.05665,1.15382
-0.24500,1.26979
-0.29724,1.29227
-0.34788,1.31094
-0.41353,1.33085
-0.49752,1.34937
-0.56196,1.35802
-0.58842,1.36005
-0.59845,1.36057
-0.60316,1.36077
-0.60586,1.36087
-0.60764,1.36093
-0.60893,1.36097
-0.60993,1.36100
-0.61076,1.36103
-0.61147,1.36105
-0.61209,1.36106
-0.61265,1.36108
-0.61316,1.36109
-0.61364,1.36110
-0.61407,1.36111
-0.61448,1.36112
-0.61484,1.36113
-0.61518,1.36114
-0.61547,1.36114
0.58697,-1.39207
0.58697,-1.39207
0.58697,-1.39207
0.58696,-1.39207
0.58696,-1.39207
0.58696,-1.39207
0.58696,-1.39207
0.58696,-1.39207
0.58695,-1.39207
0.58695,-1.39208
0.58694,-1.39208
0.58693,-1.39208
0.58691,-1.39208
0.58687,-1.39208
0.58667,-1.39209
-0.19297,1.24379
-0.25443,1.27410
-0.29664,1.29203
-0.34024,1.30831
-0.39667,1.32619
-0.47321,1.34483
-0.54603,1.35635
-0.58202,1.35964
-0.59561,1.36044
-0.60160,1.36071
-0.60483,1.36084
-0.60687,1.36091
-0.60830,1.36095
-0.60939,1.36099
-0.61026,1.36101
-0.61099,1.36103
-0.61163,1.36105
-0.61219,1.36107
-0.61271,1.36108
-0.61318,1.36109
-0.61363,1.36110
-0.61404,1.36111
-0.61443,1.36112
-0.61478,1.36113
-0.61511,1.36114
0.58698,-1.39207
0.58698,-1.39207
0.58698,-1.39207
0.58698,-1.39207
0.58698,-1.39207
0.58698,-1.39207
0.58698,-1.39207
0.58698,-1.39207
0.58698,-1.39207
0.58698,-1.39207
0.58698,-1.39207
0.58699,-1.39207
0.58700,-1.39207
0.58702,-1.39207
0.58773,-1.39203
-0.18587,1.23994
-0.24611,1.27030
-0.28667,1.28799
-0.32674,1.30351
-0.37654,1.32022
-0.44543,1.33881
-0.52378,1.35350
-0.57250,1.35894
-0.59169,1.36024
-0.59960,1.36063
-0.60360,1.36079
-0.60600,1.36088
-0.60762,1.36093
-0.60882,1.36097
-0.60976,1.36100
-0.61053,1.36102
-0.61119,1.36104
-0.61177,1.36106
-0.61229,1.36107
-0.61277,1.36108
-0.61322,1.36109
-0.61364,1.36110
-0.61403,1.36111
-0.61440,1.36112
-0.61475,1.36113
0.58699,-1.39207
0.58699,-1.39207
0.58699,-1.39207
0.58699,-1.39207
0.58699,-1.39207
0.58700,-1.39207
0.58700,-1.39207
0.58701,-1.39207
0.58701,-1.39207
0.58702,-1.39207
0.58704,-1.39207
0.58707,-1.39207
0.58713,-1.39206
0.58730,-1.39205
0.58839,-1.39198
-0.12167,1.20129
-0.22187,1.25870
-0.26769,1.27997
-0.30723,1.29619
-0.35238,1.31246
-0.41339,1.33081
-0.49250,1.34848
-0.55693,1.35752
-0.58561,1.35988
-0.59679,1.36050
-0.60200,1.36073
-0.60494,1.36084
-0.60684,1.36091
-0.60819,1.36095
-0.60923,1.36098
-0.61006,1.36101
-0.61075,1.36103
-0.61136,1.36104
-0.61189,1.36106
-0.61238,1.36107
-0.61283,1.36108
-0.61325,1.36109
-0.61366,1.36110
-0.61404,1.36111
-0.61440,1.36112
0.58700,-1.39207
0.58700,-1.39207
0.58701,-1.39207
0.58701,-1.39207
0.58701,-1.39207
0.58702,-1.39207
0.58703,-1.39207
0.58704,-1.39207
0.58706,-1.39207
0.58708,-1.39207
0.58712,-1.39206
0.58719,-1.39206
0.58733,-1.39205
0.58768,-1.39203
0.58862,-1.39197
0.59172,-1.39175
-0.15765,1.22383
-0.23382,1.26452
-0.27872,1.28469
-0.32189,1.30173
-0.37538,1.31986
-0.44886,1.33960
-0.52843,1.35415
-0.57438,1.35909
-0.59213,1.36026
-0.59961,1.36063
-0.60347,1.36078
-0.60582,1.36087
-0.60741,1.36093
-0.60860,1.36096
-0.60952,1.36099
-0.61028,1.36101
-0.61093,1.36103
-0.61149,1.36105
-0.61200,1.36106
-0.61246,1.36107
-0.61289,1.36108
-0.61330,1.36109
-0.61369,1.36110
-0.61406,1.36111
0.58701,-1.39207
0.58702,-1.39207
0.58702,-1.39207
0.58703,-1.39207
0.58704,-1.39207
0.58705,-1.39207
0.58707,-1.39207
0.58709,-1.39207
0.58712,-1.39206
0.58716,-1.39206
0.58724,-1.39206
0.58736,-1.39205
0.58760,-1.39203
0.58806,-1.39200
0.58889,-1.39195
0.59030,-1.39185
0.59299,-1.39166
-0.14211,1.21439
-0.22962,1.26250
-0.27913,1.28486
-0.32798,1.30395
-0.39051,1.32441
-0.47378,1.34494
-0.54783,1.35656
-0.58214,1.35965
-0.59513,1.36042
-0.60100,1.36069
-0.60423,1.36081
-0.60629,1.36089
-0.60774,1.36094
-0.60883,1.36097
-0.60970,1.36100
-0.61042,1.36102
-0.61104,1.36104
-0.61158,1.36105
-0.61207,1.36106
-0.61252,1.36107
-0.61294,1.36109
-0.61334,1.36110
-0.61372,1.36110
0.58703,-1.39207
0.58704,-1.39207
0.58705,-1.39207
0.58706,-1.39207
0.58707,-1.39207
0.58709,-1.39207
0.58711,-1.39206
0.58715,-1.39206
0.58720,-1.39206
0.58727,-1.39205
0.58739,-1.39205
0.58758,-1.39203
0.58790,-1.39201
0.58842,-1.39198
0.58922,-1.39193
0.59032,-1.39185
0.59167,-1.39176
0.59327,-1.39164
0.60167,-1.39093
-0.19255,1.24357
-0.25783,1.27563
-0.31346,1.29857
-0.38196,1.32187
-0.47247,1.34468
-0.54962,1.35676
-0.58306,1.35971
-0.59548,1.36043
-0.60113,1.36069
-0.60428,1.36082
-0.60631,1.36089
-0.60775,1.36094
-0.60885,1.36097
-0.60972,1.36100
-0.61045,1.36102
-0.61107,1.36104
-0.61162,1.36105
-0.61211,1.36106
-0.61256,1.36108
-0.61298,1.36109
-0.61337,1.36110
0.58705,-1.39207
0.58706,-1.39207
0.58707,-1.39207
0.58709,-1.39207
0.58711,-1.39206
0.58714,-1.39206
0.58717,-1.39206
0.58722,-1.39206
0.58730,-1.39205
0.58741,-1.39205
0.58757,-1.39204
0.58783,-1.39202
0.58822,-1.39199
0.58880,-1.39196
0.58962,-1.39190
0.59068,-1.39183
0.59192,-1.39174
0.59323,-1.39164
0.59447,-1.39155
0.59554,-1.39146
0.59684,-1.39136
-0.13345,1.20893
-0.23783,1.26643
-0.31179,1.29794
-0.40430,1.32834
-0.51240,1.35181
-0.57205,1.35890
-0.59177,1.36024
-0.59946,1.36062
-0.60334,1.36078
-0.60571,1.36087
-0.60734,1.36092
-0.60855,1.36096
-0.60951,1.36099
-0.61030,1.36101
-0.61097,1.36103
-0.61155,1.36105
-0.61207,1.36106
-0.61255,1.36108
-0.61298,1.36109
0.58707,-1.39207
0.58709,-1.39207
0.58711,-1.39207
0.58713,-1.39206
0.58716,-1.39206
0.58719,-1.39206
0.58725,-1.39206
0.58732,-1.39205
0.58742,-1.39205
0.58756,-1.39204
0.58778,-1.39202
0.58809,-1.39200
0.58855,-1.39197
0.58920,-1.39193
0.59007,-1.39187
0.59119,-1.39179
0.59251,-1.39170
0.59400,-1.39158
0.59559,-1.39146
0.59722,-1.39132
0.59882,-1.39119
0.60031,-1.39106
0.60155,-1.39095
0.60226,-1.39088
0.60186,-1.39092
0.13398,0.93842
-0.28523,1.28740
-0.45495,1.34097
-0.56579,1.35837
-0.59212,1.36026
-0.60023,1.36065
-0.60400,1.36080
-0.60624,1.36089
-0.60778,1.36094
-0.60895,1.36097
-0.60988,1.36100
-0.61067,1.36102
-0.61134,1.36104
-0.61193,1.36106
-0.61246,1.36107
0.58710,-1.39207
0.58712,-1.39206
0.58715,-1.39206
0.58718,-1.39206
0.58721,-1.39206
0.58727,-1.39206
0.58733,-1.39205
0.58743,-1.39204
0.58756,-1.39204
0.58774,-1.39202
0.58800,-1.39201
0.58837,-1.39198
0.58890,-1.39195
0.58962,-1.39190
0.59058,-1.39183
0.59179,-1.39175
0.59325,-1.39164
0.59494,-1.39151
0.59684,-1.39136
0.59891,-1.39118
0.60108,-1.39099
0.60326,-1.39079
0.60530,-1.39059
0.60711,-1.39040
0.60860,-1.39025
0.60974,-1.39012
0.61049,-1.39004
0.61069,-1.39002
0.60955,-1.39015
0.60361,-1.39075
-0.45959,1.34199
-0.58307,1.35971
-0.59869,1.36058
-0.60365,1.36079
-0.60619,1.36088
-0.60784,1.36094
-0.60907,1.36098
-0.61005,1.36101
-0.61088,1.36103
-0.61160,1.36105
0.58714,-1.39206
0.58716,-1.39206
0.58719,-1.39206
0.58723,-1.39206
0.58728,-1.39205
0.58735,-1.39205
0.58743,-1.39204
0.58755,-1.39204
0.58771,-1.39203
0.58793,-1.39201
0.58824,-1.39199
0.58867,-1.39196
0.58927,-1.39192
0.59008,-1.39187
0.59113,-1.39180
0.59245,-1.39170
0.59404,-1.39158
0.59589,-1.39143
0.59799,-1.39126
0.60027,-1.39106
0.60264,-1.39084
0.60494,-1.39062
0.60703,-1.39041
0.60882,-1.39022
0.61028,-1.39007
0.61144,-1.38994
0.61236,-1.38983
0.61308,-1.38975
0.61363,-1.38969
0.61399,-1.38965
0.61409,-1.38964
0.61349,-1.38971
0.60828,-1.39028
-0.49400,1.34875
-0.59261,1.36029
-0.60221,1.36074
-0.60566,1.36087
-0.60761,1.36093
-0.60898,1.36098
-0.61007,1.36101
0.58718,-1.39206
0.58721,-1.39206
0.58725,-1.39206
0.58730,-1.39205
0.58736,-1.39205
0.58744,-1.39204
0.58754,-1.39204
0.58768,-1.39203
0.58787,-1.39202
0.58813,-1.39200
0.58849,-1.39198
0.58899,-1.39194
0.58966,-1.39190
0.59056,-1.39184
0.59172,-1.39175
0.59314,-1.39165
0.59484,-1.39152
0.59680,-1.39136
0.59900,-1.39117
0.60137,-1.39096
0.60376,-1.39074
0.60603,-1.39051
0.60803,-1.39031
0.60969,-1.39013
0.61103,-1.38998
0.61209,-1.38987
0.61293,-1.38977
0.61361,-1.38969
0.61415,-1.38963
0.61460,-1.38958
0.61498,-1.38953
0.61527,-1.38950
0.61547,-1.38947
0.61550,-1.38947
0.61494,-1.38954
0.60901,-1.39020
-0.55576,1.35741
-0.59861,1.36058
-0.60458,1.36083
-0.60712,1.36092
0.58723,-1.39206
0.58727,-1.39206
0.58731,-1.39205
0.58737,-1.39205
0.58744,-1.39204
0.58753,-1.39204
0.58765,-1.39203
0.58781,-1.39202
0.58803,-1.39201
0.58833,-1.39199
0.58875,-1.39196
0.58932,-1.39192
0.59008,-1.39187
0.59107,-1.39180
0.59232,-1.39171
0.59383,-1.39160
0.59561,-1.39146
0.59764,-1.39129
0.59989,-1.39110
0.60226,-1.39088
0.60461,-1.39065
0.60679,-1.39044
0.60868,-1.39024
0.61023,-1.39007
0.61146,-1.38994
0.61244,-1.38983
0.61321,-1.38974
0.61383,-1.38967
0.61434,-1.38961
0.61476,-1.38956
0.61512,-1.38952
0.61543,-1.38948
0.61569,-1.38945
0.61593,-1.38942
0.61612,-1.38940
0.61624,-1.38938
0.61620,-1.38939
0.61547,-1.38947
0.06743,1.02987
-0.58675,1.35995
0.58728,-1.39205
0.58733,-1.39205
0.58738,-1.39205
0.58744,-1.39204
0.58753,-1.39204
0.58763,-1.39203
0.58777,-1.39202
0.58795,-1.39201
0.58821,-1.39199
0.58855,-1.39197
0.58903,-1.39194
0.58967,-1.39190
0.59052,-1.39184
0.59161,-1.39176
0.59294,-1.39166
0.59452,-1.39154
0.59636,-1.39140
0.59842,-1.39122
0.60067,-1.39103
0.60300,-1.39081
0.60528,-1.39059
0.60736,-1.39038
0.60914,-1.39019
0.61059,-1.39003
0.61175,-1.38990
0.61266,-1.38980
0.61339,-1.38972
0.61397,-1.38965
0.61445,-1.38959
0.61484,-1.38955
0.61518,-1.38951
0.61547,-1.38947
0.61572,-1.38944
0.61594,-1.38942
0.61614,-1.38939
0.61632,-1.38937
0.61648,-1.38935
0.61661,-1.38934
0.61668,-1.38933
0.61656,-1.38934
0.58734,-1.39205
0.58739,-1.39205
0.58745,-1.39204
0.58752,-1.39204
0.58761,-1.39203
0.58773,-1.39203
0.58789,-1.39202
0.58810,-1.39200
0.58839,-1.39198
0.58878,-1.39196
0.58933,-1.39192
0.59005,-1.39187
0.59099,-1.39181
0.59216,-1.39172
0.59356,-1.39162
0.59520,-1.39149
0.59707,-1.39134
0.59913,-1.39116
0.60136,-1.39096
0.60364,-1.39075
0.60583,-1.39053
0.60781,-1.39033
0.60949,-1.39015
0.61087,-1.39000
0.61196,-1.38988
0.61282,-1.38978
0.61351,-1.38970
0.61407,-1.38964
0.61452,-1.38959
0.61490,-1.38954
0.61522,-1.38950
0.61550,-1.38947
0.61574,-1.38944
0.61595,-1.38942
0.61613,-1.38939
0.61630,-1.38937
0.61645,-1.38936
0.61659,-1.38934
0.61672,-1.38932
0.61684,-1.38931
0.58740,-1.39205
0.58745,-1.39204
0.58752,-1.39204
0.58760,-1.39203
0.58770,-1.39203
0.58783,-1.39202
0.58801,-1.39201
0.58825,-1.39199
0.58858,-1.39197
0.58903,-1.39194
0.58964,-1.39190
0.59045,-1.39184
0.59147,-1.39177
0.59272,-1.39168
0.59418,-1.39157
0.59586,-1.39144
0.59774,-1.39128
0.59980,-1.39110
0.60198,-1.39091
0.60419,-1.39070
0.60630,-1.39049
0.60818,-1.39029
0.60978,-1.39012
0.61108,-1.38998
0.61212,-1.38986
0.61295,-1.38977
0.61361,-1.38969
0.61414,-1.38963
0.61458,-1.38958
0.61495,-1.38954
0.61526,-1.38950
0.61552,-1.38947
0.61575,-1.38944
0.61595,-1.38942
0.61613,-1.38939
0.61629,-1.38938
0.61643,-1.38936
0.61655,-1.38934
0.61667,-1.38933
0.61678,-1.38932
0.58746,-1.39204
0.58752,-1.39204
0.58759,-1.39203
0.58768,-1.39203
0.58779,-1.39202
0.58794,-1.39201
0.58814,-1.39200
0.58841,-1.39198
0.58878,-1.39196
0.58930,-1.39192
0.58998,-1.39188
0.59087,-1.39181
0.59198,-1.39173
0.59329,-1.39164
0.59480,-1.39152
0.59650,-1.39138
0.59838,-1.39123
0.60041,-1.39105
0.60254,-1.39085
0.60468,-1.39065
0.60670,-1.39044
0.60850,-1.39026
0.61003,-1.39009
0.61127,-1.38996
0.61226,-1.38985
0.61305,-1.38976
0.61369,-1.38968
0.61420,-1.38962
0.61463,-1.38957
0.61498,-1.38953
0.61529,-1.38950
0.61555,-1.38946
0.61577,-1.38944
0.61597,-1.38941
0.61614,-1.38939
0.61629,-1.38938
0.61642,-1.38936
0.61654,-1.38934
0.61664,-1.38933
0.61674,-1.38932
