-0.61870,1.36121
-0.61869,1.36121
-0.61869,1.36121
-0.61869,1.36121
-0.61869,1.36121
-0.61868,1.36121
-0.61868,1.36121
-0.61867,1.36121
-0.61867,1.36121
-0.61866,1.36121
-0.61865,1.36121
-0.61863,1.36120
-0.61862,1.36120
-0.61860,1.36120
-0.61857,1.36120
-0.61854,1.36120
-0.61849,1.36120
-0.61844,1.36120
-0.61838,1.36120
-0.61832,1.36120
-0.61825,1.36120
-0.61818,1.36120
-0.61811,1.36120
-0.61804,1.36119
-0.61798,1.36119
-0.61791,1.36119
-0.61786,1.36119
-0.61782,1.36119
-0.61779,1.36119
-0.61776,1.36119
-0.61775,1.36119
-0.61774,1.36119
-0.61773,1.36119
-0.61772,1.36119
-0.61771,1.36119
-0.61771,1.36119
-0.61771,1.36119
-0.61770,1.36119
-0.61770,1.36119
-0.61770,1.36119
-0.61870,1.36121
-0.61870,1.36121
-0.61869,1.36121
-0.61869,1.36121
-0.61869,1.36121
-0.61868,1.36121
-0.61868,1.36121
-0.61867,1.36121
-0.61867,1.36121
-0.61866,1.36121
-0.61865,1.36121
-0.61863,1.36120
-0.61862,1.36120
-0.61860,1.36120
-0.61857,1.36120
-0.61854,1.36120
-0.61849,1.36120
-0.61844,1.36120
-0.61838,1.36120
-0.61831,1.36120
-0.61824,1.36120
-0.61817,1.36120
-0.61810,1.36120
-0.61802,1.36119
-0.61796,1.36119
-0.61789,1.36119
-0.61784,1.36119
-0.61781,1.36119
-0.61778,1.36119
-0.61776,1.36119
-0.61774,1.36119
-0.61773,1.36119
-0.61772,1.36119
-0.61772,1.36119
-0.61771,1.36119
-0.61771,1.36119
-0.61770,1.36119
-0.61770,1.36119
-0.61769,1.36119
-0.61769,1.36119
-0.61870,1.36121
-0.61870,1.36121
-0.61869,1.36121
-0.61869,1.36121
-0.61869,1.36121
-0.61868,1.36121
-0.61868,1.36121
-0.61867,1.36121
-0.61867,1.36121
-0.61866,1.36121
-0.61865,1.36121
-0.61863,1.36120
-0.61862,1.36120
-0.61860,1.36120
-0.61857,1.36120
-0.61853,1.36120
-0.61849,1.36120
-0.61843,1.36120
-0.61837,1.36120
-0.61830,1.36120
-0.61823,1.36120
-0.61815,1.36120
-0.61808,1.36120
-0.61800,1.36119
-0.61793,1.36119
-0.61788,1.36119
-0.61783,1.36119
-0.61779,1.36119
-0.61777,1.36119
-0.61775,1.36119
-0.61774,1.36119
-0.61773,1.36119
-0.61772,1.36119
-0.61771,1.36119
-0.61771,1.36119
-0.61770,1.36119
-0.61770,1.36119
-0.61769,1.36119
-0.61769,1.36119
-0.61769,1.36119
-0.61871,1.36121
-0.61870,1.36121
-0.61870,1.36121
-0.61869,1.36121
-0.61869,1.36121
-0.61869,1.36121
-0.61868,1.36121
-0.61867,1.36121
-0.61867,1.36121
-0.61866,1.36121
-0.61865,1.36121
-0.61863,1.36120
-0.61862,1.36120
-0.61860,1.36120
-0.61857,1.36120
-0.61853,1.36120
-0.61848,1.36120
-0.61843,1.36120
-0.61836,1.36120
-0.61829,1.36120
-0.61821,1.36120
-0.61813,1.36120
-0.61805,1.36119
-0.61798,1.36119
-0.61791,1.36119
-0.61786,1.36119
-0.61782,1.36119
-0.61778,1.36119
-0.61776,1.36119
-0.61774,1.36119
-0.61773,1.36119
-0.61772,1.36119
-0.61771,1.36119
-0.61771,1.36119
-0.61770,1.36119
-0.61770,1.36119
-0.61769,1.36119
-0.61769,1.36119
-0.61769,1.36119
-0.61768,1.36119
-0.61870,1.36121
-0.61871,1.36121
-0.61871,1.36121
-0.61870,1.36121
-0.61870,1.36121
-0.61869,1.36121
-0.61868,1.36121
-0.61868,1.36121
-0.61867,1.36121
-0.61866,1.36121
-0.61865,1.36121
-0.61864,1.36120
-0.61862,1.36120
-0.61860,1.36120
-0.61857,1.36120
-0.61853,1.36120
-0.61848,1.36120
-0.61842,1.36120
-0.61835,1.36120
-0.61827,1.36120
-0.61819,1.36120
-0.61811,1.36120
-0.61803,1.36119
-0.61796,1.36119
-0.61789,1.36119
-0.61784,1.36119
-0.61780,1.36119
-0.61777,1.36119
-0.61775,1.36119
-0.61774,1.36119
-0.61772,1.36119
-0.61772,1.36119
-0.61771,1.36119
-0.61770,1.36119
-0.61770,1.36119
-0.61769,1.36119
-0.61769,1.36119
-0.61769,1.36119
-0.61768,1.36119
-0.61768,1.36119
0.58655,-1.39210
0.58621,-1.39212
0.58507,-1.39219
-0.61869,1.36121
-0.61870,1.36121
-0.61870,1.36121
-0.61869,1.36121
-0.61868,1.36121
-0.61867,1.36121
-0.61866,1.36121
-0.61865,1.36121
-0.61864,1.36120
-0.61862,1.36120
-0.61859,1.36120
-0.61856,1.36120
-0.61852,1.36120
-0.61847,1.36120
-0.61841,1.36120
-0.61834,1.36120
-0.61825,1.36120
-0.61817,1.36120
-0.61809,1.36120
-0.61800,1.36119
-0.61793,1.36119
-0.61787,1.36119
-0.61782,1.36119
-0.61779,1.36119
-0.61776,1.36119
-0.61774,1.36119
-0.61773,1.36119
-0.61772,1.36119
-0.61771,1.36119
-0.61770,1.36119
-0.61770,1.36119
-0.61769,1.36119
-0.61769,1.36119
-0.61768,1.36119
-0.61768,1.36119
-0.61768,1.36119
-0.61768,1.36119
0.58684,-1.39208
0.58677,-1.39209
0.58666,-1.39209
0.58649,-1.39210
0.58620,-1.39212
0.58550,-1.39216
-0.61861,1.36120
-0.61867,1.36121
-0.61867,1.36121
-0.61866,1.36121
-0.61865,1.36121
-0.61863,1.36120
-0.61861,1.36120
-0.61859,1.36120
-0.61856,1.36120
-0.61851,1.36120
-0.61846,1.36120
-0.61839,1.36120
-0.61831,1.36120
-0.61823,1.36120
-0.61814,1.36120
-0.61806,1.36119
-0.61798,1.36119
-0.61791,1.36119
-0.61785,1.36119
-0.61781,1.36119
-0.61778,1.36119
-0.61775,1.36119
-0.61773,1.36119
-0.61772,1.36119
-0.61771,1.36119
-0.61770,1.36119
-0.61770,1.36119
-0.61769,1.36119
-0.61769,1.36119
-0.61768,1.36119
-0.61768,1.36119
-0.61768,1.36119
-0.61767,1.36119
-0.61767,1.36119
0.58693,-1.39208
0.58690,-1.39208
0.58685,-1.39208
0.58680,-1.39208
0.58672,-1.39209
0.58662,-1.39210
0.58648,-1.39210
0.58627,-1.39212
0.58593,-1.39214
0.58518,-1.39218
-0.61848,1.36120
-0.61859,1.36120
-0.61859,1.36120
-0.61857,1.36120
-0.61854,1.36120
-0.61849,1.36120
-0.61843,1.36120
-0.61836,1.36120
-0.61828,1.36120
-0.61819,1.36120
-0.61811,1.36120
-0.61802,1.36119
-0.61795,1.36119
-0.61788,1.36119
-0.61783,1.36119
-0.61779,1.36119
-0.61776,1.36119
-0.61774,1.36119
-0.61772,1.36119
-0.61771,1.36119
-0.61770,1.36119
-0.61770,1.36119
-0.61769,1.36119
-0.61768,1.36119
-0.61768,1.36119
-0.61768,1.36119
-0.61767,1.36119
-0.61767,1.36119
-0.61767,1.36119
-0.61767,1.36119
0.58696,-1.39207
0.58695,-1.39208
0.58693,-1.39208
0.58690,-1.39208
0.58686,-1.39208
0.58681,-1.39208
0.58676,-1.39209
0.58668,-1.39209
0.58659,-1.39210
0.58648,-1.39210
0.58633,-1.39211
0.58614,-1.39213
0.58588,-1.39214
0.58551,-1.39216
0.58487,-1.39220
0.58285,-1.39231
-0.61829,1.36120
-0.61827,1.36120
-0.61821,1.36120
-0.61814,1.36120
-0.61806,1.36119
-0.61798,1.36119
-0.61792,1.36119
-0.61786,1.36119
-0.61781,1.36119
-0.61778,1.36119
-0.61775,1.36119
-0.61773,1.36119
-0.61771,1.36119
-0.61770,1.36119
-0.61769,1.36119
-0.61769,1.36119
-0.61768,1.36119
-0.61768,1.36119
-0.61767,1.36119
-0.61767,1.36119
-0.61767,1.36119
-0.61767,1.36119
-0.61767,1.36119
-0.61766,1.36119
0.58697,-1.39207
0.58696,-1.39207
0.58695,-1.39207
0.58694,-1.39208
0.58692,-1.39208
0.58689,-1.39208
0.58686,-1.39208
0.58682,-1.39208
0.58677,-1.39209
0.58670,-1.39209
0.58663,-1.39210
0.58653,-1.39210
0.58642,-1.39211
0.58628,-1.39212
0.58611,-1.39213
0.58589,-1.39214
0.58560,-1.39216
0.58516,-1.39218
0.58437,-1.39223
0.58142,-1.39239
-0.61801,1.36119
-0.61795,1.36119
-0.61789,1.36119
-0.61784,1.36119
-0.61780,1.36119
-0.61776,1.36119
-0.61774,1.36119
-0.61772,1.36119
-0.61770,1.36119
-0.61769,1.36119
-0.61769,1.36119
-0.61768,1.36119
-0.61768,1.36119
-0.61767,1.36119
-0.61767,1.36119
-0.61767,1.36119
-0.61766,1.36119
-0.61766,1.36119
-0.61766,1.36119
-0.61766,1.36119
0.58697,-1.39207
0.58697,-1.39207
0.58696,-1.39207
0.58696,-1.39207
0.58694,-1.39208
0.58693,-1.39208
0.58691,-1.39208
0.58688,-1.39208
0.58684,-1.39208
0.58680,-1.39208
0.58675,-1.39209
0.58668,-1.39209
0.58660,-1.39210
0.58650,-1.39210
0.58638,-1.39211
0.58623,-1.39212
0.58604,-1.39213
0.58579,-1.39215
0.58546,-1.39217
0.58498,-1.39219
0.58416,-1.39224
0.58152,-1.39238
-0.61789,1.36119
-0.61782,1.36119
-0.61778,1.36119
-0.61774,1.36119
-0.61772,1.36119
-0.61770,1.36119
-0.61769,1.36119
-0.61768,1.36119
-0.61768,1.36119
-0.61767,1.36119
-0.61767,1.36119
-0.61767,1.36119
-0.61766,1.36119
-0.61766,1.36119
-0.61766,1.36119
-0.61766,1.36119
-0.61766,1.36119
-0.61766,1.36119
0.58697,-1.39207
0.58697,-1.39207
0.58697,-1.39207
0.58696,-1.39207
0.58696,-1.39207
0.58695,-1.39208
0.58693,-1.39208
0.58691,-1.39208
0.58689,-1.39208
0.58685,-1.39208
0.58681,-1.39208
0.58676,-1.39209
0.58670,-1.39209
0.58661,-1.39210
0.58651,-1.39210
0.58639,-1.39211
0.58623,-1.39212
0.58603,-1.39213
0.58578,-1.39215
0.58545,-1.39217
0.58500,-1.39219
0.58431,-1.39223
0.58271,-1.39232
-0.61784,1.36119
-0.61776,1.36119
-0.61772,1.36119
-0.61770,1.36119
-0.61769,1.36119
-0.61768,1.36119
-0.61767,1.36119
-0.61767,1.36119
-0.61766,1.36119
-0.61766,1.36119
-0.61766,1.36119
-0.61766,1.36119
-0.61766,1.36119
-0.61765,1.36119
-0.61765,1.36119
-0.61765,1.36119
-0.61765,1.36119
0.58698,-1.39207
0.58697,-1.39207
0.58697,-1.39207
0.58697,-1.39207
0.58696,-1.39207
0.58696,-1.39207
0.58695,-1.39208
0.58693,-1.39208
0.58691,-1.39208
0.58688,-1.39208
0.58685,-1.39208
0.58681,-1.39208
0.58675,-1.39209
0.58668,-1.39209
0.58659,-1.39210
0.58648,-1.39210
0.58634,-1.39211
0.58616,-1.39212
0.58594,-1.39214
0.58567,-1.39215
0.58531,-1.39217
0.58484,-1.39220
0.58407,-1.39225
0.58204,-1.39236
-0.61774,1.36119
-0.61770,1.36119
-0.61768,1.36119
-0.61767,1.36119
-0.61766,1.36119
-0.61766,1.36119
-0.61766,1.36119
-0.61765,1.36119
-0.61765,1.36119
-0.61765,1.36119
-0.61765,1.36119
-0.61765,1.36119
-0.61765,1.36119
-0.61765,1.36119
-0.61765,1.36119
-0.61765,1.36119
0.58698,-1.39207
0.58698,-1.39207
0.58697,-1.39207
0.58697,-1.39207
0.58697,-1.39207
0.58696,-1.39207
0.58696,-1.39207
0.58694,-1.39208
0.58693,-1.39208
0.58691,-1.39208
0.58688,-1.39208
0.58684,-1.39208
0.58679,-1.39208
0.58673,-1.39209
0.58665,-1.39209
0.58655,-1.39210
0.58642,-1.39211
0.58625,-1.39212
0.58605,-1.39213
0.58580,-1.39215
0.58548,-1.39216
0.58508,-1.39219
0.58449,-1.39222
0.58336,-1.39229
-0.61769,1.36119
-0.61766,1.36119
-0.61766,1.36119
-0.61765,1.36119
-0.61765,1.36119
-0.61765,1.36119
-0.61764,1.36119
-0.61764,1.36119
-0.61764,1.36119
-0.61764,1.36119
-0.61764,1.36119
-0.61764,1.36119
-0.61764,1.36119
-0.61764,1.36119
-0.61764,1.36119
-0.61764,1.36119
0.58698,-1.39207
0.58698,-1.39207
0.58698,-1.39207
0.58697,-1.39207
0.58697,-1.39207
0.58697,-1.39207
0.58696,-1.39207
0.58695,-1.39207
0.58694,-1.39208
0.58692,-1.39208
0.58690,-1.39208
0.58687,-1.39208
0.58682,-1.39208
0.58677,-1.39209
0.58670,-1.39209
0.58660,-1.39210
0.58648,-1.39210
0.58632,-1.39211
0.58613,-1.39213
0.58589,-1.39214
0.58559,-1.39216
0.58521,-1.39218
0.58467,-1.39221
0.58370,-1.39227
0.57703,-1.39259
-0.61759,1.36119
-0.61761,1.36119
-0.61762,1.36119
-0.61762,1.36119
-0.61762,1.36119
-0.61763,1.36119
-0.61763,1.36119
-0.61763,1.36119
-0.61763,1.36119
-0.61763,1.36119
-0.61763,1.36119
-0.61763,1.36119
-0.61763,1.36119
-0.61763,1.36119
-0.61763,1.36119
0.58698,-1.39207
0.58698,-1.39207
0.58698,-1.39207
0.58698,-1.39207
0.58697,-1.39207
0.58697,-1.39207
0.58697,-1.39207
0.58696,-1.39207
0.58695,-1.39207
0.58694,-1.39208
0.58692,-1.39208
0.58689,-1.39208
0.58685,-1.39208
0.58680,-1.39208
0.58673,-1.39209
0.58665,-1.39209
0.58653,-1.39210
0.58638,-1.39211
0.58619,-1.39212
0.58595,-1.39214
0.58566,-1.39215
0.58528,-1.39218
0.58473,-1.39221
0.58366,-1.39227
-0.61697,1.36117
-0.61742,1.36118
-0.61751,1.36118
-0.61755,1.36119
-0.61757,1.36119
-0.61759,1.36119
-0.61760,1.36119
-0.61760,1.36119
-0.61761,1.36119
-0.61761,1.36119
-0.61762,1.36119
-0.61762,1.36119
-0.61762,1.36119
-0.61762,1.36119
-0.61762,1.36119
-0.61763,1.36119
0.58698,-1.39207
0.58698,-1.39207
0.58698,-1.39207
0.58698,-1.39207
0.58698,-1.39207
0.58697,-1.39207
0.58697,-1.39207
0.58697,-1.39207
0.58696,-1.39207
0.58695,-1.39207
0.58693,-1.39208
0.58691,-1.39208
0.58688,-1.39208
0.58683,-1.39208
0.58677,-1.39209
0.58669,-1.39209
0.58658,-1.39210
0.58644,-1.39211
0.58625,-1.39212
0.58601,-1.39213
0.58570,-1.39215
0.58529,-1.39218
0.58465,-1.39221
0.58296,-1.39231
-0.61695,1.36117
-0.61722,1.36118
-0.61735,1.36118
-0.61743,1.36118
-0.61749,1.36118
-0.61753,1.36119
-0.61755,1.36119
-0.61757,1.36119
-0.61758,1.36119
-0.61759,1.36119
-0.61760,1.36119
-0.61760,1.36119
-0.61761,1.36119
-0.61761,1.36119
-0.61761,1.36119
-0.61762,1.36119
0.58698,-1.39207
0.58698,-1.39207
0.58698,-1.39207
0.58698,-1.39207
0.58698,-1.39207
0.58698,-1.39207
0.58697,-1.39207
0.58697,-1.39207
0.58697,-1.39207
0.58696,-1.39207
0.58695,-1.39208
0.58693,-1.39208
0.58690,-1.39208
0.58686,-1.39208
0.58680,-1.39208
0.58673,-1.39209
0.58663,-1.39209
0.58649,-1.39210
0.58631,-1.39211
0.58606,-1.39213
0.58572,-1.39215
0.58523,-1.39218
0.58425,-1.39224
-0.61636,1.36116
-0.61688,1.36117
-0.61708,1.36118
-0.61721,1.36118
-0.61731,1.36118
-0.61738,1.36118
-0.61744,1.36118
-0.61748,1.36118
-0.61751,1.36119
-0.61754,1.36119
-0.61755,1.36119
-0.61757,1.36119
-0.61758,1.36119
-0.61759,1.36119
-0.61759,1.36119
-0.61760,1.36119
-0.61760,1.36119
0.58698,-1.39207
0.58698,-1.39207
0.58698,-1.39207
0.58698,-1.39207
0.58698,-1.39207
0.58698,-1.39207
0.58698,-1.39207
0.58697,-1.39207
0.58697,-1.39207
0.58697,-1.39207
0.58696,-1.39207
0.58694,-1.39208
0.58692,-1.39208
0.58688,-1.39208
0.58684,-1.39208
0.58677,-1.39209
0.58668,-1.39209
0.58654,-1.39210
0.58636,-1.39211
0.58609,-1.39213
0.58569,-1.39215
0.58492,-1.39220
-0.61566,1.36115
-0.61655,1.36117
-0.61682,1.36117
-0.61698,1.36117
-0.61710,1.36118
-0.61720,1.36118
-0.61728,1.36118
-0.61735,1.36118
-0.61740,1.36118
-0.61745,1.36118
-0.61748,1.36118
-0.61751,1.36118
-0.61753,1.36119
-0.61755,1.36119
-0.61756,1.36119
-0.61757,1.36119
-0.61758,1.36119
-0.61758,1.36119
0.58698,-1.39207
0.58698,-1.39207
0.58698,-1.39207
0.58698,-1.39207
0.58698,-1.39207
0.58698,-1.39207
0.58698,-1.39207
0.58698,-1.39207
0.58697,-1.39207
0.58697,-1.39207
0.58697,-1.39207
0.58695,-1.39207
0.58694,-1.39208
0.58691,-1.39208
0.58686,-1.39208
0.58680,-1.39208
0.58672,-1.39209
0.58659,-1.39210
0.58641,-1.39211
0.58610,-1.39213
0.58539,-1.39217
-0.61467,1.36113
-0.61606,1.36116
-0.61651,1.36117
-0.61675,1.36117
-0.61691,1.36117
-0.61702,1.36118
-0.61712,1.36118
-0.61720,1.36118
-0.61727,1.36118
-0.61733,1.36118
-0.61738,1.36118
-0.61742,1.36118
-0.61745,1.36118
-0.61748,1.36118
-0.61751,1.36118
-0.61753,1.36119
-0.61754,1.36119
-0.61755,1.36119
-0.61756,1.36119
0.58698,-1.39207
0.58698,-1.39207
0.58698,-1.39207
0.58698,-1.39207
0.58698,-1.39207
0.58698,-1.39207
0.58698,-1.39207
0.58698,-1.39207
0.58698,-1.39207
0.58697,-1.39207
0.58697,-1.39207
0.58696,-1.39207
0.58695,-1.39207
0.58693,-1.39208
0.58689,-1.39208
0.58684,-1.39208
0.58675,-1.39209
0.58663,-1.39209
0.58641,-1.39211
-0.57188,1.35889
-0.60977,1.36100
-0.61480,1.36113
-0.61596,1.36115
-0.61642,1.36116
-0.61667,1.36117
-0.61684,1.36117
-0.61696,1.36117
-0.61705,1.36118
-0.61713,1.36118
-0.61720,1.36118
-0.61726,1.36118
-0.61731,1.36118
-0.61736,1.36118
-0.61740,1.36118
-0.61743,1.36118
-0.61746,1.36118
-0.61749,1.36118
-0.61751,1.36118
-0.61753,1.36119
-0.61754,1.36119
0.58698,-1.39207
0.58698,-1.39207
0.58698,-1.39207
0.58698,-1.39207
0.58698,-1.39207
0.58698,-1.39207
0.58698,-1.39207
0.58698,-1.39207
0.58698,-1.39207
0.58698,-1.39207
0.58698,-1.39207
0.58697,-1.39207
0.58696,-1.39207
0.58695,-1.39208
0.58692,-1.39208
0.58686,-1.39208
0.58677,-1.39209
0.58653,-1.39210
-0.56870,1.35862
-0.59426,1.36037
-0.60936,1.36099
-0.61434,1.36112
-0.61575,1.36115
-0.61630,1.36116
-0.61659,1.36117
-0.61677,1.36117
-0.61689,1.36117
-0.61699,1.36118
-0.61707,1.36118
-0.61714,1.36118
-0.61720,1.36118
-0.61725,1.36118
-0.61730,1.36118
-0.61734,1.36118
-0.61738,1.36118
-0.61742,1.36118
-0.61745,1.36118
-0.61747,1.36118
-0.61749,1.36118
-0.61751,1.36118
0.58698,-1.39207
0.58698,-1.39207
0.58698,-1.39207
0.58698,-1.39207
0.58698,-1.39207
0.58698,-1.39207
0.58698,-1.39207
0.58698,-1.39207
0.58698,-1.39207
0.58698,-1.39207
0.58698,-1.39207
0.58698,-1.39207
0.58697,-1.39207
0.58696,-1.39207
0.58694,-1.39208
0.58688,-1.39208
-0.49914,1.34965
-0.55883,1.35771
-0.57762,1.35933
-0.59424,1.36037
-0.60759,1.36093
-0.61358,1.36110
-0.61545,1.36114
-0.61614,1.36116
-0.61649,1.36117
-0.61669,1.36117
-0.61683,1.36117
-0.61694,1.36117
-0.61702,1.36118
-0.61709,1.36118
-0.61715,1.36118
-0.61720,1.36118
-0.61725,1.36118
-0.61730,1.36118
-0.61734,1.36118
-0.61737,1.36118
-0.61741,1.36118
-0.61743,1.36118
-0.61746,1.36118
-0.61748,1.36118
0.58698,-1.39207
0.58698,-1.39207
0.58698,-1.39207
0.58698,-1.39207
0.58698,-1.39207
0.58698,-1.39207
0.58698,-1.39207
0.58698,-1.39207
0.58698,-1.39207
0.58698,-1.39207
0.58698,-1.39207
0.58698,-1.39207
0.58698,-1.39207
0.58697,-1.39207
0.58696,-1.39207
-0.46928,1.34403
-0.54748,1.35652
-0.56446,1.35825
-0.57811,1.35937
-0.59204,1.36025
-0.60504,1.36084
-0.61244,1.36107
-0.61502,1.36113
-0.61595,1.36115
-0.61637,1.36116
-0.61661,1.36117
-0.61677,1.36117
-0.61688,1.36117
-0.61697,1.36117
-0.61704,1.36118
-0.61710,1.36118
-0.61716,1.36118
-0.61721,1.36118
-0.61725,1.36118
-0.61729,1.36118
-0.61733,1.36118
-0.61737,1.36118
-0.61740,1.36118
-0.61743,1.36118
-0.61745,1.36118
0.58698,-1.39207
0.58698,-1.39207
0.58698,-1.39207
0.58698,-1.39207
0.58698,-1.39207
0.58698,-1.39207
0.58698,-1.39207
0.58698,-1.39207
0.58698,-1.39207
0.58698,-1.39207
0.58698,-1.39207
0.58698,-1.39207
0.58698,-1.39207
0.58698,-1.39207
0.58697,-1.39207
-0.52784,1.35407
-0.55076,1.35688
-0.56428,1.35823
-0.57622,1.35923
-0.58883,1.36007
-0.60173,1.36072
-0.61077,1.36103
-0.61442,1.36112
-0.61569,1.36115
-0.61623,1.36116
-0.61652,1.36117
-0.61670,1.36117
-0.61683,1.36117
-0.61692,1.36117
-0.61700,1.36118
-0.61706,1.36118
-0.61712,1.36118
-0.61717,1.36118
-0.61721,1.36118
-0.61725,1.36118
-0.61729,1.36118
-0.61733,1.36118
-0.61736,1.36118
-0.61739,1.36118
-0.61742,1.36118
0.58698,-1.39207
0.58698,-1.39207
0.58698,-1.39207
0.58698,-1.39207
0.58698,-1.39207
0.58698,-1.39207
0.58698,-1.39207
0.58698,-1.39207
0.58698,-1.39207
0.58698,-1.39207
0.58698,-1.39207
0.58698,-1.39207
0.58698,-1.39207
0.58699,-1.39207
0.58702,-1.39207
-0.52498,1.35367
-0.54787,1.35656
-0.56126,1.35795
-0.57274,1.35896
-0.58467,1.35982
-0.59752,1.36053
-0.60827,1.36095
-0.61350,1.36110
-0.61533,1.36114
-0.61605,1.36116
-0.61641,1.36116
-0.61662,1.36117
-0.61677,1.36117
-0.61687,1.36117
-0.61695,1.36117
-0.61702,1.36118
-0.61708,1.36118
-0.61713,1.36118
-0.61718,1.36118
-0.61722,1.36118
-0.61726,1.36118
-0.61729,1.36118
-0.61733,1.36118
-0.61736,1.36118
-0.61739,1.36118
0.58698,-1.39207
0.58698,-1.39207
0.58698,-1.39207
0.58698,-1.39207
0.58698,-1.39207
0.58698,-1.39207
0.58698,-1.39207
0.58698,-1.39207
0.58698,-1.39207
0.58699,-1.39207
0.58699,-1.39207
0.58699,-1.39207
0.58699,-1.39207
0.58700,-1.39207
0.58704,-1.39207
-0.49782,1.34942
-0.53906,1.35553
-0.55522,1.35735
-0.56737,1.35851
-0.57919,1.35945
-0.59202,1.36025
-0.60438,1.36082
-0.61192,1.36106
-0.61476,1.36113
-0.61580,1.36115
-0.61627,1.36116
-0.61653,1.36117
-0.61670,1.36117
-0.61682,1.36117
-0.61691,1.36117
-0.61698,1.36117
-0.61704,1.36118
-0.61709,1.36118
-0.61714,1.36118
-0.61718,1.36118
-0.61722,1.36118
-0.61726,1.36118
-0.61729,1.36118
-0.61733,1.36118
-0.61736,1.36118
0.58698,-1.39207
0.58698,-1.39207
0.58698,-1.39207
0.58698,-1.39207
0.58698,-1.39207
0.58699,-1.39207
0.58699,-1.39207
0.58699,-1.39207
0.58699,-1.39207
0.58699,-1.39207
0.58699,-1.39207
0.58699,-1.39207
0.58700,-1.39207
0.58701,-1.39207
0.58705,-1.39207
0.58719,-1.39206
-0.51329,1.35195
-0.54348,1.35606
-0.55878,1.35771
-0.57144,1.35885
-0.58442,1.35980
-0.59807,1.36056
-0.60881,1.36097
-0.61368,1.36110
-0.61537,1.36114
-0.61605,1.36116
-0.61640,1.36116
-0.61661,1.36117
-0.61675,1.36117
-0.61685,1.36117
-0.61693,1.36117
-0.61700,1.36118
-0.61706,1.36118
-0.61711,1.36118
-0.61715,1.36118
-0.61719,1.36118
-0.61723,1.36118
-0.61726,1.36118
-0.61730,1.36118
-0.61733,1.36118
0.58698,-1.39207
0.58699,-1.39207
0.58699,-1.39207
0.58699,-1.39207
0.58699,-1.39207
0.58699,-1.39207
0.58699,-1.39207
0.58699,-1.39207
0.58699,-1.39207
0.58699,-1.39207
0.58699,-1.39207
0.58700,-1.39207
0.58701,-1.39207
0.58703,-1.39207
0.58707,-1.39207
0.58713,-1.39206
0.58724,-1.39206
-0.50667,1.35090
-0.54194,1.35587
-0.55891,1.35772
-0.57307,1.35898
-0.58759,1.36000
-0.60181,1.36072
-0.61096,1.36103
-0.61443,1.36112
-0.61565,1.36115
-0.61618,1.36116
-0.61647,1.36116
-0.61665,1.36117
-0.61678,1.36117
-0.61687,1.36117
-0.61695,1.36117
-0.61701,1.36118
-0.61707,1.36118
-0.61711,1.36118
-0.61716,1.36118
-0.61720,1.36118
-0.61723,1.36118
-0.61727,1.36118
-0.61730,1.36118
0.58699,-1.39207
0.58699,-1.39207
0.58699,-1.39207
0.58699,-1.39207
0.58699,-1.39207
0.58699,-1.39207
0.58699,-1.39207
0.58699,-1.39207
0.58699,-1.39207
0.58700,-1.39207
0.58700,-1.39207
0.58701,-1.39207
0.58702,-1.39207
0.58705,-1.39207
0.58708,-1.39207
0.58713,-1.39206
0.58718,-1.39206
0.58725,-1.39206
0.58762,-1.39203
-0.52767,1.35404
-0.55193,1.35701
-0.56913,1.35866
-0.58583,1.35989
-0.60163,1.36071
-0.61116,1.36104
-0.61452,1.36112
-0.61568,1.36115
-0.61619,1.36116
-0.61647,1.36116
-0.61665,1.36117
-0.61678,1.36117
-0.61687,1.36117
-0.61695,1.36117
-0.61702,1.36118
-0.61707,1.36118
-0.61712,1.36118
-0.61716,1.36118
-0.61720,1.36118
-0.61724,1.36118
-0.61727,1.36118
0.58699,-1.39207
0.58699,-1.39207
0.58699,-1.39207
0.58699,-1.39207
0.58699,-1.39207
0.58699,-1.39207
0.58699,-1.39207
0.58699,-1.39207
0.58700,-1.39207
0.58700,-1.39207
0.58701,-1.39207
0.58702,-1.39207
0.58704,-1.39207
0.58706,-1.39207
0.58710,-1.39207
0.58714,-1.39206
0.58720,-1.39206
0.58725,-1.39206
0.58731,-1.39205
0.58735,-1.39205
0.58741,-1.39205
-0.50294,1.35029
-0.54493,1.35623
-0.56866,1.35862
-0.59031,1.36016
-0.60691,1.36091
-0.61345,1.36110
-0.61534,1.36114
-0.61604,1.36116
-0.61639,1.36116
-0.61660,1.36117
-0.61674,1.36117
-0.61685,1.36117
-0.61693,1.36117
-0.61700,1.36118
-0.61706,1.36118
-0.61711,1.36118
-0.61716,1.36118
-0.61720,1.36118
-0.61724,1.36118
0.58699,-1.39207
0.58699,-1.39207
0.58699,-1.39207
0.58699,-1.39207
0.58699,-1.39207
0.58699,-1.39207
0.58699,-1.39207
0.58700,-1.39207
0.58700,-1.39207
0.58701,-1.39207
0.58702,-1.39207
0.58703,-1.39207
0.58705,-1.39207
0.58708,-1.39207
0.58712,-1.39206
0.58716,-1.39206
0.58722,-1.39206
0.58729,-1.39205
0.58735,-1.39205
0.58743,-1.39204
0.58749,-1.39204
0.58756,-1.39204
0.58761,-1.39203
0.58765,-1.39203
0.58763,-1.39203
-0.38839,1.32379
-0.56082,1.35791
-0.59902,1.36060
-0.61283,1.36108
-0.61537,1.36114
-0.61611,1.36116
-0.61645,1.36116
-0.61664,1.36117
-0.61678,1.36117
-0.61688,1.36117
-0.61697,1.36117
-0.61703,1.36118
-0.61709,1.36118
-0.61714,1.36118
-0.61719,1.36118
0.58699,-1.39207
0.58699,-1.39207
0.58699,-1.39207
0.58699,-1.39207
0.58699,-1.39207
0.58700,-1.39207
0.58700,-1.39207
0.58700,-1.39207
0.58701,-1.39207
0.58702,-1.39207
0.58703,-1.39207
0.58704,-1.39207
0.58707,-1.39207
0.58710,-1.39207
0.58714,-1.39206
0.58719,-1.39206
0.58725,-1.39206
0.58733,-1.39205
0.58741,-1.39205
0.58750,-1.39204
0.58759,-1.39203
0.58769,-1.39203
0.58778,-1.39202
0.58786,-1.39202
0.58793,-1.39201
0.58798,-1.39201
0.58801,-1.39201
0.58802,-1.39201
0.58797,-1.39201
0.58771,-1.39203
-0.59973,1.36063
-0.61452,1.36112
-0.61597,1.36115
-0.61642,1.36116
-0.61664,1.36117
-0.61679,1.36117
-0.61689,1.36117
-0.61698,1.36117
-0.61705,1.36118
-0.61712,1.36118
0.58699,-1.39207
0.58699,-1.39207
0.58699,-1.39207
0.58699,-1.39207
0.58700,-1.39207
0.58700,-1.39207
0.58700,-1.39207
0.58701,-1.39207
0.58701,-1.39207
0.58702,-1.39207
0.58704,-1.39207
0.58706,-1.39207
0.58708,-1.39207
0.58712,-1.39206
0.58716,-1.39206
0.58722,-1.39206
0.58729,-1.39205
0.58737,-1.39205
0.58746,-1.39204
0.58756,-1.39204
0.58766,-1.39203
0.58776,-1.39202
0.58786,-1.39202
0.58794,-1.39201
0.58800,-1.39201
0.58805,-1.39200
0.58809,-1.39200
0.58813,-1.39200
0.58815,-1.39200
0.58817,-1.39200
0.58817,-1.39200
0.58815,-1.39200
0.58791,-1.39201
-0.60458,1.36083
-0.61541,1.36114
-0.61629,1.36116
-0.61659,1.36117
-0.61677,1.36117
-0.61689,1.36117
-0.61698,1.36117
0.58699,-1.39207
0.58699,-1.39207
0.58699,-1.39207
0.58700,-1.39207
0.58700,-1.39207
0.58700,-1.39207
0.58701,-1.39207
0.58701,-1.39207
0.58702,-1.39207
0.58703,-1.39207
0.58705,-1.39207
0.58707,-1.39207
0.58710,-1.39207
0.58714,-1.39206
0.58719,-1.39206
0.58725,-1.39206
0.58732,-1.39205
0.58741,-1.39205
0.58750,-1.39204
0.58761,-1.39203
0.58771,-1.39203
0.58781,-1.39202
0.58790,-1.39201
0.58797,-1.39201
0.58803,-1.39201
0.58808,-1.39200
0.58812,-1.39200
0.58815,-1.39200
0.58818,-1.39200
0.58820,-1.39200
0.58821,-1.39199
0.58823,-1.39199
0.58823,-1.39199
0.58824,-1.39199
0.58821,-1.39199
0.58794,-1.39201
-0.61180,1.36106
-0.61596,1.36115
-0.61650,1.36117
-0.61672,1.36117
0.58699,-1.39207
0.58700,-1.39207
0.58700,-1.39207
0.58700,-1.39207
0.58700,-1.39207
0.58701,-1.39207
0.58701,-1.39207
0.58702,-1.39207
0.58703,-1.39207
0.58704,-1.39207
0.58706,-1.39207
0.58708,-1.39207
0.58712,-1.39206
0.58716,-1.39206
0.58721,-1.39206
0.58728,-1.39205
0.58736,-1.39205
0.58744,-1.39204
0.58754,-1.39204
0.58765,-1.39203
0.58775,-1.39202
0.58785,-1.39202
0.58793,-1.39201
0.58800,-1.39201
0.58805,-1.39200
0.58810,-1.39200
0.58813,-1.39200
0.58816,-1.39200
0.58818,-1.39200
0.58820,-1.39199
0.58822,-1.39199
0.58823,-1.39199
0.58824,-1.39199
0.58826,-1.39199
0.58826,-1.39199
0.58827,-1.39199
0.58827,-1.39199
0.58823,-1.39199
-0.41632,1.33159
-0.61487,1.36113
0.58700,-1.39207
0.58700,-1.39207
0.58700,-1.39207
0.58700,-1.39207
0.58701,-1.39207
0.58701,-1.39207
0.58702,-1.39207
0.58703,-1.39207
0.58704,-1.39207
0.58705,-1.39207
0.58707,-1.39207
0.58710,-1.39207
0.58714,-1.39206
0.58718,-1.39206
0.58724,-1.39206
0.58731,-1.39205
0.58739,-1.39205
0.58748,-1.39204
0.58758,-1.39204
0.58768,-1.39203
0.58778,-1.39202
0.58787,-1.39202
0.58795,-1.39201
0.58802,-1.39201
0.58807,-1.39200
0.58811,-1.39200
0.58814,-1.39200
0.58817,-1.39200
0.58819,-1.39200
0.58821,-1.39199
0.58822,-1.39199
0.58823,-1.39199
0.58825,-1.39199
0.58826,-1.39199
0.58826,-1.39199
0.58827,-1.39199
0.58828,-1.39199
0.58829,-1.39199
0.58829,-1.39199
0.58828,-1.39199
0.58700,-1.39207
0.58700,-1.39207
0.58700,-1.39207
0.58701,-1.39207
0.58701,-1.39207
0.58702,-1.39207
0.58702,-1.39207
0.58703,-1.39207
0.58704,-1.39207
0.58706,-1.39207
0.58708,-1.39207
0.58711,-1.39206
0.58716,-1.39206
0.58721,-1.39206
0.58727,-1.39205
0.58734,-1.39205
0.58742,-1.39205
0.58751,-1.39204
0.58761,-1.39203
0.58771,-1.39203
0.58780,-1.39202
0.58789,-1.39202
0.58797,-1.39201
0.58803,-1.39201
0.58808,-1.39200
0.58812,-1.39200
0.58815,-1.39200
0.58817,-1.39200
0.58819,-1.39200
0.58821,-1.39199
0.58822,-1.39199
0.58824,-1.39199
0.58825,-1.39199
0.58826,-1.39199
0.58826,-1.39199
0.58827,-1.39199
0.58828,-1.39199
0.58829,-1.39199
0.58829,-1.39199
0.58830,-1.39199
0.58700,-1.39207
0.58700,-1.39207
0.58701,-1.39207
0.58701,-1.39207
0.58701,-1.39207
0.58702,-1.39207
0.58703,-1.39207
0.58704,-1.39207
0.58705,-1.39207
0.58707,-1.39207
0.58710,-1.39207
0.58713,-1.39206
0.58718,-1.39206
0.58723,-1.39206
0.58729,-1.39205
0.58737,-1.39205
0.58745,-1.39204
0.58754,-1.39204
0.58763,-1.39203
0.58773,-1.39203
0.58782,-1.39202
0.58791,-1.39201
0.58798,-1.39201
0.58804,-1.39201
0.58808,-1.39200
0.58812,-1.39200
0.58815,-1.39200
0.58817,-1.39200
0.58819,-1.39200
0.58821,-1.39199
0.58822,-1.39199
0.58824,-1.39199
0.58825,-1.39199
0.58826,-1.39199
0.58826,-1.39199
0.58827,-1.39199
0.58828,-1.39199
0.58828,-1.39199
0.58829,-1.39199
0.58829,-1.39199
0.58700,-1.39207
0.58701,-1.39207
0.58701,-1.39207
0.58701,-1.39207
0.58702,-1.39207
0.58702,-1.39207
0.58703,-1.39207
0.58704,-1.39207
0.58706,-1.39207
0.58708,-1.39207
0.58711,-1.39206
0.58715,-1.39206
0.58720,-1.39206
0.58725,-1.39206
0.58732,-1.39205
0.58739,-1.39205
0.58748,-1.39204
0.58756,-1.39204
0.58766,-1.39203
0.58775,-1.39202
0.58784,-1.39202
0.58792,-1.39201
0.58799,-1.39201
0.58805,-1.39201
0.58809,-1.39200
0.58813,-1.39200
0.58815,-1.39200
0.58818,-1.39200
0.58820,-1.39200
0.58821,-1.39199
0.58823,-1.39199
0.58824,-1.39199
0.58825,-1.39199
0.58826,-1.39199
0.58826,-1.39199
0.58827,-1.39199
0.58828,-1.39199
0.58828,-1.39199
0.58829,-1.39199
0.58829,-1.39199
