-0.62205,1.36125
-0.62204,1.36125
-0.62203,1.36125
-0.62202,1.36125
-0.62201,1.36125
-0.62199,1.36125
-0.62198,1.36125
-0.62195,1.36125
-0.62193,1.36125
-0.62189,1.36125
-0.62185,1.36125
-0.62180,1.36125
-0.62173,1.36125
-0.62164,1.36125
-0.62153,1.36125
-0.62138,1.36125
-0.62121,1.36124
-0.62100,1.36124
-0.62075,1.36124
-0.62048,1.36123
-0.62020,1.36123
-0.61991,1.36123
-0.61962,1.36122
-0.61933,1.36122
-0.61904,1.36121
-0.61878,1.36121
-0.61856,1.36120
-0.61839,1.36120
-0.61826,1.36120
-0.61817,1.36120
-0.61810,1.36120
-0.61805,1.36119
-0.61801,1.36119
-0.61798,1.36119
-0.61796,1.36119
-0.61794,1.36119
-0.61792,1.36119
-0.61790,1.36119
-0.61789,1.36119
-0.61788,1.36119
-0.62206,1.36125
-0.62205,1.36125
-0.62204,1.36125
-0.62203,1.36125
-0.62201,1.36125
-0.62200,1.36125
-0.62198,1.36125
-0.62195,1.36125
-0.62193,1.36125
-0.62189,1.36125
-0.62185,1.36125
-0.62180,1.36125
-0.62173,1.36125
-0.62164,1.36125
-0.62152,1.36125
-0.62138,1.36125
-0.62120,1.36124
-0.62098,1.36124
-0.62072,1.36124
-0.62044,1.36123
-0.62015,1.36123
-0.61985,1.36122
-0.61954,1.36122
-0.61924,1.36121
-0.61896,1.36121
-0.61871,1.36121
-0.61850,1.36120
-0.61834,1.36120
-0.61822,1.36120
-0.61814,1.36120
-0.61808,1.36120
-0.61803,1.36119
-0.61799,1.36119
-0.61796,1.36119
-0.61794,1.36119
-0.61792,1.36119
-0.61790,1.36119
-0.61789,1.36119
-0.61788,1.36119
-0.61786,1.36119
-0.62208,1.36125
-0.62206,1.36125
-0.62205,1.36125
-0.62203,1.36125
-0.62202,1.36125
-0.62200,1.36125
-0.62198,1.36125
-0.62196,1.36125
-0.62193,1.36125
-0.62189,1.36125
-0.62185,1.36125
-0.62180,1.36125
-0.62173,1.36125
-0.62164,1.36125
-0.62152,1.36125
-0.62137,1.36125
-0.62118,1.36124
-0.62096,1.36124
-0.62069,1.36124
-0.62040,1.36123
-0.62009,1.36123
-0.61978,1.36122
-0.61946,1.36122
-0.61916,1.36121
-0.61887,1.36121
-0.61863,1.36120
-0.61844,1.36120
-0.61829,1.36120
-0.61819,1.36120
-0.61811,1.36120
-0.61805,1.36119
-0.61801,1.36119
-0.61797,1.36119
-0.61795,1.36119
-0.61792,1.36119
-0.61790,1.36119
-0.61789,1.36119
-0.61787,1.36119
-0.61786,1.36119
-0.61785,1.36119
-0.62211,1.36125
-0.62209,1.36125
-0.62207,1.36125
-0.62205,1.36125
-0.62203,1.36125
-0.62201,1.36125
-0.62199,1.36125
-0.62196,1.36125
-0.62193,1.36125
-0.62190,1.36125
-0.62185,1.36125
-0.62180,1.36125
-0.62173,1.36125
-0.62164,1.36125
-0.62152,1.36125
-0.62136,1.36125
-0.62117,1.36124
-0.62093,1.36124
-0.62065,1.36124
-0.62035,1.36123
-0.62002,1.36123
-0.61970,1.36122
-0.61937,1.36122
-0.61906,1.36121
-0.61879,1.36121
-0.61856,1.36120
-0.61838,1.36120
-0.61825,1.36120
-0.61815,1.36120
-0.61808,1.36120
-0.61803,1.36119
-0.61799,1.36119
-0.61795,1.36119
-0.61793,1.36119
-0.61791,1.36119
-0.61789,1.36119
-0.61787,1.36119
-0.61786,1.36119
-0.61784,1.36119
-0.61783,1.36119
-0.62209,1.36125
-0.62212,1.36125
-0.62210,1.36125
-0.62208,1.36125
-0.62205,1.36125
-0.62203,1.36125
-0.62200,1.36125
-0.62197,1.36125
-0.62194,1.36125
-0.62190,1.36125
-0.62186,1.36125
-0.62180,1.36125
-0.62173,1.36125
-0.62163,1.36125
-0.62151,1.36125
-0.62135,1.36125
-0.62115,1.36124
-0.62090,1.36124
-0.62061,1.36124
-0.62028,1.36123
-0.61995,1.36123
-0.61960,1.36122
-0.61927,1.36122
-0.61896,1.36121
-0.61870,1.36121
-0.61848,1.36120
-0.61832,1.36120
-0.61820,1.36120
-0.61811,1.36120
-0.61805,1.36119
-0.61800,1.36119
-0.61796,1.36119
-0.61793,1.36119
-0.61791,1.36119
-0.61789,1.36119
-0.61787,1.36119
-0.61785,1.36119
-0.61784,1.36119
-0.61782,1.36119
-0.61781,1.36119
0.58428,-1.39223
0.58219,-1.39235
0.57500,-1.39268
-0.62202,1.36125
-0.62207,1.36125
-0.62205,1.36125
-0.62202,1.36125
-0.62199,1.36125
-0.62195,1.36125
-0.62191,1.36125
-0.62186,1.36125
-0.62180,1.36125
-0.62172,1.36125
-0.62162,1.36125
-0.62150,1.36125
-0.62133,1.36124
-0.62111,1.36124
-0.62085,1.36124
-0.62054,1.36123
-0.62021,1.36123
-0.61985,1.36122
-0.61950,1.36122
-0.61916,1.36121
-0.61886,1.36121
-0.61861,1.36120
-0.61841,1.36120
-0.61827,1.36120
-0.61816,1.36120
-0.61808,1.36120
-0.61802,1.36119
-0.61797,1.36119
-0.61794,1.36119
-0.61791,1.36119
-0.61788,1.36119
-0.61786,1.36119
-0.61785,1.36119
-0.61783,1.36119
-0.61782,1.36119
-0.61781,1.36119
-0.61780,1.36119
0.58610,-1.39213
0.58564,-1.39215
0.58497,-1.39219
0.58391,-1.39226
0.58208,-1.39236
0.57770,-1.39257
-0.62169,1.36125
-0.62195,1.36125
-0.62195,1.36125
-0.62191,1.36125
-0.62186,1.36125
-0.62180,1.36125
-0.62171,1.36125
-0.62161,1.36125
-0.62147,1.36125
-0.62129,1.36124
-0.62106,1.36124
-0.62078,1.36124
-0.62046,1.36123
-0.62010,1.36123
-0.61974,1.36122
-0.61938,1.36122
-0.61905,1.36121
-0.61876,1.36121
-0.61853,1.36120
-0.61835,1.36120
-0.61821,1.36120
-0.61811,1.36120
-0.61804,1.36119
-0.61798,1.36119
-0.61794,1.36119
-0.61791,1.36119
-0.61788,1.36119
-0.61786,1.36119
-0.61784,1.36119
-0.61782,1.36119
-0.61781,1.36119
-0.61780,1.36119
-0.61779,1.36119
-0.61778,1.36119
0.58665,-1.39209
0.58645,-1.39211
0.58618,-1.39212
0.58583,-1.39214
0.58537,-1.39217
0.58474,-1.39221
0.58384,-1.39226
0.58253,-1.39233
0.58039,-1.39244
0.57572,-1.39265
-0.62113,1.36124
-0.62162,1.36125
-0.62161,1.36125
-0.62152,1.36125
-0.62138,1.36125
-0.62120,1.36124
-0.62095,1.36124
-0.62066,1.36124
-0.62032,1.36123
-0.61996,1.36123
-0.61959,1.36122
-0.61924,1.36121
-0.61892,1.36121
-0.61866,1.36121
-0.61844,1.36120
-0.61828,1.36120
-0.61816,1.36120
-0.61807,1.36120
-0.61800,1.36119
-0.61795,1.36119
-0.61791,1.36119
-0.61788,1.36119
-0.61785,1.36119
-0.61783,1.36119
-0.61782,1.36119
-0.61780,1.36119
-0.61779,1.36119
-0.61778,1.36119
-0.61777,1.36119
-0.61776,1.36119
0.58683,-1.39208
0.58675,-1.39209
0.58663,-1.39210
0.58645,-1.39211
0.58622,-1.39212
0.58593,-1.39214
0.58557,-1.39216
0.58512,-1.39219
0.58456,-1.39222
0.58383,-1.39226
0.58290,-1.39231
0.58170,-1.39238
0.58009,-1.39246
0.57777,-1.39256
0.57373,-1.39272
0.56084,-1.39300
-0.62036,1.36123
-0.62029,1.36123
-0.62003,1.36123
-0.61972,1.36122
-0.61939,1.36122
-0.61908,1.36121
-0.61880,1.36121
-0.61856,1.36120
-0.61837,1.36120
-0.61822,1.36120
-0.61810,1.36120
-0.61802,1.36119
-0.61796,1.36119
-0.61791,1.36119
-0.61788,1.36119
-0.61785,1.36119
-0.61783,1.36119
-0.61781,1.36119
-0.61779,1.36119
-0.61778,1.36119
-0.61777,1.36119
-0.61776,1.36119
-0.61775,1.36119
-0.61775,1.36119
0.58689,-1.39208
0.58685,-1.39208
0.58679,-1.39208
0.58671,-1.39209
0.58658,-1.39210
0.58642,-1.39211
0.58620,-1.39212
0.58594,-1.39214
0.58563,-1.39216
0.58524,-1.39218
0.58477,-1.39221
0.58419,-1.39224
0.58348,-1.39228
0.58262,-1.39233
0.58155,-1.39238
0.58018,-1.39245
0.57833,-1.39254
0.57555,-1.39265
0.57054,-1.39282
0.55158,-1.39298
-0.61917,1.36121
-0.61893,1.36121
-0.61869,1.36121
-0.61848,1.36120
-0.61829,1.36120
-0.61815,1.36120
-0.61804,1.36119
-0.61797,1.36119
-0.61791,1.36119
-0.61787,1.36119
-0.61784,1.36119
-0.61782,1.36119
-0.61780,1.36119
-0.61778,1.36119
-0.61777,1.36119
-0.61776,1.36119
-0.61775,1.36119
-0.61774,1.36119
-0.61774,1.36119
-0.61773,1.36119
0.58691,-1.39208
0.58689,-1.39208
0.58686,-1.39208
0.58681,-1.39208
0.58674,-1.39209
0.58664,-1.39209
0.58651,-1.39210
0.58633,-1.39211
0.58611,-1.39213
0.58585,-1.39214
0.58552,-1.39216
0.58511,-1.39219
0.58461,-1.39222
0.58400,-1.39225
0.58324,-1.39229
0.58229,-1.39234
0.58109,-1.39241
0.57954,-1.39248
0.57746,-1.39258
0.57443,-1.39270
0.56924,-1.39286
0.55225,-1.39299
-0.61867,1.36121
-0.61842,1.36120
-0.61822,1.36120
-0.61808,1.36120
-0.61798,1.36119
-0.61791,1.36119
-0.61786,1.36119
-0.61783,1.36119
-0.61780,1.36119
-0.61778,1.36119
-0.61777,1.36119
-0.61776,1.36119
-0.61775,1.36119
-0.61774,1.36119
-0.61773,1.36119
-0.61772,1.36119
-0.61772,1.36119
-0.61771,1.36119
0.58693,-1.39208
0.58691,-1.39208
0.58689,-1.39208
0.58686,-1.39208
0.58682,-1.39208
0.58675,-1.39209
0.58666,-1.39209
0.58654,-1.39210
0.58638,-1.39211
0.58617,-1.39212
0.58592,-1.39214
0.58560,-1.39216
0.58520,-1.39218
0.58469,-1.39221
0.58406,-1.39225
0.58327,-1.39229
0.58228,-1.39234
0.58103,-1.39241
0.57944,-1.39249
0.57739,-1.39258
0.57458,-1.39269
0.57018,-1.39283
0.55992,-1.39301
-0.61847,1.36120
-0.61816,1.36120
-0.61800,1.36119
-0.61791,1.36119
-0.61785,1.36119
-0.61781,1.36119
-0.61778,1.36119
-0.61776,1.36119
-0.61775,1.36119
-0.61774,1.36119
-0.61773,1.36119
-0.61772,1.36119
-0.61771,1.36119
-0.61771,1.36119
-0.61770,1.36119
-0.61770,1.36119
-0.61770,1.36119
0.58694,-1.39208
0.58693,-1.39208
0.58691,-1.39208
0.58689,-1.39208
0.58686,-1.39208
0.58682,-1.39208
0.58675,-1.39209
0.58666,-1.39209
0.58653,-1.39210
0.58637,-1.39211
0.58616,-1.39212
0.58589,-1.39214
0.58555,-1.39216
0.58512,-1.39219
0.58456,-1.39222
0.58386,-1.39226
0.58298,-1.39231
0.58187,-1.39237
0.58048,-1.39244
0.57875,-1.39252
0.57655,-1.39261
0.57354,-1.39273
0.56868,-1.39287
0.55559,-1.39301
-0.61808,1.36120
-0.61790,1.36119
-0.61782,1.36119
-0.61778,1.36119
-0.61775,1.36119
-0.61773,1.36119
-0.61772,1.36119
-0.61771,1.36119
-0.61770,1.36119
-0.61770,1.36119
-0.61769,1.36119
-0.61769,1.36119
-0.61768,1.36119
-0.61768,1.36119
-0.61768,1.36119
-0.61768,1.36119
0.58694,-1.39208
0.58694,-1.39208
0.58693,-1.39208
0.58691,-1.39208
0.58689,-1.39208
0.58686,-1.39208
0.58681,-1.39208
0.58674,-1.39209
0.58664,-1.39209
0.58650,-1.39210
0.58633,-1.39211
0.58609,-1.39213
0.58580,-1.39215
0.58541,-1.39217
0.58492,-1.39220
0.58428,-1.39223
0.58346,-1.39228
0.58243,-1.39234
0.58115,-1.39240
0.57957,-1.39248
0.57761,-1.39257
0.57506,-1.39267
0.57135,-1.39280
0.56410,-1.39296
-0.61788,1.36119
-0.61775,1.36119
-0.61771,1.36119
-0.61769,1.36119
-0.61768,1.36119
-0.61767,1.36119
-0.61767,1.36119
-0.61766,1.36119
-0.61766,1.36119
-0.61766,1.36119
-0.61766,1.36119
-0.61766,1.36119
-0.61766,1.36119
-0.61765,1.36119
-0.61765,1.36119
-0.61765,1.36119
0.58695,-1.39207
0.58694,-1.39208
0.58694,-1.39208
0.58693,-1.39208
0.58691,-1.39208
0.58689,-1.39208
0.58685,-1.39208
0.58680,-1.39208
0.58672,-1.39209
0.58661,-1.39210
0.58646,-1.39211
0.58626,-1.39212
0.58599,-1.39213
0.58564,-1.39215
0.58519,-1.39218
0.58461,-1.39222
0.58384,-1.39226
0.58287,-1.39231
0.58165,-1.39238
0.58014,-1.39245
0.57827,-1.39254
0.57588,-1.39264
0.57250,-1.39276
0.56631,-1.39293
0.52273,-1.39172
-0.61745,1.36118
-0.61752,1.36119
-0.61755,1.36119
-0.61757,1.36119
-0.61758,1.36119
-0.61759,1.36119
-0.61760,1.36119
-0.61761,1.36119
-0.61761,1.36119
-0.61761,1.36119
-0.61762,1.36119
-0.61762,1.36119
-0.61762,1.36119
-0.61762,1.36119
-0.61763,1.36119
0.58695,-1.39207
0.58695,-1.39207
0.58694,-1.39208
0.58694,-1.39208
0.58693,-1.39208
0.58691,-1.39208
0.58689,-1.39208
0.58685,-1.39208
0.58679,-1.39209
0.58670,-1.39209
0.58657,-1.39210
0.58639,-1.39211
0.58616,-1.39212
0.58585,-1.39214
0.58543,-1.39217
0.58489,-1.39220
0.58417,-1.39224
0.58324,-1.39229
0.58205,-1.39236
0.58056,-1.39243
0.57871,-1.39252
0.57630,-1.39262
0.57284,-1.39275
0.56607,-1.39293
-0.61489,1.36113
-0.61673,1.36117
-0.61710,1.36118
-0.61727,1.36118
-0.61737,1.36118
-0.61743,1.36118
-0.61747,1.36118
-0.61750,1.36118
-0.61752,1.36119
-0.61754,1.36119
-0.61755,1.36119
-0.61756,1.36119
-0.61757,1.36119
-0.61758,1.36119
-0.61759,1.36119
-0.61759,1.36119
0.58696,-1.39207
0.58695,-1.39207
0.58695,-1.39207
0.58694,-1.39208
0.58694,-1.39208
0.58693,-1.39208
0.58691,-1.39208
0.58688,-1.39208
0.58684,-1.39208
0.58677,-1.39209
0.58667,-1.39209
0.58652,-1.39210
0.58631,-1.39211
0.58603,-1.39213
0.58566,-1.39215
0.58516,-1.39218
0.58448,-1.39222
0.58359,-1.39227
0.58242,-1.39234
0.58092,-1.39242
0.57899,-1.39251
0.57639,-1.39262
0.57234,-1.39277
0.56156,-1.39299
-0.61480,1.36113
-0.61589,1.36115
-0.61644,1.36116
-0.61679,1.36117
-0.61702,1.36118
-0.61718,1.36118
-0.61728,1.36118
-0.61735,1.36118
-0.61740,1.36118
-0.61744,1.36118
-0.61747,1.36118
-0.61749,1.36118
-0.61751,1.36118
-0.61753,1.36119
-0.61754,1.36119
-0.61755,1.36119
0.58696,-1.39207
0.58696,-1.39207
0.58696,-1.39207
0.58695,-1.39207
0.58695,-1.39208
0.58694,-1.39208
0.58693,-1.39208
0.58691,-1.39208
0.58688,-1.39208
0.58683,-1.39208
0.58675,-1.39209
0.58663,-1.39209
0.58645,-1.39211
0.58620,-1.39212
0.58586,-1.39214
0.58541,-1.39217
0.58478,-1.39221
0.58393,-1.39225
0.58277,-1.39232
0.58122,-1.39240
0.57910,-1.39250
0.57599,-1.39264
0.56981,-1.39284
-0.61236,1.36107
-0.61451,1.36112
-0.61532,1.36114
-0.61586,1.36115
-0.61627,1.36116
-0.61658,1.36117
-0.61682,1.36117
-0.61700,1.36118
-0.61713,1.36118
-0.61722,1.36118
-0.61730,1.36118
-0.61735,1.36118
-0.61739,1.36118
-0.61743,1.36118
-0.61745,1.36118
-0.61747,1.36118
-0.61749,1.36118
0.58696,-1.39207
0.58696,-1.39207
0.58696,-1.39207
0.58696,-1.39207
0.58695,-1.39207
0.58695,-1.39208
0.58694,-1.39208
0.58693,-1.39208
0.58691,-1.39208
0.58687,-1.39208
0.58682,-1.39208
0.58673,-1.39209
0.58658,-1.39210
0.58636,-1.39211
0.58606,-1.39213
0.58564,-1.39215
0.58507,-1.39219
0.58426,-1.39224
0.58311,-1.39230
0.58145,-1.39239
0.57891,-1.39251
0.57402,-1.39271
-0.60950,1.36099
-0.61313,1.36109
-0.61424,1.36112
-0.61493,1.36113
-0.61543,1.36114
-0.61583,1.36115
-0.61616,1.36116
-0.61644,1.36116
-0.61667,1.36117
-0.61685,1.36117
-0.61699,1.36118
-0.61710,1.36118
-0.61719,1.36118
-0.61726,1.36118
-0.61732,1.36118
-0.61736,1.36118
-0.61739,1.36118
-0.61742,1.36118
0.58697,-1.39207
0.58697,-1.39207
0.58696,-1.39207
0.58696,-1.39207
0.58696,-1.39207
0.58695,-1.39207
0.58695,-1.39208
0.58694,-1.39208
0.58693,-1.39208
0.58691,-1.39208
0.58687,-1.39208
0.58680,-1.39208
0.58669,-1.39209
0.58651,-1.39210
0.58625,-1.39212
0.58587,-1.39214
0.58533,-1.39217
0.58456,-1.39222
0.58339,-1.39228
0.58146,-1.39239
0.57705,-1.39259
-0.60549,1.36086
-0.61115,1.36104
-0.61298,1.36109
-0.61396,1.36111
-0.61461,1.36113
-0.61510,1.36114
-0.61549,1.36114
-0.61582,1.36115
-0.61610,1.36116
-0.61635,1.36116
-0.61656,1.36117
-0.61673,1.36117
-0.61688,1.36117
-0.61700,1.36118
-0.61710,1.36118
-0.61718,1.36118
-0.61724,1.36118
-0.61729,1.36118
-0.61733,1.36118
0.58697,-1.39207
0.58697,-1.39207
0.58697,-1.39207
0.58697,-1.39207
0.58696,-1.39207
0.58696,-1.39207
0.58696,-1.39207
0.58695,-1.39207
0.58694,-1.39208
0.58693,-1.39208
0.58691,-1.39208
0.58686,-1.39208
0.58679,-1.39209
0.58665,-1.39209
0.58642,-1.39211
0.58607,-1.39213
0.58556,-1.39216
0.58478,-1.39221
0.58341,-1.39228
-0.46517,1.34317
-0.58622,1.35992
-0.60603,1.36088
-0.61073,1.36103
-0.61262,1.36108
-0.61365,1.36110
-0.61432,1.36112
-0.61482,1.36113
-0.61521,1.36114
-0.61554,1.36115
-0.61582,1.36115
-0.61607,1.36116
-0.61628,1.36116
-0.61648,1.36117
-0.61665,1.36117
-0.61679,1.36117
-0.61691,1.36117
-0.61702,1.36118
-0.61710,1.36118
-0.61717,1.36118
-0.61723,1.36118
0.58697,-1.39207
0.58697,-1.39207
0.58697,-1.39207
0.58697,-1.39207
0.58697,-1.39207
0.58696,-1.39207
0.58696,-1.39207
0.58696,-1.39207
0.58695,-1.39207
0.58694,-1.39208
0.58693,-1.39208
0.58691,-1.39208
0.58686,-1.39208
0.58676,-1.39209
0.58657,-1.39210
0.58624,-1.39212
0.58568,-1.39215
0.58418,-1.39224
-0.45685,1.34139
-0.53120,1.35452
-0.58468,1.35982
-0.60419,1.36081
-0.60987,1.36100
-0.61212,1.36106
-0.61330,1.36109
-0.61404,1.36111
-0.61456,1.36112
-0.61496,1.36113
-0.61530,1.36114
-0.61558,1.36115
-0.61583,1.36115
-0.61605,1.36116
-0.61624,1.36116
-0.61642,1.36116
-0.61658,1.36117
-0.61672,1.36117
-0.61685,1.36117
-0.61695,1.36117
-0.61704,1.36118
-0.61712,1.36118
0.58697,-1.39207
0.58697,-1.39207
0.58697,-1.39207
0.58697,-1.39207
0.58697,-1.39207
0.58697,-1.39207
0.58697,-1.39207
0.58696,-1.39207
0.58696,-1.39207
0.58696,-1.39207
0.58695,-1.39208
0.58693,-1.39208
0.58691,-1.39208
0.58685,-1.39208
0.58670,-1.39209
0.58633,-1.39211
-0.31402,1.29879
-0.43233,1.33568
-0.48083,1.34632
-0.53115,1.35451
-0.57798,1.35936
-0.60113,1.36069
-0.60864,1.36096
-0.61149,1.36105
-0.61289,1.36108
-0.61373,1.36110
-0.61431,1.36112
-0.61474,1.36113
-0.61508,1.36114
-0.61537,1.36114
-0.61562,1.36115
-0.61584,1.36115
-0.61604,1.36116
-0.61622,1.36116
-0.61639,1.36116
-0.61654,1.36117
-0.61668,1.36117
-0.61680,1.36117
-0.61690,1.36117
-0.61699,1.36118
0.58698,-1.39207
0.58698,-1.39207
0.58698,-1.39207
0.58698,-1.39207
0.58697,-1.39207
0.58697,-1.39207
0.58697,-1.39207
0.58697,-1.39207
0.58697,-1.39207
0.58697,-1.39207
0.58696,-1.39207
0.58695,-1.39207
0.58694,-1.39208
0.58691,-1.39208
0.58681,-1.39208
-0.26593,1.27921
-0.40636,1.32891
-0.44607,1.33896
-0.48219,1.34658
-0.52401,1.35353
-0.56852,1.35861
-0.59662,1.36049
-0.60693,1.36091
-0.61068,1.36103
-0.61242,1.36107
-0.61340,1.36110
-0.61405,1.36111
-0.61452,1.36112
-0.61488,1.36113
-0.61518,1.36114
-0.61543,1.36114
-0.61566,1.36115
-0.61586,1.36115
-0.61604,1.36116
-0.61621,1.36116
-0.61637,1.36116
-0.61651,1.36117
-0.61664,1.36117
-0.61676,1.36117
-0.61687,1.36117
0.58698,-1.39207
0.58698,-1.39207
0.58698,-1.39207
0.58698,-1.39207
0.58698,-1.39207
0.58698,-1.39207
0.58698,-1.39207
0.58698,-1.39207
0.58698,-1.39207
0.58697,-1.39207
0.58697,-1.39207
0.58697,-1.39207
0.58696,-1.39207
0.58695,-1.39207
0.58690,-1.39208
-0.36587,1.31687
-0.41364,1.33088
-0.44563,1.33886
-0.47694,1.34557
-0.51386,1.35204
-0.55663,1.35750
-0.59010,1.36015
-0.60450,1.36082
-0.60963,1.36099
-0.61184,1.36106
-0.61303,1.36109
-0.61377,1.36111
-0.61429,1.36112
-0.61468,1.36113
-0.61500,1.36113
-0.61526,1.36114
-0.61549,1.36114
-0.61569,1.36115
-0.61588,1.36115
-0.61605,1.36116
-0.61621,1.36116
-0.61636,1.36116
-0.61649,1.36117
-0.61662,1.36117
-0.61674,1.36117
0.58698,-1.39207
0.58698,-1.39207
0.58698,-1.39207
0.58698,-1.39207
0.58698,-1.39207
0.58698,-1.39207
0.58698,-1.39207
0.58698,-1.39207
0.58698,-1.39207
0.58698,-1.39207
0.58698,-1.39207
0.58698,-1.39207
0.58699,-1.39207
0.58699,-1.39207
0.58718,-1.39206
-0.36036,1.31509
-0.40721,1.32914
-0.43819,1.33710
-0.46748,1.34365
-0.50120,1.35000
-0.54207,1.35589
-0.58053,1.35954
-0.60081,1.36068
-0.60817,1.36095
-0.61111,1.36104
-0.61258,1.36108
-0.61345,1.36110
-0.61404,1.36111
-0.61448,1.36112
-0.61482,1.36113
-0.61509,1.36114
-0.61533,1.36114
-0.61554,1.36115
-0.61573,1.36115
-0.61590,1.36115
-0.61606,1.36116
-0.61621,1.36116
-0.61635,1.36116
-0.61648,1.36117
-0.61661,1.36117
0.58698,-1.39207
0.58698,-1.39207
0.58699,-1.39207
0.58699,-1.39207
0.58699,-1.39207
0.58699,-1.39207
0.58699,-1.39207
0.58699,-1.39207
0.58699,-1.39207
0.58699,-1.39207
0.58700,-1.39207
0.58701,-1.39207
0.58702,-1.39207
0.58707,-1.39207
0.58736,-1.39205
-0.31179,1.29794
-0.38837,1.32378
-0.42382,1.33354
-0.45342,1.34063
-0.48525,1.34716
-0.52393,1.35352
-0.56612,1.35840
-0.59459,1.36039
-0.60587,1.36087
-0.61007,1.36101
-0.61199,1.36106
-0.61307,1.36109
-0.61376,1.36111
-0.61425,1.36112
-0.61462,1.36113
-0.61492,1.36113
-0.61517,1.36114
-0.61539,1.36114
-0.61558,1.36115
-0.61576,1.36115
-0.61592,1.36115
-0.61607,1.36116
-0.61622,1.36116
-0.61635,1.36116
-0.61648,1.36117
0.58699,-1.39207
0.58699,-1.39207
0.58699,-1.39207
0.58699,-1.39207
0.58699,-1.39207
0.58699,-1.39207
0.58700,-1.39207
0.58700,-1.39207
0.58700,-1.39207
0.58701,-1.39207
0.58702,-1.39207
0.58704,-1.39207
0.58708,-1.39207
0.58717,-1.39206
0.58742,-1.39205
0.58824,-1.39199
-0.33870,1.30777
-0.39768,1.32648
-0.43220,1.33565
-0.46402,1.34293
-0.50046,1.34987
-0.54393,1.35611
-0.58258,1.35968
-0.60154,1.36071
-0.60833,1.36095
-0.61111,1.36104
-0.61253,1.36108
-0.61339,1.36110
-0.61397,1.36111
-0.61440,1.36112
-0.61473,1.36113
-0.61501,1.36113
-0.61524,1.36114
-0.61544,1.36114
-0.61562,1.36115
-0.61579,1.36115
-0.61594,1.36115
-0.61609,1.36116
-0.61623,1.36116
-0.61636,1.36116
0.58699,-1.39207
0.58699,-1.39207
0.58699,-1.39207
0.58700,-1.39207
0.58700,-1.39207
0.58700,-1.39207
0.58701,-1.39207
0.58701,-1.39207
0.58702,-1.39207
0.58703,-1.39207
0.58705,-1.39207
0.58708,-1.39207
0.58715,-1.39206
0.58727,-1.39205
0.58749,-1.39204
0.58786,-1.39202
0.58858,-1.39197
-0.32696,1.30359
-0.39441,1.32554
-0.43251,1.33572
-0.46835,1.34384
-0.51005,1.35144
-0.55692,1.35752
-0.59085,1.36019
-0.60454,1.36083
-0.60945,1.36099
-0.61162,1.36105
-0.61281,1.36108
-0.61356,1.36110
-0.61408,1.36111
-0.61448,1.36112
-0.61480,1.36113
-0.61506,1.36114
-0.61528,1.36114
-0.61547,1.36114
-0.61565,1.36115
-0.61581,1.36115
-0.61596,1.36115
-0.61610,1.36116
-0.61624,1.36116
0.58700,-1.39207
0.58700,-1.39207
0.58700,-1.39207
0.58700,-1.39207
0.58701,-1.39207
0.58701,-1.39207
0.58702,-1.39207
0.58703,-1.39207
0.58704,-1.39207
0.58706,-1.39207
0.58709,-1.39207
0.58714,-1.39206
0.58723,-1.39206
0.58737,-1.39205
0.58758,-1.39204
0.58787,-1.39202
0.58823,-1.39199
0.58866,-1.39197
0.59092,-1.39181
-0.36554,1.31677
-0.41626,1.33158
-0.45795,1.34163
-0.50467,1.35057
-0.55626,1.35746
-0.59159,1.36023
-0.60490,1.36084
-0.60958,1.36099
-0.61167,1.36105
-0.61283,1.36108
-0.61357,1.36110
-0.61409,1.36111
-0.61449,1.36112
-0.61480,1.36113
-0.61506,1.36114
-0.61529,1.36114
-0.61549,1.36114
-0.61566,1.36115
-0.61582,1.36115
-0.61597,1.36115
-0.61612,1.36116
0.58700,-1.39207
0.58700,-1.39207
0.58701,-1.39207
0.58701,-1.39207
0.58702,-1.39207
0.58702,-1.39207
0.58703,-1.39207
0.58705,-1.39207
0.58707,-1.39207
0.58710,-1.39207
0.58714,-1.39206
0.58721,-1.39206
0.58731,-1.39205
0.58747,-1.39204
0.58768,-1.39203
0.58796,-1.39201
0.58830,-1.39199
0.58865,-1.39197
0.58898,-1.39194
0.58927,-1.39192
0.58962,-1.39190
-0.32049,1.30121
-0.40079,1.32736
-0.45674,1.34136
-0.51851,1.35274
-0.57543,1.35917
-0.60063,1.36067
-0.60820,1.36095
-0.61106,1.36104
-0.61248,1.36107
-0.61335,1.36110
-0.61394,1.36111
-0.61438,1.36112
-0.61473,1.36113
-0.61501,1.36113
-0.61525,1.36114
-0.61546,1.36114
-0.61565,1.36115
-0.61582,1.36115
-0.61598,1.36115
0.58701,-1.39207
0.58701,-1.39207
0.58702,-1.39207
0.58702,-1.39207
0.58703,-1.39207
0.58704,-1.39207
0.58705,-1.39207
0.58707,-1.39207
0.58710,-1.39207
0.58714,-1.39206
0.58719,-1.39206
0.58728,-1.39205
0.58740,-1.39205
0.58757,-1.39204
0.58780,-1.39202
0.58810,-1.39200
0.58846,-1.39198
0.58885,-1.39195
0.58928,-1.39192
0.58972,-1.39189
0.59015,-1.39186
0.59055,-1.39184
0.59089,-1.39181
0.59108,-1.39180
0.59097,-1.39181
-0.14691,1.21735
-0.43711,1.33684
-0.54719,1.35648
-0.59816,1.36056
-0.60833,1.36095
-0.61134,1.36104
-0.61272,1.36108
-0.61354,1.36110
-0.61410,1.36111
-0.61452,1.36112
-0.61486,1.36113
-0.61514,1.36114
-0.61539,1.36114
-0.61560,1.36115
-0.61579,1.36115
0.58702,-1.39207
0.58702,-1.39207
0.58703,-1.39207
0.58703,-1.39207
0.58704,-1.39207
0.58706,-1.39207
0.58708,-1.39207
0.58710,-1.39207
0.58714,-1.39206
0.58718,-1.39206
0.58725,-1.39206
0.58735,-1.39205
0.58749,-1.39204
0.58768,-1.39203
0.58794,-1.39201
0.58826,-1.39199
0.58865,-1.39197
0.58911,-1.39194
0.58962,-1.39190
0.59017,-1.39186
0.59076,-1.39182
0.59135,-1.39178
0.59190,-1.39174
0.59240,-1.39170
0.59281,-1.39167
0.59312,-1.39165
0.59333,-1.39163
0.59338,-1.39163
0.59307,-1.39165
0.59144,-1.39177
-0.54963,1.35676
-0.60490,1.36084
-0.61077,1.36103
-0.61260,1.36108
-0.61352,1.36110
-0.61412,1.36111
-0.61457,1.36112
-0.61492,1.36113
-0.61522,1.36114
-0.61548,1.36114
0.58702,-1.39207
0.58703,-1.39207
0.58704,-1.39207
0.58705,-1.39207
0.58706,-1.39207
0.58708,-1.39207
0.58710,-1.39207
0.58713,-1.39206
0.58718,-1.39206
0.58723,-1.39206
0.58732,-1.39205
0.58743,-1.39204
0.58759,-1.39203
0.58781,-1.39202
0.58809,-1.39200
0.58844,-1.39198
0.58886,-1.39195
0.58936,-1.39192
0.58992,-1.39188
0.59054,-1.39184
0.59118,-1.39179
0.59181,-1.39175
0.59238,-1.39171
0.59287,-1.39167
0.59327,-1.39164
0.59359,-1.39161
0.59384,-1.39160
0.59404,-1.39158
0.59419,-1.39157
0.59429,-1.39156
0.59432,-1.39156
0.59415,-1.39157
0.59272,-1.39168
-0.56685,1.35846
-0.60851,1.36096
-0.61207,1.36106
-0.61333,1.36110
-0.61404,1.36111
-0.61453,1.36112
-0.61493,1.36113
0.58704,-1.39207
0.58704,-1.39207
0.58705,-1.39207
0.58707,-1.39207
0.58708,-1.39207
0.58710,-1.39207
0.58713,-1.39206
0.58717,-1.39206
0.58722,-1.39206
0.58729,-1.39205
0.58738,-1.39205
0.58752,-1.39204
0.58770,-1.39203
0.58794,-1.39201
0.58824,-1.39199
0.58862,-1.39197
0.58908,-1.39194
0.58960,-1.39190
0.59020,-1.39186
0.59084,-1.39182
0.59149,-1.39177
0.59210,-1.39173
0.59265,-1.39169
0.59311,-1.39165
0.59347,-1.39162
0.59377,-1.39160
0.59400,-1.39158
0.59418,-1.39157
0.59433,-1.39156
0.59446,-1.39155
0.59456,-1.39154
0.59464,-1.39153
0.59470,-1.39153
0.59471,-1.39153
0.59455,-1.39154
0.59292,-1.39166
-0.59411,1.36036
-0.61075,1.36103
-0.61293,1.36109
-0.61386,1.36111
0.58705,-1.39207
0.58706,-1.39207
0.58707,-1.39207
0.58709,-1.39207
0.58710,-1.39207
0.58713,-1.39206
0.58716,-1.39206
0.58720,-1.39206
0.58726,-1.39206
0.58734,-1.39205
0.58745,-1.39204
0.58760,-1.39203
0.58781,-1.39202
0.58807,-1.39200
0.58840,-1.39198
0.58881,-1.39196
0.58928,-1.39192
0.58983,-1.39189
0.59044,-1.39184
0.59108,-1.39180
0.59172,-1.39175
0.59231,-1.39171
0.59283,-1.39167
0.59325,-1.39164
0.59359,-1.39161
0.59386,-1.39159
0.59407,-1.39158
0.59425,-1.39156
0.59439,-1.39155
0.59450,-1.39154
0.59460,-1.39154
0.59469,-1.39153
0.59476,-1.39152
0.59483,-1.39152
0.59488,-1.39151
0.59491,-1.39151
0.59490,-1.39151
0.59470,-1.39153
-0.18752,1.24084
-0.60630,1.36089
0.58706,-1.39207
0.58707,-1.39207
0.58709,-1.39207
0.58711,-1.39207
0.58713,-1.39206
0.58716,-1.39206
0.58719,-1.39206
0.58724,-1.39206
0.58731,-1.39205
0.58740,-1.39205
0.58753,-1.39204
0.58770,-1.39203
0.58792,-1.39201
0.58821,-1.39199
0.58857,-1.39197
0.58899,-1.39194
0.58948,-1.39191
0.59004,-1.39187
0.59065,-1.39183
0.59128,-1.39178
0.59190,-1.39174
0.59247,-1.39170
0.59295,-1.39166
0.59335,-1.39163
0.59367,-1.39161
0.59392,-1.39159
0.59412,-1.39157
0.59428,-1.39156
0.59442,-1.39155
0.59453,-1.39154
0.59462,-1.39154
0.59470,-1.39153
0.59477,-1.39152
0.59483,-1.39152
0.59489,-1.39151
0.59493,-1.39151
0.59498,-1.39151
0.59502,-1.39150
0.59504,-1.39150
0.59500,-1.39151
0.58708,-1.39207
0.58709,-1.39207
0.58711,-1.39207
0.58713,-1.39206
0.58715,-1.39206
0.58718,-1.39206
0.58722,-1.39206
0.58728,-1.39205
0.58736,-1.39205
0.58746,-1.39204
0.58761,-1.39203
0.58780,-1.39202
0.58805,-1.39200
0.58836,-1.39198
0.58874,-1.39196
0.58917,-1.39193
0.58968,-1.39190
0.59023,-1.39186
0.59083,-1.39182
0.59145,-1.39177
0.59205,-1.39173
0.59259,-1.39169
0.59305,-1.39166
0.59343,-1.39163
0.59373,-1.39160
0.59397,-1.39159
0.59416,-1.39157
0.59431,-1.39156
0.59444,-1.39155
0.59454,-1.39154
0.59463,-1.39153
0.59471,-1.39153
0.59477,-1.39152
0.59483,-1.39152
0.59488,-1.39151
0.59493,-1.39151
0.59497,-1.39151
0.59501,-1.39150
0.59504,-1.39150
0.59508,-1.39150
0.58709,-1.39207
0.58711,-1.39206
0.58713,-1.39206
0.58715,-1.39206
0.58717,-1.39206
0.58721,-1.39206
0.58726,-1.39206
0.58732,-1.39205
0.58741,-1.39205
0.58753,-1.39204
0.58769,-1.39203
0.58790,-1.39201
0.58818,-1.39200
0.58851,-1.39197
0.58890,-1.39195
0.58935,-1.39192
0.58986,-1.39188
0.59041,-1.39185
0.59100,-1.39180
0.59160,-1.39176
0.59218,-1.39172
0.59269,-1.39168
0.59313,-1.39165
0.59349,-1.39162
0.59377,-1.39160
0.59400,-1.39158
0.59418,-1.39157
0.59433,-1.39156
0.59445,-1.39155
0.59455,-1.39154
0.59464,-1.39153
0.59471,-1.39153
0.59478,-1.39152
0.59483,-1.39152
0.59488,-1.39151
0.59493,-1.39151
0.59496,-1.39151
0.59500,-1.39151
0.59503,-1.39150
0.59506,-1.39150
0.58711,-1.39206
0.58712,-1.39206
0.58714,-1.39206
0.58717,-1.39206
0.58720,-1.39206
0.58724,-1.39206
0.58729,-1.39205
0.58736,-1.39205
0.58746,-1.39204
0.58760,-1.39203
0.58778,-1.39202
0.58802,-1.39201
0.58831,-1.39199
0.58866,-1.39196
0.58907,-1.39194
0.58952,-1.39191
0.59003,-1.39187
0.59058,-1.39183
0.59116,-1.39179
0.59174,-1.39175
0.59229,-1.39171
0.59278,-1.39168
0.59320,-1.39164
0.59354,-1.39162
0.59381,-1.39160
0.59403,-1.39158
0.59421,-1.39157
0.59435,-1.39156
0.59447,-1.39155
0.59456,-1.39154
0.59465,-1.39153
0.59472,-1.39153
0.59478,-1.39152
0.59484,-1.39152
0.59488,-1.39151
0.59493,-1.39151
0.59496,-1.39151
0.59500,-1.39151
0.59502,-1.39150
0.59505,-1.39150
