-0.85388,1.31966
-0.85335,1.31986
-0.85276,1.32009
-0.85209,1.32034
-0.85129,1.32064
-0.85036,1.32100
-0.84924,1.32142
-0.84788,1.32192
-0.84622,1.32254
-0.84418,1.32329
-0.84163,1.32422
-0.83842,1.32537
-0.83433,1.32680
-0.82910,1.32860
-0.82240,1.33083
-0.81391,1.33354
-0.80340,1.33672
-0.79085,1.34025
-0.77654,1.34394
-0.76103,1.34752
-0.74495,1.35078
-0.72881,1.35360
-0.71292,1.35593
-0.69754,1.35778
-0.68308,1.35915
-0.67019,1.36008
-0.65951,1.36065
-0.65131,1.36096
-0.64531,1.36113
-0.64101,1.36121
-0.63791,1.36126
-0.63564,1.36128
-0.63393,1.36129
-0.63261,1.36130
-0.63154,1.36130
-0.63066,1.36130
-0.62990,1.36130
-0.62922,1.36130
-0.62860,1.36130
-0.62803,1.36130
-0.85428,1.31951
-0.85363,1.31975
-0.85296,1.32001
-0.85223,1.32029
-0.85139,1.32060
-0.85043,1.32097
-0.84929,1.32140
-0.84793,1.32191
-0.84627,1.32252
-0.84422,1.32327
-0.84167,1.32420
-0.83846,1.32535
-0.83435,1.32680
-0.82907,1.32861
-0.82227,1.33087
-0.81360,1.33364
-0.80279,1.33689
-0.78981,1.34053
-0.77496,1.34432
-0.75883,1.34799
-0.74210,1.35131
-0.72534,1.35415
-0.70894,1.35645
-0.69326,1.35822
-0.67884,1.35948
-0.66639,1.36030
-0.65641,1.36078
-0.64893,1.36104
-0.64352,1.36117
-0.63964,1.36123
-0.63682,1.36127
-0.63473,1.36129
-0.63314,1.36130
-0.63188,1.36130
-0.63085,1.36130
-0.62998,1.36130
-0.62923,1.36130
-0.62855,1.36130
-0.62793,1.36130
-0.62736,1.36130
-0.85527,1.31913
-0.85436,1.31948
-0.85349,1.31981
-0.85262,1.32014
-0.85168,1.32050
-0.85064,1.32089
-0.84945,1.32134
-0.84805,1.32186
-0.84636,1.32249
-0.84430,1.32325
-0.84173,1.32418
-0.83849,1.32534
-0.83435,1.32680
-0.82900,1.32864
-0.82207,1.33094
-0.81318,1.33377
-0.80204,1.33711
-0.78857,1.34086
-0.77311,1.34477
-0.75629,1.34853
-0.73888,1.35190
-0.72149,1.35473
-0.70461,1.35698
-0.68875,1.35865
-0.67455,1.35979
-0.66269,1.36050
-0.65348,1.36089
-0.64670,1.36110
-0.64182,1.36120
-0.63831,1.36125
-0.63573,1.36128
-0.63380,1.36129
-0.63229,1.36130
-0.63109,1.36130
-0.63009,1.36130
-0.62924,1.36130
-0.62849,1.36130
-0.62782,1.36130
-0.62721,1.36130
-0.62665,1.36129
-0.85735,1.31832
-0.85596,1.31886
-0.85471,1.31934
-0.85354,1.31979
-0.85238,1.32023
-0.85117,1.32069
-0.84985,1.32119
-0.84834,1.32175
-0.84658,1.32241
-0.84445,1.32319
-0.84183,1.32414
-0.83854,1.32532
-0.83432,1.32681
-0.82886,1.32868
-0.82177,1.33104
-0.81261,1.33394
-0.80106,1.33740
-0.78703,1.34127
-0.77088,1.34529
-0.75332,1.34914
-0.73517,1.35255
-0.71716,1.35535
-0.69991,1.35752
-0.68403,1.35907
-0.67024,1.36008
-0.65911,1.36067
-0.65069,1.36098
-0.64457,1.36115
-0.64018,1.36123
-0.63699,1.36127
-0.63462,1.36129
-0.63281,1.36130
-0.63138,1.36130
-0.63023,1.36130
-0.62926,1.36130
-0.62843,1.36130
-0.62770,1.36130
-0.62705,1.36130
-0.62645,1.36129
-0.62591,1.36129
-0.85592,1.31887
-0.85809,1.31803
-0.85685,1.31851
-0.85533,1.31910
-0.85381,1.31969
-0.85229,1.32027
-0.85071,1.32086
-0.84899,1.32151
-0.84705,1.32223
-0.84478,1.32307
-0.84203,1.32407
-0.83861,1.32530
-0.83426,1.32683
-0.82863,1.32876
-0.82130,1.33119
-0.81179,1.33420
-0.79974,1.33778
-0.78505,1.34179
-0.76812,1.34594
-0.74974,1.34986
-0.73084,1.35327
-0.71227,1.35602
-0.69479,1.35806
-0.67912,1.35946
-0.66596,1.36033
-0.65566,1.36081
-0.64804,1.36106
-0.64253,1.36119
-0.63856,1.36125
-0.63564,1.36128
-0.63345,1.36129
-0.63175,1.36130
-0.63040,1.36130
-0.62929,1.36130
-0.62837,1.36130
-0.62757,1.36130
-0.62686,1.36129
-0.62624,1.36129
-0.62568,1.36129
-0.62517,1.36128
0.25603,-1.29712
0.12154,-1.20051
-0.03615,-1.04991
-0.85178,1.32046
-0.85490,1.31927
-0.85382,1.31968
-0.85210,1.32034
-0.85012,1.32108
-0.84792,1.32191
-0.84538,1.32285
-0.84239,1.32394
-0.83873,1.32525
-0.83413,1.32687
-0.82821,1.32890
-0.82052,1.33144
-0.81053,1.33458
-0.79784,1.33832
-0.78236,1.34248
-0.76454,1.34675
-0.74527,1.35072
-0.72566,1.35410
-0.70669,1.35673
-0.68924,1.35861
-0.67407,1.35983
-0.66176,1.36054
-0.65236,1.36093
-0.64549,1.36113
-0.64054,1.36122
-0.63693,1.36127
-0.63425,1.36129
-0.63221,1.36130
-0.63061,1.36130
-0.62934,1.36130
-0.62829,1.36130
-0.62741,1.36130
-0.62665,1.36129
-0.62600,1.36129
-0.62542,1.36129
-0.62490,1.36128
-0.62443,1.36128
0.47011,-1.38469
0.40871,-1.36884
0.32617,-1.33544
0.22494,-1.27740
0.11678,-1.19655
0.00066,-1.08884
-0.83188,1.32765
-0.84785,1.32193
-0.84768,1.32200
-0.84550,1.32280
-0.84241,1.32393
-0.83849,1.32534
-0.83353,1.32708
-0.82718,1.32925
-0.81895,1.33195
-0.80830,1.33526
-0.79480,1.33917
-0.77837,1.34349
-0.75956,1.34784
-0.73946,1.35179
-0.71932,1.35505
-0.70029,1.35748
-0.68328,1.35913
-0.66898,1.36015
-0.65768,1.36073
-0.64920,1.36103
-0.64303,1.36118
-0.63854,1.36125
-0.63524,1.36128
-0.63277,1.36130
-0.63087,1.36130
-0.62939,1.36130
-0.62820,1.36130
-0.62722,1.36130
-0.62641,1.36129
-0.62572,1.36129
-0.62512,1.36128
-0.62459,1.36128
-0.62412,1.36128
-0.62371,1.36127
0.54390,-1.39283
0.51797,-1.39134
0.48148,-1.38673
0.43364,-1.37624
0.37335,-1.35617
0.30043,-1.32239
0.21927,-1.27364
0.13761,-1.21358
0.05810,-1.14488
-0.02759,-1.05917
-0.79873,1.33806
-0.82781,1.32904
-0.82720,1.32924
-0.82193,1.33098
-0.81375,1.33359
-0.80268,1.33693
-0.78848,1.34089
-0.77127,1.34520
-0.75180,1.34945
-0.73135,1.35319
-0.71136,1.35614
-0.69301,1.35824
-0.67708,1.35961
-0.66400,1.36043
-0.65380,1.36088
-0.64617,1.36111
-0.64058,1.36122
-0.63649,1.36127
-0.63346,1.36129
-0.63118,1.36130
-0.62944,1.36130
-0.62808,1.36130
-0.62700,1.36129
-0.62612,1.36129
-0.62539,1.36129
-0.62477,1.36128
-0.62424,1.36128
-0.62377,1.36127
-0.62337,1.36127
-0.62300,1.36126
0.56734,-1.39290
0.55727,-1.39302
0.54127,-1.39274
0.51796,-1.39134
0.48670,-1.38757
0.44724,-1.37973
0.39948,-1.36578
0.34381,-1.34369
0.28205,-1.31235
0.21816,-1.27289
0.15688,-1.22872
0.10091,-1.18312
0.05000,-1.13731
0.00179,-1.08999
-0.04954,-1.03512
-0.12885,-0.93988
-0.75401,1.34900
-0.74982,1.34984
-0.73570,1.35245
-0.71856,1.35515
-0.70117,1.35738
-0.68504,1.35898
-0.67098,1.36003
-0.65934,1.36066
-0.65017,1.36100
-0.64323,1.36117
-0.63809,1.36125
-0.63433,1.36129
-0.63155,1.36130
-0.62948,1.36130
-0.62792,1.36130
-0.62672,1.36129
-0.62577,1.36129
-0.62500,1.36128
-0.62436,1.36128
-0.62383,1.36127
-0.62337,1.36127
-0.62297,1.36126
-0.62262,1.36126
-0.62231,1.36126
0.57483,-1.39268
0.57032,-1.39283
0.56312,-1.39298
0.55195,-1.39299
0.53561,-1.39251
0.51328,-1.39091
0.48449,-1.38722
0.44890,-1.38013
0.40641,-1.36810
0.35750,-1.34968
0.30375,-1.32414
0.24794,-1.29214
0.19328,-1.25569
0.14218,-1.21723
0.09545,-1.17841
0.05245,-1.13961
0.01157,-1.09991
-0.02963,-1.05698
-0.07651,-1.00426
-0.16081,-0.89724
-0.68973,1.35856
-0.67761,1.35958
-0.66576,1.36034
-0.65531,1.36082
-0.64679,1.36109
-0.64027,1.36123
-0.63546,1.36128
-0.63199,1.36130
-0.62950,1.36130
-0.62769,1.36130
-0.62634,1.36129
-0.62532,1.36128
-0.62451,1.36128
-0.62386,1.36127
-0.62333,1.36127
-0.62288,1.36126
-0.62250,1.36126
-0.62217,1.36126
-0.62188,1.36125
-0.62162,1.36125
0.57802,-1.39255
0.57548,-1.39266
0.57157,-1.39279
0.56556,-1.39294
0.55648,-1.39301
0.54336,-1.39281
0.52538,-1.39192
0.50187,-1.38967
0.47221,-1.38508
0.43577,-1.37682
0.39226,-1.36326
0.34227,-1.34299
0.28772,-1.31551
0.23162,-1.28178
0.17707,-1.24394
0.12609,-1.20425
0.07938,-1.16426
0.03661,-1.12455
-0.00329,-1.08477
-0.04234,-1.04311
-0.08551,-0.99364
-0.15882,-0.89998
-0.66484,1.36039
-0.65251,1.36093
-0.64362,1.36117
-0.63711,1.36127
-0.63255,1.36130
-0.62945,1.36130
-0.62732,1.36130
-0.62581,1.36129
-0.62472,1.36128
-0.62389,1.36127
-0.62324,1.36127
-0.62272,1.36126
-0.62229,1.36126
-0.62192,1.36125
-0.62162,1.36125
-0.62135,1.36125
-0.62112,1.36124
-0.62091,1.36124
0.57983,-1.39247
0.57816,-1.39255
0.57569,-1.39265
0.57196,-1.39278
0.56632,-1.39293
0.55793,-1.39301
0.54593,-1.39288
0.52948,-1.39218
0.50781,-1.39035
0.48003,-1.38648
0.44520,-1.37923
0.40256,-1.36682
0.35222,-1.34741
0.29588,-1.31996
0.23687,-1.28516
0.17909,-1.24543
0.12545,-1.20372
0.07722,-1.16233
0.03431,-1.12234
-0.00436,-1.08367
-0.04080,-1.04480
-0.07905,-1.00128
-0.13254,-0.93509
-0.65505,1.36083
-0.64047,1.36122
-0.63346,1.36129
-0.62928,1.36130
-0.62670,1.36129
-0.62502,1.36128
-0.62387,1.36127
-0.62303,1.36126
-0.62240,1.36126
-0.62190,1.36125
-0.62151,1.36125
-0.62118,1.36124
-0.62091,1.36124
-0.62068,1.36124
-0.62048,1.36123
-0.62031,1.36123
-0.62015,1.36123
0.58106,-1.39241
0.57988,-1.39247
0.57817,-1.39255
0.57565,-1.39265
0.57186,-1.39278
0.56614,-1.39293
0.55767,-1.39301
0.54555,-1.39287
0.52891,-1.39215
0.50680,-1.39024
0.47814,-1.38616
0.44172,-1.37836
0.39658,-1.36478
0.34290,-1.34328
0.28293,-1.31284
0.22091,-1.27473
0.16146,-1.23223
0.10771,-1.18893
0.06066,-1.14725
0.01971,-1.10804
-0.01678,-1.07070
-0.05141,-1.03302
-0.08915,-0.98929
-0.14826,-0.91432
-0.63709,1.36127
-0.62895,1.36130
-0.62556,1.36129
-0.62370,1.36127
-0.62253,1.36126
-0.62174,1.36125
-0.62117,1.36124
-0.62075,1.36124
-0.62043,1.36123
-0.62017,1.36123
-0.61996,1.36123
-0.61979,1.36122
-0.61964,1.36122
-0.61951,1.36122
-0.61940,1.36122
-0.61931,1.36122
0.58198,-1.39236
0.58111,-1.39241
0.57988,-1.39247
0.57811,-1.39255
0.57546,-1.39266
0.57145,-1.39280
0.56535,-1.39294
0.55627,-1.39301
0.54322,-1.39281
0.52519,-1.39190
0.50105,-1.38957
0.46947,-1.38456
0.42905,-1.37498
0.37893,-1.35833
0.31997,-1.33241
0.25575,-1.29694
0.19174,-1.25459
0.13280,-1.20971
0.08131,-1.16598
0.03727,-1.12519
-0.00085,-1.08729
-0.03547,-1.05065
-0.07036,-1.01143
-0.11437,-0.95833
-0.62798,1.36130
-0.62258,1.36126
-0.62085,1.36124
-0.61997,1.36123
-0.61945,1.36122
-0.61912,1.36121
-0.61890,1.36121
-0.61875,1.36121
-0.61864,1.36120
-0.61857,1.36120
-0.61851,1.36120
-0.61846,1.36120
-0.61842,1.36120
-0.61839,1.36120
-0.61835,1.36120
-0.61832,1.36120
0.58271,-1.39232
0.58205,-1.39236
0.58115,-1.39240
0.57987,-1.39247
0.57799,-1.39255
0.57516,-1.39267
0.57080,-1.39282
0.56408,-1.39296
0.55398,-1.39300
0.53934,-1.39267
0.51895,-1.39142
0.49146,-1.38828
0.45528,-1.38160
0.40892,-1.36891
0.35204,-1.34733
0.28702,-1.31512
0.21934,-1.27368
0.15530,-1.22750
0.09896,-1.18145
0.05115,-1.13839
0.01049,-1.09882
-0.02560,-1.06131
-0.06087,-1.02234
-0.10308,-0.97236
-0.22255,-0.80617
-0.60959,1.36099
-0.61267,1.36108
-0.61399,1.36111
-0.61477,1.36113
-0.61531,1.36114
-0.61571,1.36115
-0.61602,1.36116
-0.61627,1.36116
-0.61648,1.36117
-0.61665,1.36117
-0.61679,1.36117
-0.61690,1.36117
-0.61700,1.36118
-0.61708,1.36118
-0.61714,1.36118
0.58331,-1.39229
0.58280,-1.39232
0.58213,-1.39235
0.58119,-1.39240
0.57984,-1.39247
0.57784,-1.39256
0.57477,-1.39268
0.56994,-1.39284
0.56239,-1.39299
0.55085,-1.39297
0.53397,-1.39243
0.51030,-1.39062
0.47817,-1.38616
0.43577,-1.37681
0.38179,-1.35942
0.31717,-1.33102
0.24661,-1.29131
0.17741,-1.24419
0.11550,-1.19549
0.06298,-1.14939
0.01874,-1.10707
-0.02010,-1.06718
-0.05789,-1.02572
-0.10441,-0.97073
-0.51930,1.35285
-0.58111,1.35958
-0.59536,1.36043
-0.60239,1.36074
-0.60642,1.36089
-0.60897,1.36097
-0.61070,1.36103
-0.61194,1.36106
-0.61286,1.36108
-0.61357,1.36110
-0.61413,1.36111
-0.61458,1.36112
-0.61494,1.36113
-0.61523,1.36114
-0.61547,1.36114
-0.61566,1.36115
0.58382,-1.39226
0.58342,-1.39228
0.58290,-1.39231
0.58221,-1.39235
0.58123,-1.39240
0.57982,-1.39247
0.57768,-1.39257
0.57431,-1.39270
0.56890,-1.39287
0.56024,-1.39300
0.54682,-1.39290
0.52698,-1.39202
0.49895,-1.38931
0.46076,-1.38280
0.41044,-1.36940
0.34747,-1.34532
0.27506,-1.30837
0.20069,-1.26092
0.13227,-1.20928
0.07369,-1.15915
0.02441,-1.11268
-0.01891,-1.06844
-0.06227,-1.02073
-0.12583,-0.94377
-0.51648,1.35243
-0.55113,1.35692
-0.57059,1.35878
-0.58366,1.35975
-0.59253,1.36028
-0.59854,1.36058
-0.60269,1.36075
-0.60563,1.36086
-0.60777,1.36094
-0.60937,1.36099
-0.61060,1.36102
-0.61155,1.36105
-0.61231,1.36107
-0.61292,1.36108
-0.61340,1.36110
-0.61380,1.36111
0.58425,-1.39224
0.58394,-1.39225
0.58354,-1.39228
0.58302,-1.39231
0.58230,-1.39234
0.58130,-1.39240
0.57981,-1.39247
0.57751,-1.39257
0.57379,-1.39272
0.56766,-1.39290
0.55759,-1.39301
0.54170,-1.39276
0.51798,-1.39134
0.48428,-1.38719
0.43827,-1.37747
0.37819,-1.35805
0.30530,-1.32495
0.22611,-1.27818
0.15008,-1.22344
0.08352,-1.16794
0.02687,-1.11510
-0.02420,-1.06282
-0.08163,-0.99823
-0.45353,1.34065
-0.50818,1.35114
-0.53239,1.35468
-0.55009,1.35681
-0.56426,1.35823
-0.57566,1.35918
-0.58461,1.35981
-0.59145,1.36022
-0.59660,1.36049
-0.60049,1.36066
-0.60343,1.36078
-0.60568,1.36087
-0.60742,1.36093
-0.60879,1.36097
-0.60988,1.36100
-0.61074,1.36103
-0.61144,1.36105
0.58463,-1.39221
0.58438,-1.39223
0.58407,-1.39225
0.58368,-1.39227
0.58315,-1.39230
0.58243,-1.39234
0.58139,-1.39239
0.57984,-1.39247
0.57736,-1.39258
0.57325,-1.39274
0.56620,-1.39293
0.55429,-1.39301
0.53513,-1.39249
0.50625,-1.39018
0.46502,-1.38368
0.40888,-1.36890
0.33702,-1.34059
0.25381,-1.29576
0.16902,-1.23795
0.09150,-1.17497
0.02276,-1.11105
-0.04661,-1.03838
-0.39724,1.32635
-0.47169,1.34452
-0.50060,1.34989
-0.52033,1.35300
-0.53593,1.35513
-0.54913,1.35670
-0.56057,1.35788
-0.57044,1.35877
-0.57879,1.35942
-0.58569,1.35988
-0.59126,1.36021
-0.59571,1.36044
-0.59923,1.36061
-0.60201,1.36073
-0.60421,1.36081
-0.60597,1.36088
-0.60737,1.36092
-0.60849,1.36096
0.58498,-1.39219
0.58478,-1.39221
0.58453,-1.39222
0.58423,-1.39224
0.58384,-1.39226
0.58332,-1.39229
0.58259,-1.39233
0.58154,-1.39238
0.57992,-1.39246
0.57727,-1.39258
0.57268,-1.39276
0.56447,-1.39296
0.55005,-1.39296
0.52634,-1.39198
0.49024,-1.38810
0.43857,-1.37755
0.36883,-1.35437
0.28238,-1.31253
0.18713,-1.25128
0.09215,-1.17554
-0.00955,-1.07828
-0.33748,1.30735
-0.42788,1.33457
-0.46794,1.34375
-0.49292,1.34856
-0.51107,1.35160
-0.52555,1.35375
-0.53785,1.35538
-0.54869,1.35665
-0.55838,1.35767
-0.56703,1.35848
-0.57467,1.35911
-0.58128,1.35959
-0.58690,1.35996
-0.59159,1.36023
-0.59546,1.36043
-0.59861,1.36058
-0.60117,1.36069
-0.60325,1.36078
-0.60492,1.36084
0.58529,-1.39218
0.58513,-1.39219
0.58494,-1.39220
0.58471,-1.39221
0.58442,-1.39223
0.58404,-1.39225
0.58353,-1.39228
0.58282,-1.39232
0.58176,-1.39237
0.58010,-1.39246
0.57726,-1.39258
0.57208,-1.39278
0.56224,-1.39299
0.54408,-1.39283
0.51335,-1.39092
0.46590,-1.38386
0.39750,-1.36510
0.30526,-1.32493
0.18804,-1.25193
0.32683,0.55415
-0.16672,1.22915
-0.34466,1.30984
-0.41966,1.33247
-0.45946,1.34196
-0.48472,1.34706
-0.50287,1.35028
-0.51710,1.35253
-0.52898,1.35422
-0.53935,1.35556
-0.54865,1.35665
-0.55711,1.35754
-0.56482,1.35828
-0.57180,1.35888
-0.57803,1.35936
-0.58351,1.35974
-0.58825,1.36004
-0.59228,1.36027
-0.59566,1.36044
-0.59846,1.36057
-0.60078,1.36068
0.58559,-1.39216
0.58546,-1.39217
0.58532,-1.39217
0.58515,-1.39218
0.58493,-1.39220
0.58466,-1.39221
0.58430,-1.39223
0.58382,-1.39226
0.58313,-1.39230
0.58209,-1.39235
0.58040,-1.39244
0.57737,-1.39258
0.57137,-1.39280
0.55883,-1.39301
0.53380,-1.39242
0.48886,-1.38790
0.41304,-1.37022
0.24680,-1.29143
0.34021,0.52145
0.12789,0.94765
-0.15653,1.22316
-0.32129,1.30151
-0.40388,1.32822
-0.44830,1.33947
-0.47578,1.34534
-0.49494,1.34892
-0.50956,1.35136
-0.52147,1.35317
-0.53167,1.35458
-0.54071,1.35573
-0.54892,1.35668
-0.55646,1.35748
-0.56343,1.35815
-0.56984,1.35872
-0.57570,1.35919
-0.58098,1.35957
-0.58565,1.35988
-0.58973,1.36013
-0.59323,1.36032
-0.59618,1.36047
0.58587,-1.39214
0.58578,-1.39215
0.58568,-1.39215
0.58555,-1.39216
0.58540,-1.39217
0.58521,-1.39218
0.58497,-1.39220
0.58464,-1.39221
0.58420,-1.39224
0.58356,-1.39228
0.58258,-1.39233
0.58089,-1.39242
0.57759,-1.39257
0.57008,-1.39284
0.55105,-1.39297
0.50177,-1.38966
0.43950,0.25842
0.37101,0.44366
0.29613,0.62650
0.12811,0.94732
-0.11482,1.19672
-0.28730,1.28825
-0.38303,1.32219
-0.43483,1.33629
-0.46593,1.34333
-0.48689,1.34746
-0.50239,1.35020
-0.51470,1.35216
-0.52500,1.35367
-0.53397,1.35488
-0.54202,1.35588
-0.54939,1.35673
-0.55622,1.35745
-0.56260,1.35808
-0.56856,1.35861
-0.57408,1.35906
-0.57915,1.35944
-0.58372,1.35976
-0.58778,1.36001
-0.59132,1.36021
0.58615,-1.39212
0.58610,-1.39213
0.58603,-1.39213
0.58595,-1.39214
0.58585,-1.39214
0.58573,-1.39215
0.58558,-1.39216
0.58538,-1.39217
0.58511,-1.39219
0.58474,-1.39221
0.58419,-1.39224
0.58330,-1.39229
0.58165,-1.39238
0.57784,-1.39256
0.56487,-1.39295
0.45353,0.21849
0.39399,0.38336
0.35515,0.48416
0.29305,0.63354
0.15911,0.89842
-0.06057,1.15697
-0.24490,1.26974
-0.35713,1.31403
-0.41884,1.33225
-0.45491,1.34096
-0.47840,1.34585
-0.49525,1.34897
-0.50826,1.35116
-0.51890,1.35280
-0.52799,1.35409
-0.53601,1.35514
-0.54328,1.35603
-0.54999,1.35680
-0.55627,1.35746
-0.56219,1.35804
-0.56778,1.35854
-0.57302,1.35898
-0.57790,1.35935
-0.58235,1.35966
-0.58636,1.35992
0.58644,-1.39211
0.58642,-1.39211
0.58639,-1.39211
0.58635,-1.39211
0.58631,-1.39211
0.58625,-1.39212
0.58618,-1.39212
0.58609,-1.39213
0.58597,-1.39214
0.58580,-1.39215
0.58556,-1.39216
0.58518,-1.39218
0.58453,-1.39222
0.58311,-1.39230
0.57678,-1.39261
0.41855,0.31681
0.38829,0.39849
0.35571,0.48274
0.30451,0.60712
0.19923,0.82806
0.00327,1.10042
-0.19359,1.24413
-0.32503,1.30288
-0.39961,1.32703
-0.44228,1.33808
-0.46915,1.34400
-0.48782,1.34764
-0.50185,1.35010
-0.51305,1.35191
-0.52243,1.35331
-0.53058,1.35444
-0.53785,1.35537
-0.54449,1.35618
-0.55068,1.35687
-0.55652,1.35748
-0.56208,1.35803
-0.56737,1.35851
-0.57239,1.35893
-0.57709,1.35929
-0.58144,1.35960
0.58675,-1.39209
0.58676,-1.39209
0.58677,-1.39209
0.58678,-1.39209
0.58680,-1.39208
0.58681,-1.39208
0.58683,-1.39208
0.58685,-1.39208
0.58688,-1.39208
0.58692,-1.39208
0.58698,-1.39207
0.58710,-1.39207
0.58736,-1.39205
0.58832,-1.39199
0.61072,-1.39002
0.42121,0.30950
0.39334,0.38507
0.36463,0.46006
0.32279,0.56388
0.24228,0.74382
0.07688,1.01810
-0.13029,1.20691
-0.28399,1.28689
-0.37545,1.31988
-0.42712,1.33438
-0.45857,1.34176
-0.47969,1.34610
-0.49512,1.34895
-0.50715,1.35098
-0.51701,1.35251
-0.52542,1.35373
-0.53281,1.35473
-0.53949,1.35558
-0.54564,1.35631
-0.55142,1.35695
-0.55691,1.35752
-0.56218,1.35804
-0.56725,1.35850
-0.57208,1.35890
-0.57665,1.35926
0.58709,-1.39207
0.58714,-1.39206
0.58720,-1.39206
0.58727,-1.39206
0.58735,-1.39205
0.58745,-1.39204
0.58758,-1.39204
0.58774,-1.39202
0.58797,-1.39201
0.58829,-1.39199
0.58880,-1.39196
0.58969,-1.39190
0.59159,-1.39176
0.59731,-1.39132
0.63084,-1.38741
0.44024,0.25633
0.40618,0.35061
0.37941,0.42185
0.34523,0.50901
0.28591,0.64973
0.15945,0.89785
-0.04740,1.14625
-0.22788,1.26165
-0.34251,1.30910
-0.40739,1.32919
-0.44550,1.33883
-0.47013,1.34420
-0.48754,1.34758
-0.50076,1.34992
-0.51136,1.35165
-0.52023,1.35299
-0.52790,1.35408
-0.53472,1.35498
-0.54093,1.35575
-0.54670,1.35643
-0.55216,1.35703
-0.55739,1.35757
-0.56245,1.35806
-0.56733,1.35850
-0.57203,1.35890
0.58747,-1.39204
0.58757,-1.39204
0.58769,-1.39203
0.58783,-1.39202
0.58800,-1.39201
0.58822,-1.39199
0.58850,-1.39198
0.58887,-1.39195
0.58939,-1.39192
0.59016,-1.39186
0.59140,-1.39178
0.59364,-1.39161
0.59825,-1.39124
0.60923,-1.39018
0.63768,-1.38636
0.71823,-1.36770
0.43054,0.28357
0.40017,0.36680
0.37114,0.44331
0.32879,0.54941
0.24457,0.73911
0.06779,1.02943
-0.14303,1.21495
-0.29157,1.28999
-0.37807,1.32069
-0.42719,1.33440
-0.45746,1.34152
-0.47800,1.34577
-0.49308,1.34859
-0.50487,1.35061
-0.51451,1.35214
-0.52270,1.35335
-0.52985,1.35434
-0.53626,1.35518
-0.54214,1.35590
-0.54764,1.35654
-0.55287,1.35711
-0.55792,1.35762
-0.56282,1.35810
-0.56758,1.35852
0.58791,-1.39201
0.58808,-1.39200
0.58827,-1.39199
0.58851,-1.39197
0.58880,-1.39196
0.58917,-1.39193
0.58967,-1.39190
0.59034,-1.39185
0.59130,-1.39178
0.59276,-1.39168
0.59512,-1.39150
0.59924,-1.39115
0.60680,-1.39043
0.62085,-1.38880
0.64546,-1.38505
0.68369,-1.37705
0.74578,-1.35887
0.43499,0.27111
0.40235,0.36094
0.37082,0.44415
0.32122,0.56766
0.21302,0.80206
0.00179,1.10188
-0.19905,1.24703
-0.32558,1.30308
-0.39651,1.32615
-0.43765,1.33697
-0.46395,1.34292
-0.48236,1.34661
-0.49624,1.34914
-0.50727,1.35100
-0.51641,1.35242
-0.52425,1.35357
-0.53113,1.35451
-0.53733,1.35531
-0.54303,1.35600
-0.54839,1.35662
-0.55350,1.35717
-0.55844,1.35768
-0.56325,1.35814
0.58845,-1.39198
0.58869,-1.39196
0.58898,-1.39194
0.58934,-1.39192
0.58980,-1.39189
0.59039,-1.39185
0.59118,-1.39179
0.59227,-1.39171
0.59385,-1.39159
0.59624,-1.39141
0.60002,-1.39108
0.60614,-1.39050
0.61612,-1.38940
0.63187,-1.38726
0.65482,-1.38333
0.68430,-1.37690
0.71700,-1.36807
0.75145,-1.35691
0.87902,-1.29985
0.41871,0.31637
0.38611,0.40425
0.33854,0.52557
0.23126,0.76624
0.00523,1.09850
-0.20455,1.24991
-0.32997,1.30467
-0.39874,1.32678
-0.43866,1.33722
-0.46440,1.34301
-0.48259,1.34666
-0.49639,1.34917
-0.50743,1.35102
-0.51663,1.35246
-0.52452,1.35361
-0.53146,1.35455
-0.53771,1.35536
-0.54345,1.35605
-0.54882,1.35667
-0.55394,1.35722
-0.55887,1.35772
0.58909,-1.39194
0.58944,-1.39191
0.58986,-1.39188
0.59038,-1.39185
0.59105,-1.39180
0.59193,-1.39174
0.59310,-1.39165
0.59474,-1.39153
0.59710,-1.39134
0.60058,-1.39103
0.60584,-1.39053
0.61381,-1.38967
0.62573,-1.38815
0.64282,-1.38550
0.66567,-1.38114
0.69320,-1.37467
0.72264,-1.36637
0.75067,-1.35718
0.77476,-1.34832
0.79371,-1.34072
0.81487,-1.33161
0.43729,0.26463
0.39803,0.37257
0.34038,0.52104
0.18147,0.86020
-0.09977,1.18635
-0.28218,1.28614
-0.37596,1.32004
-0.42608,1.33412
-0.45643,1.34130
-0.47705,1.34559
-0.49234,1.34846
-0.50440,1.35053
-0.51437,1.35211
-0.52288,1.35337
-0.53033,1.35440
-0.53700,1.35527
-0.54307,1.35601
-0.54870,1.35665
-0.55402,1.35723
0.58988,-1.39188
0.59035,-1.39185
0.59094,-1.39181
0.59167,-1.39176
0.59260,-1.39169
0.59383,-1.39160
0.59548,-1.39147
0.59775,-1.39128
0.60097,-1.39100
0.60559,-1.39056
0.61229,-1.38984
0.62193,-1.38866
0.63556,-1.38669
0.65409,-1.38347
0.67777,-1.37845
0.70565,-1.37133
0.73576,-1.36222
0.76593,-1.35167
0.79455,-1.34038
0.82063,-1.32901
0.84361,-1.31815
0.86293,-1.30841
0.87765,-1.30060
0.88569,-1.29618
0.88117,-1.29868
0.47813,0.14712
0.36585,0.45694
0.05163,1.04872
-0.25850,1.27593
-0.37801,1.32067
-0.43182,1.33555
-0.46194,1.34249
-0.48189,1.34652
-0.49667,1.34922
-0.50847,1.35119
-0.51836,1.35272
-0.52693,1.35394
-0.53452,1.35495
-0.54137,1.35581
-0.54763,1.35653
0.59083,-1.39182
0.59147,-1.39177
0.59225,-1.39171
0.59323,-1.39164
0.59448,-1.39155
0.59610,-1.39142
0.59827,-1.39124
0.60123,-1.39097
0.60533,-1.39058
0.61108,-1.38998
0.61914,-1.38902
0.63038,-1.38748
0.64570,-1.38500
0.66582,-1.38111
0.69080,-1.37529
0.71976,-1.36724
0.75113,-1.35702
0.78327,-1.34498
0.81483,-1.33163
0.84479,-1.31758
0.87223,-1.30351
0.89636,-1.29018
0.91661,-1.27828
0.93283,-1.26826
0.94524,-1.26029
0.95422,-1.25437
0.95988,-1.25056
0.96128,-1.24960
0.95273,-1.25536
0.90001,-1.28808
0.03933,1.06270
-0.33002,1.30469
-0.42052,1.33269
-0.45900,1.34186
-0.48143,1.34644
-0.49724,1.34932
-0.50970,1.35139
-0.52018,1.35298
-0.52934,1.35427
-0.53752,1.35533
0.59199,-1.39173
0.59281,-1.39167
0.59381,-1.39160
0.59506,-1.39150
0.59665,-1.39137
0.59870,-1.39120
0.60141,-1.39096
0.60506,-1.39061
0.61004,-1.39009
0.61688,-1.38930
0.62630,-1.38807
0.63912,-1.38612
0.65617,-1.38307
0.67796,-1.37841
0.70436,-1.37169
0.73440,-1.36266
0.76665,-1.35140
0.79962,-1.33825
0.83196,-1.32376
0.86243,-1.30866
0.88983,-1.29388
0.91321,-1.28032
0.93218,-1.26867
0.94698,-1.25915
0.95826,-1.25165
0.96678,-1.24583
0.97322,-1.24134
0.97810,-1.23790
0.98171,-1.23532
0.98408,-1.23360
0.98471,-1.23315
0.98081,-1.23596
0.94264,-1.26199
-0.05135,1.14951
-0.38089,1.32155
-0.44718,1.33922
-0.47660,1.34550
-0.49495,1.34892
-0.50881,1.35125
-0.52037,1.35301
0.59335,-1.39163
0.59437,-1.39155
0.59561,-1.39146
0.59714,-1.39133
0.59907,-1.39117
0.60155,-1.39095
0.60480,-1.39064
0.60913,-1.39019
0.61497,-1.38953
0.62293,-1.38853
0.63372,-1.38698
0.64816,-1.38457
0.66697,-1.38086
0.69041,-1.37539
0.71806,-1.36775
0.74885,-1.35782
0.78136,-1.34574
0.81418,-1.33192
0.84601,-1.31697
0.87555,-1.30173
0.90158,-1.28717
0.92331,-1.27419
0.94057,-1.26332
0.95382,-1.25464
0.96381,-1.24788
0.97134,-1.24266
0.97709,-1.23861
0.98156,-1.23542
0.98511,-1.23286
0.98798,-1.23077
0.99032,-1.22906
0.99216,-1.22770
0.99340,-1.22678
0.99354,-1.22668
0.99011,-1.22921
0.94854,-1.25813
-0.22406,1.25978
-0.42001,1.33256
-0.46693,1.34354
-0.49027,1.34808
0.59491,-1.39151
0.59613,-1.39141
0.59760,-1.39129
0.59941,-1.39114
0.60167,-1.39093
0.60457,-1.39066
0.60834,-1.39027
0.61335,-1.38972
0.62009,-1.38890
0.62918,-1.38766
0.64141,-1.38574
0.65752,-1.38280
0.67805,-1.37839
0.70298,-1.37207
0.73160,-1.36356
0.76269,-1.35287
0.79488,-1.34024
0.82692,-1.32612
0.85757,-1.31116
0.88563,-1.29622
0.91002,-1.28223
0.93009,-1.26999
0.94586,-1.25989
0.95788,-1.25191
0.96692,-1.24573
0.97375,-1.24097
0.97897,-1.23727
0.98305,-1.23435
0.98632,-1.23198
0.98898,-1.23004
0.99121,-1.22840
0.99311,-1.22700
0.99475,-1.22578
0.99615,-1.22474
0.99729,-1.22389
0.99803,-1.22334
0.99778,-1.22352
0.99336,-1.22682
0.47078,0.16858
-0.34831,1.31109
0.59662,-1.39137
0.59803,-1.39126
0.59972,-1.39111
0.60179,-1.39092
0.60437,-1.39068
0.60767,-1.39034
0.61198,-1.38988
0.61769,-1.38920
0.62535,-1.38820
0.63567,-1.38668
0.64939,-1.38434
0.66719,-1.38081
0.68936,-1.37565
0.71555,-1.36850
0.74475,-1.35922
0.77571,-1.34795
0.80717,-1.33500
0.83804,-1.32086
0.86723,-1.30616
0.89367,-1.29171
0.91642,-1.27839
0.93500,-1.26689
0.94954,-1.25748
0.96061,-1.25006
0.96895,-1.24433
0.97527,-1.23990
0.98013,-1.23644
0.98394,-1.23370
0.98700,-1.23149
0.98950,-1.22966
0.99159,-1.22812
0.99337,-1.22681
0.99490,-1.22567
0.99625,-1.22466
0.99745,-1.22377
0.99852,-1.22297
0.99947,-1.22225
1.00024,-1.22167
1.00066,-1.22135
0.99992,-1.22191
0.59845,-1.39122
0.60003,-1.39108
0.60192,-1.39091
0.60423,-1.39069
0.60712,-1.39040
0.61082,-1.39001
0.61567,-1.38945
0.62213,-1.38864
0.63080,-1.38742
0.64241,-1.38557
0.65770,-1.38276
0.67718,-1.37859
0.70083,-1.37265
0.72796,-1.36472
0.75738,-1.35480
0.78784,-1.34313
0.81829,-1.33008
0.84780,-1.31609
0.87545,-1.30178
0.90029,-1.28792
0.92152,-1.27529
0.93880,-1.26446
0.95230,-1.25564
0.96261,-1.24870
0.97042,-1.24331
0.97636,-1.23913
0.98095,-1.23586
0.98456,-1.23326
0.98747,-1.23114
0.98986,-1.22940
0.99185,-1.22793
0.99354,-1.22668
0.99500,-1.22560
0.99626,-1.22465
0.99738,-1.22382
0.99837,-1.22308
0.99927,-1.22240
1.00009,-1.22178
1.00085,-1.22121
1.00155,-1.22068
0.60033,-1.39106
0.60206,-1.39090
0.60413,-1.39070
0.60667,-1.39045
0.60987,-1.39011
0.61399,-1.38965
0.61943,-1.38899
0.62669,-1.38801
0.63646,-1.38655
0.64946,-1.38433
0.66638,-1.38099
0.68747,-1.37612
0.71238,-1.36942
0.74011,-1.36079
0.76939,-1.35037
0.79908,-1.33847
0.82834,-1.32546
0.85642,-1.31175
0.88255,-1.29792
0.90588,-1.28467
0.92575,-1.27269
0.94188,-1.26248
0.95452,-1.25417
0.96419,-1.24761
0.97156,-1.24251
0.97719,-1.23854
0.98157,-1.23541
0.98504,-1.23291
0.98783,-1.23088
0.99014,-1.22919
0.99207,-1.22777
0.99370,-1.22656
0.99510,-1.22552
0.99632,-1.22461
0.99738,-1.22382
0.99831,-1.22312
0.99914,-1.22250
0.99988,-1.22194
1.00056,-1.22143
1.00120,-1.22095
0.60221,-1.39088
0.60408,-1.39071
0.60632,-1.39048
0.60909,-1.39019
0.61261,-1.38981
0.61719,-1.38927
0.62327,-1.38849
0.63143,-1.38733
0.64239,-1.38558
0.65689,-1.38292
0.67544,-1.37899
0.69802,-1.37341
0.72392,-1.36598
0.75191,-1.35675
0.78074,-1.34598
0.80946,-1.33400
0.83744,-1.32115
0.86409,-1.30780
0.88876,-1.29448
0.91070,-1.28182
0.92934,-1.27045
0.94448,-1.26079
0.95636,-1.25293
0.96550,-1.24671
0.97250,-1.24185
0.97788,-1.23805
0.98208,-1.23505
0.98542,-1.23263
0.98813,-1.23066
0.99037,-1.22902
0.99225,-1.22764
0.99384,-1.22646
0.99521,-1.22544
0.99639,-1.22456
0.99742,-1.22379
0.99832,-1.22312
0.99911,-1.22252
0.99981,-1.22200
1.00043,-1.22152
1.00100,-1.22110
