-0.61819,1.36120
-0.61819,1.36120
-0.61819,1.36120
-0.61819,1.36120
-0.61819,1.36120
-0.61818,1.36120
-0.61818,1.36120
-0.61818,1.36120
-0.61818,1.36120
-0.61817,1.36120
-0.61817,1.36120
-0.61816,1.36120
-0.61815,1.36120
-0.61814,1.36120
-0.61813,1.36120
-0.61811,1.36120
-0.61809,1.36120
-0.61806,1.36119
-0.61803,1.36119
-0.61799,1.36119
-0.61796,1.36119
-0.61792,1.36119
-0.61789,1.36119
-0.61785,1.36119
-0.61781,1.36119
-0.61778,1.36119
-0.61775,1.36119
-0.61773,1.36119
-0.61772,1.36119
-0.61770,1.36119
-0.61770,1.36119
-0.61769,1.36119
-0.61768,1.36119
-0.61768,1.36119
-0.61768,1.36119
-0.61767,1.36119
-0.61767,1.36119
-0.61767,1.36119
-0.61767,1.36119
-0.61767,1.36119
-0.61819,1.36120
-0.61819,1.36120
-0.61819,1.36120
-0.61819,1.36120
-0.61819,1.36120
-0.61818,1.36120
-0.61818,1.36120
-0.61818,1.36120
-0.61818,1.36120
-0.61817,1.36120
-0.61817,1.36120
-0.61816,1.36120
-0.61815,1.36120
-0.61814,1.36120
-0.61813,1.36120
-0.61811,1.36120
-0.61808,1.36120
-0.61806,1.36119
-0.61803,1.36119
-0.61799,1.36119
-0.61795,1.36119
-0.61792,1.36119
-0.61788,1.36119
-0.61784,1.36119
-0.61780,1.36119
-0.61777,1.36119
-0.61775,1.36119
-0.61773,1.36119
-0.61771,1.36119
-0.61770,1.36119
-0.61769,1.36119
-0.61769,1.36119
-0.61768,1.36119
-0.61768,1.36119
-0.61768,1.36119
-0.61767,1.36119
-0.61767,1.36119
-0.61767,1.36119
-0.61767,1.36119
-0.61767,1.36119
-0.61819,1.36120
-0.61819,1.36120
-0.61819,1.36120
-0.61819,1.36120
-0.61819,1.36120
-0.61818,1.36120
-0.61818,1.36120
-0.61818,1.36120
-0.61818,1.36120
-0.61817,1.36120
-0.61817,1.36120
-0.61816,1.36120
-0.61815,1.36120
-0.61814,1.36120
-0.61812,1.36120
-0.61811,1.36120
-0.61808,1.36120
-0.61805,1.36119
-0.61802,1.36119
-0.61798,1.36119
-0.61795,1.36119
-0.61791,1.36119
-0.61787,1.36119
-0.61783,1.36119
-0.61779,1.36119
-0.61776,1.36119
-0.61774,1.36119
-0.61772,1.36119
-0.61771,1.36119
-0.61770,1.36119
-0.61769,1.36119
-0.61768,1.36119
-0.61768,1.36119
-0.61768,1.36119
-0.61767,1.36119
-0.61767,1.36119
-0.61767,1.36119
-0.61767,1.36119
-0.61767,1.36119
-0.61766,1.36119
-0.61820,1.36120
-0.61820,1.36120
-0.61819,1.36120
-0.61819,1.36120
-0.61819,1.36120
-0.61819,1.36120
-0.61818,1.36120
-0.61818,1.36120
-0.61818,1.36120
-0.61817,1.36120
-0.61817,1.36120
-0.61816,1.36120
-0.61815,1.36120
-0.61814,1.36120
-0.61812,1.36120
-0.61811,1.36120
-0.61808,1.36120
-0.61805,1.36119
-0.61802,1.36119
-0.61798,1.36119
-0.61794,1.36119
-0.61790,1.36119
-0.61786,1.36119
-0.61782,1.36119
-0.61778,1.36119
-0.61775,1.36119
-0.61773,1.36119
-0.61771,1.36119
-0.61770,1.36119
-0.61769,1.36119
-0.61769,1.36119
-0.61768,1.36119
-0.61768,1.36119
-0.61767,1.36119
-0.61767,1.36119
-0.61767,1.36119
-0.61767,1.36119
-0.61766,1.36119
-0.61766,1.36119
-0.61766,1.36119
-0.61820,1.36120
-0.61820,1.36120
-0.61820,1.36120
-0.61819,1.36120
-0.61819,1.36120
-0.61819,1.36120
-0.61818,1.36120
-0.61818,1.36120
-0.61818,1.36120
-0.61817,1.36120
-0.61817,1.36120
-0.61816,1.36120
-0.61815,1.36120
-0.61814,1.36120
-0.61812,1.36120
-0.61810,1.36120
-0.61808,1.36120
-0.61805,1.36119
-0.61801,1.36119
-0.61797,1.36119
-0.61793,1.36119
-0.61788,1.36119
-0.61784,1.36119
-0.61780,1.36119
-0.61777,1.36119
-0.61774,1.36119
-0.61772,1.36119
-0.61771,1.36119
-0.61770,1.36119
-0.61769,1.36119
-0.61768,1.36119
-0.61768,1.36119
-0.61767,1.36119
-0.61767,1.36119
-0.61767,1.36119
-0.61767,1.36119
-0.61766,1.36119
-0.61766,1.36119
-0.61766,1.36119
-0.61766,1.36119
0.58679,-1.39208
0.58665,-1.39209
0.58615,-1.39212
-0.61819,1.36120
-0.61819,1.36120
-0.61819,1.36120
-0.61819,1.36120
-0.61818,1.36120
-0.61818,1.36120
-0.61817,1.36120
-0.61817,1.36120
-0.61816,1.36120
-0.61815,1.36120
-0.61814,1.36120
-0.61812,1.36120
-0.61810,1.36120
-0.61807,1.36120
-0.61804,1.36119
-0.61800,1.36119
-0.61796,1.36119
-0.61792,1.36119
-0.61787,1.36119
-0.61783,1.36119
-0.61779,1.36119
-0.61776,1.36119
-0.61773,1.36119
-0.61772,1.36119
-0.61770,1.36119
-0.61769,1.36119
-0.61769,1.36119
-0.61768,1.36119
-0.61767,1.36119
-0.61767,1.36119
-0.61767,1.36119
-0.61767,1.36119
-0.61766,1.36119
-0.61766,1.36119
-0.61766,1.36119
-0.61766,1.36119
-0.61766,1.36119
0.58692,-1.39208
0.58689,-1.39208
0.58684,-1.39208
0.58677,-1.39209
0.58664,-1.39209
0.58634,-1.39211
-0.61815,1.36120
-0.61818,1.36120
-0.61818,1.36120
-0.61817,1.36120
-0.61817,1.36120
-0.61816,1.36120
-0.61815,1.36120
-0.61814,1.36120
-0.61812,1.36120
-0.61810,1.36120
-0.61807,1.36120
-0.61803,1.36119
-0.61799,1.36119
-0.61795,1.36119
-0.61790,1.36119
-0.61786,1.36119
-0.61781,1.36119
-0.61778,1.36119
-0.61775,1.36119
-0.61773,1.36119
-0.61771,1.36119
-0.61770,1.36119
-0.61769,1.36119
-0.61768,1.36119
-0.61768,1.36119
-0.61767,1.36119
-0.61767,1.36119
-0.61767,1.36119
-0.61766,1.36119
-0.61766,1.36119
-0.61766,1.36119
-0.61766,1.36119
-0.61766,1.36119
-0.61765,1.36119
0.58696,-1.39207
0.58695,-1.39208
0.58693,-1.39208
0.58690,-1.39208
0.58687,-1.39208
0.58683,-1.39208
0.58676,-1.39209
0.58667,-1.39209
0.58652,-1.39210
0.58620,-1.39212
-0.61808,1.36120
-0.61814,1.36120
-0.61814,1.36120
-0.61812,1.36120
-0.61811,1.36120
-0.61808,1.36120
-0.61805,1.36119
-0.61802,1.36119
-0.61797,1.36119
-0.61793,1.36119
-0.61788,1.36119
-0.61784,1.36119
-0.61780,1.36119
-0.61777,1.36119
-0.61774,1.36119
-0.61772,1.36119
-0.61770,1.36119
-0.61769,1.36119
-0.61768,1.36119
-0.61768,1.36119
-0.61767,1.36119
-0.61767,1.36119
-0.61766,1.36119
-0.61766,1.36119
-0.61766,1.36119
-0.61766,1.36119
-0.61766,1.36119
-0.61766,1.36119
-0.61765,1.36119
-0.61765,1.36119
0.58697,-1.39207
0.58697,-1.39207
0.58696,-1.39207
0.58695,-1.39208
0.58693,-1.39208
0.58691,-1.39208
0.58688,-1.39208
0.58685,-1.39208
0.58681,-1.39208
0.58676,-1.39209
0.58670,-1.39209
0.58661,-1.39210
0.58650,-1.39210
0.58634,-1.39211
0.58606,-1.39213
0.58518,-1.39218
-0.61798,1.36119
-0.61797,1.36119
-0.61794,1.36119
-0.61790,1.36119
-0.61786,1.36119
-0.61782,1.36119
-0.61778,1.36119
-0.61775,1.36119
-0.61773,1.36119
-0.61771,1.36119
-0.61770,1.36119
-0.61769,1.36119
-0.61768,1.36119
-0.61767,1.36119
-0.61767,1.36119
-0.61766,1.36119
-0.61766,1.36119
-0.61766,1.36119
-0.61766,1.36119
-0.61766,1.36119
-0.61765,1.36119
-0.61765,1.36119
-0.61765,1.36119
-0.61765,1.36119
0.58698,-1.39207
0.58697,-1.39207
0.58697,-1.39207
0.58696,-1.39207
0.58696,-1.39207
0.58694,-1.39208
0.58693,-1.39208
0.58691,-1.39208
0.58689,-1.39208
0.58686,-1.39208
0.58683,-1.39208
0.58679,-1.39209
0.58674,-1.39209
0.58668,-1.39209
0.58660,-1.39210
0.58651,-1.39210
0.58638,-1.39211
0.58619,-1.39212
0.58584,-1.39214
0.58456,-1.39222
-0.61783,1.36119
-0.61780,1.36119
-0.61777,1.36119
-0.61774,1.36119
-0.61772,1.36119
-0.61770,1.36119
-0.61769,1.36119
-0.61768,1.36119
-0.61767,1.36119
-0.61767,1.36119
-0.61766,1.36119
-0.61766,1.36119
-0.61766,1.36119
-0.61766,1.36119
-0.61765,1.36119
-0.61765,1.36119
-0.61765,1.36119
-0.61765,1.36119
-0.61765,1.36119
-0.61765,1.36119
0.58698,-1.39207
0.58698,-1.39207
0.58697,-1.39207
0.58697,-1.39207
0.58697,-1.39207
0.58696,-1.39207
0.58695,-1.39207
0.58694,-1.39208
0.58692,-1.39208
0.58690,-1.39208
0.58688,-1.39208
0.58685,-1.39208
0.58682,-1.39208
0.58677,-1.39209
0.58672,-1.39209
0.58666,-1.39209
0.58657,-1.39210
0.58646,-1.39211
0.58632,-1.39211
0.58611,-1.39213
0.58575,-1.39215
0.58461,-1.39222
-0.61777,1.36119
-0.61774,1.36119
-0.61771,1.36119
-0.61769,1.36119
-0.61768,1.36119
-0.61767,1.36119
-0.61767,1.36119
-0.61766,1.36119
-0.61766,1.36119
-0.61766,1.36119
-0.61765,1.36119
-0.61765,1.36119
-0.61765,1.36119
-0.61765,1.36119
-0.61765,1.36119
-0.61765,1.36119
-0.61765,1.36119
-0.61765,1.36119
0.58698,-1.39207
0.58698,-1.39207
0.58698,-1.39207
0.58698,-1.39207
0.58697,-1.39207
0.58697,-1.39207
0.58696,-1.39207
0.58695,-1.39207
0.58694,-1.39208
0.58693,-1.39208
0.58691,-1.39208
0.58689,-1.39208
0.58686,-1.39208
0.58682,-1.39208
0.58678,-1.39209
0.58672,-1.39209
0.58665,-1.39209
0.58657,-1.39210
0.58646,-1.39211
0.58631,-1.39211
0.58612,-1.39213
0.58582,-1.39214
0.58512,-1.39219
-0.61774,1.36119
-0.61770,1.36119
-0.61768,1.36119
-0.61767,1.36119
-0.61766,1.36119
-0.61766,1.36119
-0.61766,1.36119
-0.61765,1.36119
-0.61765,1.36119
-0.61765,1.36119
-0.61765,1.36119
-0.61765,1.36119
-0.61765,1.36119
-0.61765,1.36119
-0.61765,1.36119
-0.61764,1.36119
-0.61764,1.36119
0.58698,-1.39207
0.58698,-1.39207
0.58698,-1.39207
0.58698,-1.39207
0.58698,-1.39207
0.58697,-1.39207
0.58697,-1.39207
0.58696,-1.39207
0.58695,-1.39207
0.58694,-1.39208
0.58693,-1.39208
0.58691,-1.39208
0.58688,-1.39208
0.58685,-1.39208
0.58681,-1.39208
0.58676,-1.39209
0.58670,-1.39209
0.58663,-1.39210
0.58653,-1.39210
0.58641,-1.39211
0.58626,-1.39212
0.58605,-1.39213
0.58572,-1.39215
0.58483,-1.39220
-0.61769,1.36119
-0.61767,1.36119
-0.61766,1.36119
-0.61765,1.36119
-0.61765,1.36119
-0.61765,1.36119
-0.61765,1.36119
-0.61765,1.36119
-0.61765,1.36119
-0.61764,1.36119
-0.61764,1.36119
-0.61764,1.36119
-0.61764,1.36119
-0.61764,1.36119
-0.61764,1.36119
-0.61764,1.36119
0.58698,-1.39207
0.58698,-1.39207
0.58698,-1.39207
0.58698,-1.39207
0.58698,-1.39207
0.58697,-1.39207
0.58697,-1.39207
0.58697,-1.39207
0.58696,-1.39207
0.58695,-1.39207
0.58694,-1.39208
0.58692,-1.39208
0.58690,-1.39208
0.58687,-1.39208
0.58684,-1.39208
0.58679,-1.39208
0.58674,-1.39209
0.58666,-1.39209
0.58658,-1.39210
0.58647,-1.39210
0.58633,-1.39211
0.58615,-1.39212
0.58590,-1.39214
0.58540,-1.39217
-0.61767,1.36119
-0.61765,1.36119
-0.61765,1.36119
-0.61764,1.36119
-0.61764,1.36119
-0.61764,1.36119
-0.61764,1.36119
-0.61764,1.36119
-0.61764,1.36119
-0.61764,1.36119
-0.61764,1.36119
-0.61764,1.36119
-0.61764,1.36119
-0.61764,1.36119
-0.61764,1.36119
-0.61764,1.36119
0.58698,-1.39207
0.58698,-1.39207
0.58698,-1.39207
0.58698,-1.39207
0.58698,-1.39207
0.58698,-1.39207
0.58697,-1.39207
0.58697,-1.39207
0.58697,-1.39207
0.58696,-1.39207
0.58695,-1.39208
0.58693,-1.39208
0.58691,-1.39208
0.58689,-1.39208
0.58686,-1.39208
0.58682,-1.39208
0.58676,-1.39209
0.58670,-1.39209
0.58661,-1.39210
0.58651,-1.39210
0.58638,-1.39211
0.58621,-1.39212
0.58598,-1.39213
0.58555,-1.39216
0.58267,-1.39232
-0.61761,1.36119
-0.61762,1.36119
-0.61763,1.36119
-0.61763,1.36119
-0.61763,1.36119
-0.61763,1.36119
-0.61763,1.36119
-0.61763,1.36119
-0.61763,1.36119
-0.61763,1.36119
-0.61763,1.36119
-0.61763,1.36119
-0.61764,1.36119
-0.61764,1.36119
-0.61764,1.36119
0.58698,-1.39207
0.58698,-1.39207
0.58698,-1.39207
0.58698,-1.39207
0.58698,-1.39207
0.58698,-1.39207
0.58698,-1.39207
0.58697,-1.39207
0.58697,-1.39207
0.58696,-1.39207
0.58695,-1.39207
0.58694,-1.39208
0.58693,-1.39208
0.58690,-1.39208
0.58687,-1.39208
0.58684,-1.39208
0.58679,-1.39209
0.58672,-1.39209
0.58664,-1.39209
0.58653,-1.39210
0.58641,-1.39211
0.58624,-1.39212
0.58600,-1.39213
0.58554,-1.39216
-0.61729,1.36118
-0.61752,1.36119
-0.61757,1.36119
-0.61759,1.36119
-0.61760,1.36119
-0.61761,1.36119
-0.61762,1.36119
-0.61762,1.36119
-0.61762,1.36119
-0.61762,1.36119
-0.61763,1.36119
-0.61763,1.36119
-0.61763,1.36119
-0.61763,1.36119
-0.61763,1.36119
-0.61763,1.36119
0.58698,-1.39207
0.58698,-1.39207
0.58698,-1.39207
0.58698,-1.39207
0.58698,-1.39207
0.58698,-1.39207
0.58698,-1.39207
0.58698,-1.39207
0.58697,-1.39207
0.58697,-1.39207
0.58696,-1.39207
0.58695,-1.39207
0.58694,-1.39208
0.58692,-1.39208
0.58689,-1.39208
0.58686,-1.39208
0.58681,-1.39208
0.58675,-1.39209
0.58666,-1.39209
0.58656,-1.39210
0.58643,-1.39211
0.58625,-1.39212
0.58597,-1.39214
0.58523,-1.39218
-0.61728,1.36118
-0.61742,1.36118
-0.61749,1.36118
-0.61753,1.36119
-0.61756,1.36119
-0.61758,1.36119
-0.61759,1.36119
-0.61760,1.36119
-0.61761,1.36119
-0.61761,1.36119
-0.61762,1.36119
-0.61762,1.36119
-0.61762,1.36119
-0.61762,1.36119
-0.61762,1.36119
-0.61763,1.36119
0.58698,-1.39207
0.58698,-1.39207
0.58698,-1.39207
0.58698,-1.39207
0.58698,-1.39207
0.58698,-1.39207
0.58698,-1.39207
0.58698,-1.39207
0.58698,-1.39207
0.58697,-1.39207
0.58697,-1.39207
0.58696,-1.39207
0.58695,-1.39208
0.58693,-1.39208
0.58691,-1.39208
0.58687,-1.39208
0.58683,-1.39208
0.58677,-1.39209
0.58669,-1.39209
0.58658,-1.39210
0.58643,-1.39211
0.58622,-1.39212
0.58579,-1.39215
-0.61697,1.36117
-0.61724,1.36118
-0.61734,1.36118
-0.61741,1.36118
-0.61746,1.36118
-0.61750,1.36118
-0.61753,1.36119
-0.61756,1.36119
-0.61757,1.36119
-0.61758,1.36119
-0.61759,1.36119
-0.61760,1.36119
-0.61761,1.36119
-0.61761,1.36119
-0.61761,1.36119
-0.61762,1.36119
-0.61762,1.36119
0.58698,-1.39207
0.58698,-1.39207
0.58698,-1.39207
0.58698,-1.39207
0.58698,-1.39207
0.58698,-1.39207
0.58698,-1.39207
0.58698,-1.39207
0.58698,-1.39207
0.58698,-1.39207
0.58697,-1.39207
0.58697,-1.39207
0.58696,-1.39207
0.58694,-1.39208
0.58692,-1.39208
0.58689,-1.39208
0.58685,-1.39208
0.58679,-1.39208
0.58671,-1.39209
0.58660,-1.39210
0.58642,-1.39211
0.58608,-1.39213
-0.61660,1.36117
-0.61706,1.36118
-0.61721,1.36118
-0.61729,1.36118
-0.61736,1.36118
-0.61741,1.36118
-0.61745,1.36118
-0.61749,1.36118
-0.61751,1.36119
-0.61754,1.36119
-0.61756,1.36119
-0.61757,1.36119
-0.61758,1.36119
-0.61759,1.36119
-0.61760,1.36119
-0.61760,1.36119
-0.61761,1.36119
-0.61761,1.36119
0.58698,-1.39207
0.58698,-1.39207
0.58698,-1.39207
0.58698,-1.39207
0.58698,-1.39207
0.58698,-1.39207
0.58698,-1.39207
0.58698,-1.39207
0.58698,-1.39207
0.58698,-1.39207
0.58698,-1.39207
0.58697,-1.39207
0.58696,-1.39207
0.58695,-1.39207
0.58693,-1.39208
0.58691,-1.39208
0.58687,-1.39208
0.58681,-1.39208
0.58673,-1.39209
0.58660,-1.39210
0.58629,-1.39212
-0.61608,1.36116
-0.61681,1.36117
-0.61705,1.36118
-0.61717,1.36118
-0.61725,1.36118
-0.61732,1.36118
-0.61737,1.36118
-0.61741,1.36118
-0.61744,1.36118
-0.61747,1.36118
-0.61750,1.36118
-0.61752,1.36119
-0.61754,1.36119
-0.61756,1.36119
-0.61757,1.36119
-0.61758,1.36119
-0.61759,1.36119
-0.61759,1.36119
-0.61760,1.36119
0.58698,-1.39207
0.58698,-1.39207
0.58698,-1.39207
0.58698,-1.39207
0.58698,-1.39207
0.58698,-1.39207
0.58698,-1.39207
0.58698,-1.39207
0.58698,-1.39207
0.58698,-1.39207
0.58698,-1.39207
0.58698,-1.39207
0.58697,-1.39207
0.58696,-1.39207
0.58694,-1.39208
0.58692,-1.39208
0.58688,-1.39208
0.58683,-1.39208
0.58673,-1.39209
-0.59279,1.36029
-0.61349,1.36110
-0.61615,1.36116
-0.61676,1.36117
-0.61700,1.36118
-0.61713,1.36118
-0.61722,1.36118
-0.61728,1.36118
-0.61733,1.36118
-0.61737,1.36118
-0.61741,1.36118
-0.61744,1.36118
-0.61747,1.36118
-0.61749,1.36118
-0.61751,1.36118
-0.61753,1.36119
-0.61755,1.36119
-0.61756,1.36119
-0.61757,1.36119
-0.61758,1.36119
-0.61759,1.36119
0.58698,-1.39207
0.58698,-1.39207
0.58698,-1.39207
0.58698,-1.39207
0.58698,-1.39207
0.58698,-1.39207
0.58698,-1.39207
0.58698,-1.39207
0.58698,-1.39207
0.58698,-1.39207
0.58698,-1.39207
0.58698,-1.39207
0.58697,-1.39207
0.58697,-1.39207
0.58695,-1.39207
0.58693,-1.39208
0.58689,-1.39208
0.58679,-1.39209
-0.59100,1.36020
-0.60517,1.36085
-0.61328,1.36109
-0.61591,1.36115
-0.61665,1.36117
-0.61694,1.36117
-0.61709,1.36118
-0.61718,1.36118
-0.61725,1.36118
-0.61730,1.36118
-0.61734,1.36118
-0.61738,1.36118
-0.61741,1.36118
-0.61744,1.36118
-0.61746,1.36118
-0.61748,1.36118
-0.61750,1.36118
-0.61752,1.36119
-0.61754,1.36119
-0.61755,1.36119
-0.61756,1.36119
-0.61757,1.36119
0.58698,-1.39207
0.58698,-1.39207
0.58698,-1.39207
0.58698,-1.39207
0.58698,-1.39207
0.58698,-1.39207
0.58698,-1.39207
0.58698,-1.39207
0.58698,-1.39207
0.58698,-1.39207
0.58698,-1.39207
0.58698,-1.39207
0.58698,-1.39207
0.58697,-1.39207
0.58696,-1.39207
0.58694,-1.39208
-0.54898,1.35669
-0.58535,1.35986
-0.59601,1.36046
-0.60516,1.36085
-0.61234,1.36107
-0.61551,1.36115
-0.61649,1.36117
-0.61685,1.36117
-0.61703,1.36118
-0.61714,1.36118
-0.61721,1.36118
-0.61727,1.36118
-0.61731,1.36118
-0.61735,1.36118
-0.61738,1.36118
-0.61741,1.36118
-0.61744,1.36118
-0.61746,1.36118
-0.61748,1.36118
-0.61750,1.36118
-0.61752,1.36119
-0.61753,1.36119
-0.61754,1.36119
-0.61756,1.36119
0.58698,-1.39207
0.58698,-1.39207
0.58698,-1.39207
0.58698,-1.39207
0.58698,-1.39207
0.58698,-1.39207
0.58698,-1.39207
0.58698,-1.39207
0.58698,-1.39207
0.58698,-1.39207
0.58698,-1.39207
0.58698,-1.39207
0.58698,-1.39207
0.58698,-1.39207
0.58697,-1.39207
-0.52922,1.35425
-0.57874,1.35941
-0.58858,1.36006
-0.59628,1.36047
-0.60397,1.36080
-0.61098,1.36103
-0.61491,1.36113
-0.61627,1.36116
-0.61675,1.36117
-0.61697,1.36117
-0.61710,1.36118
-0.61718,1.36118
-0.61724,1.36118
-0.61729,1.36118
-0.61733,1.36118
-0.61736,1.36118
-0.61739,1.36118
-0.61741,1.36118
-0.61744,1.36118
-0.61746,1.36118
-0.61748,1.36118
-0.61749,1.36118
-0.61751,1.36118
-0.61753,1.36119
-0.61754,1.36119
0.58698,-1.39207
0.58698,-1.39207
0.58698,-1.39207
0.58698,-1.39207
0.58698,-1.39207
0.58698,-1.39207
0.58698,-1.39207
0.58698,-1.39207
0.58698,-1.39207
0.58698,-1.39207
0.58698,-1.39207
0.58698,-1.39207
0.58698,-1.39207
0.58698,-1.39207
0.58698,-1.39207
-0.56697,1.35847
-0.58066,1.35955
-0.58848,1.36005
-0.59523,1.36042
-0.60221,1.36074
-0.60921,1.36098
-0.61402,1.36111
-0.61595,1.36115
-0.61662,1.36117
-0.61690,1.36117
-0.61705,1.36118
-0.61715,1.36118
-0.61721,1.36118
-0.61726,1.36118
-0.61730,1.36118
-0.61734,1.36118
-0.61737,1.36118
-0.61739,1.36118
-0.61741,1.36118
-0.61744,1.36118
-0.61746,1.36118
-0.61748,1.36118
-0.61749,1.36118
-0.61751,1.36118
-0.61752,1.36119
0.58698,-1.39207
0.58698,-1.39207
0.58698,-1.39207
0.58698,-1.39207
0.58698,-1.39207
0.58698,-1.39207
0.58698,-1.39207
0.58698,-1.39207
0.58698,-1.39207
0.58698,-1.39207
0.58698,-1.39207
0.58698,-1.39207
0.58698,-1.39207
0.58698,-1.39207
0.58700,-1.39207
-0.56522,1.35832
-0.57897,1.35943
-0.58675,1.35995
-0.59328,1.36032
-0.59992,1.36064
-0.60694,1.36091
-0.61270,1.36108
-0.61546,1.36114
-0.61643,1.36116
-0.61681,1.36117
-0.61699,1.36118
-0.61711,1.36118
-0.61718,1.36118
-0.61724,1.36118
-0.61728,1.36118
-0.61732,1.36118
-0.61735,1.36118
-0.61737,1.36118
-0.61740,1.36118
-0.61742,1.36118
-0.61744,1.36118
-0.61746,1.36118
-0.61747,1.36118
-0.61749,1.36118
-0.61751,1.36118
0.58698,-1.39207
0.58698,-1.39207
0.58698,-1.39207
0.58698,-1.39207
0.58698,-1.39207
0.58698,-1.39207
0.58698,-1.39207
0.58698,-1.39207
0.58698,-1.39207
0.58698,-1.39207
0.58698,-1.39207
0.58699,-1.39207
0.58699,-1.39207
0.58699,-1.39207
0.58701,-1.39207
-0.54813,1.35659
-0.57374,1.35904
-0.58326,1.35973
-0.59024,1.36015
-0.59689,1.36050
-0.60395,1.36080
-0.61062,1.36102
-0.61463,1.36113
-0.61613,1.36116
-0.61667,1.36117
-0.61692,1.36117
-0.61706,1.36118
-0.61714,1.36118
-0.61721,1.36118
-0.61726,1.36118
-0.61729,1.36118
-0.61733,1.36118
-0.61735,1.36118
-0.61738,1.36118
-0.61740,1.36118
-0.61742,1.36118
-0.61744,1.36118
-0.61746,1.36118
-0.61747,1.36118
-0.61749,1.36118
0.58698,-1.39207
0.58698,-1.39207
0.58698,-1.39207
0.58698,-1.39207
0.58698,-1.39207
0.58698,-1.39207
0.58698,-1.39207
0.58698,-1.39207
0.58698,-1.39207
0.58699,-1.39207
0.58699,-1.39207
0.58699,-1.39207
0.58699,-1.39207
0.58700,-1.39207
0.58701,-1.39207
0.58707,-1.39207
-0.55797,1.35763
-0.57637,1.35924
-0.58532,1.35986
-0.59255,1.36028
-0.59979,1.36063
-0.60724,1.36092
-0.61298,1.36109
-0.61556,1.36115
-0.61645,1.36116
-0.61681,1.36117
-0.61699,1.36118
-0.61710,1.36118
-0.61717,1.36118
-0.61723,1.36118
-0.61727,1.36118
-0.61730,1.36118
-0.61733,1.36118
-0.61736,1.36118
-0.61738,1.36118
-0.61740,1.36118
-0.61742,1.36118
-0.61744,1.36118
-0.61746,1.36118
-0.61748,1.36118
0.58698,-1.39207
0.58698,-1.39207
0.58698,-1.39207
0.58698,-1.39207
0.58698,-1.39207
0.58698,-1.39207
0.58699,-1.39207
0.58699,-1.39207
0.58699,-1.39207
0.58699,-1.39207
0.58699,-1.39207
0.58699,-1.39207
0.58700,-1.39207
0.58700,-1.39207
0.58702,-1.39207
0.58705,-1.39207
0.58710,-1.39207
-0.55379,1.35720
-0.57546,1.35917
-0.58540,1.35986
-0.59346,1.36033
-0.60153,1.36071
-0.60925,1.36098
-0.61413,1.36111
-0.61595,1.36115
-0.61659,1.36117
-0.61687,1.36117
-0.61702,1.36118
-0.61712,1.36118
-0.61719,1.36118
-0.61724,1.36118
-0.61728,1.36118
-0.61731,1.36118
-0.61734,1.36118
-0.61736,1.36118
-0.61739,1.36118
-0.61741,1.36118
-0.61742,1.36118
-0.61744,1.36118
-0.61746,1.36118
0.58698,-1.39207
0.58698,-1.39207
0.58698,-1.39207
0.58698,-1.39207
0.58699,-1.39207
0.58699,-1.39207
0.58699,-1.39207
0.58699,-1.39207
0.58699,-1.39207
0.58699,-1.39207
0.58699,-1.39207
0.58699,-1.39207
0.58700,-1.39207
0.58701,-1.39207
0.58703,-1.39207
0.58705,-1.39207
0.58707,-1.39207
0.58710,-1.39207
0.58726,-1.39206
-0.56687,1.35846
-0.58134,1.35960
-0.59124,1.36021
-0.60056,1.36067
-0.60915,1.36098
-0.61423,1.36112
-0.61600,1.36116
-0.61661,1.36117
-0.61688,1.36117
-0.61703,1.36118
-0.61712,1.36118
-0.61719,1.36118
-0.61724,1.36118
-0.61728,1.36118
-0.61731,1.36118
-0.61734,1.36118
-0.61736,1.36118
-0.61739,1.36118
-0.61741,1.36118
-0.61743,1.36118
-0.61744,1.36118
0.58698,-1.39207
0.58699,-1.39207
0.58699,-1.39207
0.58699,-1.39207
0.58699,-1.39207
0.58699,-1.39207
0.58699,-1.39207
0.58699,-1.39207
0.58699,-1.39207
0.58699,-1.39207
0.58699,-1.39207
0.58700,-1.39207
0.58701,-1.39207
0.58702,-1.39207
0.58703,-1.39207
0.58705,-1.39207
0.58708,-1.39207
0.58710,-1.39207
0.58712,-1.39206
0.58714,-1.39206
0.58717,-1.39206
-0.55141,1.35695
-0.57723,1.35930
-0.59097,1.36020
-0.60302,1.36077
-0.61197,1.36106
-0.61544,1.36114
-0.61643,1.36116
-0.61680,1.36117
-0.61698,1.36117
-0.61709,1.36118
-0.61717,1.36118
-0.61722,1.36118
-0.61727,1.36118
-0.61730,1.36118
-0.61734,1.36118
-0.61736,1.36118
-0.61739,1.36118
-0.61741,1.36118
-0.61743,1.36118
0.58699,-1.39207
0.58699,-1.39207
0.58699,-1.39207
0.58699,-1.39207
0.58699,-1.39207
0.58699,-1.39207
0.58699,-1.39207
0.58699,-1.39207
0.58699,-1.39207
0.58699,-1.39207
0.58700,-1.39207
0.58700,-1.39207
0.58701,-1.39207
0.58702,-1.39207
0.58704,-1.39207
0.58706,-1.39207
0.58709,-1.39207
0.58712,-1.39206
0.58715,-1.39206
0.58718,-1.39206
0.58721,-1.39206
0.58724,-1.39206
0.58726,-1.39206
0.58727,-1.39205
0.58726,-1.39206
-0.47018,1.34421
-0.58650,1.35993
-0.60775,1.36094
-0.61511,1.36114
-0.61645,1.36116
-0.61684,1.36117
-0.61701,1.36118
-0.61712,1.36118
-0.61719,1.36118
-0.61724,1.36118
-0.61729,1.36118
-0.61732,1.36118
-0.61735,1.36118
-0.61738,1.36118
-0.61740,1.36118
0.58699,-1.39207
0.58699,-1.39207
0.58699,-1.39207
0.58699,-1.39207
0.58699,-1.39207
0.58699,-1.39207
0.58699,-1.39207
0.58699,-1.39207
0.58699,-1.39207
0.58700,-1.39207
0.58700,-1.39207
0.58701,-1.39207
0.58702,-1.39207
0.58703,-1.39207
0.58705,-1.39207
0.58707,-1.39207
0.58710,-1.39207
0.58713,-1.39206
0.58717,-1.39206
0.58721,-1.39206
0.58725,-1.39206
0.58729,-1.39205
0.58733,-1.39205
0.58737,-1.39205
0.58739,-1.39205
0.58742,-1.39205
0.58743,-1.39204
0.58744,-1.39204
0.58741,-1.39205
0.58730,-1.39205
-0.60813,1.36095
-0.61600,1.36116
-0.61676,1.36117
-0.61700,1.36118
-0.61711,1.36118
-0.61719,1.36118
-0.61725,1.36118
-0.61729,1.36118
-0.61733,1.36118
-0.61736,1.36118
0.58699,-1.39207
0.58699,-1.39207
0.58699,-1.39207
0.58699,-1.39207
0.58699,-1.39207
0.58699,-1.39207
0.58699,-1.39207
0.58699,-1.39207
0.58700,-1.39207
0.58700,-1.39207
0.58701,-1.39207
0.58702,-1.39207
0.58703,-1.39207
0.58704,-1.39207
0.58706,-1.39207
0.58709,-1.39207
0.58712,-1.39206
0.58715,-1.39206
0.58719,-1.39206
0.58723,-1.39206
0.58728,-1.39205
0.58732,-1.39205
0.58736,-1.39205
0.58740,-1.39205
0.58743,-1.39204
0.58745,-1.39204
0.58747,-1.39204
0.58748,-1.39204
0.58749,-1.39204
0.58750,-1.39204
0.58750,-1.39204
0.58749,-1.39204
0.58739,-1.39205
-0.61073,1.36103
-0.61647,1.36116
-0.61693,1.36117
-0.61709,1.36118
-0.61718,1.36118
-0.61724,1.36118
-0.61729,1.36118
0.58699,-1.39207
0.58699,-1.39207
0.58699,-1.39207
0.58699,-1.39207
0.58699,-1.39207
0.58699,-1.39207
0.58699,-1.39207
0.58700,-1.39207
0.58700,-1.39207
0.58700,-1.39207
0.58701,-1.39207
0.58702,-1.39207
0.58703,-1.39207
0.58705,-1.39207
0.58707,-1.39207
0.58710,-1.39207
0.58713,-1.39206
0.58717,-1.39206
0.58721,-1.39206
0.58726,-1.39206
0.58730,-1.39205
0.58735,-1.39205
0.58738,-1.39205
0.58742,-1.39205
0.58744,-1.39204
0.58746,-1.39204
0.58748,-1.39204
0.58749,-1.39204
0.58750,-1.39204
0.58751,-1.39204
0.58752,-1.39204
0.58753,-1.39204
0.58753,-1.39204
0.58753,-1.39204
0.58752,-1.39204
0.58740,-1.39205
-0.61457,1.36112
-0.61676,1.36117
-0.61704,1.36118
-0.61716,1.36118
0.58699,-1.39207
0.58699,-1.39207
0.58699,-1.39207
0.58699,-1.39207
0.58699,-1.39207
0.58699,-1.39207
0.58700,-1.39207
0.58700,-1.39207
0.58700,-1.39207
0.58701,-1.39207
0.58702,-1.39207
0.58703,-1.39207
0.58704,-1.39207
0.58706,-1.39207
0.58708,-1.39207
0.58711,-1.39206
0.58715,-1.39206
0.58718,-1.39206
0.58723,-1.39206
0.58727,-1.39205
0.58732,-1.39205
0.58736,-1.39205
0.58740,-1.39205
0.58743,-1.39204
0.58745,-1.39204
0.58747,-1.39204
0.58749,-1.39204
0.58750,-1.39204
0.58751,-1.39204
0.58752,-1.39204
0.58752,-1.39204
0.58753,-1.39204
0.58753,-1.39204
0.58754,-1.39204
0.58754,-1.39204
0.58754,-1.39204
0.58754,-1.39204
0.58753,-1.39204
-0.49146,1.34830
-0.61618,1.36116
0.58699,-1.39207
0.58699,-1.39207
0.58699,-1.39207
0.58699,-1.39207
0.58699,-1.39207
0.58700,-1.39207
0.58700,-1.39207
0.58700,-1.39207
0.58701,-1.39207
0.58701,-1.39207
0.58702,-1.39207
0.58703,-1.39207
0.58705,-1.39207
0.58707,-1.39207
0.58710,-1.39207
0.58713,-1.39206
0.58716,-1.39206
0.58720,-1.39206
0.58724,-1.39206
0.58729,-1.39205
0.58733,-1.39205
0.58737,-1.39205
0.58741,-1.39205
0.58743,-1.39204
0.58746,-1.39204
0.58747,-1.39204
0.58749,-1.39204
0.58750,-1.39204
0.58751,-1.39204
0.58752,-1.39204
0.58752,-1.39204
0.58753,-1.39204
0.58753,-1.39204
0.58754,-1.39204
0.58754,-1.39204
0.58755,-1.39204
0.58755,-1.39204
0.58755,-1.39204
0.58755,-1.39204
0.58755,-1.39204
0.58699,-1.39207
0.58699,-1.39207
0.58699,-1.39207
0.58699,-1.39207
0.58700,-1.39207
0.58700,-1.39207
0.58700,-1.39207
0.58700,-1.39207
0.58701,-1.39207
0.58702,-1.39207
0.58703,-1.39207
0.58704,-1.39207
0.58706,-1.39207
0.58708,-1.39207
0.58711,-1.39207
0.58714,-1.39206
0.58717,-1.39206
0.58721,-1.39206
0.58726,-1.39206
0.58730,-1.39205
0.58734,-1.39205
0.58738,-1.39205
0.58741,-1.39205
0.58744,-1.39204
0.58746,-1.39204
0.58748,-1.39204
0.58749,-1.39204
0.58750,-1.39204
0.58751,-1.39204
0.58752,-1.39204
0.58752,-1.39204
0.58753,-1.39204
0.58753,-1.39204
0.58754,-1.39204
0.58754,-1.39204
0.58755,-1.39204
0.58755,-1.39204
0.58755,-1.39204
0.58755,-1.39204
0.58756,-1.39204
0.58699,-1.39207
0.58699,-1.39207
0.58699,-1.39207
0.58700,-1.39207
0.58700,-1.39207
0.58700,-1.39207
0.58700,-1.39207
0.58701,-1.39207
0.58701,-1.39207
0.58702,-1.39207
0.58703,-1.39207
0.58705,-1.39207
0.58707,-1.39207
0.58709,-1.39207
0.58712,-1.39206
0.58715,-1.39206
0.58719,-1.39206
0.58723,-1.39206
0.58727,-1.39205
0.58731,-1.39205
0.58735,-1.39205
0.58739,-1.39205
0.58742,-1.39205
0.58744,-1.39204
0.58746,-1.39204
0.58748,-1.39204
0.58749,-1.39204
0.58750,-1.39204
0.58751,-1.39204
0.58752,-1.39204
0.58753,-1.39204
0.58753,-1.39204
0.58754,-1.39204
0.58754,-1.39204
0.58754,-1.39204
0.58755,-1.39204
0.58755,-1.39204
0.58755,-1.39204
0.58755,-1.39204
0.58756,-1.39204
0.58699,-1.39207
0.58699,-1.39207
0.58699,-1.39207
0.58700,-1.39207
0.58700,-1.39207
0.58700,-1.39207
0.58701,-1.39207
0.58701,-1.39207
0.58702,-1.39207
0.58703,-1.39207
0.58704,-1.39207
0.58706,-1.39207
0.58708,-1.39207
0.58710,-1.39207
0.58713,-1.39206
0.58716,-1.39206
0.58720,-1.39206
0.58724,-1.39206
0.58728,-1.39205
0.58732,-1.39205
0.58736,-1.39205
0.58739,-1.39205
0.58742,-1.39205
0.58745,-1.39204
0.58747,-1.39204
0.58748,-1.39204
0.58749,-1.39204
0.58750,-1.39204
0.58751,-1.39204
0.58752,-1.39204
0.58753,-1.39204
0.58753,-1.39204
0.58754,-1.39204
0.58754,-1.39204
0.58754,-1.39204
0.58755,-1.39204
0.58755,-1.39204
0.58755,-1.39204
0.58755,-1.39204
0.58755,-1.39204
