-1.11697,1.15310
-1.11624,1.15378
-1.11542,1.15454
-1.11448,1.15541
-1.11338,1.15642
-1.11207,1.15762
-1.11049,1.15906
-1.10857,1.16080
-1.10622,1.16293
-1.10328,1.16555
-1.09959,1.16882
-1.09487,1.17294
-1.08877,1.17818
-1.08079,1.18488
-1.07031,1.19346
-1.05655,1.20430
-1.03875,1.21769
-1.01633,1.23356
-0.98917,1.25139
-0.95775,1.27024
-0.92301,1.28893
-0.88605,1.30642
-0.84795,1.32190
-0.80991,1.33477
-0.77365,1.34464
-0.74137,1.35145
-0.71497,1.35565
-0.69502,1.35804
-0.68066,1.35934
-0.67051,1.36006
-0.66327,1.36047
-0.65801,1.36071
-0.65408,1.36087
-0.65104,1.36097
-0.64861,1.36105
-0.64659,1.36110
-0.64486,1.36114
-0.64333,1.36117
-0.64194,1.36120
-0.64064,1.36122
-1.11752,1.15259
-1.11663,1.15342
-1.11570,1.15429
-1.11468,1.15523
-1.11352,1.15629
-1.11217,1.15753
-1.11057,1.15899
-1.10864,1.16074
-1.10627,1.16287
-1.10334,1.16549
-1.09965,1.16876
-1.09493,1.17289
-1.08880,1.17815
-1.08075,1.18492
-1.07010,1.19362
-1.05603,1.20470
-1.03769,1.21846
-1.01443,1.23486
-0.98607,1.25334
-0.95312,1.27285
-0.91663,1.29212
-0.87786,1.30996
-0.83818,1.32545
-0.79920,1.33793
-0.76302,1.34709
-0.73193,1.35309
-0.70740,1.35664
-0.68931,1.35860
-0.67643,1.35966
-0.66731,1.36025
-0.66075,1.36059
-0.65592,1.36080
-0.65225,1.36093
-0.64937,1.36102
-0.64703,1.36109
-0.64506,1.36114
-0.64334,1.36117
-0.64182,1.36120
-0.64042,1.36122
-0.63913,1.36124
-1.11888,1.15133
-1.11763,1.15249
-1.11643,1.15361
-1.11522,1.15473
-1.11392,1.15593
-1.11247,1.15726
-1.11079,1.15879
-1.10881,1.16059
-1.10641,1.16275
-1.10345,1.16540
-1.09973,1.16869
-1.09498,1.17284
-1.08880,1.17815
-1.08064,1.18501
-1.06979,1.19388
-1.05534,1.20523
-1.03637,1.21942
-1.01212,1.23642
-0.98240,1.25561
-0.94774,1.27585
-0.90932,1.29569
-0.86867,1.31380
-0.82750,1.32914
-0.78789,1.34104
-0.75227,1.34936
-0.72278,1.35454
-0.70026,1.35748
-0.68396,1.35907
-0.67242,1.35994
-0.66420,1.36042
-0.65823,1.36071
-0.65376,1.36088
-0.65032,1.36100
-0.64757,1.36107
-0.64530,1.36113
-0.64338,1.36117
-0.64169,1.36120
-0.64018,1.36123
-0.63880,1.36125
-0.63753,1.36126
-1.12172,1.14866
-1.11983,1.15044
-1.11811,1.15204
-1.11649,1.15355
-1.11489,1.15503
-1.11320,1.15658
-1.11135,1.15828
-1.10923,1.16021
-1.10672,1.16247
-1.10368,1.16520
-1.09988,1.16856
-1.09505,1.17278
-1.08876,1.17819
-1.08044,1.18518
-1.06930,1.19426
-1.05439,1.20596
-1.03466,1.22066
-1.00926,1.23835
-0.97796,1.25834
-0.94136,1.27933
-0.90084,1.29971
-0.85826,1.31797
-0.81581,1.33295
-0.77603,1.34406
-0.74151,1.35142
-0.71398,1.35579
-0.69353,1.35819
-0.67892,1.35948
-0.66857,1.36018
-0.66113,1.36057
-0.65565,1.36081
-0.65150,1.36096
-0.64825,1.36106
-0.64562,1.36112
-0.64343,1.36117
-0.64155,1.36120
-0.63990,1.36123
-0.63843,1.36125
-0.63710,1.36127
-0.63588,1.36128
-1.11977,1.15050
-1.12273,1.14771
-1.12104,1.14930
-1.11896,1.15125
-1.11687,1.15320
-1.11476,1.15515
-1.11255,1.15718
-1.11014,1.15938
-1.10740,1.16186
-1.10415,1.16477
-1.10017,1.16830
-1.09516,1.17268
-1.08867,1.17826
-1.08008,1.18548
-1.06855,1.19486
-1.05303,1.20701
-1.03234,1.22234
-1.00554,1.24082
-0.97238,1.26170
-0.93357,1.28348
-0.89079,1.30431
-0.84636,1.32249
-0.80302,1.33683
-0.76371,1.34693
-0.73087,1.35327
-0.70557,1.35686
-0.68716,1.35879
-0.67410,1.35982
-0.66479,1.36039
-0.65802,1.36071
-0.65297,1.36091
-0.64908,1.36103
-0.64601,1.36111
-0.64350,1.36117
-0.64140,1.36121
-0.63960,1.36124
-0.63802,1.36126
-0.63662,1.36127
-0.63536,1.36128
-0.63422,1.36129
0.03876,-1.12663
-0.04768,-1.03719
-0.15347,-0.90728
-1.11405,1.15580
-1.11837,1.15180
-1.11688,1.15319
-1.11449,1.15539
-1.11174,1.15792
-1.10862,1.16076
-1.10501,1.16400
-1.10069,1.16784
-1.09534,1.17253
-1.08847,1.17843
-1.07943,1.18601
-1.06730,1.19586
-1.05092,1.20862
-1.02898,1.22474
-1.00044,1.24417
-0.96504,1.26603
-0.92372,1.28857
-0.87860,1.30965
-0.83264,1.32739
-0.78911,1.34072
-0.75107,1.34960
-0.72048,1.35488
-0.69756,1.35777
-0.68110,1.35931
-0.66940,1.36013
-0.66099,1.36058
-0.65480,1.36084
-0.65012,1.36100
-0.64649,1.36110
-0.64360,1.36117
-0.64123,1.36121
-0.63925,1.36124
-0.63755,1.36126
-0.63608,1.36128
-0.63478,1.36129
-0.63362,1.36129
-0.63258,1.36130
0.28504,-1.31402
0.18419,-1.24915
0.09426,-1.17738
0.01737,-1.10571
-0.05060,-1.03393
-0.12605,-0.94349
-1.08506,1.18131
-1.10853,1.16084
-1.10829,1.16106
-1.10518,1.16385
-1.10072,1.16781
-1.09498,1.17284
-1.08757,1.17920
-1.07783,1.18733
-1.06479,1.19786
-1.04716,1.21145
-1.02352,1.22858
-0.99275,1.24913
-0.95467,1.27198
-0.91064,1.29505
-0.86345,1.31591
-0.81676,1.33265
-0.77416,1.34451
-0.73837,1.35199
-0.71049,1.35625
-0.68996,1.35854
-0.67526,1.35974
-0.66474,1.36039
-0.65709,1.36075
-0.65141,1.36096
-0.64708,1.36109
-0.64371,1.36116
-0.64102,1.36121
-0.63883,1.36125
-0.63700,1.36127
-0.63545,1.36128
-0.63411,1.36129
-0.63294,1.36130
-0.63190,1.36130
-0.63097,1.36130
0.46589,-1.38386
0.39521,-1.36430
0.30847,-1.32660
0.22045,-1.27443
0.14103,-1.21631
0.07239,-1.15798
0.01361,-1.10196
-0.03782,-1.04807
-0.08731,-0.99149
-0.14687,-0.91617
-1.03056,1.22361
-1.07881,1.18653
-1.07785,1.18732
-1.06956,1.19406
-1.05629,1.20451
-1.03749,1.21861
-1.01196,1.23653
-0.97874,1.25786
-0.93806,1.28110
-0.89198,1.30378
-0.84413,1.32331
-0.79858,1.33811
-0.75860,1.34804
-0.72601,1.35404
-0.70104,1.35739
-0.68272,1.35918
-0.66951,1.36012
-0.65998,1.36063
-0.65299,1.36091
-0.64779,1.36107
-0.64383,1.36116
-0.64076,1.36122
-0.63833,1.36125
-0.63635,1.36127
-0.63472,1.36129
-0.63334,1.36129
-0.63215,1.36130
-0.63112,1.36130
-0.63022,1.36130
-0.62941,1.36130
0.53244,-1.39235
0.50382,-1.38990
0.45850,-1.38231
0.39519,-1.36430
0.31981,-1.33233
0.24276,-1.28890
0.17207,-1.24023
0.11059,-1.19136
0.05794,-1.14473
0.01288,-1.10122
-0.02597,-1.06092
-0.06038,-1.02289
-0.09255,-0.98519
-0.12525,-0.94452
-0.16411,-0.89267
-0.23597,-0.78464
-0.94285,1.27852
-0.93374,1.28339
-0.90206,1.29914
-0.86164,1.31663
-0.81896,1.33194
-0.77858,1.34343
-0.74335,1.35108
-0.71455,1.35571
-0.69227,1.35832
-0.67573,1.35971
-0.66370,1.36045
-0.65498,1.36084
-0.64863,1.36105
-0.64393,1.36116
-0.64040,1.36122
-0.63769,1.36126
-0.63556,1.36128
-0.63384,1.36129
-0.63243,1.36130
-0.63124,1.36130
-0.63022,1.36130
-0.62934,1.36130
-0.62856,1.36130
-0.62788,1.36130
0.55352,-1.39300
0.54086,-1.39273
0.52047,-1.39155
0.48868,-1.38787
0.44272,-1.37861
0.38313,-1.35992
0.31496,-1.32991
0.24563,-1.29070
0.18111,-1.24691
0.12417,-1.20267
0.07511,-1.16042
0.03306,-1.12112
-0.00321,-1.08486
-0.03501,-1.05114
-0.06376,-1.01904
-0.09096,-0.98711
-0.11836,-0.95329
-0.14843,-0.91409
-0.18679,-0.86042
-0.26911,-0.72838
-0.79035,1.34039
-0.75992,1.34776
-0.73037,1.35335
-0.70470,1.35697
-0.68419,1.35905
-0.66877,1.36017
-0.65759,1.36073
-0.64963,1.36102
-0.64396,1.36116
-0.63987,1.36123
-0.63685,1.36127
-0.63455,1.36129
-0.63276,1.36130
-0.63132,1.36130
-0.63014,1.36130
-0.62915,1.36130
-0.62830,1.36130
-0.62756,1.36130
-0.62692,1.36129
-0.62636,1.36129
0.56241,-1.39299
0.55532,-1.39301
0.54438,-1.39284
0.52739,-1.39205
0.50158,-1.38963
0.46437,-1.38355
0.41481,-1.37077
0.35483,-1.34854
0.28923,-1.31634
0.22382,-1.27666
0.16306,-1.23344
0.10912,-1.19012
0.06230,-1.14876
0.02185,-1.11016
-0.01344,-1.07422
-0.04489,-1.04029
-0.07379,-1.00744
-0.10135,-0.97449
-0.12888,-0.93984
-0.15834,-0.90063
-0.19475,-0.84872
-0.26699,-0.73212
-0.72810,1.35371
-0.69791,1.35774
-0.67666,1.35965
-0.66141,1.36056
-0.65092,1.36098
-0.64384,1.36116
-0.63903,1.36124
-0.63567,1.36128
-0.63322,1.36130
-0.63137,1.36130
-0.62993,1.36130
-0.62877,1.36130
-0.62782,1.36130
-0.62703,1.36129
-0.62635,1.36129
-0.62576,1.36129
-0.62524,1.36128
-0.62480,1.36128
0.56742,-1.39290
0.56279,-1.39298
0.55591,-1.39301
0.54547,-1.39287
0.52954,-1.39219
0.50572,-1.39012
0.47162,-1.38497
0.42589,-1.37408
0.36934,-1.35457
0.30540,-1.32500
0.23930,-1.28671
0.17605,-1.24319
0.11883,-1.19826
0.06873,-1.15465
0.02542,-1.11367
-0.01217,-1.07554
-0.04528,-1.03986
-0.07514,-1.00586
-0.10288,-0.97261
-0.12965,-0.93884
-0.15713,-0.90229
-0.18902,-0.85717
-0.23970,-0.77853
-0.70409,1.35704
-0.66925,1.36014
-0.65300,1.36091
-0.64347,1.36117
-0.63765,1.36126
-0.63390,1.36129
-0.63132,1.36130
-0.62947,1.36130
-0.62807,1.36130
-0.62698,1.36129
-0.62611,1.36129
-0.62540,1.36129
-0.62480,1.36128
-0.62429,1.36128
-0.62385,1.36127
-0.62346,1.36127
-0.62313,1.36127
0.57081,-1.39282
0.56754,-1.39290
0.56282,-1.39298
0.55582,-1.39301
0.54519,-1.39286
0.52904,-1.39216
0.50496,-1.39003
0.47055,-1.38477
0.42432,-1.37363
0.36684,-1.35356
0.30141,-1.32291
0.23347,-1.28297
0.16841,-1.23749
0.10972,-1.19063
0.05861,-1.14535
0.01469,-1.10304
-0.02314,-1.06394
-0.05618,-1.02765
-0.08566,-0.99345
-0.11275,-0.96037
-0.13873,-0.92699
-0.16563,-0.89055
-0.19803,-0.84384
-0.25586,-0.75141
-0.66137,1.36056
-0.64272,1.36118
-0.63511,1.36128
-0.63095,1.36130
-0.62836,1.36130
-0.62661,1.36129
-0.62537,1.36129
-0.62444,1.36128
-0.62373,1.36127
-0.62317,1.36127
-0.62271,1.36126
-0.62233,1.36126
-0.62201,1.36125
-0.62173,1.36125
-0.62149,1.36125
-0.62128,1.36124
0.57335,-1.39274
0.57094,-1.39281
0.56756,-1.39290
0.56265,-1.39298
0.55528,-1.39301
0.54403,-1.39283
0.52680,-1.39201
0.50098,-1.38956
0.46398,-1.38347
0.41429,-1.37061
0.35284,-1.34768
0.28377,-1.31331
0.21335,-1.26964
0.14730,-1.22126
0.08880,-1.17261
0.03856,-1.12643
-0.00419,-1.08384
-0.04077,-1.04484
-0.07258,-1.00886
-0.10091,-0.97502
-0.12713,-0.94210
-0.15294,-0.90799
-0.18147,-0.86813
-0.22168,-0.80755
-0.64053,1.36122
-0.62848,1.36130
-0.62466,1.36128
-0.62273,1.36126
-0.62159,1.36125
-0.62087,1.36124
-0.62039,1.36123
-0.62006,1.36123
-0.61983,1.36122
-0.61966,1.36122
-0.61953,1.36122
-0.61943,1.36122
-0.61934,1.36122
-0.61926,1.36122
-0.61920,1.36121
-0.61913,1.36121
0.57535,-1.39266
0.57354,-1.39273
0.57105,-1.39281
0.56752,-1.39290
0.56233,-1.39299
0.55443,-1.39301
0.54220,-1.39277
0.52321,-1.39176
0.49446,-1.38871
0.45309,-1.38110
0.39777,-1.36519
0.33047,-1.33751
0.25691,-1.29765
0.18447,-1.24935
0.11865,-1.19812
0.06177,-1.14827
0.01365,-1.10200
-0.02694,-1.05987
-0.06158,-1.02152
-0.09180,-0.98610
-0.11912,-0.95233
-0.14535,-0.91820
-0.17343,-0.87961
-0.21090,-0.82433
-0.33603,-0.59940
-0.60041,1.36066
-0.60695,1.36091
-0.60976,1.36100
-0.61145,1.36105
-0.61261,1.36108
-0.61347,1.36110
-0.61414,1.36111
-0.61468,1.36113
-0.61513,1.36114
-0.61549,1.36114
-0.61580,1.36115
-0.61605,1.36116
-0.61625,1.36116
-0.61642,1.36116
-0.61655,1.36117
0.57699,-1.39260
0.57560,-1.39265
0.57374,-1.39272
0.57116,-1.39281
0.56745,-1.39290
0.56191,-1.39299
0.55334,-1.39300
0.53980,-1.39269
0.51839,-1.39138
0.48556,-1.38739
0.43819,-1.37745
0.37556,-1.35703
0.30148,-1.32295
0.22381,-1.27666
0.15059,-1.22384
0.08638,-1.17047
0.03213,-1.12022
-0.01322,-1.07444
-0.05139,-1.03305
-0.08418,-0.99522
-0.11341,-0.95953
-0.14120,-0.92372
-0.17095,-0.88311
-0.21215,-0.82241
-0.43929,1.33737
-0.54353,1.35606
-0.57121,1.35883
-0.58542,1.35987
-0.59377,1.36035
-0.59910,1.36060
-0.60275,1.36076
-0.60538,1.36086
-0.60735,1.36092
-0.60887,1.36097
-0.61007,1.36101
-0.61103,1.36103
-0.61180,1.36106
-0.61243,1.36107
-0.61294,1.36109
-0.61336,1.36110
0.57837,-1.39254
0.57728,-1.39258
0.57587,-1.39264
0.57396,-1.39271
0.57129,-1.39280
0.56739,-1.39290
0.56145,-1.39300
0.55206,-1.39299
0.53685,-1.39257
0.51229,-1.39082
0.47413,-1.38544
0.41910,-1.37209
0.34785,-1.34549
0.26699,-1.30367
0.18653,-1.25085
0.11413,-1.19435
0.05265,-1.13979
0.00152,-1.08972
-0.04110,-1.04448
-0.07737,-1.00325
-0.10954,-0.96437
-0.14032,-0.92489
-0.17461,-0.87794
-0.23295,-0.78954
-0.43504,1.33634
-0.49008,1.34805
-0.52407,1.35354
-0.54838,1.35662
-0.56558,1.35835
-0.57760,1.35933
-0.58605,1.35990
-0.59212,1.36026
-0.59658,1.36049
-0.59994,1.36064
-0.60253,1.36075
-0.60456,1.36083
-0.60617,1.36088
-0.60747,1.36093
-0.60851,1.36096
-0.60936,1.36099
0.57956,-1.39248
0.57870,-1.39252
0.57761,-1.39257
0.57618,-1.39263
0.57423,-1.39270
0.57146,-1.39280
0.56736,-1.39290
0.56098,-1.39300
0.55062,-1.39297
0.53334,-1.39240
0.50474,-1.39001
0.45970,-1.38257
0.39523,-1.36431
0.31451,-1.32968
0.22782,-1.27930
0.14646,-1.22061
0.07638,-1.16157
0.01815,-1.10649
-0.03016,-1.05641
-0.07119,-1.01046
-0.10787,-0.96644
-0.14429,-0.91962
-0.19130,-0.85382
-0.34792,1.31095
-0.42273,1.33326
-0.45952,1.34197
-0.48833,1.34773
-0.51275,1.35186
-0.53336,1.35480
-0.55018,1.35682
-0.56345,1.35815
-0.57369,1.35903
-0.58154,1.35961
-0.58756,1.36000
-0.59222,1.36026
-0.59585,1.36045
-0.59872,1.36059
-0.60101,1.36069
-0.60284,1.36076
-0.60433,1.36082
0.58060,-1.39243
0.57992,-1.39246
0.57907,-1.39250
0.57799,-1.39255
0.57655,-1.39261
0.57457,-1.39269
0.57173,-1.39279
0.56743,-1.39290
0.56058,-1.39300
0.54908,-1.39294
0.52922,-1.39217
0.49535,-1.38883
0.44140,-1.37828
0.36548,-1.35301
0.27509,-1.30838
0.18442,-1.24932
0.10417,-1.18591
0.03718,-1.12511
-0.01845,-1.06893
-0.06621,-1.01622
-0.11067,-0.96297
-0.16175,-0.89594
-0.27798,1.28438
-0.37177,1.31874
-0.41175,1.33037
-0.44085,1.33774
-0.46514,1.34317
-0.48671,1.34743
-0.50626,1.35083
-0.52381,1.35350
-0.53918,1.35554
-0.55225,1.35704
-0.56309,1.35812
-0.57190,1.35889
-0.57898,1.35943
-0.58465,1.35982
-0.58919,1.36009
-0.59282,1.36030
-0.59574,1.36045
-0.59810,1.36056
0.58153,-1.39238
0.58099,-1.39241
0.58033,-1.39244
0.57950,-1.39248
0.57843,-1.39253
0.57701,-1.39260
0.57502,-1.39267
0.57213,-1.39278
0.56766,-1.39290
0.56032,-1.39300
0.54749,-1.39291
0.52429,-1.39184
0.48329,-1.38702
0.41739,-1.37157
0.32770,-1.33618
0.22832,-1.27962
0.13609,-1.21236
0.05819,-1.14496
-0.00711,-1.08082
-0.06581,-1.01668
-0.13341,-0.93396
-0.20631,1.25083
-0.31547,1.29933
-0.36677,1.31716
-0.40085,1.32738
-0.42698,1.33434
-0.44885,1.33960
-0.46823,1.34381
-0.48598,1.34730
-0.50245,1.35021
-0.51767,1.35261
-0.53153,1.35456
-0.54386,1.35610
-0.55459,1.35729
-0.56373,1.35818
-0.57140,1.35885
-0.57774,1.35934
-0.58294,1.35970
-0.58719,1.35998
-0.59065,1.36018
0.58239,-1.39234
0.58196,-1.39236
0.58145,-1.39239
0.58082,-1.39242
0.58002,-1.39246
0.57899,-1.39251
0.57760,-1.39257
0.57564,-1.39265
0.57274,-1.39276
0.56815,-1.39289
0.56030,-1.39300
0.54582,-1.39288
0.51797,-1.39134
0.46638,-1.38396
0.38330,-1.35999
0.27678,-1.30936
0.16957,-1.23836
0.07634,-1.16154
-0.00654,-1.08141
0.41990,0.31311
0.02064,1.08284
-0.21493,1.25524
-0.30530,1.29544
-0.35562,1.31354
-0.38944,1.32410
-0.41501,1.33125
-0.43596,1.33657
-0.45417,1.34080
-0.47064,1.34430
-0.48592,1.34728
-0.50027,1.34984
-0.51374,1.35202
-0.52627,1.35385
-0.53775,1.35536
-0.54809,1.35659
-0.55720,1.35755
-0.56508,1.35830
-0.57180,1.35888
-0.57744,1.35932
-0.58213,1.35965
0.58319,-1.39230
0.58286,-1.39231
0.58247,-1.39233
0.58200,-1.39236
0.58141,-1.39239
0.58067,-1.39243
0.57970,-1.39247
0.57837,-1.39254
0.57649,-1.39262
0.57365,-1.39272
0.56900,-1.39287
0.56060,-1.39300
0.54380,-1.39282
0.50827,-1.39040
0.43772,-1.37733
0.32460,-1.33469
0.19009,-1.25341
0.03226,-1.12035
0.42491,0.29926
0.33902,0.52439
0.03581,1.06659
-0.18672,1.24041
-0.28602,1.28773
-0.34120,1.30865
-0.37726,1.32044
-0.40370,1.32817
-0.42476,1.33378
-0.44259,1.33815
-0.45839,1.34172
-0.47285,1.34475
-0.48636,1.34737
-0.49914,1.34965
-0.51127,1.35163
-0.52272,1.35335
-0.53343,1.35481
-0.54328,1.35603
-0.55219,1.35703
-0.56008,1.35784
-0.56696,1.35847
-0.57284,1.35896
0.58397,-1.39225
0.58372,-1.39227
0.58344,-1.39228
0.58310,-1.39230
0.58269,-1.39232
0.58217,-1.39235
0.58151,-1.39239
0.58063,-1.39243
0.57942,-1.39249
0.57768,-1.39257
0.57498,-1.39268
0.57034,-1.39283
0.56122,-1.39300
0.54018,-1.39270
0.48614,-1.38748
0.35458,-1.34843
0.47260,0.16327
0.43711,0.26515
0.40874,0.34366
0.33914,0.52409
0.09806,0.99030
-0.14477,1.21604
-0.26088,1.27699
-0.32414,1.30256
-0.36411,1.31631
-0.39243,1.32497
-0.41432,1.33106
-0.43237,1.33569
-0.44799,1.33940
-0.46203,1.34251
-0.47497,1.34518
-0.48715,1.34751
-0.49873,1.34958
-0.50982,1.35141
-0.52041,1.35302
-0.53045,1.35442
-0.53985,1.35562
-0.54849,1.35663
-0.55629,1.35746
-0.56320,1.35813
0.58473,-1.39221
0.58458,-1.39222
0.58439,-1.39223
0.58417,-1.39224
0.58391,-1.39226
0.58358,-1.39227
0.58317,-1.39230
0.58263,-1.39233
0.58190,-1.39236
0.58089,-1.39242
0.57938,-1.39249
0.57695,-1.39260
0.57242,-1.39277
0.56191,-1.39299
0.52543,-1.39192
0.48299,0.13284
0.44724,0.23645
0.43068,0.28319
0.40763,0.34667
0.35464,0.48544
0.17418,0.87293
-0.08994,1.17931
-0.22987,1.26262
-0.30429,1.29505
-0.34970,1.31156
-0.38081,1.32152
-0.40413,1.32829
-0.42285,1.33329
-0.43869,1.33722
-0.45262,1.34045
-0.46528,1.34320
-0.47704,1.34558
-0.48816,1.34770
-0.49882,1.34959
-0.50910,1.35129
-0.51901,1.35281
-0.52851,1.35416
-0.53750,1.35533
-0.54589,1.35634
-0.55355,1.35718
0.58552,-1.39216
0.58545,-1.39217
0.58537,-1.39217
0.58527,-1.39218
0.58515,-1.39218
0.58500,-1.39219
0.58481,-1.39220
0.58456,-1.39222
0.58423,-1.39224
0.58377,-1.39226
0.58311,-1.39230
0.58209,-1.39236
0.58031,-1.39245
0.57644,-1.39262
0.55895,-1.39301
0.45974,0.20061
0.44462,0.24392
0.43090,0.28257
0.41176,0.33543
0.37227,0.44041
0.24766,0.73268
-0.01870,1.12125
-0.19127,1.24288
-0.28084,1.28558
-0.33353,1.30595
-0.36838,1.31767
-0.39372,1.32534
-0.41354,1.33085
-0.42992,1.33508
-0.44406,1.33849
-0.45666,1.34135
-0.46821,1.34381
-0.47902,1.34597
-0.48932,1.34791
-0.49925,1.34967
-0.50890,1.35126
-0.51828,1.35270
-0.52734,1.35400
-0.53601,1.35514
-0.54416,1.35614
0.58635,-1.39211
0.58638,-1.39211
0.58641,-1.39211
0.58644,-1.39211
0.58648,-1.39210
0.58652,-1.39210
0.58657,-1.39210
0.58663,-1.39209
0.58670,-1.39209
0.58681,-1.39208
0.58698,-1.39207
0.58729,-1.39205
0.58801,-1.39201
0.59058,-1.39183
0.64847,-1.38451
0.46124,0.19630
0.44694,0.23731
0.43448,0.27255
0.41841,0.31721
0.38912,0.39628
0.30837,0.59809
0.07507,1.02039
-0.14061,1.21345
-0.25179,1.27290
-0.31453,1.29898
-0.35446,1.31315
-0.38256,1.32205
-0.40395,1.32824
-0.42123,1.33287
-0.43584,1.33654
-0.44864,1.33955
-0.46019,1.34211
-0.47086,1.34435
-0.48091,1.34634
-0.49056,1.34814
-0.49992,1.34978
-0.50908,1.35129
-0.51805,1.35267
-0.52678,1.35392
-0.53518,1.35504
0.58726,-1.39206
0.58740,-1.39205
0.58756,-1.39204
0.58775,-1.39202
0.58797,-1.39201
0.58825,-1.39199
0.58859,-1.39197
0.58904,-1.39194
0.58965,-1.39190
0.59052,-1.39184
0.59188,-1.39174
0.59427,-1.39156
0.59935,-1.39114
0.61444,-1.38959
0.69579,-1.37400
0.47311,0.16179
0.45317,0.21950
0.44068,0.25507
0.42682,0.29394
0.40506,0.35363
0.35480,0.48504
0.19098,0.84319
-0.06693,1.16198
-0.21235,1.25392
-0.29028,1.28947
-0.33762,1.30740
-0.36968,1.31808
-0.39334,1.32523
-0.41198,1.33044
-0.42742,1.33446
-0.44070,1.33770
-0.45249,1.34042
-0.46321,1.34276
-0.47319,1.34482
-0.48267,1.34667
-0.49181,1.34836
-0.50075,1.34992
-0.50955,1.35136
-0.51821,1.35269
-0.52669,1.35391
0.58830,-1.39199
0.58857,-1.39197
0.58889,-1.39195
0.58927,-1.39192
0.58974,-1.39189
0.59032,-1.39185
0.59107,-1.39180
0.59207,-1.39173
0.59346,-1.39162
0.59553,-1.39146
0.59886,-1.39119
0.60480,-1.39064
0.61689,-1.38930
0.64480,-1.38516
0.71084,-1.36987
0.85537,-1.31228
0.46678,0.18022
0.45020,0.22803
0.43717,0.26499
0.42062,0.31111
0.38998,0.39402
0.30207,0.61280
0.05601,1.04360
-0.15013,1.21931
-0.25493,1.27433
-0.31461,1.29901
-0.35302,1.31267
-0.38026,1.32136
-0.40108,1.32744
-0.41790,1.33201
-0.43209,1.33562
-0.44446,1.33859
-0.45553,1.34110
-0.46567,1.34328
-0.47516,1.34521
-0.48423,1.34697
-0.49302,1.34858
-0.50166,1.35007
-0.51020,1.35147
-0.51865,1.35276
0.58950,-1.39191
0.58994,-1.39188
0.59046,-1.39184
0.59110,-1.39180
0.59189,-1.39174
0.59289,-1.39167
0.59421,-1.39157
0.59601,-1.39142
0.59858,-1.39121
0.60246,-1.39086
0.60872,-1.39023
0.61945,-1.38898
0.63873,-1.38619
0.67287,-1.37957
0.72734,-1.36491
0.79990,-1.33813
0.89449,-1.29125
0.46961,0.17201
0.45126,0.22498
0.43703,0.26537
0.41783,0.31880
0.37785,0.42592
0.24619,0.73575
-0.02655,1.12832
-0.19193,1.24323
-0.27710,1.28400
-0.32769,1.30385
-0.36149,1.31546
-0.38621,1.32314
-0.40553,1.32868
-0.42140,1.33292
-0.43494,1.33632
-0.44683,1.33914
-0.45754,1.34154
-0.46738,1.34364
-0.47663,1.34550
-0.48547,1.34720
-0.49408,1.34877
-0.50256,1.35022
-0.51096,1.35158
0.59093,-1.39181
0.59159,-1.39176
0.59238,-1.39171
0.59335,-1.39163
0.59457,-1.39154
0.59615,-1.39141
0.59825,-1.39124
0.60117,-1.39098
0.60536,-1.39058
0.61165,-1.38991
0.62146,-1.38872
0.63707,-1.38645
0.66163,-1.38198
0.69809,-1.37339
0.74638,-1.35867
0.80094,-1.33769
0.85353,-1.31322
0.90208,-1.28688
1.04690,-1.18418
0.45983,0.20035
0.44364,0.24671
0.42427,0.30101
0.38495,0.40730
0.24959,0.72866
-0.03439,1.13520
-0.19724,1.24608
-0.27979,1.28514
-0.32896,1.30431
-0.36209,1.31566
-0.38652,1.32323
-0.40575,1.32874
-0.42164,1.33298
-0.43526,1.33640
-0.44725,1.33923
-0.45806,1.34165
-0.46799,1.34376
-0.47731,1.34564
-0.48620,1.34734
-0.49483,1.34890
-0.50331,1.35035
0.59266,-1.39168
0.59360,-1.39161
0.59473,-1.39153
0.59614,-1.39141
0.59792,-1.39127
0.60025,-1.39106
0.60338,-1.39077
0.60771,-1.39034
0.61388,-1.38966
0.62292,-1.38853
0.63631,-1.38657
0.65605,-1.38309
0.68420,-1.37693
0.72183,-1.36662
0.76736,-1.35113
0.81600,-1.33111
0.86189,-1.30894
0.90105,-1.28748
0.93192,-1.26884
0.95476,-1.25400
0.97904,-1.23723
0.47112,0.16760
0.44916,0.23099
0.42497,0.29908
0.36475,0.45976
0.12006,0.95926
-0.13833,1.21202
-0.25240,1.27318
-0.31323,1.29849
-0.35167,1.31222
-0.37898,1.32096
-0.40003,1.32715
-0.41723,1.33183
-0.43188,1.33557
-0.44473,1.33865
-0.45628,1.34126
-0.46685,1.34352
-0.47669,1.34552
-0.48601,1.34730
-0.49497,1.34892
0.59477,-1.39152
0.59605,-1.39142
0.59762,-1.39129
0.59957,-1.39112
0.60206,-1.39090
0.60530,-1.39059
0.60965,-1.39014
0.61560,-1.38946
0.62392,-1.38840
0.63569,-1.38667
0.65232,-1.38380
0.67541,-1.37900
0.70624,-1.37117
0.74494,-1.35916
0.78951,-1.34246
0.83610,-1.32179
0.88071,-1.29893
0.92087,-1.27569
0.95574,-1.25334
0.98546,-1.23260
1.01035,-1.21393
1.03053,-1.19787
1.04552,-1.18536
1.05359,-1.17841
1.04906,-1.18233
0.50704,0.06237
0.43498,0.27115
0.29010,0.64025
-0.10790,1.19201
-0.25485,1.27429
-0.32037,1.30117
-0.35886,1.31460
-0.38555,1.32295
-0.40614,1.32885
-0.42316,1.33337
-0.43787,1.33703
-0.45097,1.34008
-0.46289,1.34269
-0.47391,1.34496
-0.48421,1.34696
0.59734,-1.39131
0.59904,-1.39117
0.60112,-1.39098
0.60371,-1.39074
0.60701,-1.39041
0.61129,-1.38996
0.61695,-1.38929
0.62459,-1.38831
0.63503,-1.38678
0.64935,-1.38435
0.66884,-1.38046
0.69476,-1.37427
0.72785,-1.36475
0.76765,-1.35103
0.81199,-1.33289
0.85765,-1.31113
0.90166,-1.28713
0.94231,-1.26220
0.97900,-1.23726
1.01160,-1.21297
1.04004,-1.18999
1.06418,-1.16906
1.08395,-1.15086
1.09953,-1.13580
1.11132,-1.12395
1.11978,-1.11520
1.12509,-1.10961
1.12641,-1.10821
1.11838,-1.11667
1.06778,-1.16582
0.28029,0.66232
-0.19731,1.24611
-0.30636,1.29585
-0.35502,1.31334
-0.38493,1.32276
-0.40695,1.32907
-0.42497,1.33383
-0.44063,1.33769
-0.45473,1.34092
-0.46769,1.34370
0.60042,-1.39105
0.60260,-1.39085
0.60526,-1.39059
0.60855,-1.39025
0.61272,-1.38979
0.61806,-1.38916
0.62506,-1.38824
0.63435,-1.38688
0.64679,-1.38481
0.66345,-1.38160
0.68551,-1.37661
0.71395,-1.36897
0.74905,-1.35774
0.78986,-1.34231
0.83406,-1.32276
0.87880,-1.29997
0.92178,-1.27513
0.96166,-1.24934
0.99787,-1.22345
1.03002,-1.19829
1.05771,-1.17481
1.08066,-1.15396
1.09891,-1.13641
1.11296,-1.12227
1.12358,-1.11121
1.13154,-1.10269
1.13754,-1.09614
1.14207,-1.09112
1.14541,-1.08737
1.14760,-1.08489
1.14818,-1.08424
1.14457,-1.08831
1.10885,-1.12646
0.18603,0.85210
-0.25831,1.27584
-0.33977,1.30815
-0.37836,1.32078
-0.40371,1.32818
-0.42366,1.33350
-0.44090,1.33775
0.60404,-1.39071
0.60673,-1.39044
0.60999,-1.39010
0.61400,-1.38965
0.61902,-1.38904
0.62542,-1.38819
0.63369,-1.38698
0.64454,-1.38521
0.65886,-1.38253
0.67773,-1.37846
0.70219,-1.37229
0.73294,-1.36314
0.76980,-1.35021
0.81134,-1.33318
0.85512,-1.31241
0.89862,-1.28888
0.94000,-1.26369
0.97827,-1.23777
1.01290,-1.21196
1.04340,-1.18716
1.06932,-1.16443
1.09042,-1.14469
1.10690,-1.12844
1.11940,-1.11560
1.12876,-1.10568
1.13579,-1.09806
1.14113,-1.09216
1.14527,-1.08753
1.14856,-1.08381
1.15121,-1.08079
1.15336,-1.07831
1.15506,-1.07635
1.15620,-1.07502
1.15633,-1.07487
1.15317,-1.07853
1.11444,-1.12076
-0.06168,1.15785
-0.30573,1.29561
-0.36543,1.31673
-0.39713,1.32632
0.60814,-1.39030
0.61135,-1.38995
0.61520,-1.38951
0.61989,-1.38893
0.62572,-1.38815
0.63310,-1.38707
0.64258,-1.38554
0.65492,-1.38331
0.67107,-1.37997
0.69207,-1.37496
0.71883,-1.36752
0.75171,-1.35682
0.79001,-1.34225
0.83188,-1.32380
0.87485,-1.30211
0.91673,-1.27820
0.95614,-1.25308
0.99238,-1.22754
1.02500,-1.20236
1.05354,-1.17846
1.07756,-1.15686
1.09691,-1.13838
1.11190,-1.12336
1.12321,-1.11159
1.13167,-1.10254
1.13803,-1.09560
1.14288,-1.09021
1.14665,-1.08597
1.14967,-1.08254
1.15213,-1.07973
1.15419,-1.07736
1.15593,-1.07533
1.15744,-1.07358
1.15872,-1.07208
1.15977,-1.07085
1.16045,-1.07005
1.16022,-1.07032
1.15616,-1.07507
0.49882,0.08633
-0.21931,1.25743
0.61265,-1.38980
0.61632,-1.38937
0.62071,-1.38882
0.62603,-1.38811
0.63262,-1.38715
0.64092,-1.38582
0.65156,-1.38394
0.66538,-1.38120
0.68334,-1.37714
0.70646,-1.37111
0.73545,-1.36232
0.77023,-1.35005
0.80958,-1.33395
0.85134,-1.31432
0.89310,-1.29203
0.93309,-1.26809
0.97034,-1.24336
1.00441,-1.21851
1.03494,-1.19424
1.06153,-1.17143
1.08377,-1.15103
1.10160,-1.13375
1.11537,-1.11979
1.12577,-1.10888
1.13357,-1.10049
1.13945,-1.09403
1.14395,-1.08901
1.14748,-1.08504
1.15030,-1.08183
1.15260,-1.07918
1.15453,-1.07696
1.15617,-1.07506
1.15758,-1.07342
1.15882,-1.07197
1.15992,-1.07068
1.16090,-1.06952
1.16177,-1.06849
1.16249,-1.06765
1.16287,-1.06720
1.16219,-1.06800
0.61741,-1.38924
0.62150,-1.38872
0.62636,-1.38806
0.63225,-1.38720
0.63953,-1.38605
0.64873,-1.38446
0.66055,-1.38220
0.67586,-1.37889
0.69569,-1.37402
0.72095,-1.36688
0.75206,-1.35669
0.78846,-1.34288
0.82845,-1.32541
0.86964,-1.30489
0.90987,-1.28231
0.94781,-1.25861
0.98286,-1.23449
1.01478,-1.21049
1.04330,-1.18725
1.06805,-1.16558
1.08870,-1.14634
1.10521,-1.13014
1.11798,-1.11708
1.12765,-1.10688
1.13493,-1.09900
1.14045,-1.09292
1.14470,-1.08817
1.14805,-1.08439
1.15073,-1.08133
1.15293,-1.07880
1.15477,-1.07668
1.15633,-1.07487
1.15767,-1.07331
1.15883,-1.07195
1.15985,-1.07075
1.16076,-1.06968
1.16159,-1.06871
1.16234,-1.06782
1.16304,-1.06699
1.16368,-1.06623
0.62227,-1.38862
0.62672,-1.38801
0.63200,-1.38724
0.63841,-1.38624
0.64638,-1.38488
0.65649,-1.38300
0.66952,-1.38031
0.68641,-1.37638
0.70819,-1.37062
0.73560,-1.36227
0.76870,-1.35063
0.80638,-1.33535
0.84653,-1.31671
0.88675,-1.29560
0.92522,-1.27301
0.96104,-1.24977
0.99393,-1.22639
1.02380,-1.20333
1.05045,-1.18114
1.07353,-1.16058
1.09275,-1.14243
1.10814,-1.12719
1.12006,-1.11491
1.12913,-1.10529
1.13599,-1.09784
1.14123,-1.09206
1.14528,-1.08752
1.14849,-1.08389
1.15107,-1.08094
1.15319,-1.07850
1.15497,-1.07645
1.15647,-1.07470
1.15776,-1.07320
1.15888,-1.07189
1.15985,-1.07075
1.16071,-1.06974
1.16147,-1.06885
1.16215,-1.06804
1.16278,-1.06730
1.16336,-1.06661
0.62711,-1.38796
0.63186,-1.38726
0.63753,-1.38638
0.64445,-1.38522
0.65312,-1.38365
0.66419,-1.38145
0.67851,-1.37828
0.69711,-1.37365
0.72092,-1.36689
0.75047,-1.35725
0.78534,-1.34414
0.82391,-1.32751
0.86378,-1.30796
0.90269,-1.28653
0.93925,-1.26417
0.97295,-1.24153
1.00377,-1.21899
1.03173,-1.19689
1.05665,-1.17574
1.07822,-1.15624
1.09620,-1.13908
1.11060,-1.12469
1.12180,-1.11309
1.13035,-1.10397
1.13686,-1.09688
1.14186,-1.09135
1.14576,-1.08698
1.14884,-1.08348
1.15135,-1.08063
1.15341,-1.07826
1.15514,-1.07626
1.15660,-1.07455
1.15786,-1.07309
1.15895,-1.07182
1.15989,-1.07071
1.16072,-1.06974
1.16144,-1.06888
1.16208,-1.06812
1.16266,-1.06745
1.16317,-1.06683
