-0.61797,1.36119
-0.61797,1.36119
-0.61797,1.36119
-0.61797,1.36119
-0.61796,1.36119
-0.61796,1.36119
-0.61796,1.36119
-0.61796,1.36119
-0.61796,1.36119
-0.61796,1.36119
-0.61795,1.36119
-0.61795,1.36119
-0.61794,1.36119
-0.61794,1.36119
-0.61793,1.36119
-0.61792,1.36119
-0.61790,1.36119
-0.61789,1.36119
-0.61787,1.36119
-0.61785,1.36119
-0.61783,1.36119
-0.61781,1.36119
-0.61779,1.36119
-0.61776,1.36119
-0.61774,1.36119
-0.61772,1.36119
-0.61771,1.36119
-0.61769,1.36119
-0.61768,1.36119
-0.61768,1.36119
-0.61767,1.36119
-0.61767,1.36119
-0.61767,1.36119
-0.61766,1.36119
-0.61766,1.36119
-0.61766,1.36119
-0.61766,1.36119
-0.61766,1.36119
-0.61766,1.36119
-0.61766,1.36119
-0.61797,1.36119
-0.61797,1.36119
-0.61797,1.36119
-0.61797,1.36119
-0.61796,1.36119
-0.61796,1.36119
-0.61796,1.36119
-0.61796,1.36119
-0.61796,1.36119
-0.61796,1.36119
-0.61795,1.36119
-0.61795,1.36119
-0.61794,1.36119
-0.61794,1.36119
-0.61793,1.36119
-0.61792,1.36119
-0.61790,1.36119
-0.61789,1.36119
-0.61787,1.36119
-0.61785,1.36119
-0.61783,1.36119
-0.61780,1.36119
-0.61778,1.36119
-0.61776,1.36119
-0.61774,1.36119
-0.61772,1.36119
-0.61770,1.36119
-0.61769,1.36119
-0.61768,1.36119
-0.61767,1.36119
-0.61767,1.36119
-0.61767,1.36119
-0.61766,1.36119
-0.61766,1.36119
-0.61766,1.36119
-0.61766,1.36119
-0.61766,1.36119
-0.61766,1.36119
-0.61766,1.36119
-0.61765,1.36119
-0.61797,1.36119
-0.61797,1.36119
-0.61797,1.36119
-0.61797,1.36119
-0.61796,1.36119
-0.61796,1.36119
-0.61796,1.36119
-0.61796,1.36119
-0.61796,1.36119
-0.61796,1.36119
-0.61795,1.36119
-0.61795,1.36119
-0.61794,1.36119
-0.61794,1.36119
-0.61793,1.36119
-0.61792,1.36119
-0.61790,1.36119
-0.61789,1.36119
-0.61787,1.36119
-0.61784,1.36119
-0.61782,1.36119
-0.61780,1.36119
-0.61777,1.36119
-0.61775,1.36119
-0.61773,1.36119
-0.61771,1.36119
-0.61770,1.36119
-0.61769,1.36119
-0.61768,1.36119
-0.61767,1.36119
-0.61767,1.36119
-0.61766,1.36119
-0.61766,1.36119
-0.61766,1.36119
-0.61766,1.36119
-0.61766,1.36119
-0.61766,1.36119
-0.61765,1.36119
-0.61765,1.36119
-0.61765,1.36119
-0.61797,1.36119
-0.61797,1.36119
-0.61797,1.36119
-0.61797,1.36119
-0.61797,1.36119
-0.61796,1.36119
-0.61796,1.36119
-0.61796,1.36119
-0.61796,1.36119
-0.61796,1.36119
-0.61795,1.36119
-0.61795,1.36119
-0.61794,1.36119
-0.61794,1.36119
-0.61793,1.36119
-0.61792,1.36119
-0.61790,1.36119
-0.61788,1.36119
-0.61786,1.36119
-0.61784,1.36119
-0.61782,1.36119
-0.61779,1.36119
-0.61777,1.36119
-0.61774,1.36119
-0.61772,1.36119
-0.61771,1.36119
-0.61769,1.36119
-0.61768,1.36119
-0.61768,1.36119
-0.61767,1.36119
-0.61767,1.36119
-0.61766,1.36119
-0.61766,1.36119
-0.61766,1.36119
-0.61766,1.36119
-0.61766,1.36119
-0.61765,1.36119
-0.61765,1.36119
-0.61765,1.36119
-0.61765,1.36119
-0.61797,1.36119
-0.61797,1.36119
-0.61797,1.36119
-0.61797,1.36119
-0.61797,1.36119
-0.61797,1.36119
-0.61796,1.36119
-0.61796,1.36119
-0.61796,1.36119
-0.61796,1.36119
-0.61795,1.36119
-0.61795,1.36119
-0.61794,1.36119
-0.61794,1.36119
-0.61793,1.36119
-0.61791,1.36119
-0.61790,1.36119
-0.61788,1.36119
-0.61786,1.36119
-0.61784,1.36119
-0.61781,1.36119
-0.61778,1.36119
-0.61776,1.36119
-0.61774,1.36119
-0.61772,1.36119
-0.61770,1.36119
-0.61769,1.36119
-0.61768,1.36119
-0.61767,1.36119
-0.61767,1.36119
-0.61766,1.36119
-0.61766,1.36119
-0.61766,1.36119
-0.61766,1.36119
-0.61766,1.36119
-0.61765,1.36119
-0.61765,1.36119
-0.61765,1.36119
-0.61765,1.36119
-0.61765,1.36119
0.58689,-1.39208
0.58681,-1.39208
0.58655,-1.39210
-0.61796,1.36119
-0.61797,1.36119
-0.61797,1.36119
-0.61797,1.36119
-0.61796,1.36119
-0.61796,1.36119
-0.61796,1.36119
-0.61795,1.36119
-0.61795,1.36119
-0.61794,1.36119
-0.61794,1.36119
-0.61793,1.36119
-0.61791,1.36119
-0.61790,1.36119
-0.61788,1.36119
-0.61785,1.36119
-0.61783,1.36119
-0.61780,1.36119
-0.61778,1.36119
-0.61775,1.36119
-0.61773,1.36119
-0.61771,1.36119
-0.61770,1.36119
-0.61768,1.36119
-0.61768,1.36119
-0.61767,1.36119
-0.61767,1.36119
-0.61766,1.36119
-0.61766,1.36119
-0.61766,1.36119
-0.61766,1.36119
-0.61765,1.36119
-0.61765,1.36119
-0.61765,1.36119
-0.61765,1.36119
-0.61765,1.36119
-0.61765,1.36119
0.58695,-1.39207
0.58694,-1.39208
0.58691,-1.39208
0.58687,-1.39208
0.58681,-1.39208
0.58665,-1.39209
-0.61794,1.36119
-0.61796,1.36119
-0.61796,1.36119
-0.61796,1.36119
-0.61795,1.36119
-0.61795,1.36119
-0.61794,1.36119
-0.61793,1.36119
-0.61792,1.36119
-0.61791,1.36119
-0.61789,1.36119
-0.61787,1.36119
-0.61785,1.36119
-0.61782,1.36119
-0.61779,1.36119
-0.61777,1.36119
-0.61774,1.36119
-0.61772,1.36119
-0.61770,1.36119
-0.61769,1.36119
-0.61768,1.36119
-0.61767,1.36119
-0.61767,1.36119
-0.61766,1.36119
-0.61766,1.36119
-0.61766,1.36119
-0.61766,1.36119
-0.61765,1.36119
-0.61765,1.36119
-0.61765,1.36119
-0.61765,1.36119
-0.61765,1.36119
-0.61765,1.36119
-0.61765,1.36119
0.58697,-1.39207
0.58696,-1.39207
0.58695,-1.39207
0.58694,-1.39208
0.58693,-1.39208
0.58690,-1.39208
0.58687,-1.39208
0.58682,-1.39208
0.58675,-1.39209
0.58658,-1.39210
-0.61790,1.36119
-0.61793,1.36119
-0.61793,1.36119
-0.61793,1.36119
-0.61792,1.36119
-0.61790,1.36119
-0.61789,1.36119
-0.61786,1.36119
-0.61784,1.36119
-0.61781,1.36119
-0.61778,1.36119
-0.61776,1.36119
-0.61773,1.36119
-0.61771,1.36119
-0.61770,1.36119
-0.61769,1.36119
-0.61768,1.36119
-0.61767,1.36119
-0.61766,1.36119
-0.61766,1.36119
-0.61766,1.36119
-0.61766,1.36119
-0.61765,1.36119
-0.61765,1.36119
-0.61765,1.36119
-0.61765,1.36119
-0.61765,1.36119
-0.61765,1.36119
-0.61765,1.36119
-0.61765,1.36119
0.58698,-1.39207
0.58698,-1.39207
0.58697,-1.39207
0.58696,-1.39207
0.58696,-1.39207
0.58695,-1.39208
0.58693,-1.39208
0.58692,-1.39208
0.58690,-1.39208
0.58687,-1.39208
0.58684,-1.39208
0.58679,-1.39208
0.58674,-1.39209
0.58665,-1.39209
0.58651,-1.39210
0.58606,-1.39213
-0.61784,1.36119
-0.61784,1.36119
-0.61782,1.36119
-0.61779,1.36119
-0.61777,1.36119
-0.61775,1.36119
-0.61772,1.36119
-0.61771,1.36119
-0.61769,1.36119
-0.61768,1.36119
-0.61767,1.36119
-0.61767,1.36119
-0.61766,1.36119
-0.61766,1.36119
-0.61765,1.36119
-0.61765,1.36119
-0.61765,1.36119
-0.61765,1.36119
-0.61765,1.36119
-0.61765,1.36119
-0.61765,1.36119
-0.61765,1.36119
-0.61765,1.36119
-0.61765,1.36119
0.58698,-1.39207
0.58698,-1.39207
0.58698,-1.39207
0.58697,-1.39207
0.58697,-1.39207
0.58696,-1.39207
0.58696,-1.39207
0.58695,-1.39208
0.58693,-1.39208
0.58692,-1.39208
0.58690,-1.39208
0.58688,-1.39208
0.58686,-1.39208
0.58683,-1.39208
0.58679,-1.39209
0.58674,-1.39209
0.58667,-1.39209
0.58657,-1.39210
0.58640,-1.39211
0.58574,-1.39215
-0.61775,1.36119
-0.61773,1.36119
-0.61772,1.36119
-0.61770,1.36119
-0.61769,1.36119
-0.61768,1.36119
-0.61767,1.36119
-0.61766,1.36119
-0.61766,1.36119
-0.61765,1.36119
-0.61765,1.36119
-0.61765,1.36119
-0.61765,1.36119
-0.61765,1.36119
-0.61765,1.36119
-0.61765,1.36119
-0.61765,1.36119
-0.61765,1.36119
-0.61764,1.36119
-0.61764,1.36119
0.58698,-1.39207
0.58698,-1.39207
0.58698,-1.39207
0.58698,-1.39207
0.58697,-1.39207
0.58697,-1.39207
0.58697,-1.39207
0.58696,-1.39207
0.58695,-1.39207
0.58694,-1.39208
0.58693,-1.39208
0.58692,-1.39208
0.58690,-1.39208
0.58688,-1.39208
0.58685,-1.39208
0.58681,-1.39208
0.58677,-1.39209
0.58672,-1.39209
0.58664,-1.39209
0.58653,-1.39210
0.58635,-1.39211
0.58576,-1.39215
-0.61772,1.36119
-0.61770,1.36119
-0.61768,1.36119
-0.61767,1.36119
-0.61766,1.36119
-0.61766,1.36119
-0.61765,1.36119
-0.61765,1.36119
-0.61765,1.36119
-0.61765,1.36119
-0.61765,1.36119
-0.61765,1.36119
-0.61765,1.36119
-0.61764,1.36119
-0.61764,1.36119
-0.61764,1.36119
-0.61764,1.36119
-0.61764,1.36119
0.58698,-1.39207
0.58698,-1.39207
0.58698,-1.39207
0.58698,-1.39207
0.58698,-1.39207
0.58698,-1.39207
0.58697,-1.39207
0.58697,-1.39207
0.58696,-1.39207
0.58695,-1.39207
0.58695,-1.39208
0.58693,-1.39208
0.58692,-1.39208
0.58690,-1.39208
0.58688,-1.39208
0.58685,-1.39208
0.58681,-1.39208
0.58677,-1.39209
0.58671,-1.39209
0.58664,-1.39209
0.58654,-1.39210
0.58638,-1.39211
0.58603,-1.39213
-0.61770,1.36119
-0.61768,1.36119
-0.61766,1.36119
-0.61766,1.36119
-0.61765,1.36119
-0.61765,1.36119
-0.61765,1.36119
-0.61765,1.36119
-0.61765,1.36119
-0.61764,1.36119
-0.61764,1.36119
-0.61764,1.36119
-0.61764,1.36119
-0.61764,1.36119
-0.61764,1.36119
-0.61764,1.36119
-0.61764,1.36119
0.58698,-1.39207
0.58698,-1.39207
0.58698,-1.39207
0.58698,-1.39207
0.58698,-1.39207
0.58698,-1.39207
0.58698,-1.39207
0.58697,-1.39207
0.58697,-1.39207
0.58696,-1.39207
0.58695,-1.39207
0.58694,-1.39208
0.58693,-1.39208
0.58692,-1.39208
0.58690,-1.39208
0.58687,-1.39208
0.58684,-1.39208
0.58680,-1.39208
0.58675,-1.39209
0.58669,-1.39209
0.58661,-1.39210
0.58650,-1.39210
0.58633,-1.39211
0.58588,-1.39214
-0.61767,1.36119
-0.61766,1.36119
-0.61765,1.36119
-0.61765,1.36119
-0.61765,1.36119
-0.61764,1.36119
-0.61764,1.36119
-0.61764,1.36119
-0.61764,1.36119
-0.61764,1.36119
-0.61764,1.36119
-0.61764,1.36119
-0.61764,1.36119
-0.61764,1.36119
-0.61764,1.36119
-0.61764,1.36119
0.58698,-1.39207
0.58698,-1.39207
0.58698,-1.39207
0.58698,-1.39207
0.58698,-1.39207
0.58698,-1.39207
0.58698,-1.39207
0.58697,-1.39207
0.58697,-1.39207
0.58697,-1.39207
0.58696,-1.39207
0.58695,-1.39207
0.58694,-1.39208
0.58693,-1.39208
0.58691,-1.39208
0.58689,-1.39208
0.58686,-1.39208
0.58682,-1.39208
0.58677,-1.39209
0.58672,-1.39209
0.58665,-1.39209
0.58656,-1.39210
0.58643,-1.39211
0.58617,-1.39212
-0.61766,1.36119
-0.61765,1.36119
-0.61764,1.36119
-0.61764,1.36119
-0.61764,1.36119
-0.61764,1.36119
-0.61764,1.36119
-0.61764,1.36119
-0.61764,1.36119
-0.61764,1.36119
-0.61764,1.36119
-0.61764,1.36119
-0.61764,1.36119
-0.61764,1.36119
-0.61764,1.36119
-0.61764,1.36119
0.58698,-1.39207
0.58698,-1.39207
0.58698,-1.39207
0.58698,-1.39207
0.58698,-1.39207
0.58698,-1.39207
0.58698,-1.39207
0.58698,-1.39207
0.58697,-1.39207
0.58697,-1.39207
0.58696,-1.39207
0.58696,-1.39207
0.58695,-1.39208
0.58694,-1.39208
0.58692,-1.39208
0.58690,-1.39208
0.58687,-1.39208
0.58684,-1.39208
0.58679,-1.39208
0.58674,-1.39209
0.58667,-1.39209
0.58659,-1.39210
0.58647,-1.39210
0.58625,-1.39212
0.58476,-1.39221
-0.61762,1.36119
-0.61763,1.36119
-0.61763,1.36119
-0.61763,1.36119
-0.61763,1.36119
-0.61763,1.36119
-0.61763,1.36119
-0.61763,1.36119
-0.61764,1.36119
-0.61764,1.36119
-0.61764,1.36119
-0.61764,1.36119
-0.61764,1.36119
-0.61764,1.36119
-0.61764,1.36119
0.58698,-1.39207
0.58698,-1.39207
0.58698,-1.39207
0.58698,-1.39207
0.58698,-1.39207
0.58698,-1.39207
0.58698,-1.39207
0.58698,-1.39207
0.58698,-1.39207
0.58697,-1.39207
0.58697,-1.39207
0.58696,-1.39207
0.58695,-1.39207
0.58694,-1.39208
0.58693,-1.39208
0.58691,-1.39208
0.58688,-1.39208
0.58685,-1.39208
0.58681,-1.39208
0.58675,-1.39209
0.58669,-1.39209
0.58660,-1.39210
0.58648,-1.39210
0.58624,-1.39212
-0.61743,1.36118
-0.61757,1.36119
-0.61760,1.36119
-0.61761,1.36119
-0.61762,1.36119
-0.61762,1.36119
-0.61762,1.36119
-0.61763,1.36119
-0.61763,1.36119
-0.61763,1.36119
-0.61763,1.36119
-0.61763,1.36119
-0.61763,1.36119
-0.61763,1.36119
-0.61763,1.36119
-0.61763,1.36119
0.58698,-1.39207
0.58698,-1.39207
0.58698,-1.39207
0.58698,-1.39207
0.58698,-1.39207
0.58698,-1.39207
0.58698,-1.39207
0.58698,-1.39207
0.58698,-1.39207
0.58698,-1.39207
0.58697,-1.39207
0.58697,-1.39207
0.58696,-1.39207
0.58695,-1.39207
0.58694,-1.39208
0.58692,-1.39208
0.58689,-1.39208
0.58686,-1.39208
0.58682,-1.39208
0.58677,-1.39209
0.58670,-1.39209
0.58660,-1.39210
0.58646,-1.39211
0.58608,-1.39213
-0.61742,1.36118
-0.61751,1.36118
-0.61755,1.36119
-0.61757,1.36119
-0.61759,1.36119
-0.61760,1.36119
-0.61761,1.36119
-0.61762,1.36119
-0.61762,1.36119
-0.61762,1.36119
-0.61762,1.36119
-0.61763,1.36119
-0.61763,1.36119
-0.61763,1.36119
-0.61763,1.36119
-0.61763,1.36119
0.58698,-1.39207
0.58698,-1.39207
0.58698,-1.39207
0.58698,-1.39207
0.58698,-1.39207
0.58698,-1.39207
0.58698,-1.39207
0.58698,-1.39207
0.58698,-1.39207
0.58698,-1.39207
0.58698,-1.39207
0.58697,-1.39207
0.58696,-1.39207
0.58696,-1.39207
0.58694,-1.39208
0.58693,-1.39208
0.58690,-1.39208
0.58687,-1.39208
0.58683,-1.39208
0.58678,-1.39209
0.58670,-1.39209
0.58659,-1.39210
0.58637,-1.39211
-0.61724,1.36118
-0.61740,1.36118
-0.61746,1.36118
-0.61750,1.36118
-0.61753,1.36119
-0.61756,1.36119
-0.61758,1.36119
-0.61759,1.36119
-0.61760,1.36119
-0.61761,1.36119
-0.61761,1.36119
-0.61762,1.36119
-0.61762,1.36119
-0.61762,1.36119
-0.61762,1.36119
-0.61762,1.36119
-0.61763,1.36119
0.58698,-1.39207
0.58698,-1.39207
0.58698,-1.39207
0.58698,-1.39207
0.58698,-1.39207
0.58698,-1.39207
0.58698,-1.39207
0.58698,-1.39207
0.58698,-1.39207
0.58698,-1.39207
0.58698,-1.39207
0.58697,-1.39207
0.58697,-1.39207
0.58696,-1.39207
0.58695,-1.39207
0.58694,-1.39208
0.58691,-1.39208
0.58689,-1.39208
0.58684,-1.39208
0.58678,-1.39209
0.58669,-1.39209
0.58652,-1.39210
-0.61702,1.36118
-0.61730,1.36118
-0.61738,1.36118
-0.61743,1.36118
-0.61747,1.36118
-0.61750,1.36118
-0.61753,1.36119
-0.61755,1.36119
-0.61756,1.36119
-0.61758,1.36119
-0.61759,1.36119
-0.61760,1.36119
-0.61760,1.36119
-0.61761,1.36119
-0.61761,1.36119
-0.61762,1.36119
-0.61762,1.36119
-0.61762,1.36119
0.58698,-1.39207
0.58698,-1.39207
0.58698,-1.39207
0.58698,-1.39207
0.58698,-1.39207
0.58698,-1.39207
0.58698,-1.39207
0.58698,-1.39207
0.58698,-1.39207
0.58698,-1.39207
0.58698,-1.39207
0.58698,-1.39207
0.58697,-1.39207
0.58697,-1.39207
0.58696,-1.39207
0.58694,-1.39208
0.58692,-1.39208
0.58690,-1.39208
0.58685,-1.39208
0.58678,-1.39209
0.58663,-1.39209
-0.61671,1.36117
-0.61714,1.36118
-0.61728,1.36118
-0.61736,1.36118
-0.61741,1.36118
-0.61745,1.36118
-0.61748,1.36118
-0.61750,1.36118
-0.61752,1.36119
-0.61754,1.36119
-0.61756,1.36119
-0.61757,1.36119
-0.61758,1.36119
-0.61759,1.36119
-0.61760,1.36119
-0.61760,1.36119
-0.61761,1.36119
-0.61761,1.36119
-0.61761,1.36119
0.58698,-1.39207
0.58698,-1.39207
0.58698,-1.39207
0.58698,-1.39207
0.58698,-1.39207
0.58698,-1.39207
0.58698,-1.39207
0.58698,-1.39207
0.58698,-1.39207
0.58698,-1.39207
0.58698,-1.39207
0.58698,-1.39207
0.58698,-1.39207
0.58697,-1.39207
0.58696,-1.39207
0.58695,-1.39207
0.58693,-1.39208
0.58690,-1.39208
0.58685,-1.39208
-0.60259,1.36075
-0.61516,1.36114
-0.61675,1.36117
-0.61711,1.36118
-0.61726,1.36118
-0.61734,1.36118
-0.61739,1.36118
-0.61742,1.36118
-0.61745,1.36118
-0.61748,1.36118
-0.61750,1.36118
-0.61752,1.36119
-0.61754,1.36119
-0.61755,1.36119
-0.61756,1.36119
-0.61757,1.36119
-0.61758,1.36119
-0.61759,1.36119
-0.61760,1.36119
-0.61760,1.36119
-0.61761,1.36119
0.58698,-1.39207
0.58698,-1.39207
0.58698,-1.39207
0.58698,-1.39207
0.58698,-1.39207
0.58698,-1.39207
0.58698,-1.39207
0.58698,-1.39207
0.58698,-1.39207
0.58698,-1.39207
0.58698,-1.39207
0.58698,-1.39207
0.58698,-1.39207
0.58698,-1.39207
0.58697,-1.39207
0.58696,-1.39207
0.58694,-1.39208
0.58688,-1.39208
-0.60148,1.36071
-0.61015,1.36101
-0.61503,1.36113
-0.61661,1.36117
-0.61705,1.36118
-0.61722,1.36118
-0.61731,1.36118
-0.61736,1.36118
-0.61740,1.36118
-0.61744,1.36118
-0.61746,1.36118
-0.61748,1.36118
-0.61750,1.36118
-0.61752,1.36119
-0.61753,1.36119
-0.61755,1.36119
-0.61756,1.36119
-0.61757,1.36119
-0.61758,1.36119
-0.61759,1.36119
-0.61759,1.36119
-0.61760,1.36119
0.58698,-1.39207
0.58698,-1.39207
0.58698,-1.39207
0.58698,-1.39207
0.58698,-1.39207
0.58698,-1.39207
0.58698,-1.39207
0.58698,-1.39207
0.58698,-1.39207
0.58698,-1.39207
0.58698,-1.39207
0.58698,-1.39207
0.58698,-1.39207
0.58698,-1.39207
0.58697,-1.39207
0.58696,-1.39207
-0.57474,1.35911
-0.59798,1.36055
-0.60457,1.36083
-0.61014,1.36101
-0.61447,1.36112
-0.61636,1.36116
-0.61695,1.36117
-0.61717,1.36118
-0.61728,1.36118
-0.61734,1.36118
-0.61739,1.36118
-0.61742,1.36118
-0.61744,1.36118
-0.61747,1.36118
-0.61748,1.36118
-0.61750,1.36118
-0.61752,1.36119
-0.61753,1.36119
-0.61754,1.36119
-0.61755,1.36119
-0.61756,1.36119
-0.61757,1.36119
-0.61758,1.36119
-0.61759,1.36119
0.58698,-1.39207
0.58698,-1.39207
0.58698,-1.39207
0.58698,-1.39207
0.58698,-1.39207
0.58698,-1.39207
0.58698,-1.39207
0.58698,-1.39207
0.58698,-1.39207
0.58698,-1.39207
0.58698,-1.39207
0.58698,-1.39207
0.58698,-1.39207
0.58698,-1.39207
0.58698,-1.39207
-0.56157,1.35798
-0.59385,1.36035
-0.59999,1.36064
-0.60473,1.36083
-0.60942,1.36099
-0.61365,1.36110
-0.61601,1.36116
-0.61682,1.36117
-0.61711,1.36118
-0.61724,1.36118
-0.61732,1.36118
-0.61737,1.36118
-0.61740,1.36118
-0.61743,1.36118
-0.61745,1.36118
-0.61747,1.36118
-0.61749,1.36118
-0.61750,1.36118
-0.61752,1.36119
-0.61753,1.36119
-0.61754,1.36119
-0.61755,1.36119
-0.61756,1.36119
-0.61757,1.36119
-0.61758,1.36119
0.58698,-1.39207
0.58698,-1.39207
0.58698,-1.39207
0.58698,-1.39207
0.58698,-1.39207
0.58698,-1.39207
0.58698,-1.39207
0.58698,-1.39207
0.58698,-1.39207
0.58698,-1.39207
0.58698,-1.39207
0.58698,-1.39207
0.58698,-1.39207
0.58698,-1.39207
0.58698,-1.39207
-0.58639,1.35993
-0.59505,1.36041
-0.59992,1.36064
-0.60409,1.36081
-0.60835,1.36096
-0.61258,1.36108
-0.61548,1.36114
-0.61663,1.36117
-0.61703,1.36118
-0.61720,1.36118
-0.61729,1.36118
-0.61734,1.36118
-0.61738,1.36118
-0.61741,1.36118
-0.61744,1.36118
-0.61746,1.36118
-0.61748,1.36118
-0.61749,1.36118
-0.61750,1.36118
-0.61752,1.36119
-0.61753,1.36119
-0.61754,1.36119
-0.61755,1.36119
-0.61756,1.36119
-0.61757,1.36119
0.58698,-1.39207
0.58698,-1.39207
0.58698,-1.39207
0.58698,-1.39207
0.58698,-1.39207
0.58698,-1.39207
0.58698,-1.39207
0.58698,-1.39207
0.58698,-1.39207
0.58698,-1.39207
0.58698,-1.39207
0.58698,-1.39207
0.58698,-1.39207
0.58698,-1.39207
0.58699,-1.39207
-0.58527,1.35986
-0.59399,1.36036
-0.59885,1.36059
-0.60289,1.36076
-0.60696,1.36091
-0.61122,1.36104
-0.61468,1.36113
-0.61634,1.36116
-0.61691,1.36117
-0.61714,1.36118
-0.61725,1.36118
-0.61732,1.36118
-0.61737,1.36118
-0.61740,1.36118
-0.61742,1.36118
-0.61745,1.36118
-0.61746,1.36118
-0.61748,1.36118
-0.61749,1.36118
-0.61751,1.36118
-0.61752,1.36119
-0.61753,1.36119
-0.61754,1.36119
-0.61755,1.36119
-0.61756,1.36119
0.58698,-1.39207
0.58698,-1.39207
0.58698,-1.39207
0.58698,-1.39207
0.58698,-1.39207
0.58698,-1.39207
0.58698,-1.39207
0.58698,-1.39207
0.58698,-1.39207
0.58698,-1.39207
0.58698,-1.39207
0.58698,-1.39207
0.58698,-1.39207
0.58699,-1.39207
0.58700,-1.39207
-0.57418,1.35907
-0.59070,1.36018
-0.59668,1.36049
-0.60101,1.36069
-0.60510,1.36085
-0.60941,1.36099
-0.61344,1.36110
-0.61584,1.36115
-0.61674,1.36117
-0.61706,1.36118
-0.61721,1.36118
-0.61729,1.36118
-0.61734,1.36118
-0.61738,1.36118
-0.61741,1.36118
-0.61743,1.36118
-0.61745,1.36118
-0.61747,1.36118
-0.61748,1.36118
-0.61750,1.36118
-0.61751,1.36118
-0.61752,1.36119
-0.61753,1.36119
-0.61754,1.36119
-0.61755,1.36119
0.58698,-1.39207
0.58698,-1.39207
0.58698,-1.39207
0.58698,-1.39207
0.58698,-1.39207
0.58698,-1.39207
0.58698,-1.39207
0.58698,-1.39207
0.58698,-1.39207
0.58698,-1.39207
0.58698,-1.39207
0.58699,-1.39207
0.58699,-1.39207
0.58699,-1.39207
0.58700,-1.39207
0.58703,-1.39207
-0.58060,1.35954
-0.59236,1.36027
-0.59796,1.36055
-0.60244,1.36074
-0.60687,1.36091
-0.61140,1.36105
-0.61486,1.36113
-0.61640,1.36116
-0.61693,1.36117
-0.61714,1.36118
-0.61725,1.36118
-0.61732,1.36118
-0.61736,1.36118
-0.61739,1.36118
-0.61742,1.36118
-0.61744,1.36118
-0.61746,1.36118
-0.61747,1.36118
-0.61748,1.36118
-0.61750,1.36118
-0.61751,1.36118
-0.61752,1.36119
-0.61753,1.36119
-0.61754,1.36119
0.58698,-1.39207
0.58698,-1.39207
0.58698,-1.39207
0.58698,-1.39207
0.58698,-1.39207
0.58698,-1.39207
0.58698,-1.39207
0.58698,-1.39207
0.58698,-1.39207
0.58699,-1.39207
0.58699,-1.39207
0.58699,-1.39207
0.58699,-1.39207
0.58699,-1.39207
0.58700,-1.39207
0.58702,-1.39207
0.58704,-1.39207
-0.57789,1.35935
-0.59178,1.36024
-0.59801,1.36055
-0.60300,1.36077
-0.60794,1.36094
-0.61261,1.36108
-0.61554,1.36115
-0.61663,1.36117
-0.61701,1.36118
-0.61718,1.36118
-0.61727,1.36118
-0.61733,1.36118
-0.61737,1.36118
-0.61740,1.36118
-0.61742,1.36118
-0.61744,1.36118
-0.61746,1.36118
-0.61747,1.36118
-0.61749,1.36118
-0.61750,1.36118
-0.61751,1.36118
-0.61752,1.36119
-0.61753,1.36119
0.58698,-1.39207
0.58698,-1.39207
0.58698,-1.39207
0.58698,-1.39207
0.58698,-1.39207
0.58698,-1.39207
0.58698,-1.39207
0.58699,-1.39207
0.58699,-1.39207
0.58699,-1.39207
0.58699,-1.39207
0.58699,-1.39207
0.58699,-1.39207
0.58700,-1.39207
0.58701,-1.39207
0.58702,-1.39207
0.58703,-1.39207
0.58704,-1.39207
0.58713,-1.39206
-0.58632,1.35992
-0.59548,1.36043
-0.60163,1.36071
-0.60735,1.36092
-0.61255,1.36108
-0.61560,1.36115
-0.61666,1.36117
-0.61702,1.36118
-0.61718,1.36118
-0.61727,1.36118
-0.61733,1.36118
-0.61737,1.36118
-0.61740,1.36118
-0.61742,1.36118
-0.61744,1.36118
-0.61746,1.36118
-0.61747,1.36118
-0.61749,1.36118
-0.61750,1.36118
-0.61751,1.36118
-0.61752,1.36119
0.58698,-1.39207
0.58698,-1.39207
0.58698,-1.39207
0.58698,-1.39207
0.58698,-1.39207
0.58699,-1.39207
0.58699,-1.39207
0.58699,-1.39207
0.58699,-1.39207
0.58699,-1.39207
0.58699,-1.39207
0.58699,-1.39207
0.58700,-1.39207
0.58700,-1.39207
0.58701,-1.39207
0.58702,-1.39207
0.58703,-1.39207
0.58704,-1.39207
0.58706,-1.39207
0.58707,-1.39207
0.58708,-1.39207
-0.57633,1.35923
-0.59290,1.36030
-0.60146,1.36070
-0.60884,1.36097
-0.61425,1.36112
-0.61633,1.36116
-0.61692,1.36117
-0.61714,1.36118
-0.61725,1.36118
-0.61731,1.36118
-0.61736,1.36118
-0.61739,1.36118
-0.61742,1.36118
-0.61744,1.36118
-0.61746,1.36118
-0.61747,1.36118
-0.61749,1.36118
-0.61750,1.36118
-0.61751,1.36118
0.58698,-1.39207
0.58698,-1.39207
0.58698,-1.39207
0.58698,-1.39207
0.58699,-1.39207
0.58699,-1.39207
0.58699,-1.39207
0.58699,-1.39207
0.58699,-1.39207
0.58699,-1.39207
0.58699,-1.39207
0.58699,-1.39207
0.58700,-1.39207
0.58700,-1.39207
0.58701,-1.39207
0.58702,-1.39207
0.58704,-1.39207
0.58705,-1.39207
0.58707,-1.39207
0.58708,-1.39207
0.58710,-1.39207
0.58711,-1.39206
0.58713,-1.39206
0.58713,-1.39206
0.58713,-1.39206
-0.51973,1.35292
-0.59869,1.36058
-0.61171,1.36105
-0.61613,1.36116
-0.61693,1.36117
-0.61716,1.36118
-0.61726,1.36118
-0.61733,1.36118
-0.61737,1.36118
-0.61740,1.36118
-0.61743,1.36118
-0.61745,1.36118
-0.61747,1.36118
-0.61748,1.36118
-0.61750,1.36118
0.58698,-1.39207
0.58698,-1.39207
0.58699,-1.39207
0.58699,-1.39207
0.58699,-1.39207
0.58699,-1.39207
0.58699,-1.39207
0.58699,-1.39207
0.58699,-1.39207
0.58699,-1.39207
0.58699,-1.39207
0.58700,-1.39207
0.58700,-1.39207
0.58701,-1.39207
0.58702,-1.39207
0.58703,-1.39207
0.58704,-1.39207
0.58706,-1.39207
0.58708,-1.39207
0.58710,-1.39207
0.58712,-1.39206
0.58714,-1.39206
0.58716,-1.39206
0.58718,-1.39206
0.58720,-1.39206
0.58721,-1.39206
0.58721,-1.39206
0.58722,-1.39206
0.58720,-1.39206
0.58715,-1.39206
-0.61194,1.36106
-0.61666,1.36117
-0.61712,1.36118
-0.61726,1.36118
-0.61733,1.36118
-0.61737,1.36118
-0.61740,1.36118
-0.61743,1.36118
-0.61745,1.36118
-0.61747,1.36118
0.58699,-1.39207
0.58699,-1.39207
0.58699,-1.39207
0.58699,-1.39207
0.58699,-1.39207
0.58699,-1.39207
0.58699,-1.39207
0.58699,-1.39207
0.58699,-1.39207
0.58699,-1.39207
0.58700,-1.39207
0.58700,-1.39207
0.58701,-1.39207
0.58701,-1.39207
0.58702,-1.39207
0.58704,-1.39207
0.58705,-1.39207
0.58707,-1.39207
0.58709,-1.39207
0.58711,-1.39206
0.58714,-1.39206
0.58716,-1.39206
0.58718,-1.39206
0.58720,-1.39206
0.58721,-1.39206
0.58722,-1.39206
0.58723,-1.39206
0.58724,-1.39206
0.58725,-1.39206
0.58725,-1.39206
0.58725,-1.39206
0.58724,-1.39206
0.58719,-1.39206
-0.61350,1.36110
-0.61694,1.36117
-0.61721,1.36118
-0.61731,1.36118
-0.61736,1.36118
-0.61740,1.36118
-0.61743,1.36118
0.58699,-1.39207
0.58699,-1.39207
0.58699,-1.39207
0.58699,-1.39207
0.58699,-1.39207
0.58699,-1.39207
0.58699,-1.39207
0.58699,-1.39207
0.58699,-1.39207
0.58699,-1.39207
0.58700,-1.39207
0.58700,-1.39207
0.58701,-1.39207
0.58702,-1.39207
0.58703,-1.39207
0.58704,-1.39207
0.58706,-1.39207
0.58708,-1.39207
0.58710,-1.39207
0.58712,-1.39206
0.58715,-1.39206
0.58717,-1.39206
0.58719,-1.39206
0.58721,-1.39206
0.58722,-1.39206
0.58723,-1.39206
0.58724,-1.39206
0.58725,-1.39206
0.58725,-1.39206
0.58726,-1.39206
0.58726,-1.39206
0.58726,-1.39206
0.58726,-1.39206
0.58727,-1.39206
0.58726,-1.39206
0.58720,-1.39206
-0.61580,1.36115
-0.61711,1.36118
-0.61728,1.36118
-0.61735,1.36118
0.58699,-1.39207
0.58699,-1.39207
0.58699,-1.39207
0.58699,-1.39207
0.58699,-1.39207
0.58699,-1.39207
0.58699,-1.39207
0.58699,-1.39207
0.58699,-1.39207
0.58700,-1.39207
0.58700,-1.39207
0.58701,-1.39207
0.58701,-1.39207
0.58702,-1.39207
0.58704,-1.39207
0.58705,-1.39207
0.58707,-1.39207
0.58709,-1.39207
0.58711,-1.39206
0.58713,-1.39206
0.58716,-1.39206
0.58718,-1.39206
0.58720,-1.39206
0.58721,-1.39206
0.58722,-1.39206
0.58723,-1.39206
0.58724,-1.39206
0.58725,-1.39206
0.58725,-1.39206
0.58726,-1.39206
0.58726,-1.39206
0.58726,-1.39206
0.58727,-1.39205
0.58727,-1.39205
0.58727,-1.39205
0.58727,-1.39205
0.58727,-1.39205
0.58726,-1.39206
-0.53525,1.35505
-0.61677,1.36117
0.58699,-1.39207
0.58699,-1.39207
0.58699,-1.39207
0.58699,-1.39207
0.58699,-1.39207
0.58699,-1.39207
0.58699,-1.39207
0.58699,-1.39207
0.58700,-1.39207
0.58700,-1.39207
0.58700,-1.39207
0.58701,-1.39207
0.58702,-1.39207
0.58703,-1.39207
0.58704,-1.39207
0.58706,-1.39207
0.58707,-1.39207
0.58709,-1.39207
0.58712,-1.39206
0.58714,-1.39206
0.58716,-1.39206
0.58718,-1.39206
0.58720,-1.39206
0.58722,-1.39206
0.58723,-1.39206
0.58724,-1.39206
0.58724,-1.39206
0.58725,-1.39206
0.58725,-1.39206
0.58726,-1.39206
0.58726,-1.39206
0.58726,-1.39206
0.58727,-1.39205
0.58727,-1.39205
0.58727,-1.39205
0.58727,-1.39205
0.58728,-1.39205
0.58728,-1.39205
0.58728,-1.39205
0.58728,-1.39205
0.58699,-1.39207
0.58699,-1.39207
0.58699,-1.39207
0.58699,-1.39207
0.58699,-1.39207
0.58699,-1.39207
0.58699,-1.39207
0.58699,-1.39207
0.58700,-1.39207
0.58700,-1.39207
0.58701,-1.39207
0.58701,-1.39207
0.58702,-1.39207
0.58703,-1.39207
0.58705,-1.39207
0.58706,-1.39207
0.58708,-1.39207
0.58710,-1.39207
0.58712,-1.39206
0.58715,-1.39206
0.58717,-1.39206
0.58719,-1.39206
0.58720,-1.39206
0.58722,-1.39206
0.58723,-1.39206
0.58724,-1.39206
0.58724,-1.39206
0.58725,-1.39206
0.58726,-1.39206
0.58726,-1.39206
0.58726,-1.39206
0.58727,-1.39206
0.58727,-1.39205
0.58727,-1.39205
0.58727,-1.39205
0.58727,-1.39205
0.58727,-1.39205
0.58728,-1.39205
0.58728,-1.39205
0.58728,-1.39205
0.58699,-1.39207
0.58699,-1.39207
0.58699,-1.39207
0.58699,-1.39207
0.58699,-1.39207
0.58699,-1.39207
0.58699,-1.39207
0.58700,-1.39207
0.58700,-1.39207
0.58700,-1.39207
0.58701,-1.39207
0.58702,-1.39207
0.58703,-1.39207
0.58704,-1.39207
0.58705,-1.39207
0.58707,-1.39207
0.58709,-1.39207
0.58711,-1.39206
0.58713,-1.39206
0.58715,-1.39206
0.58717,-1.39206
0.58719,-1.39206
0.58721,-1.39206
0.58722,-1.39206
0.58723,-1.39206
0.58724,-1.39206
0.58725,-1.39206
0.58725,-1.39206
0.58726,-1.39206
0.58726,-1.39206
0.58726,-1.39206
0.58727,-1.39206
0.58727,-1.39205
0.58727,-1.39205
0.58727,-1.39205
0.58727,-1.39205
0.58727,-1.39205
0.58728,-1.39205
0.58728,-1.39205
0.58728,-1.39205
0.58699,-1.39207
0.58699,-1.39207
0.58699,-1.39207
0.58699,-1.39207
0.58699,-1.39207
0.58699,-1.39207
0.58699,-1.39207
0.58700,-1.39207
0.58700,-1.39207
0.58701,-1.39207
0.58701,-1.39207
0.58702,-1.39207
0.58703,-1.39207
0.58704,-1.39207
0.58706,-1.39207
0.58708,-1.39207
0.58709,-1.39207
0.58711,-1.39206
0.58714,-1.39206
0.58716,-1.39206
0.58718,-1.39206
0.58719,-1.39206
0.58721,-1.39206
0.58722,-1.39206
0.58723,-1.39206
0.58724,-1.39206
0.58725,-1.39206
0.58725,-1.39206
0.58726,-1.39206
0.58726,-1.39206
0.58726,-1.39206
0.58727,-1.39206
0.58727,-1.39205
0.58727,-1.39205
0.58727,-1.39205
0.58727,-1.39205
0.58727,-1.39205
0.58728,-1.39205
0.58728,-1.39205
0.58728,-1.39205
