-1.28764,0.93868
-1.28708,0.93962
-1.28645,0.94067
-1.28573,0.94187
-1.28488,0.94328
-1.28387,0.94495
-1.28265,0.94696
-1.28117,0.94940
-1.27934,0.95239
-1.27705,0.95609
-1.27415,0.96074
-1.27043,0.96665
-1.26556,0.97425
-1.25913,0.98409
-1.25053,0.99689
-1.23900,1.01343
-1.22364,1.03444
-1.20350,1.06027
-1.17781,1.09069
-1.14608,1.12478
-1.10810,1.16123
-1.06375,1.19868
-1.01308,1.23577
-0.95683,1.27076
-0.89772,1.30116
-0.84110,1.32441
-0.79288,1.33970
-0.75591,1.34861
-0.72936,1.35351
-0.71071,1.35622
-0.69754,1.35778
-0.68802,1.35872
-0.68096,1.35932
-0.67553,1.35973
-0.67120,1.36002
-0.66763,1.36023
-0.66456,1.36040
-0.66186,1.36054
-0.65941,1.36065
-0.65713,1.36075
-1.28806,0.93798
-1.28738,0.93912
-1.28666,0.94031
-1.28588,0.94162
-1.28499,0.94310
-1.28395,0.94482
-1.28271,0.94686
-1.28122,0.94932
-1.27938,0.95231
-1.27710,0.95602
-1.27420,0.96067
-1.27047,0.96658
-1.26559,0.97421
-1.25909,0.98415
-1.25036,0.99714
-1.23856,1.01405
-1.22271,1.03567
-1.20175,1.06244
-1.17478,1.09411
-1.14121,1.12971
-1.10075,1.16780
-1.05331,1.20679
-0.99919,1.24499
-0.93990,1.28012
-0.87944,1.30929
-0.82401,1.33030
-0.77886,1.34336
-0.74533,1.35071
-0.72157,1.35472
-0.70487,1.35695
-0.69297,1.35825
-0.68426,1.35905
-0.67769,1.35957
-0.67256,1.35993
-0.66840,1.36019
-0.66491,1.36038
-0.66188,1.36054
-0.65919,1.36066
-0.65674,1.36077
-0.65448,1.36086
-1.28910,0.93623
-1.28814,0.93784
-1.28722,0.93937
-1.28629,0.94093
-1.28530,0.94259
-1.28418,0.94444
-1.28289,0.94657
-1.28135,0.94910
-1.27949,0.95214
-1.27718,0.95588
-1.27427,0.96056
-1.27051,0.96652
-1.26559,0.97421
-1.25900,0.98428
-1.25010,0.99752
-1.23798,1.01487
-1.22154,1.03721
-1.19962,1.06505
-1.17117,1.09813
-1.13547,1.13541
-1.09218,1.17526
-1.04130,1.21581
-0.98356,1.25490
-0.92154,1.28967
-0.86057,1.31706
-0.80726,1.33557
-0.76562,1.34650
-0.73545,1.35250
-0.71422,1.35576
-0.69923,1.35759
-0.68842,1.35868
-0.68039,1.35936
-0.67424,1.35982
-0.66936,1.36013
-0.66534,1.36036
-0.66194,1.36054
-0.65897,1.36067
-0.65632,1.36078
-0.65391,1.36088
-0.65169,1.36095
-1.29126,0.93257
-1.28982,0.93501
-1.28851,0.93721
-1.28727,0.93929
-1.28604,0.94135
-1.28475,0.94350
-1.28332,0.94587
-1.28168,0.94857
-1.27973,0.95175
-1.27736,0.95560
-1.27438,0.96038
-1.27056,0.96644
-1.26555,0.97426
-1.25884,0.98453
-1.24970,0.99810
-1.23717,1.01600
-1.22003,1.03921
-1.19695,1.06828
-1.16675,1.10299
-1.12857,1.14214
-1.08202,1.18386
-1.02733,1.22591
-0.96593,1.26551
-0.90175,1.29929
-0.84136,1.32431
-0.79104,1.34020
-0.75314,1.34918
-0.72615,1.35402
-0.70717,1.35667
-0.69366,1.35818
-0.68378,1.35909
-0.67634,1.35967
-0.67055,1.36006
-0.66590,1.36033
-0.66203,1.36053
-0.65873,1.36068
-0.65584,1.36080
-0.65327,1.36090
-0.65094,1.36098
-0.64882,1.36104
-1.28977,0.93508
-1.29203,0.93126
-1.29075,0.93344
-1.28916,0.93612
-1.28756,0.93881
-1.28594,0.94151
-1.28425,0.94433
-1.28239,0.94740
-1.28026,0.95089
-1.27773,0.95500
-1.27461,0.96001
-1.27066,0.96629
-1.26548,0.97437
-1.25855,0.98497
-1.24908,0.99901
-1.23600,1.01763
-1.21797,1.04190
-1.19347,1.07247
-1.16114,1.10905
-1.11999,1.15028
-1.06969,1.19396
-1.01085,1.23728
-0.94600,1.27681
-0.88064,1.30877
-0.82208,1.33094
-0.77547,1.34420
-0.74136,1.35145
-0.71729,1.35533
-0.70029,1.35748
-0.68804,1.35872
-0.67897,1.35947
-0.67204,1.35996
-0.66659,1.36029
-0.66216,1.36052
-0.65846,1.36070
-0.65530,1.36082
-0.65255,1.36092
-0.65011,1.36100
-0.64792,1.36106
-0.64594,1.36111
-0.05977,-1.02359
-0.12679,-0.94254
-0.22454,-0.80302
-1.28540,0.94242
-1.28871,0.93689
-1.28757,0.93879
-1.28574,0.94185
-1.28362,0.94537
-1.28121,0.94934
-1.27840,0.95391
-1.27502,0.95936
-1.27079,0.96607
-1.26532,0.97462
-1.25802,0.98576
-1.24804,1.00052
-1.23420,1.02013
-1.21497,1.04578
-1.18865,1.07819
-1.15365,1.11698
-1.10890,1.16050
-1.05427,1.20606
-0.99114,1.25015
-0.92355,1.28866
-0.85846,1.31789
-0.80304,1.33682
-0.76063,1.34761
-0.73017,1.35338
-0.70870,1.35648
-0.69341,1.35820
-0.68226,1.35921
-0.67389,1.35984
-0.66744,1.36024
-0.66233,1.36052
-0.65816,1.36071
-0.65468,1.36085
-0.65172,1.36095
-0.64916,1.36103
-0.64690,1.36109
-0.64489,1.36114
-0.64309,1.36118
0.12727,-1.20522
0.04515,-1.13273
-0.01980,-1.06750
-0.07562,-1.00530
-0.12922,-0.93940
-0.19725,-0.84500
-1.26259,0.97883
-1.28114,0.94945
-1.28095,0.94976
-1.27853,0.95370
-1.27505,0.95932
-1.27051,0.96652
-1.26460,0.97574
-1.25671,0.98773
-1.24594,1.00356
-1.23096,1.02457
-1.21006,1.05206
-1.18128,1.08674
-1.14285,1.12806
-1.09374,1.17391
-1.03436,1.22088
-0.96738,1.26466
-0.89859,1.30076
-0.83570,1.32633
-0.78458,1.34191
-0.74653,1.35048
-0.71941,1.35503
-0.70020,1.35749
-0.68637,1.35887
-0.67618,1.35968
-0.66849,1.36018
-0.66253,1.36051
-0.65780,1.36072
-0.65396,1.36087
-0.65077,1.36098
-0.64807,1.36106
-0.64574,1.36112
-0.64371,1.36116
-0.64192,1.36120
-0.64032,1.36122
0.35322,-1.34785
0.24674,-1.29139
0.14923,-1.22278
0.07292,-1.15845
0.01359,-1.10194
-0.03542,-1.05070
-0.07845,-1.00199
-0.11867,-0.95290
-0.16102,-0.89695
-0.21786,-0.81355
-1.21639,1.04395
-1.25751,0.98653
-1.25673,0.98770
-1.24991,0.99779
-1.23878,1.01375
-1.22252,1.03591
-1.19946,1.06523
-1.16753,1.10214
-1.12496,1.14559
-1.07117,1.19276
-1.00770,1.23939
-0.93891,1.28065
-0.87174,1.31254
-0.81320,1.33376
-0.76708,1.34617
-0.73314,1.35289
-0.70889,1.35645
-0.69157,1.35838
-0.67902,1.35947
-0.66974,1.36011
-0.66274,1.36050
-0.65734,1.36074
-0.65308,1.36091
-0.64964,1.36102
-0.64680,1.36109
-0.64440,1.36115
-0.64235,1.36119
-0.64057,1.36122
-0.63901,1.36124
-0.63763,1.36126
0.47822,-1.38617
0.42212,-1.37298
0.34073,-1.34229
0.24672,-1.29138
0.16041,-1.23143
0.09085,-1.17440
0.03617,-1.12413
-0.00818,-1.07971
-0.04582,-1.03926
-0.07900,-1.00134
-0.10911,-0.96491
-0.13746,-0.92865
-0.16576,-0.89038
-0.19648,-0.84616
-0.23546,-0.78548
-0.31153,-0.64925
-1.13019,1.14057
-1.12019,1.15010
-1.08350,1.18262
-1.03191,1.22264
-0.97074,1.26267
-0.90606,1.29725
-0.84466,1.32311
-0.79209,1.33991
-0.75082,1.34965
-0.72028,1.35491
-0.69832,1.35769
-0.68259,1.35919
-0.67123,1.36001
-0.66292,1.36049
-0.65671,1.36077
-0.65197,1.36094
-0.64826,1.36106
-0.64528,1.36113
-0.64283,1.36118
-0.64077,1.36122
-0.63902,1.36124
-0.63750,1.36126
-0.63618,1.36127
-0.63501,1.36128
0.52056,-1.39156
0.49509,-1.38879
0.45445,-1.38141
0.39373,-1.36378
0.31513,-1.33000
0.23126,-1.28154
0.15558,-1.22772
0.09321,-1.17646
0.04286,-1.13054
0.00151,-1.08970
-0.03347,-1.05282
-0.06396,-1.01880
-0.09126,-0.98675
-0.11639,-0.95579
-0.14035,-0.92485
-0.16431,-0.89239
-0.18984,-0.85596
-0.21943,-0.81109
-0.25917,-0.74572
-0.34620,-0.57770
-0.92558,1.28762
-0.87404,1.31158
-0.82116,1.33123
-0.77387,1.34459
-0.73587,1.35242
-0.70754,1.35662
-0.68728,1.35878
-0.67302,1.35990
-0.66297,1.36048
-0.65578,1.36081
-0.65050,1.36099
-0.64651,1.36110
-0.64341,1.36117
-0.64092,1.36122
-0.63888,1.36125
-0.63718,1.36127
-0.63572,1.36128
-0.63446,1.36129
-0.63337,1.36129
-0.63240,1.36130
0.53841,-1.39263
0.52418,-1.39183
0.50216,-1.38971
0.46815,-1.38431
0.41784,-1.37171
0.35063,-1.34672
0.27343,-1.30743
0.19763,-1.25877
0.13110,-1.20833
0.07558,-1.16085
0.02955,-1.11771
-0.00922,-1.07862
-0.04267,-1.04275
-0.07227,-1.00921
-0.09920,-0.97712
-0.12447,-0.94551
-0.14903,-0.91327
-0.17383,-0.87904
-0.20001,-0.84088
-0.22952,-0.79507
-0.26761,-0.73102
-0.34402,-0.58240
-0.81702,1.33256
-0.76127,1.34747
-0.72198,1.35466
-0.69416,1.35813
-0.67531,1.35974
-0.66277,1.36049
-0.65432,1.36086
-0.64844,1.36105
-0.64419,1.36115
-0.64100,1.36121
-0.63852,1.36125
-0.63654,1.36127
-0.63491,1.36129
-0.63354,1.36129
-0.63238,1.36130
-0.63138,1.36130
-0.63050,1.36130
-0.62974,1.36130
0.54842,-1.39293
0.53917,-1.39266
0.52537,-1.39192
0.50436,-1.38997
0.47244,-1.38513
0.42575,-1.37404
0.36313,-1.35204
0.28946,-1.31647
0.21444,-1.27038
0.14626,-1.22045
0.08802,-1.17191
0.03911,-1.12696
-0.00230,-1.08579
-0.03804,-1.04783
-0.06961,-1.01229
-0.09821,-0.97833
-0.12480,-0.94509
-0.15022,-0.91167
-0.17525,-0.87703
-0.20076,-0.83975
-0.22828,-0.79707
-0.26153,-0.74165
-0.31548,-0.64143
-0.77272,1.34486
-0.70842,1.35651
-0.67903,1.35947
-0.66211,1.36053
-0.65191,1.36095
-0.64537,1.36113
-0.64092,1.36122
-0.63773,1.36126
-0.63533,1.36128
-0.63347,1.36129
-0.63198,1.36130
-0.63076,1.36130
-0.62974,1.36130
-0.62887,1.36130
-0.62812,1.36130
-0.62747,1.36130
-0.62691,1.36129
0.55518,-1.39301
0.54867,-1.39294
0.53924,-1.39267
0.52518,-1.39190
0.50380,-1.38990
0.47144,-1.38494
0.42430,-1.37362
0.36127,-1.35126
0.28714,-1.31519
0.21148,-1.26837
0.14246,-1.21745
0.08329,-1.16774
0.03347,-1.12153
-0.00879,-1.07907
-0.04533,-1.03980
-0.07763,-1.00295
-0.10685,-0.96771
-0.13391,-0.93331
-0.15954,-0.89898
-0.18449,-0.86376
-0.20972,-0.82615
-0.23703,-0.78291
-0.27109,-0.72486
-0.33248,-0.60684
-0.69408,1.35813
-0.66078,1.36059
-0.64747,1.36108
-0.64027,1.36123
-0.63583,1.36128
-0.63284,1.36130
-0.63071,1.36130
-0.62914,1.36130
-0.62792,1.36130
-0.62697,1.36129
-0.62619,1.36129
-0.62555,1.36129
-0.62500,1.36128
-0.62453,1.36128
-0.62413,1.36128
-0.62377,1.36127
0.56021,-1.39301
0.55544,-1.39301
0.54871,-1.39294
0.53888,-1.39265
0.52410,-1.39183
0.50146,-1.38962
0.46698,-1.38408
0.41671,-1.37136
0.34997,-1.34643
0.27270,-1.30701
0.19540,-1.25720
0.12612,-1.20428
0.06736,-1.15340
0.01811,-1.10644
-0.02369,-1.06336
-0.05991,-1.02342
-0.09202,-0.98584
-0.12109,-0.94983
-0.14797,-0.91470
-0.17342,-0.87962
-0.19830,-0.84344
-0.22400,-0.80387
-0.25356,-0.75534
-0.29632,-0.67861
-0.65693,1.36038
-0.63602,1.36128
-0.62951,1.36130
-0.62622,1.36129
-0.62430,1.36128
-0.62308,1.36127
-0.62227,1.36126
-0.62171,1.36125
-0.62132,1.36124
-0.62103,1.36124
-0.62082,1.36124
-0.62064,1.36124
-0.62050,1.36123
-0.62037,1.36123
-0.62026,1.36123
-0.62015,1.36123
0.56418,-1.39296
0.56059,-1.39300
0.55565,-1.39301
0.54863,-1.39294
0.53824,-1.39263
0.52240,-1.39170
0.49778,-1.38915
0.45986,-1.38261
0.40444,-1.36745
0.33178,-1.33813
0.25011,-1.29349
0.17128,-1.23964
0.10265,-1.18461
0.04536,-1.13292
-0.00243,-1.08566
-0.04305,-1.04232
-0.07841,-1.00203
-0.10989,-0.96394
-0.13849,-0.92730
-0.16508,-0.89133
-0.19057,-0.85490
-0.21633,-0.81593
-0.24513,-0.76954
-0.28481,-0.70007
-0.41179,-0.42020
-0.58927,1.36010
-0.59990,1.36064
-0.60454,1.36082
-0.60732,1.36092
-0.60924,1.36098
-0.61067,1.36102
-0.61179,1.36106
-0.61269,1.36108
-0.61344,1.36110
-0.61405,1.36111
-0.61456,1.36112
-0.61497,1.36113
-0.61532,1.36114
-0.61560,1.36115
-0.61582,1.36115
0.56741,-1.39290
0.56466,-1.39295
0.56098,-1.39300
0.55587,-1.39301
0.54849,-1.39293
0.53741,-1.39259
0.52021,-1.39153
0.49296,-1.38850
0.45036,-1.38047
0.38802,-1.36173
0.30806,-1.32639
0.22192,-1.27540
0.14252,-1.21750
0.07558,-1.16085
0.02049,-1.10881
-0.02542,-1.06151
-0.06465,-1.01802
-0.09903,-0.97732
-0.12988,-0.93855
-0.15821,-0.90081
-0.18512,-0.86285
-0.21218,-0.82237
-0.24255,-0.77383
-0.28614,-0.69762
-0.36898,1.31786
-0.50310,1.35031
-0.54362,1.35607
-0.56546,1.35834
-0.57861,1.35940
-0.58716,1.35997
-0.59306,1.36031
-0.59734,1.36052
-0.60056,1.36067
-0.60306,1.36077
-0.60504,1.36084
-0.60662,1.36090
-0.60790,1.36094
-0.60895,1.36097
-0.60980,1.36100
-0.61050,1.36102
0.57013,-1.39284
0.56799,-1.39289
0.56520,-1.39295
0.56142,-1.39300
0.55612,-1.39301
0.54836,-1.39293
0.53648,-1.39255
0.51762,-1.39131
0.48704,-1.38762
0.43844,-1.37752
0.36753,-1.35384
0.27955,-1.31093
0.18986,-1.25325
0.11128,-1.19194
0.04690,-1.13439
-0.00565,-1.08233
-0.04964,-1.03500
-0.08762,-0.99111
-0.12135,-0.94950
-0.15218,-0.90903
-0.18147,-0.86813
-0.21129,-0.82373
-0.24636,-0.76748
-0.30832,-0.65553
-0.36396,1.31626
-0.43130,1.33543
-0.47607,1.34539
-0.51002,1.35144
-0.53517,1.35504
-0.55335,1.35716
-0.56644,1.35842
-0.57599,1.35921
-0.58311,1.35972
-0.58851,1.36005
-0.59271,1.36029
-0.59601,1.36046
-0.59864,1.36058
-0.60076,1.36068
-0.60247,1.36075
-0.60387,1.36080
0.57247,-1.39276
0.57078,-1.39282
0.56864,-1.39287
0.56581,-1.39293
0.56196,-1.39299
0.55647,-1.39301
0.54831,-1.39293
0.53555,-1.39251
0.51473,-1.39105
0.48003,-1.38648
0.42387,-1.37350
0.34274,-1.34320
0.24676,-1.29141
0.15514,-1.22737
0.07876,-1.16371
0.01750,-1.10584
-0.03256,-1.05381
-0.07503,-1.00599
-0.11247,-0.96072
-0.14677,-0.91631
-0.17990,-0.87038
-0.21527,-0.81759
-0.26395,-0.73744
-0.26446,1.27856
-0.34953,1.31150
-0.39327,1.32521
-0.42907,1.33487
-0.46083,1.34225
-0.48883,1.34782
-0.51261,1.35184
-0.53201,1.35463
-0.54739,1.35651
-0.55942,1.35777
-0.56880,1.35863
-0.57615,1.35922
-0.58194,1.35964
-0.58655,1.35994
-0.59024,1.36015
-0.59321,1.36032
-0.59562,1.36044
0.57451,-1.39269
0.57318,-1.39274
0.57151,-1.39279
0.56938,-1.39286
0.56654,-1.39292
0.56263,-1.39298
0.55699,-1.39302
0.54844,-1.39293
0.53473,-1.39247
0.51163,-1.39075
0.47180,-1.38501
0.40610,-1.36799
0.31305,-1.32894
0.20988,-1.26728
0.11836,-1.19787
0.04532,-1.13289
-0.01275,-1.07494
-0.06093,-1.02227
-0.10314,-0.97229
-0.14246,-0.92206
-0.18253,-0.86660
-0.23302,-0.78943
-0.18535,1.23966
-0.29127,1.28987
-0.33680,1.30711
-0.37083,1.31844
-0.40013,1.32717
-0.42702,1.33436
-0.45225,1.34037
-0.47571,1.34532
-0.49696,1.34927
-0.51560,1.35230
-0.53147,1.35456
-0.54467,1.35620
-0.55548,1.35738
-0.56426,1.35823
-0.57136,1.35884
-0.57711,1.35929
-0.58177,1.35963
-0.58555,1.35987
0.57635,-1.39262
0.57528,-1.39266
0.57399,-1.39271
0.57236,-1.39277
0.57026,-1.39283
0.56745,-1.39290
0.56353,-1.39297
0.55779,-1.39301
0.54891,-1.39294
0.53421,-1.39244
0.50842,-1.39042
0.46201,-1.38306
0.38388,-1.36021
0.27711,-1.30954
0.16843,-1.23750
0.07915,-1.16406
0.01004,-1.09837
-0.04563,-1.03946
-0.09427,-0.98311
-0.14211,-0.92252
-0.20446,-0.83417
-0.10034,1.18675
-0.22798,1.26170
-0.28565,1.28757
-0.32428,1.30261
-0.35449,1.31316
-0.38038,1.32139
-0.40392,1.32823
-0.42609,1.33412
-0.44726,1.33924
-0.46742,1.34364
-0.48629,1.34735
-0.50357,1.35039
-0.51899,1.35281
-0.53243,1.35468
-0.54391,1.35611
-0.55357,1.35718
-0.56159,1.35798
-0.56822,1.35858
-0.57367,1.35903
0.57802,-1.39255
0.57719,-1.39259
0.57618,-1.39263
0.57495,-1.39268
0.57339,-1.39273
0.57135,-1.39280
0.56861,-1.39287
0.56475,-1.39295
0.55901,-1.39301
0.54988,-1.39296
0.53418,-1.39244
0.50506,-1.39005
0.44954,-1.38028
0.35407,-1.34821
0.23148,-1.28168
0.11986,-1.19912
0.03432,-1.12235
-0.03259,-1.05378
-0.09383,-0.98365
0.44937,0.23040
0.18695,0.85045
-0.11089,1.19406
-0.21649,1.25602
-0.27310,1.28231
-0.31128,1.29774
-0.34057,1.30843
-0.36505,1.31661
-0.38678,1.32331
-0.40690,1.32906
-0.42602,1.33410
-0.44442,1.33858
-0.46215,1.34253
-0.47906,1.34598
-0.49496,1.34892
-0.50960,1.35137
-0.52280,1.35336
-0.53444,1.35494
-0.54451,1.35618
-0.55310,1.35713
-0.56033,1.35786
0.57959,-1.39248
0.57895,-1.39251
0.57818,-1.39254
0.57726,-1.39258
0.57612,-1.39263
0.57466,-1.39269
0.57275,-1.39276
0.57014,-1.39283
0.56643,-1.39292
0.56081,-1.39300
0.55158,-1.39298
0.53479,-1.39247
0.50101,-1.38956
0.43067,-1.37543
0.30733,-1.32601
0.16526,-1.23511
0.04958,-1.13691
-0.06455,-1.01813
0.45266,0.22098
0.40455,0.35500
0.20308,0.82091
-0.07601,1.16897
-0.19457,1.24465
-0.25691,1.27522
-0.29748,1.29236
-0.32754,1.30380
-0.35189,1.31229
-0.37290,1.31909
-0.39189,1.32481
-0.40963,1.32980
-0.42658,1.33424
-0.44296,1.33824
-0.45886,1.34183
-0.47423,1.34503
-0.48893,1.34784
-0.50275,1.35026
-0.51551,1.35229
-0.52703,1.35396
-0.53723,1.35530
-0.54610,1.35636
0.58111,-1.39241
0.58063,-1.39243
0.58008,-1.39246
0.57942,-1.39249
0.57861,-1.39253
0.57760,-1.39257
0.57630,-1.39262
0.57457,-1.39269
0.57221,-1.39277
0.56878,-1.39287
0.56344,-1.39297
0.55424,-1.39301
0.53602,-1.39253
0.49374,-1.38861
0.38907,-1.36211
0.19736,-1.25858
0.49104,0.10916
0.46113,0.19661
0.44236,0.25033
0.40461,0.35484
0.26106,0.70436
-0.02221,1.12444
-0.16557,1.22848
-0.23775,1.26639
-0.28264,1.28633
-0.31468,1.29903
-0.33978,1.30815
-0.36082,1.31524
-0.37936,1.32108
-0.39632,1.32609
-0.41227,1.33051
-0.42757,1.33449
-0.44243,1.33811
-0.45694,1.34141
-0.47110,1.34440
-0.48481,1.34708
-0.49790,1.34943
-0.51018,1.35146
-0.52147,1.35317
-0.53163,1.35458
0.58260,-1.39233
0.58230,-1.39234
0.58194,-1.39236
0.58151,-1.39238
0.58100,-1.39241
0.58036,-1.39244
0.57955,-1.39248
0.57849,-1.39253
0.57707,-1.39259
0.57508,-1.39267
0.57213,-1.39278
0.56733,-1.39290
0.55838,-1.39301
0.53741,-1.39259
0.46426,-1.38353
0.50198,0.07685
0.46874,0.17452
0.45658,0.20973
0.44168,0.25224
0.41248,0.33348
0.31631,0.57937
0.05032,1.05024
-0.12894,1.20604
-0.21535,1.25544
-0.26645,1.27944
-0.30148,1.29395
-0.32804,1.30398
-0.34967,1.31155
-0.36827,1.31763
-0.38492,1.32276
-0.40030,1.32722
-0.41485,1.33120
-0.42886,1.33482
-0.44254,1.33814
-0.45599,1.34120
-0.46921,1.34401
-0.48213,1.34657
-0.49461,1.34886
-0.50646,1.35087
-0.51748,1.35258
0.58413,-1.39224
0.58400,-1.39225
0.58384,-1.39226
0.58365,-1.39227
0.58342,-1.39228
0.58313,-1.39230
0.58276,-1.39232
0.58227,-1.39235
0.58163,-1.39238
0.58073,-1.39242
0.57944,-1.39249
0.57743,-1.39258
0.57394,-1.39271
0.56633,-1.39292
0.53147,-1.39230
0.47906,0.14437
0.46671,0.18042
0.45673,0.20929
0.44421,0.24507
0.42168,0.30818
0.35855,0.47556
0.14165,0.92654
-0.08169,1.17325
-0.18863,1.24145
-0.24830,1.27131
-0.28746,1.28832
-0.31614,1.29959
-0.33887,1.30783
-0.35794,1.31430
-0.37465,1.31964
-0.38980,1.32420
-0.40391,1.32823
-0.41733,1.33186
-0.43034,1.33519
-0.44310,1.33827
-0.45573,1.34114
-0.46823,1.34381
-0.48054,1.34626
-0.49252,1.34849
-0.50400,1.35046
0.58576,-1.39215
0.58580,-1.39215
0.58586,-1.39214
0.58593,-1.39214
0.58600,-1.39213
0.58608,-1.39213
0.58618,-1.39212
0.58630,-1.39212
0.58644,-1.39211
0.58665,-1.39209
0.58697,-1.39207
0.58757,-1.39204
0.58898,-1.39194
0.59395,-1.39159
0.69837,-1.37332
0.48038,0.14052
0.46851,0.17520
0.45924,0.20206
0.44841,0.23313
0.43090,0.28258
0.38931,0.39579
0.24115,0.74616
-0.01676,1.11947
-0.15493,1.22221
-0.22692,1.26118
-0.27180,1.28175
-0.30347,1.29473
-0.32783,1.30390
-0.34778,1.31091
-0.36490,1.31656
-0.38013,1.32132
-0.39408,1.32545
-0.40717,1.32913
-0.41970,1.33248
-0.43191,1.33558
-0.44397,1.33847
-0.45597,1.34120
-0.46793,1.34375
-0.47977,1.34612
-0.49137,1.34828
0.58753,-1.39204
0.58779,-1.39202
0.58810,-1.39200
0.58847,-1.39198
0.58890,-1.39195
0.58944,-1.39191
0.59011,-1.39187
0.59097,-1.39181
0.59215,-1.39172
0.59383,-1.39160
0.59645,-1.39139
0.60104,-1.39099
0.61073,-1.39002
0.63885,-1.38617
0.77214,-1.34932
0.49155,0.10767
0.47350,0.16065
0.46374,0.18904
0.45394,0.21730
0.44013,0.25662
0.41256,0.33325
0.32671,0.55444
0.08065,1.01330
-0.10774,1.19190
-0.19943,1.24723
-0.25289,1.27341
-0.28892,1.28892
-0.31571,1.29942
-0.33707,1.30720
-0.35500,1.31333
-0.37066,1.31839
-0.38475,1.32271
-0.39777,1.32650
-0.41006,1.32992
-0.42191,1.33305
-0.43352,1.33597
-0.44505,1.33872
-0.45659,1.34133
-0.46814,1.34379
-0.47963,1.34609
0.58953,-1.39191
0.59006,-1.39187
0.59068,-1.39183
0.59141,-1.39178
0.59232,-1.39171
0.59344,-1.39163
0.59489,-1.39151
0.59681,-1.39136
0.59949,-1.39113
0.60345,-1.39077
0.60979,-1.39012
0.62099,-1.38879
0.64331,-1.38542
0.69221,-1.37493
0.79362,-1.34076
0.96655,-1.24599
0.48543,0.12569
0.47108,0.16771
0.46117,0.19649
0.44984,0.22905
0.43138,0.28124
0.38618,0.40405
0.22332,0.78202
-0.02919,1.13066
-0.15862,1.22441
-0.22702,1.26123
-0.27018,1.28105
-0.30086,1.29371
-0.32454,1.30270
-0.34392,1.30959
-0.36049,1.31513
-0.37513,1.31978
-0.38842,1.32380
-0.40078,1.32736
-0.41251,1.33058
-0.42387,1.33356
-0.43507,1.33635
-0.44623,1.33900
-0.45745,1.34152
-0.46872,1.34391
0.59186,-1.39174
0.59271,-1.39168
0.59372,-1.39160
0.59495,-1.39151
0.59647,-1.39139
0.59840,-1.39123
0.60093,-1.39100
0.60437,-1.39068
0.60926,-1.39018
0.61661,-1.38934
0.62830,-1.38779
0.64796,-1.38460
0.68190,-1.37748
0.73767,-1.36160
0.81620,-1.33101
0.90575,-1.28474
1.00687,-1.21662
0.48811,0.11780
0.47194,0.16521
0.46107,0.19678
0.44804,0.23419
0.42468,0.29988
0.35777,0.47753
0.13208,0.94133
-0.08252,1.17386
-0.18433,1.23910
-0.24173,1.26827
-0.27970,1.28510
-0.30760,1.29633
-0.32964,1.30456
-0.34798,1.31097
-0.36384,1.31622
-0.37797,1.32066
-0.39086,1.32451
-0.40288,1.32795
-0.41433,1.33107
-0.42545,1.33396
-0.43643,1.33668
-0.44740,1.33927
-0.45845,1.34174
0.59463,-1.39153
0.59589,-1.39143
0.59741,-1.39131
0.59928,-1.39115
0.60162,-1.39094
0.60463,-1.39065
0.60864,-1.39024
0.61416,-1.38963
0.62204,-1.38865
0.63373,-1.38698
0.65158,-1.38394
0.67905,-1.37816
0.71991,-1.36720
0.77548,-1.34804
0.84111,-1.31937
0.90694,-1.28404
0.96461,-1.24733
1.01452,-1.21069
1.15410,-1.07744
0.47914,0.14414
0.46596,0.18260
0.45224,0.22219
0.42857,0.28907
0.35956,0.47298
0.12235,0.95588
-0.08914,1.17873
-0.18743,1.24079
-0.24317,1.26894
-0.28038,1.28538
-0.30795,1.29647
-0.32989,1.30465
-0.34826,1.31107
-0.36422,1.31634
-0.37847,1.32081
-0.39149,1.32470
-0.40364,1.32815
-0.41518,1.33129
-0.42637,1.33419
-0.43739,1.33691
-0.44839,1.33949
0.59796,-1.39126
0.59975,-1.39111
0.60192,-1.39091
0.60461,-1.39065
0.60801,-1.39031
0.61243,-1.38983
0.61833,-1.38912
0.62642,-1.38805
0.63782,-1.38633
0.65419,-1.38345
0.67774,-1.37846
0.71087,-1.36986
0.75499,-1.35566
0.80876,-1.33431
0.86731,-1.30611
0.92393,-1.27381
0.97340,-1.24122
1.01348,-1.21150
1.04413,-1.18654
1.06641,-1.16706
1.08980,-1.14528
0.48958,0.11347
0.47025,0.17012
0.45270,0.22086
0.41771,0.31913
0.27859,0.66609
-0.01377,1.11671
-0.15565,1.22264
-0.22546,1.26047
-0.26866,1.28040
-0.29941,1.29313
-0.32334,1.30226
-0.34314,1.30932
-0.36023,1.31505
-0.37546,1.31988
-0.38934,1.32407
-0.40223,1.32776
-0.41441,1.33109
-0.42613,1.33413
-0.43757,1.33696
0.60201,-1.39090
0.60445,-1.39067
0.60743,-1.39037
0.61114,-1.38997
0.61584,-1.38943
0.62193,-1.38866
0.63002,-1.38754
0.64096,-1.38582
0.65598,-1.38310
0.67667,-1.37871
0.70476,-1.37158
0.74160,-1.36029
0.78715,-1.34341
0.83926,-1.32027
0.89374,-1.29167
0.94599,-1.25981
0.99286,-1.22718
1.03324,-1.19565
1.06736,-1.16620
1.09595,-1.13932
1.11964,-1.11535
1.13870,-1.09486
1.15281,-1.07895
1.16038,-1.07014
1.15613,-1.07511
0.53505,-0.01345
0.45959,0.20104
0.38023,0.41969
0.02647,1.07669
-0.15853,1.22435
-0.23351,1.26437
-0.27675,1.28386
-0.30686,1.29605
-0.33035,1.30481
-0.35003,1.31167
-0.36730,1.31733
-0.38293,1.32216
-0.39738,1.32639
-0.41095,1.33016
-0.42385,1.33355
0.60691,-1.39042
0.61013,-1.39008
0.61407,-1.38964
0.61895,-1.38905
0.62512,-1.38823
0.63305,-1.38708
0.64342,-1.38540
0.65718,-1.38287
0.67553,-1.37897
0.69985,-1.37292
0.73136,-1.36364
0.77064,-1.34990
0.81688,-1.33071
0.86766,-1.30593
0.91946,-1.27655
0.96895,-1.24433
1.01410,-1.21102
1.05431,-1.17779
1.08976,-1.14532
1.12082,-1.11412
1.14766,-1.08483
1.17029,-1.05830
1.18872,-1.03536
1.20319,-1.01647
1.21411,-1.00168
1.22194,-0.99080
1.22683,-0.98386
1.22805,-0.98212
1.22064,-0.99262
1.17365,-1.05421
0.37532,0.43250
-0.08922,1.17879
-0.21769,1.25662
-0.27243,1.28202
-0.30615,1.29577
-0.33128,1.30514
-0.35214,1.31238
-0.37057,1.31836
-0.38746,1.32351
-0.40326,1.32805
0.61275,-1.38979
0.61686,-1.38931
0.62185,-1.38867
0.62799,-1.38783
0.63568,-1.38667
0.64544,-1.38505
0.65801,-1.38270
0.67434,-1.37924
0.69556,-1.37406
0.72283,-1.36631
0.75696,-1.35495
0.79795,-1.33895
0.84452,-1.31771
0.89414,-1.29144
0.94378,-1.26125
0.99090,-1.22863
1.03414,-1.19491
1.07309,-1.16099
1.10778,-1.12755
1.13822,-1.09538
1.16423,-1.06557
1.18566,-1.03926
1.20262,-1.01723
1.21564,-0.99958
1.22544,-0.98584
1.23278,-0.97529
1.23831,-0.96721
1.24247,-0.96104
1.24554,-0.95644
1.24756,-0.95340
1.24809,-0.95260
1.24478,-0.95759
1.21183,-1.00481
0.32370,0.56170
-0.16257,1.22674
-0.25530,1.27450
-0.29872,1.29286
-0.32756,1.30380
-0.35061,1.31186
-0.37090,1.31846
0.61956,-1.38897
0.62459,-1.38831
0.63065,-1.38744
0.63804,-1.38630
0.64718,-1.38474
0.65864,-1.38258
0.67319,-1.37950
0.69178,-1.37504
0.71545,-1.36853
0.74516,-1.35908
0.78138,-1.34573
0.82364,-1.32763
0.87028,-1.30455
0.91872,-1.27700
0.96629,-1.24617
1.01104,-1.21340
1.05205,-1.17975
1.08907,-1.14599
1.12205,-1.11283
1.15081,-1.08123
1.17509,-1.05245
1.19474,-1.02761
1.21002,-1.00728
1.22158,-0.99129
1.23022,-0.97900
1.23669,-0.96959
1.24161,-0.96233
1.24542,-0.95663
1.24844,-0.95207
1.25087,-0.94837
1.25285,-0.94535
1.25440,-0.94295
1.25545,-0.94133
1.25557,-0.94115
1.25267,-0.94562
1.21700,-0.99770
0.08749,1.00442
-0.21698,1.25627
-0.28414,1.28695
-0.32003,1.30104
0.62723,-1.38794
0.63316,-1.38707
0.64022,-1.38594
0.64875,-1.38446
0.65920,-1.38247
0.67217,-1.37973
0.68847,-1.37587
0.70903,-1.37038
0.73486,-1.36252
0.76670,-1.35138
0.80467,-1.33609
0.84788,-1.31605
0.89432,-1.29134
0.94141,-1.26278
0.98684,-1.23160
1.02914,-1.19901
1.06775,-1.16585
1.10255,-1.13280
1.13349,-1.10057
1.16032,-1.07020
1.18277,-1.04291
1.20077,-1.01970
1.21465,-1.00094
1.22511,-0.98632
1.23291,-0.97512
1.23876,-0.96655
1.24322,-0.95993
1.24669,-0.95472
1.24946,-0.95052
1.25172,-0.94708
1.25360,-0.94418
1.25521,-0.94171
1.25659,-0.93958
1.25777,-0.93774
1.25873,-0.93624
1.25935,-0.93528
1.25914,-0.93561
1.25541,-0.94139
0.52215,0.01988
-0.11621,1.19766
0.63555,-1.38669
0.64228,-1.38559
0.65022,-1.38419
0.65974,-1.38236
0.67133,-1.37991
0.68564,-1.37658
0.70351,-1.37193
0.72589,-1.36537
0.75369,-1.35612
0.78746,-1.34329
0.82695,-1.32611
0.87080,-1.30427
0.91675,-1.27819
0.96229,-1.24892
1.00547,-1.21770
1.04528,-1.18556
1.08145,-1.15322
1.11400,-1.12121
1.14286,-1.09023
1.16780,-1.06130
1.18856,-1.03558
1.20511,-1.01390
1.21786,-0.99649
1.22746,-0.98296
1.23465,-0.97258
1.24006,-0.96462
1.24420,-0.95845
1.24744,-0.95358
1.25003,-0.94965
1.25215,-0.94641
1.25392,-0.94370
1.25542,-0.94138
1.25672,-0.93937
1.25785,-0.93761
1.25886,-0.93604
1.25977,-0.93463
1.26056,-0.93338
1.26122,-0.93235
1.26157,-0.93181
1.26094,-0.93278
0.64425,-1.38526
0.65164,-1.38393
0.66032,-1.38224
0.67069,-1.38006
0.68328,-1.37715
0.69881,-1.37320
0.71816,-1.36772
0.74229,-1.36006
0.77201,-1.34938
0.80757,-1.33483
0.84833,-1.31582
0.89252,-1.29236
0.93767,-1.26518
0.98145,-1.23550
1.02232,-1.20451
1.05966,-1.17309
1.09346,-1.14175
1.12383,-1.11095
1.15072,-1.08134
1.17390,-1.05391
1.19314,-1.02969
1.20846,-1.00939
1.22027,-0.99313
1.22919,-0.98048
1.23590,-0.97075
1.24098,-0.96325
1.24490,-0.95741
1.24797,-0.95278
1.25043,-0.94903
1.25246,-0.94594
1.25414,-0.94335
1.25557,-0.94115
1.25680,-0.93925
1.25787,-0.93759
1.25880,-0.93613
1.25964,-0.93482
1.26039,-0.93364
1.26109,-0.93256
1.26173,-0.93155
1.26231,-0.93063
0.65303,-1.38367
0.66096,-1.38211
0.67025,-1.38015
0.68136,-1.37761
0.69488,-1.37424
0.71159,-1.36965
0.73242,-1.36330
0.75831,-1.35447
0.78990,-1.34229
0.82715,-1.32601
0.86894,-1.30526
0.91313,-1.28037
0.95718,-1.25238
0.99903,-1.22258
1.03754,-1.19208
1.07249,-1.16154
1.10403,-1.13132
1.13236,-1.10180
1.15743,-1.07359
1.17901,-1.04760
1.19691,-1.02478
1.21117,-1.00571
1.22219,-0.99043
1.23056,-0.97852
1.23688,-0.96932
1.24170,-0.96219
1.24543,-0.95662
1.24837,-0.95217
1.25074,-0.94856
1.25269,-0.94558
1.25432,-0.94308
1.25570,-0.94094
1.25689,-0.93911
1.25791,-0.93752
1.25881,-0.93613
1.25959,-0.93490
1.26029,-0.93381
1.26091,-0.93283
1.26148,-0.93193
1.26202,-0.93109
0.66165,-1.38197
0.67001,-1.38020
0.67984,-1.37797
0.69163,-1.37507
0.70607,-1.37122
0.72399,-1.36595
0.74636,-1.35867
0.77406,-1.34859
0.80752,-1.33485
0.84632,-1.31682
0.88885,-1.29442
0.93270,-1.26834
0.97536,-1.23984
1.01513,-1.21021
1.05131,-1.18039
1.08396,-1.15086
1.11339,-1.12183
1.13983,-1.09360
1.16324,-1.06675
1.18339,-1.04213
1.20010,-1.02058
1.21345,-1.00260
1.22380,-0.98817
1.23169,-0.97688
1.23769,-0.96813
1.24228,-0.96132
1.24586,-0.95596
1.24870,-0.95167
1.25100,-0.94818
1.25289,-0.94528
1.25448,-0.94284
1.25582,-0.94076
1.25698,-0.93897
1.25797,-0.93743
1.25884,-0.93608
1.25960,-0.93489
1.26026,-0.93385
1.26085,-0.93293
1.26137,-0.93211
1.26185,-0.93136
