-0.73065,1.35330
-0.73039,1.35334
-0.73011,1.35339
-0.72978,1.35344
-0.72940,1.35351
-0.72896,1.35358
-0.72842,1.35366
-0.72777,1.35377
-0.72698,1.35389
-0.72600,1.35404
-0.72479,1.35423
-0.72326,1.35446
-0.72133,1.35475
-0.71885,1.35511
-0.71570,1.35555
-0.71173,1.35609
-0.70682,1.35671
-0.70099,1.35740
-0.69436,1.35811
-0.68717,1.35879
-0.67971,1.35942
-0.67219,1.35995
-0.66472,1.36039
-0.65742,1.36074
-0.65048,1.36099
-0.64421,1.36115
-0.63895,1.36124
-0.63486,1.36129
-0.63185,1.36130
-0.62968,1.36130
-0.62810,1.36130
-0.62694,1.36129
-0.62607,1.36129
-0.62539,1.36129
-0.62485,1.36128
-0.62439,1.36128
-0.62400,1.36127
-0.62365,1.36127
-0.62334,1.36127
-0.62304,1.36126
-0.73084,1.35327
-0.73053,1.35332
-0.73020,1.35338
-0.72985,1.35343
-0.72945,1.35350
-0.72899,1.35357
-0.72845,1.35366
-0.72779,1.35376
-0.72700,1.35389
-0.72602,1.35404
-0.72481,1.35423
-0.72328,1.35446
-0.72134,1.35475
-0.71884,1.35511
-0.71564,1.35556
-0.71158,1.35611
-0.70654,1.35675
-0.70051,1.35745
-0.69363,1.35818
-0.68615,1.35888
-0.67839,1.35952
-0.67056,1.36006
-0.66284,1.36049
-0.65537,1.36082
-0.64843,1.36105
-0.64234,1.36119
-0.63741,1.36126
-0.63367,1.36129
-0.63095,1.36130
-0.62898,1.36130
-0.62755,1.36130
-0.62648,1.36129
-0.62566,1.36129
-0.62502,1.36128
-0.62449,1.36128
-0.62405,1.36127
-0.62366,1.36127
-0.62331,1.36127
-0.62299,1.36126
-0.62269,1.36126
-0.73131,1.35319
-0.73088,1.35327
-0.73046,1.35333
-0.73004,1.35340
-0.72959,1.35348
-0.72909,1.35356
-0.72852,1.35365
-0.72785,1.35375
-0.72704,1.35388
-0.72606,1.35404
-0.72484,1.35422
-0.72330,1.35446
-0.72134,1.35475
-0.71881,1.35512
-0.71555,1.35558
-0.71139,1.35613
-0.70619,1.35679
-0.69993,1.35752
-0.69277,1.35827
-0.68498,1.35899
-0.67689,1.35963
-0.66875,1.36017
-0.66079,1.36059
-0.65321,1.36090
-0.64634,1.36111
-0.64052,1.36122
-0.63595,1.36128
-0.63255,1.36130
-0.63009,1.36130
-0.62831,1.36130
-0.62699,1.36129
-0.62600,1.36129
-0.62523,1.36128
-0.62461,1.36128
-0.62410,1.36128
-0.62366,1.36127
-0.62328,1.36127
-0.62293,1.36126
-0.62262,1.36126
-0.62232,1.36126
-0.73231,1.35303
-0.73165,1.35314
-0.73104,1.35324
-0.73048,1.35333
-0.72992,1.35342
-0.72934,1.35351
-0.72871,1.35362
-0.72799,1.35373
-0.72715,1.35387
-0.72613,1.35402
-0.72489,1.35422
-0.72332,1.35446
-0.72132,1.35475
-0.71875,1.35513
-0.71541,1.35560
-0.71112,1.35617
-0.70573,1.35684
-0.69922,1.35759
-0.69174,1.35837
-0.68360,1.35910
-0.67516,1.35975
-0.66672,1.36028
-0.65855,1.36069
-0.65094,1.36098
-0.64423,1.36115
-0.63875,1.36125
-0.63455,1.36129
-0.63148,1.36130
-0.62926,1.36130
-0.62763,1.36130
-0.62642,1.36129
-0.62550,1.36129
-0.62477,1.36128
-0.62417,1.36128
-0.62367,1.36127
-0.62325,1.36127
-0.62287,1.36126
-0.62253,1.36126
-0.62223,1.36126
-0.62194,1.36125
-0.73163,1.35314
-0.73267,1.35297
-0.73208,1.35307
-0.73134,1.35319
-0.73061,1.35331
-0.72988,1.35343
-0.72912,1.35355
-0.72830,1.35368
-0.72738,1.35383
-0.72629,1.35400
-0.72498,1.35420
-0.72336,1.35445
-0.72130,1.35476
-0.71864,1.35514
-0.71519,1.35563
-0.71074,1.35622
-0.70512,1.35692
-0.69830,1.35769
-0.69046,1.35849
-0.68194,1.35924
-0.67313,1.35989
-0.66441,1.36041
-0.65611,1.36079
-0.64856,1.36105
-0.64213,1.36119
-0.63704,1.36127
-0.63322,1.36130
-0.63045,1.36130
-0.62843,1.36130
-0.62695,1.36129
-0.62582,1.36129
-0.62495,1.36128
-0.62426,1.36128
-0.62369,1.36127
-0.62321,1.36127
-0.62280,1.36126
-0.62244,1.36126
-0.62211,1.36125
-0.62182,1.36125
-0.62156,1.36125
0.43040,-1.37536
0.31798,-1.33142
0.10451,-1.18621
-0.72964,1.35347
-0.73113,1.35322
-0.73062,1.35331
-0.72979,1.35344
-0.72884,1.35360
-0.72779,1.35376
-0.72658,1.35395
-0.72515,1.35418
-0.72341,1.35444
-0.72123,1.35477
-0.71844,1.35517
-0.71482,1.35568
-0.71015,1.35629
-0.70424,1.35702
-0.69705,1.35783
-0.68880,1.35865
-0.67986,1.35940
-0.67071,1.36005
-0.66177,1.36054
-0.65344,1.36089
-0.64611,1.36111
-0.64006,1.36123
-0.63539,1.36128
-0.63194,1.36130
-0.62944,1.36130
-0.62760,1.36130
-0.62623,1.36129
-0.62519,1.36128
-0.62437,1.36128
-0.62371,1.36127
-0.62317,1.36127
-0.62272,1.36126
-0.62233,1.36126
-0.62199,1.36125
-0.62169,1.36125
-0.62142,1.36125
-0.62118,1.36124
0.53763,-1.39260
0.51106,-1.39069
0.47123,-1.38490
0.40918,-1.36900
0.31284,-1.32884
0.16013,-1.23121
-0.72017,1.35492
-0.72776,1.35377
-0.72767,1.35378
-0.72663,1.35395
-0.72516,1.35417
-0.72330,1.35446
-0.72095,1.35481
-0.71795,1.35524
-0.71409,1.35578
-0.70911,1.35643
-0.70282,1.35719
-0.69520,1.35802
-0.68649,1.35885
-0.67716,1.35961
-0.66773,1.36023
-0.65873,1.36068
-0.65058,1.36099
-0.64362,1.36117
-0.63804,1.36126
-0.63381,1.36129
-0.63070,1.36130
-0.62842,1.36130
-0.62674,1.36129
-0.62548,1.36129
-0.62450,1.36128
-0.62374,1.36127
-0.62313,1.36127
-0.62262,1.36126
-0.62220,1.36126
-0.62184,1.36125
-0.62153,1.36125
-0.62126,1.36124
-0.62102,1.36124
-0.62080,1.36124
0.56854,-1.39288
0.55767,-1.39301
0.54241,-1.39278
0.52205,-1.39167
0.49478,-1.38875
0.45720,-1.38203
0.40506,-1.36765
0.33466,-1.33948
0.24181,-1.28830
0.11748,-1.19714
-0.70465,1.35697
-0.71825,1.35520
-0.71796,1.35524
-0.71548,1.35559
-0.71165,1.35610
-0.70648,1.35675
-0.69989,1.35752
-0.69192,1.35835
-0.68289,1.35916
-0.67337,1.35987
-0.66398,1.36043
-0.65526,1.36083
-0.64757,1.36107
-0.64117,1.36121
-0.63611,1.36128
-0.63229,1.36130
-0.62946,1.36130
-0.62738,1.36130
-0.62583,1.36129
-0.62466,1.36128
-0.62377,1.36127
-0.62307,1.36127
-0.62251,1.36126
-0.62205,1.36125
-0.62167,1.36125
-0.62135,1.36125
-0.62108,1.36124
-0.62084,1.36124
-0.62062,1.36124
-0.62044,1.36123
0.57850,-1.39253
0.57420,-1.39271
0.56744,-1.39290
0.55766,-1.39301
0.54460,-1.39284
0.52791,-1.39209
0.50690,-1.39025
0.48033,-1.38653
0.44655,-1.37956
0.40424,-1.36738
0.35333,-1.34789
0.29504,-1.31951
0.23091,-1.28132
0.16180,-1.23249
0.08428,-1.16862
-0.02757,-1.05919
-0.68392,1.35908
-0.68197,1.35924
-0.67541,1.35973
-0.66738,1.36025
-0.65915,1.36067
-0.65143,1.36096
-0.64459,1.36115
-0.63886,1.36125
-0.63429,1.36129
-0.63080,1.36130
-0.62820,1.36130
-0.62627,1.36129
-0.62485,1.36128
-0.62379,1.36127
-0.62298,1.36126
-0.62236,1.36126
-0.62187,1.36125
-0.62147,1.36125
-0.62114,1.36124
-0.62086,1.36124
-0.62063,1.36124
-0.62042,1.36123
-0.62024,1.36123
-0.62008,1.36123
0.58172,-1.39237
0.57978,-1.39247
0.57669,-1.39261
0.57194,-1.39278
0.56506,-1.39295
0.55571,-1.39301
0.54367,-1.39282
0.52862,-1.39213
0.51003,-1.39059
0.48714,-1.38764
0.45907,-1.38243
0.42510,-1.37386
0.38500,-1.36062
0.33922,-1.34160
0.28868,-1.31604
0.23423,-1.28347
0.17632,-1.24339
0.11439,-1.19456
0.04434,-1.13195
-0.06686,-1.01547
-0.65368,1.36088
-0.64783,1.36107
-0.64203,1.36120
-0.63686,1.36127
-0.63260,1.36130
-0.62930,1.36130
-0.62685,1.36129
-0.62508,1.36128
-0.62380,1.36127
-0.62286,1.36126
-0.62217,1.36126
-0.62164,1.36125
-0.62122,1.36124
-0.62088,1.36124
-0.62061,1.36124
-0.62037,1.36123
-0.62017,1.36123
-0.62000,1.36123
-0.61985,1.36122
-0.61972,1.36122
0.58309,-1.39230
0.58199,-1.39236
0.58031,-1.39245
0.57773,-1.39256
0.57387,-1.39272
0.56832,-1.39288
0.56077,-1.39300
0.55094,-1.39297
0.53851,-1.39264
0.52297,-1.39174
0.50361,-1.38988
0.47955,-1.38640
0.44989,-1.38036
0.41394,-1.37050
0.37144,-1.35541
0.32281,-1.33381
0.26920,-1.30497
0.21240,-1.26900
0.15421,-1.22666
0.09514,-1.17814
0.03137,-1.11949
-0.06451,-1.01817
-0.64158,1.36120
-0.63546,1.36128
-0.63100,1.36130
-0.62769,1.36130
-0.62537,1.36129
-0.62377,1.36127
-0.62267,1.36126
-0.62189,1.36125
-0.62133,1.36124
-0.62089,1.36124
-0.62056,1.36123
-0.62029,1.36123
-0.62006,1.36123
-0.61988,1.36122
-0.61971,1.36122
-0.61958,1.36122
-0.61945,1.36122
-0.61935,1.36122
0.58388,-1.39226
0.58315,-1.39230
0.58208,-1.39236
0.58048,-1.39244
0.57806,-1.39255
0.57448,-1.39269
0.56940,-1.39285
0.56249,-1.39298
0.55342,-1.39300
0.54180,-1.39276
0.52704,-1.39203
0.50830,-1.39041
0.48454,-1.38723
0.45462,-1.38145
0.41760,-1.37163
0.37318,-1.35610
0.32214,-1.33348
0.26651,-1.30339
0.20917,-1.26679
0.15260,-1.22541
0.09746,-1.18015
0.04066,-1.12844
-0.03231,-1.05408
-0.63673,1.36127
-0.62940,1.36130
-0.62583,1.36129
-0.62369,1.36127
-0.62235,1.36126
-0.62148,1.36125
-0.62088,1.36124
-0.62045,1.36123
-0.62012,1.36123
-0.61987,1.36122
-0.61966,1.36122
-0.61949,1.36122
-0.61935,1.36122
-0.61923,1.36121
-0.61912,1.36121
-0.61903,1.36121
-0.61895,1.36121
0.58441,-1.39223
0.58389,-1.39226
0.58316,-1.39230
0.58207,-1.39236
0.58044,-1.39244
0.57798,-1.39255
0.57437,-1.39270
0.56924,-1.39286
0.56224,-1.39299
0.55300,-1.39300
0.54101,-1.39273
0.52554,-1.39193
0.50558,-1.39011
0.47987,-1.38646
0.44707,-1.37969
0.40626,-1.36805
0.35757,-1.34971
0.30280,-1.32364
0.24520,-1.29043
0.18823,-1.25207
0.13388,-1.21058
0.08147,-1.16612
0.02619,-1.11443
-0.05186,-1.03252
-0.62768,1.36130
-0.62351,1.36127
-0.62176,1.36125
-0.62080,1.36124
-0.62019,1.36123
-0.61978,1.36122
-0.61948,1.36122
-0.61926,1.36122
-0.61910,1.36121
-0.61896,1.36121
-0.61885,1.36121
-0.61876,1.36121
-0.61868,1.36121
-0.61862,1.36120
-0.61856,1.36120
-0.61851,1.36120
0.58481,-1.39220
0.58443,-1.39223
0.58390,-1.39226
0.58313,-1.39230
0.58199,-1.39236
0.58026,-1.39245
0.57765,-1.39257
0.57378,-1.39272
0.56826,-1.39288
0.56069,-1.39300
0.55060,-1.39297
0.53736,-1.39259
0.52005,-1.39151
0.49741,-1.38911
0.46794,-1.38426
0.43022,-1.37531
0.38374,-1.36015
0.32977,-1.33718
0.27160,-1.30637
0.21333,-1.26963
0.15787,-1.22948
0.10554,-1.18708
0.05331,-1.14042
-0.00859,-1.07928
-0.62301,1.36126
-0.62022,1.36123
-0.61932,1.36122
-0.61886,1.36121
-0.61859,1.36120
-0.61841,1.36120
-0.61830,1.36120
-0.61822,1.36120
-0.61816,1.36120
-0.61812,1.36120
-0.61809,1.36120
-0.61807,1.36120
-0.61805,1.36119
-0.61803,1.36119
-0.61801,1.36119
-0.61800,1.36119
0.58513,-1.39219
0.58484,-1.39220
0.58445,-1.39223
0.58389,-1.39226
0.58308,-1.39230
0.58186,-1.39237
0.57998,-1.39246
0.57710,-1.39259
0.57281,-1.39275
0.56662,-1.39292
0.55808,-1.39301
0.54659,-1.39289
0.53135,-1.39229
0.51116,-1.39070
0.48445,-1.38721
0.44949,-1.38027
0.40511,-1.36767
0.35185,-1.34725
0.29278,-1.31828
0.23248,-1.28234
0.17472,-1.24220
0.12051,-1.19965
0.06734,-1.15338
0.00671,-1.09500
-0.13359,-0.93373
-0.61340,1.36110
-0.61503,1.36113
-0.61572,1.36115
-0.61613,1.36116
-0.61642,1.36116
-0.61663,1.36117
-0.61679,1.36117
-0.61692,1.36117
-0.61703,1.36118
-0.61712,1.36118
-0.61719,1.36118
-0.61725,1.36118
-0.61730,1.36118
-0.61734,1.36118
-0.61738,1.36118
0.58539,-1.39217
0.58516,-1.39218
0.58487,-1.39220
0.58446,-1.39222
0.58388,-1.39226
0.58302,-1.39231
0.58169,-1.39238
0.57961,-1.39248
0.57638,-1.39262
0.57148,-1.39280
0.56437,-1.39296
0.55446,-1.39301
0.54102,-1.39273
0.52297,-1.39174
0.49876,-1.38928
0.46644,-1.38397
0.42421,-1.37360
0.37173,-1.35553
0.31145,-1.32813
0.24825,-1.29234
0.18682,-1.25106
0.12885,-1.20651
0.07177,-1.15742
0.00490,-1.09316
-0.56172,1.35799
-0.59795,1.36055
-0.60577,1.36087
-0.60956,1.36099
-0.61171,1.36105
-0.61307,1.36109
-0.61398,1.36111
-0.61464,1.36113
-0.61513,1.36114
-0.61550,1.36114
-0.61580,1.36115
-0.61603,1.36116
-0.61622,1.36116
-0.61637,1.36116
-0.61650,1.36117
-0.61660,1.36117
0.58560,-1.39216
0.58543,-1.39217
0.58521,-1.39218
0.58491,-1.39220
0.58448,-1.39222
0.58387,-1.39226
0.58294,-1.39231
0.58149,-1.39239
0.57917,-1.39250
0.57547,-1.39266
0.56978,-1.39284
0.56143,-1.39300
0.54972,-1.39296
0.53368,-1.39242
0.51184,-1.39077
0.48217,-1.38684
0.44234,-1.37852
0.39092,-1.36278
0.32923,-1.33692
0.26206,-1.30075
0.19504,-1.25694
0.13065,-1.20797
0.06525,-1.15147
-0.02368,-1.06336
-0.55996,1.35782
-0.58088,1.35956
-0.59206,1.36026
-0.59937,1.36062
-0.60423,1.36081
-0.60749,1.36093
-0.60972,1.36100
-0.61129,1.36104
-0.61243,1.36107
-0.61328,1.36109
-0.61393,1.36111
-0.61444,1.36112
-0.61484,1.36113
-0.61516,1.36114
-0.61541,1.36114
-0.61562,1.36115
0.58579,-1.39215
0.58566,-1.39215
0.58548,-1.39216
0.58526,-1.39218
0.58495,-1.39220
0.58451,-1.39222
0.58387,-1.39226
0.58287,-1.39231
0.58127,-1.39240
0.57863,-1.39252
0.57434,-1.39270
0.56762,-1.39290
0.55767,-1.39301
0.54358,-1.39282
0.52405,-1.39182
0.49707,-1.38906
0.45993,-1.38262
0.41003,-1.36927
0.34690,-1.34507
0.27432,-1.30794
0.19858,-1.25944
0.12263,-1.20141
0.03692,-1.12486
-0.51835,1.35271
-0.55475,1.35730
-0.56973,1.35871
-0.58027,1.35952
-0.58847,1.36005
-0.59492,1.36040
-0.59989,1.36064
-0.60364,1.36079
-0.60644,1.36089
-0.60854,1.36096
-0.61011,1.36101
-0.61132,1.36104
-0.61225,1.36107
-0.61297,1.36109
-0.61355,1.36110
-0.61401,1.36111
-0.61438,1.36112
0.58596,-1.39214
0.58585,-1.39214
0.58572,-1.39215
0.58554,-1.39216
0.58532,-1.39217
0.58500,-1.39219
0.58455,-1.39222
0.58388,-1.39226
0.58281,-1.39232
0.58103,-1.39241
0.57801,-1.39255
0.57294,-1.39275
0.56486,-1.39295
0.55277,-1.39299
0.53548,-1.39251
0.51114,-1.39070
0.47687,-1.38593
0.42896,-1.37495
0.36440,-1.35256
0.28398,-1.31343
0.19265,-1.25524
0.08869,-1.17251
-0.47702,1.34558
-0.53085,1.35447
-0.54992,1.35679
-0.56235,1.35805
-0.57187,1.35888
-0.57971,1.35948
-0.58635,1.35992
-0.59198,1.36025
-0.59667,1.36049
-0.60048,1.36066
-0.60354,1.36079
-0.60596,1.36088
-0.60786,1.36094
-0.60936,1.36099
-0.61054,1.36102
-0.61147,1.36105
-0.61222,1.36107
-0.61282,1.36108
0.58611,-1.39213
0.58602,-1.39213
0.58592,-1.39214
0.58578,-1.39215
0.58561,-1.39216
0.58539,-1.39217
0.58507,-1.39219
0.58462,-1.39222
0.58391,-1.39226
0.58277,-1.39232
0.58079,-1.39242
0.57727,-1.39258
0.57114,-1.39281
0.56117,-1.39300
0.54608,-1.39288
0.52418,-1.39183
0.49263,-1.38845
0.44675,-1.37961
0.37996,-1.35872
0.28476,-1.31386
0.14479,-1.21929
-0.42927,1.33492
-0.50000,1.34979
-0.52831,1.35413
-0.54495,1.35623
-0.55657,1.35749
-0.56557,1.35835
-0.57302,1.35898
-0.57945,1.35946
-0.58509,1.35984
-0.59005,1.36014
-0.59436,1.36038
-0.59805,1.36056
-0.60115,1.36069
-0.60372,1.36079
-0.60582,1.36087
-0.60753,1.36093
-0.60891,1.36097
-0.61002,1.36101
-0.61091,1.36103
0.58625,-1.39212
0.58618,-1.39212
0.58610,-1.39213
0.58599,-1.39213
0.58587,-1.39214
0.58570,-1.39215
0.58548,-1.39216
0.58517,-1.39218
0.58471,-1.39221
0.58399,-1.39225
0.58277,-1.39232
0.58053,-1.39243
0.57632,-1.39262
0.56862,-1.39287
0.55574,-1.39301
0.53585,-1.39252
0.50600,-1.39015
0.45991,-1.38262
0.38070,-1.35901
0.14891,0.91504
-0.28371,1.28677
-0.43519,1.33638
-0.49394,1.34874
-0.52248,1.35332
-0.53957,1.35559
-0.55137,1.35695
-0.56035,1.35786
-0.56766,1.35853
-0.57392,1.35905
-0.57943,1.35946
-0.58436,1.35980
-0.58879,1.36007
-0.59274,1.36029
-0.59624,1.36047
-0.59928,1.36061
-0.60189,1.36072
-0.60409,1.36081
-0.60593,1.36088
-0.60745,1.36093
-0.60869,1.36097
0.58637,-1.39211
0.58632,-1.39211
0.58626,-1.39212
0.58618,-1.39212
0.58609,-1.39213
0.58597,-1.39214
0.58582,-1.39214
0.58561,-1.39216
0.58531,-1.39218
0.58486,-1.39220
0.58412,-1.39224
0.58281,-1.39232
0.58022,-1.39245
0.57487,-1.39268
0.56430,-1.39296
0.54550,-1.39287
0.51300,-1.39089
0.42434,-1.37364
0.17284,0.87524
-0.06328,1.15912
-0.27524,1.28322
-0.41578,1.33145
-0.48210,1.34656
-0.51468,1.35216
-0.53362,1.35484
-0.54627,1.35638
-0.55562,1.35739
-0.56306,1.35812
-0.56930,1.35867
-0.57473,1.35911
-0.57958,1.35947
-0.58398,1.35977
-0.58799,1.36002
-0.59164,1.36023
-0.59494,1.36041
-0.59788,1.36055
-0.60047,1.36066
-0.60270,1.36075
-0.60461,1.36083
-0.60621,1.36088
0.58650,-1.39210
0.58646,-1.39211
0.58641,-1.39211
0.58636,-1.39211
0.58629,-1.39212
0.58621,-1.39212
0.58610,-1.39213
0.58596,-1.39214
0.58577,-1.39215
0.58549,-1.39216
0.58507,-1.39219
0.58433,-1.39223
0.58291,-1.39231
0.57967,-1.39248
0.57157,-1.39279
0.55090,-1.39297
0.39146,0.39008
0.23587,0.75693
0.10121,0.98599
-0.06312,1.15899
-0.24137,1.26809
-0.38693,1.32336
-0.46600,1.34335
-0.50505,1.35064
-0.52693,1.35394
-0.54100,1.35576
-0.55107,1.35691
-0.55885,1.35772
-0.56523,1.35832
-0.57069,1.35879
-0.57551,1.35917
-0.57986,1.35949
-0.58384,1.35976
-0.58752,1.36000
-0.59091,1.36019
-0.59403,1.36036
-0.59686,1.36050
-0.59940,1.36062
-0.60164,1.36071
-0.60357,1.36079
0.58662,-1.39210
0.58660,-1.39210
0.58657,-1.39210
0.58653,-1.39210
0.58649,-1.39210
0.58644,-1.39211
0.58637,-1.39211
0.58628,-1.39212
0.58617,-1.39212
0.58601,-1.39213
0.58577,-1.39215
0.58538,-1.39217
0.58466,-1.39221
0.58302,-1.39231
0.57744,-1.39258
0.41721,0.32051
0.28894,0.64289
0.20204,0.82285
0.09692,0.99184
-0.03922,1.13936
-0.19938,1.24721
-0.35040,1.31179
-0.44535,1.33879
-0.49333,1.34863
-0.51932,1.35286
-0.53537,1.35506
-0.54647,1.35640
-0.55480,1.35731
-0.56147,1.35797
-0.56706,1.35848
-0.57192,1.35889
-0.57626,1.35923
-0.58021,1.35952
-0.58387,1.35977
-0.58728,1.35998
-0.59047,1.36017
-0.59344,1.36033
-0.59617,1.36047
-0.59864,1.36058
-0.60086,1.36068
0.58675,-1.39209
0.58674,-1.39209
0.58672,-1.39209
0.58671,-1.39209
0.58669,-1.39209
0.58666,-1.39209
0.58663,-1.39209
0.58659,-1.39210
0.58654,-1.39210
0.58647,-1.39210
0.58636,-1.39211
0.58620,-1.39212
0.58591,-1.39214
0.58530,-1.39218
0.58255,-1.39233
0.34669,0.50538
0.27548,0.67299
0.20319,0.82069
0.11333,0.96900
-0.00560,1.10902
-0.15263,1.22083
-0.30635,1.29585
-0.41891,1.33227
-0.47884,1.34594
-0.51040,1.35150
-0.52913,1.35424
-0.54162,1.35584
-0.55072,1.35688
-0.55782,1.35761
-0.56365,1.35817
-0.56863,1.35862
-0.57302,1.35898
-0.57697,1.35928
-0.58062,1.35955
-0.58402,1.35978
-0.58722,1.35998
-0.59024,1.36015
-0.59308,1.36031
-0.59572,1.36044
-0.59814,1.36056
0.58688,-1.39208
0.58689,-1.39208
0.58689,-1.39208
0.58690,-1.39208
0.58690,-1.39208
0.58691,-1.39208
0.58692,-1.39208
0.58693,-1.39208
0.58694,-1.39208
0.58696,-1.39207
0.58698,-1.39207
0.58703,-1.39207
0.58715,-1.39206
0.58757,-1.39204
0.59748,-1.39130
0.35270,0.49034
0.28741,0.64634
0.22194,0.78475
0.14208,0.92587
0.03590,1.06650
-0.10041,1.18680
-0.25378,1.27381
-0.38409,1.32251
-0.46002,1.34208
-0.49944,1.34970
-0.52187,1.35323
-0.53624,1.35517
-0.54638,1.35639
-0.55410,1.35724
-0.56029,1.35786
-0.56549,1.35834
-0.56999,1.35873
-0.57400,1.35906
-0.57765,1.35933
-0.58105,1.35958
-0.58424,1.35979
-0.58728,1.35998
-0.59017,1.36015
-0.59290,1.36030
-0.59547,1.36043
0.58703,-1.39207
0.58705,-1.39207
0.58708,-1.39207
0.58711,-1.39207
0.58714,-1.39206
0.58719,-1.39206
0.58724,-1.39206
0.58732,-1.39205
0.58741,-1.39205
0.58755,-1.39204
0.58778,-1.39202
0.58816,-1.39200
0.58900,-1.39194
0.59151,-1.39177
0.60663,-1.39045
0.39292,0.38622
0.31788,0.57563
0.25483,0.71763
0.18236,0.85863
0.08727,1.00471
-0.03895,1.13913
-0.18953,1.24194
-0.33572,1.30672
-0.43341,1.33595
-0.48475,1.34707
-0.51269,1.35186
-0.52979,1.35433
-0.54143,1.35581
-0.55002,1.35680
-0.55676,1.35751
-0.56229,1.35805
-0.56700,1.35847
-0.57114,1.35883
-0.57486,1.35912
-0.57828,1.35938
-0.58148,1.35961
-0.58452,1.35981
-0.58743,1.35999
-0.59022,1.36015
-0.59287,1.36030
0.58720,-1.39206
0.58724,-1.39206
0.58729,-1.39205
0.58735,-1.39205
0.58743,-1.39204
0.58752,-1.39204
0.58764,-1.39203
0.58781,-1.39202
0.58803,-1.39201
0.58837,-1.39198
0.58892,-1.39195
0.58990,-1.39188
0.59193,-1.39174
0.59681,-1.39136
0.60980,-1.39012
0.65018,-1.38420
0.37313,0.43818
0.30364,0.60915
0.23618,0.75631
0.15228,0.90960
0.03831,1.06383
-0.10687,1.19130
-0.26413,1.27842
-0.39059,1.32443
-0.46210,1.34252
-0.49949,1.34971
-0.52110,1.35312
-0.53510,1.35503
-0.54506,1.35624
-0.55265,1.35708
-0.55873,1.35770
-0.56381,1.35819
-0.56819,1.35858
-0.57206,1.35890
-0.57558,1.35918
-0.57883,1.35942
-0.58190,1.35963
-0.58483,1.35983
-0.58764,1.36000
-0.59036,1.36016
0.58739,-1.39205
0.58746,-1.39204
0.58755,-1.39204
0.58765,-1.39203
0.58778,-1.39202
0.58794,-1.39201
0.58816,-1.39200
0.58845,-1.39198
0.58887,-1.39195
0.58951,-1.39191
0.59055,-1.39184
0.59236,-1.39171
0.59572,-1.39145
0.60205,-1.39090
0.61345,-1.38971
0.63212,-1.38722
0.66555,-1.38116
0.38241,0.41399
0.30881,0.59706
0.23546,0.75777
0.13947,0.92995
0.00694,1.09680
-0.15369,1.22147
-0.31100,1.29764
-0.41937,1.33239
-0.47646,1.34547
-0.50709,1.35097
-0.52557,1.35375
-0.53801,1.35540
-0.54711,1.35648
-0.55417,1.35724
-0.55992,1.35782
-0.56477,1.35827
-0.56897,1.35864
-0.57271,1.35895
-0.57611,1.35922
-0.57927,1.35945
-0.58226,1.35966
-0.58512,1.35985
-0.58789,1.36002
0.58762,-1.39203
0.58773,-1.39203
0.58786,-1.39202
0.58801,-1.39201
0.58821,-1.39199
0.58847,-1.39198
0.58882,-1.39195
0.58930,-1.39192
0.58999,-1.39188
0.59104,-1.39180
0.59271,-1.39168
0.59543,-1.39147
0.59991,-1.39109
0.60710,-1.39040
0.61791,-1.38918
0.63242,-1.38718
0.64952,-1.38432
0.66883,-1.38046
0.75495,-1.35567
0.34706,0.50446
0.27036,0.68422
0.16974,0.88056
0.02457,1.07871
-0.15123,1.21998
-0.31569,1.29942
-0.42303,1.33334
-0.47817,1.34581
-0.50781,1.35108
-0.52588,1.35380
-0.53816,1.35541
-0.54721,1.35649
-0.55428,1.35725
-0.56005,1.35783
-0.56493,1.35829
-0.56917,1.35866
-0.57294,1.35897
-0.57635,1.35924
-0.57952,1.35947
-0.58252,1.35968
-0.58538,1.35986
0.58790,-1.39201
0.58805,-1.39200
0.58824,-1.39199
0.58847,-1.39198
0.58876,-1.39196
0.58915,-1.39193
0.58966,-1.39190
0.59038,-1.39185
0.59142,-1.39177
0.59296,-1.39166
0.59529,-1.39148
0.59887,-1.39118
0.60428,-1.39069
0.61221,-1.38985
0.62316,-1.38850
0.63696,-1.38647
0.65258,-1.38375
0.66838,-1.38056
0.68276,-1.37727
0.69464,-1.37430
0.70853,-1.37052
0.38708,0.40169
0.29853,0.62097
0.17315,0.87471
-0.02095,1.12329
-0.22948,1.26243
-0.38255,1.32205
-0.46043,1.34217
-0.49868,1.34957
-0.52037,1.35301
-0.53447,1.35495
-0.54458,1.35619
-0.55235,1.35705
-0.55864,1.35770
-0.56392,1.35820
-0.56848,1.35860
-0.57251,1.35894
-0.57613,1.35922
-0.57946,1.35946
-0.58256,1.35968
0.58825,-1.39199
0.58846,-1.39198
0.58871,-1.39196
0.58903,-1.39194
0.58944,-1.39191
0.58998,-1.39188
0.59071,-1.39183
0.59171,-1.39175
0.59313,-1.39165
0.59518,-1.39149
0.59818,-1.39124
0.60255,-1.39085
0.60882,-1.39022
0.61756,-1.38922
0.62914,-1.38766
0.64345,-1.38539
0.65986,-1.38234
0.67740,-1.37854
0.69518,-1.37416
0.71243,-1.36941
0.72851,-1.36455
0.74268,-1.35993
0.75388,-1.35605
0.76016,-1.35379
0.75662,-1.35508
0.45317,0.21952
0.22456,0.77958
-0.11832,1.19907
-0.36215,1.31567
-0.46205,1.34251
-0.50287,1.35028
-0.52419,1.35356
-0.53769,1.35536
-0.54739,1.35651
-0.55493,1.35732
-0.56113,1.35794
-0.56641,1.35842
-0.57102,1.35882
-0.57512,1.35914
-0.57882,1.35942
0.58867,-1.39196
0.58895,-1.39195
0.58929,-1.39192
0.58972,-1.39189
0.59026,-1.39186
0.59098,-1.39181
0.59194,-1.39174
0.59325,-1.39164
0.59507,-1.39150
0.59764,-1.39129
0.60128,-1.39097
0.60642,-1.39047
0.61357,-1.38970
0.62323,-1.38849
0.63573,-1.38667
0.65101,-1.38405
0.66865,-1.38050
0.68803,-1.37598
0.70850,-1.37053
0.72935,-1.36428
0.74972,-1.35751
0.76865,-1.35065
0.78527,-1.34417
0.79907,-1.33848
0.80991,-1.33381
0.81790,-1.33025
0.82299,-1.32793
0.82426,-1.32735
0.81656,-1.33085
0.77160,-1.34953
-0.12702,1.20479
-0.42308,1.33335
-0.49458,1.34885
-0.52216,1.35327
-0.53739,1.35532
-0.54776,1.35655
-0.55571,1.35740
-0.56226,1.35804
-0.56788,1.35855
-0.57282,1.35896
0.58917,-1.39193
0.58953,-1.39191
0.58997,-1.39188
0.59052,-1.39184
0.59122,-1.39179
0.59213,-1.39172
0.59333,-1.39163
0.59495,-1.39151
0.59717,-1.39133
0.60025,-1.39106
0.60454,-1.39066
0.61047,-1.39005
0.61855,-1.38910
0.62924,-1.38765
0.64277,-1.38551
0.65909,-1.38249
0.67783,-1.37844
0.69845,-1.37329
0.72026,-1.36709
0.74231,-1.36005
0.76343,-1.35260
0.78243,-1.34531
0.79851,-1.33872
0.81145,-1.33313
0.82153,-1.32860
0.82927,-1.32502
0.83520,-1.32222
0.83972,-1.32005
0.84308,-1.31841
0.84531,-1.31732
0.84590,-1.31703
0.84224,-1.31882
0.80761,-1.33481
-0.19247,1.24352
-0.46432,1.34299
-0.51388,1.35204
-0.53416,1.35491
-0.54628,1.35638
-0.55515,1.35734
-0.56237,1.35805
0.58977,-1.39189
0.59022,-1.39186
0.59076,-1.39182
0.59144,-1.39177
0.59229,-1.39171
0.59339,-1.39163
0.59483,-1.39152
0.59676,-1.39136
0.59939,-1.39114
0.60300,-1.39081
0.60796,-1.39031
0.61473,-1.38956
0.62379,-1.38841
0.63553,-1.38670
0.65009,-1.38421
0.66732,-1.38079
0.68684,-1.37628
0.70807,-1.37065
0.73024,-1.36400
0.75226,-1.35662
0.77287,-1.34904
0.79092,-1.34187
0.80580,-1.33560
0.81753,-1.33042
0.82656,-1.32629
0.83346,-1.32305
0.83878,-1.32050
0.84295,-1.31848
0.84628,-1.31684
0.84898,-1.31550
0.85119,-1.31440
0.85294,-1.31352
0.85412,-1.31292
0.85425,-1.31285
0.85100,-1.31449
0.81283,-1.33252
-0.33243,1.30556
-0.49420,1.34879
-0.52762,1.35404
-0.54322,1.35603
0.59045,-1.39184
0.59099,-1.39181
0.59164,-1.39176
0.59244,-1.39170
0.59344,-1.39163
0.59473,-1.39153
0.59641,-1.39139
0.59866,-1.39120
0.60171,-1.39093
0.60587,-1.39053
0.61154,-1.38993
0.61920,-1.38901
0.62928,-1.38764
0.64205,-1.38563
0.65753,-1.38280
0.67546,-1.37899
0.69540,-1.37410
0.71675,-1.36814
0.73869,-1.36126
0.76012,-1.35381
0.77979,-1.34636
0.79671,-1.33947
0.81045,-1.33357
0.82118,-1.32876
0.82940,-1.32496
0.83568,-1.32199
0.84053,-1.31965
0.84435,-1.31779
0.84741,-1.31628
0.84993,-1.31503
0.85204,-1.31397
0.85384,-1.31306
0.85540,-1.31227
0.85674,-1.31159
0.85783,-1.31103
0.85853,-1.31067
0.85829,-1.31080
0.85408,-1.31294
0.44361,0.24677
-0.43817,1.33710
0.59121,-1.39179
0.59183,-1.39175
0.59258,-1.39169
0.59350,-1.39162
0.59464,-1.39153
0.59611,-1.39142
0.59804,-1.39126
0.60062,-1.39103
0.60411,-1.39070
0.60886,-1.39022
0.61531,-1.38949
0.62390,-1.38840
0.63500,-1.38678
0.64873,-1.38446
0.66496,-1.38129
0.68335,-1.37713
0.70340,-1.37195
0.72453,-1.36579
0.74592,-1.35883
0.76649,-1.35146
0.78512,-1.34424
0.80095,-1.33768
0.81371,-1.33213
0.82365,-1.32763
0.83126,-1.32409
0.83709,-1.32131
0.84161,-1.31913
0.84518,-1.31738
0.84805,-1.31596
0.85042,-1.31478
0.85240,-1.31379
0.85409,-1.31294
0.85555,-1.31220
0.85683,-1.31154
0.85798,-1.31096
0.85900,-1.31043
0.85991,-1.30996
0.86066,-1.30958
0.86106,-1.30937
0.86035,-1.30974
0.59202,-1.39173
0.59271,-1.39168
0.59355,-1.39162
0.59458,-1.39154
0.59587,-1.39144
0.59752,-1.39130
0.59971,-1.39111
0.60263,-1.39084
0.60661,-1.39045
0.61201,-1.38987
0.61929,-1.38900
0.62885,-1.38771
0.64092,-1.38582
0.65550,-1.38319
0.67231,-1.37970
0.69091,-1.37526
0.71084,-1.36987
0.73153,-1.36359
0.75219,-1.35665
0.77182,-1.34945
0.78941,-1.34250
0.80425,-1.33627
0.81618,-1.33102
0.82547,-1.32679
0.83261,-1.32345
0.83810,-1.32083
0.84237,-1.31876
0.84576,-1.31710
0.84850,-1.31574
0.85076,-1.31461
0.85265,-1.31366
0.85426,-1.31285
0.85564,-1.31215
0.85685,-1.31153
0.85791,-1.31099
0.85886,-1.31051
0.85972,-1.31006
0.86051,-1.30966
0.86124,-1.30928
0.86191,-1.30893
0.59285,-1.39167
0.59361,-1.39161
0.59454,-1.39154
0.59567,-1.39145
0.59710,-1.39134
0.59895,-1.39118
0.60141,-1.39096
0.60472,-1.39064
0.60923,-1.39018
0.61535,-1.38949
0.62350,-1.38845
0.63403,-1.38693
0.64703,-1.38477
0.66231,-1.38184
0.67949,-1.37805
0.69811,-1.37339
0.71773,-1.36785
0.73784,-1.36154
0.75770,-1.35469
0.77638,-1.34769
0.79299,-1.34102
0.80695,-1.33510
0.81816,-1.33013
0.82691,-1.32612
0.83366,-1.32295
0.83887,-1.32046
0.84296,-1.31847
0.84621,-1.31688
0.84884,-1.31557
0.85102,-1.31448
0.85285,-1.31356
0.85440,-1.31278
0.85574,-1.31210
0.85690,-1.31151
0.85791,-1.31099
0.85880,-1.31053
0.85960,-1.31013
0.86031,-1.30976
0.86096,-1.30942
0.86157,-1.30911
0.59368,-1.39161
0.59451,-1.39154
0.59551,-1.39146
0.59675,-1.39136
0.59833,-1.39123
0.60039,-1.39105
0.60315,-1.39080
0.60690,-1.39042
0.61201,-1.38987
0.61890,-1.38905
0.62798,-1.38783
0.63946,-1.38607
0.65328,-1.38362
0.66910,-1.38040
0.68645,-1.37637
0.70492,-1.37154
0.72411,-1.36592
0.74355,-1.35963
0.76258,-1.35291
0.78035,-1.34613
0.79607,-1.33974
0.80924,-1.33410
0.81982,-1.32938
0.82811,-1.32557
0.83452,-1.32254
0.83951,-1.32015
0.84344,-1.31824
0.84657,-1.31669
0.84913,-1.31543
0.85124,-1.31437
0.85302,-1.31347
0.85454,-1.31271
0.85584,-1.31205
0.85697,-1.31147
0.85795,-1.31097
0.85881,-1.31053
0.85957,-1.31014
0.86024,-1.30980
0.86084,-1.30949
0.86138,-1.30921
