-0.97484,1.26022
-0.97414,1.26065
-0.97335,1.26112
-0.97246,1.26165
-0.97141,1.26228
-0.97016,1.26302
-0.96866,1.26391
-0.96685,1.26497
-0.96463,1.26627
-0.96188,1.26787
-0.95844,1.26985
-0.95407,1.27232
-0.94847,1.27545
-0.94124,1.27939
-0.93189,1.28436
-0.91987,1.29051
-0.90473,1.29788
-0.88629,1.30631
-0.86484,1.31535
-0.84113,1.32440
-0.81612,1.33285
-0.79068,1.34030
-0.76546,1.34654
-0.74100,1.35151
-0.71807,1.35522
-0.69777,1.35775
-0.68112,1.35931
-0.66843,1.36019
-0.65922,1.36066
-0.65266,1.36092
-0.64795,1.36106
-0.64452,1.36115
-0.64194,1.36120
-0.63994,1.36123
-0.63834,1.36125
-0.63701,1.36127
-0.63587,1.36128
-0.63485,1.36129
-0.63393,1.36129
-0.63307,1.36130
-0.97536,1.25991
-0.97451,1.26042
-0.97362,1.26096
-0.97264,1.26154
-0.97154,1.26220
-0.97026,1.26296
-0.96874,1.26386
-0.96691,1.26494
-0.96469,1.26624
-0.96194,1.26783
-0.95849,1.26981
-0.95412,1.27229
-0.94850,1.27543
-0.94120,1.27942
-0.93171,1.28446
-0.91943,1.29073
-0.90385,1.29830
-0.88476,1.30699
-0.86245,1.31631
-0.83773,1.32561
-0.81165,1.33424
-0.78519,1.34175
-0.75912,1.34793
-0.73420,1.35271
-0.71138,1.35613
-0.69183,1.35836
-0.67631,1.35967
-0.66477,1.36039
-0.65649,1.36078
-0.65058,1.36099
-0.64631,1.36111
-0.64315,1.36118
-0.64074,1.36122
-0.63884,1.36125
-0.63730,1.36126
-0.63600,1.36128
-0.63486,1.36129
-0.63385,1.36129
-0.63293,1.36130
-0.63207,1.36130
-0.97667,1.25912
-0.97547,1.25985
-0.97432,1.26054
-0.97316,1.26123
-0.97192,1.26197
-0.97054,1.26279
-0.96895,1.26374
-0.96708,1.26484
-0.96481,1.26616
-0.96204,1.26778
-0.95857,1.26977
-0.95417,1.27227
-0.94850,1.27543
-0.94111,1.27947
-0.93143,1.28460
-0.91883,1.29103
-0.90274,1.29882
-0.88291,1.30779
-0.85964,1.31742
-0.83380,1.32699
-0.80657,1.33578
-0.77907,1.34331
-0.75224,1.34936
-0.72705,1.35388
-0.70463,1.35698
-0.68606,1.35889
-0.67177,1.35998
-0.66134,1.36056
-0.65390,1.36088
-0.64856,1.36105
-0.64466,1.36114
-0.64173,1.36120
-0.63947,1.36124
-0.63766,1.36126
-0.63616,1.36128
-0.63488,1.36129
-0.63377,1.36129
-0.63276,1.36130
-0.63185,1.36130
-0.63100,1.36130
-0.97940,1.25746
-0.97758,1.25857
-0.97593,1.25957
-0.97438,1.26050
-0.97285,1.26142
-0.97124,1.26238
-0.96948,1.26342
-0.96747,1.26461
-0.96511,1.26599
-0.96225,1.26766
-0.95871,1.26969
-0.95423,1.27223
-0.94846,1.27545
-0.94092,1.27957
-0.93100,1.28482
-0.91801,1.29144
-0.90131,1.29949
-0.88062,1.30878
-0.85625,1.31875
-0.82918,1.32857
-0.80073,1.33749
-0.77220,1.34498
-0.74476,1.35082
-0.71957,1.35501
-0.69786,1.35774
-0.68049,1.35936
-0.66747,1.36024
-0.65810,1.36071
-0.65140,1.36096
-0.64656,1.36110
-0.64297,1.36118
-0.64024,1.36123
-0.63810,1.36125
-0.63637,1.36127
-0.63492,1.36129
-0.63367,1.36129
-0.63258,1.36130
-0.63161,1.36130
-0.63072,1.36130
-0.62991,1.36130
-0.97752,1.25860
-0.98038,1.25686
-0.97875,1.25785
-0.97675,1.25907
-0.97474,1.26028
-0.97272,1.26149
-0.97062,1.26275
-0.96834,1.26410
-0.96574,1.26562
-0.96269,1.26740
-0.95898,1.26953
-0.95434,1.27217
-0.94838,1.27550
-0.94060,1.27974
-0.93034,1.28517
-0.91684,1.29202
-0.89939,1.30039
-0.87766,1.31005
-0.85203,1.32036
-0.82360,1.33044
-0.79389,1.33942
-0.76443,1.34677
-0.73662,1.35229
-0.71182,1.35608
-0.69116,1.35842
-0.67515,1.35975
-0.66340,1.36046
-0.65498,1.36084
-0.64894,1.36104
-0.64452,1.36115
-0.64121,1.36121
-0.63866,1.36125
-0.63663,1.36127
-0.63497,1.36128
-0.63357,1.36129
-0.63238,1.36130
-0.63133,1.36130
-0.63040,1.36130
-0.62956,1.36130
-0.62880,1.36130
0.13753,-1.21352
0.02629,-1.11452
-0.09847,-0.97801
-0.97205,1.26190
-0.97618,1.25942
-0.97475,1.26028
-0.97247,1.26164
-0.96985,1.26321
-0.96690,1.26495
-0.96350,1.26693
-0.95946,1.26926
-0.95450,1.27208
-0.94820,1.27560
-0.94002,1.28005
-0.92924,1.28574
-0.91503,1.29291
-0.89661,1.30167
-0.87363,1.31175
-0.84653,1.32243
-0.81661,1.33269
-0.78568,1.34162
-0.75554,1.34868
-0.72782,1.35376
-0.70388,1.35706
-0.68460,1.35902
-0.67005,1.36009
-0.65950,1.36065
-0.65194,1.36094
-0.64647,1.36110
-0.64241,1.36119
-0.63934,1.36124
-0.63695,1.36127
-0.63503,1.36128
-0.63346,1.36129
-0.63214,1.36130
-0.63102,1.36130
-0.63004,1.36130
-0.62917,1.36130
-0.62840,1.36130
-0.62770,1.36130
0.39360,-1.36373
0.30478,-1.32468
0.20636,-1.26486
0.11004,-1.19090
0.02259,-1.11089
-0.06813,-1.01400
-0.94510,1.27730
-0.96681,1.26500
-0.96658,1.26513
-0.96366,1.26684
-0.95949,1.26924
-0.95417,1.27227
-0.94738,1.27605
-0.93858,1.28082
-0.92703,1.28688
-0.91182,1.29448
-0.89213,1.30371
-0.86761,1.31423
-0.83886,1.32521
-0.80748,1.33551
-0.77562,1.34416
-0.74536,1.35071
-0.71840,1.35518
-0.69589,1.35795
-0.67828,1.35953
-0.66519,1.36037
-0.65573,1.36081
-0.64891,1.36104
-0.64392,1.36116
-0.64018,1.36123
-0.63733,1.36126
-0.63511,1.36128
-0.63333,1.36129
-0.63187,1.36130
-0.63065,1.36130
-0.62962,1.36130
-0.62872,1.36130
-0.62794,1.36130
-0.62724,1.36130
-0.62663,1.36129
0.51482,-1.39106
0.47115,-1.38489
0.41147,-1.36973
0.33918,-1.34158
0.25987,-1.29943
0.17981,-1.24596
0.10518,-1.18678
0.03882,-1.12668
-0.02279,-1.06432
-0.09130,-0.98670
-0.89792,1.30107
-0.93946,1.28035
-0.93860,1.28081
-0.93123,1.28470
-0.91964,1.29062
-0.90367,1.29838
-0.88278,1.30785
-0.85684,1.31852
-0.82681,1.32937
-0.79469,1.33920
-0.76298,1.34709
-0.73380,1.35278
-0.70861,1.35649
-0.68810,1.35871
-0.67227,1.35995
-0.66054,1.36060
-0.65201,1.36094
-0.64580,1.36112
-0.64123,1.36121
-0.63780,1.36126
-0.63519,1.36128
-0.63315,1.36130
-0.63153,1.36130
-0.63022,1.36130
-0.62913,1.36130
-0.62821,1.36130
-0.62741,1.36130
-0.62672,1.36129
-0.62612,1.36129
-0.62558,1.36129
0.55433,-1.39301
0.53739,-1.39259
0.51037,-1.39062
0.47114,-1.38488
0.41981,-1.37230
0.35891,-1.35027
0.29262,-1.31820
0.22558,-1.27782
0.16182,-1.23250
0.10423,-1.18597
0.05401,-1.14107
0.01031,-1.09864
-0.02909,-1.05756
-0.06723,-1.01505
-0.10986,-0.96397
-0.18227,-0.86698
-0.83026,1.32821
-0.82372,1.33040
-0.80157,1.33725
-0.77443,1.34445
-0.74677,1.35044
-0.72118,1.35477
-0.69902,1.35762
-0.68085,1.35933
-0.66667,1.36029
-0.65604,1.36080
-0.64823,1.36106
-0.64253,1.36119
-0.63835,1.36125
-0.63525,1.36128
-0.63291,1.36130
-0.63111,1.36130
-0.62969,1.36130
-0.62854,1.36130
-0.62760,1.36130
-0.62680,1.36129
-0.62612,1.36129
-0.62553,1.36129
-0.62501,1.36128
-0.62455,1.36128
0.56685,-1.39291
0.55932,-1.39301
0.54724,-1.39291
0.52842,-1.39212
0.50081,-1.38954
0.46333,-1.38334
0.41627,-1.37122
0.36137,-1.35131
0.30172,-1.32308
0.24113,-1.28787
0.18315,-1.24840
0.13023,-1.20763
0.08340,-1.16784
0.04241,-1.13012
0.00610,-1.09438
-0.02718,-1.05961
-0.05937,-1.02404
-0.09300,-0.98465
-0.13349,-0.93386
-0.21399,-0.81957
-0.72860,1.35363
-0.70944,1.35638
-0.69085,1.35845
-0.67460,1.35979
-0.66149,1.36056
-0.65153,1.36096
-0.64424,1.36115
-0.63902,1.36124
-0.63527,1.36128
-0.63256,1.36130
-0.63055,1.36130
-0.62902,1.36130
-0.62782,1.36130
-0.62686,1.36129
-0.62607,1.36129
-0.62540,1.36129
-0.62483,1.36128
-0.62434,1.36128
-0.62391,1.36127
-0.62353,1.36127
0.57217,-1.39277
0.56793,-1.39289
0.56141,-1.39300
0.55134,-1.39298
0.53607,-1.39253
0.51391,-1.39097
0.48357,-1.38707
0.44446,-1.37905
0.39686,-1.36488
0.34222,-1.34297
0.28334,-1.31307
0.22387,-1.27670
0.16729,-1.23664
0.11583,-1.19576
0.07017,-1.15596
0.02982,-1.11798
-0.00632,-1.08164
-0.03956,-1.04617
-0.07133,-1.01030
-0.10371,-0.97159
-0.14159,-0.92321
-0.21197,-0.82268
-0.68942,1.35859
-0.67027,1.36007
-0.65664,1.36077
-0.64674,1.36110
-0.63986,1.36123
-0.63519,1.36128
-0.63200,1.36130
-0.62976,1.36130
-0.62813,1.36130
-0.62689,1.36129
-0.62593,1.36129
-0.62515,1.36128
-0.62451,1.36128
-0.62398,1.36127
-0.62352,1.36127
-0.62312,1.36127
-0.62278,1.36126
-0.62248,1.36126
0.57517,-1.39267
0.57239,-1.39277
0.56828,-1.39288
0.56206,-1.39299
0.55262,-1.39299
0.53852,-1.39264
0.51825,-1.39136
0.49048,-1.38814
0.45424,-1.38137
0.40917,-1.36899
0.35592,-1.34900
0.29665,-1.32038
0.23507,-1.28400
0.17528,-1.24262
0.12042,-1.19958
0.07181,-1.15745
0.02933,-1.11750
-0.00798,-1.07991
-0.04136,-1.04419
-0.07220,-1.00929
-0.10241,-0.97319
-0.13576,-0.93088
-0.18587,-0.86176
-0.67421,1.35982
-0.65184,1.36095
-0.64123,1.36121
-0.63495,1.36128
-0.63109,1.36130
-0.62858,1.36130
-0.62686,1.36129
-0.62562,1.36129
-0.62468,1.36128
-0.62395,1.36127
-0.62336,1.36127
-0.62288,1.36126
-0.62248,1.36126
-0.62213,1.36125
-0.62184,1.36125
-0.62158,1.36125
-0.62135,1.36125
0.57721,-1.39259
0.57524,-1.39267
0.57242,-1.39277
0.56823,-1.39288
0.56190,-1.39299
0.55232,-1.39299
0.53807,-1.39262
0.51761,-1.39131
0.48950,-1.38799
0.45257,-1.38099
0.40618,-1.36802
0.35082,-1.34680
0.28887,-1.31614
0.22457,-1.27716
0.16267,-1.23315
0.10658,-1.18797
0.05765,-1.14446
0.01557,-1.10392
-0.02080,-1.06644
-0.05289,-1.03137
-0.08234,-0.99739
-0.11148,-0.96196
-0.14490,-0.91881
-0.20137,-0.83883
-0.64671,1.36110
-0.63445,1.36129
-0.62939,1.36130
-0.62661,1.36129
-0.62487,1.36128
-0.62370,1.36127
-0.62286,1.36126
-0.62224,1.36126
-0.62176,1.36125
-0.62138,1.36125
-0.62107,1.36124
-0.62081,1.36124
-0.62060,1.36124
-0.62041,1.36123
-0.62025,1.36123
-0.62010,1.36123
0.57873,-1.39252
0.57729,-1.39258
0.57525,-1.39267
0.57231,-1.39277
0.56791,-1.39289
0.56121,-1.39300
0.55099,-1.39297
0.53571,-1.39252
0.51367,-1.39095
0.48325,-1.38702
0.44310,-1.37871
0.39260,-1.36338
0.33268,-1.33855
0.26666,-1.30348
0.19981,-1.26030
0.13728,-1.21331
0.08213,-1.16671
0.03506,-1.12306
-0.00482,-1.08319
-0.03904,-1.04674
-0.06935,-1.01259
-0.09790,-0.97871
-0.12802,-0.94095
-0.16837,-0.88673
-0.63300,1.36130
-0.62495,1.36128
-0.62238,1.36126
-0.62108,1.36124
-0.62031,1.36123
-0.61983,1.36122
-0.61950,1.36122
-0.61928,1.36122
-0.61912,1.36121
-0.61901,1.36121
-0.61892,1.36121
-0.61885,1.36121
-0.61879,1.36121
-0.61874,1.36121
-0.61869,1.36121
-0.61865,1.36121
0.57994,-1.39246
0.57885,-1.39251
0.57735,-1.39258
0.57523,-1.39267
0.57212,-1.39278
0.56740,-1.39290
0.56012,-1.39301
0.54887,-1.39294
0.53185,-1.39232
0.50711,-1.39028
0.47279,-1.38519
0.42748,-1.37454
0.37090,-1.35519
0.30506,-1.32483
0.23486,-1.28387
0.16661,-1.23614
0.10524,-1.18682
0.05276,-1.13990
0.00881,-1.09712
-0.02819,-1.05853
-0.06023,-1.02306
-0.08964,-0.98869
-0.11967,-0.95164
-0.15776,-0.90143
-0.27812,-0.71228
-0.60585,1.36087
-0.61035,1.36102
-0.61227,1.36107
-0.61343,1.36110
-0.61422,1.36112
-0.61480,1.36113
-0.61526,1.36114
-0.61563,1.36115
-0.61593,1.36115
-0.61618,1.36116
-0.61639,1.36116
-0.61656,1.36117
-0.61670,1.36117
-0.61681,1.36117
-0.61690,1.36117
0.58093,-1.39241
0.58009,-1.39246
0.57897,-1.39251
0.57742,-1.39258
0.57519,-1.39267
0.57187,-1.39278
0.56675,-1.39292
0.55869,-1.39301
0.54601,-1.39288
0.52657,-1.39200
0.49804,-1.38919
0.45837,-1.38228
0.40623,-1.36804
0.34222,-1.34297
0.27019,-1.30555
0.19689,-1.25825
0.12904,-1.20666
0.07045,-1.15621
0.02160,-1.10991
-0.01900,-1.06835
-0.05366,-1.03050
-0.08508,-0.99414
-0.11708,-0.95492
-0.15899,-0.89974
-0.48342,1.34681
-0.56528,1.35832
-0.58535,1.35986
-0.59541,1.36043
-0.60124,1.36070
-0.60494,1.36084
-0.60746,1.36093
-0.60927,1.36098
-0.61062,1.36102
-0.61166,1.36105
-0.61248,1.36107
-0.61314,1.36109
-0.61367,1.36110
-0.61409,1.36111
-0.61445,1.36112
-0.61473,1.36113
0.58176,-1.39237
0.58111,-1.39241
0.58025,-1.39245
0.57910,-1.39250
0.57749,-1.39257
0.57515,-1.39267
0.57159,-1.39279
0.56598,-1.39293
0.55694,-1.39302
0.54241,-1.39278
0.51975,-1.39149
0.48625,-1.38750
0.43967,-1.37784
0.37920,-1.35843
0.30709,-1.32589
0.22968,-1.28051
0.15516,-1.22739
0.08953,-1.17325
0.03465,-1.12266
-0.01071,-1.07707
-0.04916,-1.03554
-0.08410,-0.99531
-0.12090,-0.95007
-0.17935,-0.87117
-0.47987,1.34614
-0.52456,1.35361
-0.55076,1.35688
-0.56884,1.35863
-0.58132,1.35959
-0.58989,1.36013
-0.59585,1.36045
-0.60010,1.36065
-0.60320,1.36077
-0.60553,1.36086
-0.60731,1.36092
-0.60871,1.36097
-0.60981,1.36100
-0.61070,1.36103
-0.61142,1.36105
-0.61200,1.36106
0.58248,-1.39233
0.58196,-1.39236
0.58130,-1.39240
0.58044,-1.39244
0.57926,-1.39250
0.57760,-1.39257
0.57513,-1.39267
0.57131,-1.39280
0.56513,-1.39295
0.55487,-1.39301
0.53794,-1.39261
0.51110,-1.39070
0.47116,-1.38489
0.41593,-1.37112
0.34582,-1.34459
0.26576,-1.30294
0.18471,-1.24953
0.11105,-1.19175
0.04863,-1.13601
-0.00312,-1.08495
-0.04722,-1.03771
-0.08848,-0.99009
-0.13809,-0.92783
-0.40405,1.32827
-0.46950,1.34407
-0.50009,1.34981
-0.52318,1.35342
-0.54215,1.35590
-0.55773,1.35761
-0.57016,1.35874
-0.57979,1.35949
-0.58712,1.35997
-0.59268,1.36029
-0.59691,1.36050
-0.60016,1.36065
-0.60269,1.36075
-0.60468,1.36083
-0.60626,1.36089
-0.60753,1.36093
-0.60855,1.36096
0.58311,-1.39230
0.58270,-1.39232
0.58219,-1.39235
0.58153,-1.39238
0.58066,-1.39243
0.57947,-1.39249
0.57776,-1.39256
0.57518,-1.39267
0.57107,-1.39281
0.56421,-1.39296
0.55242,-1.39299
0.53238,-1.39235
0.50000,-1.38944
0.45166,-1.38077
0.38573,-1.36089
0.30501,-1.32480
0.21808,-1.27284
0.13551,-1.21190
0.06369,-1.15004
0.00304,-1.09127
-0.05047,-1.03408
-0.10735,-0.96709
-0.34036,1.30835
-0.42532,1.33392
-0.46015,1.34211
-0.48471,1.34706
-0.50465,1.35057
-0.52191,1.35323
-0.53717,1.35529
-0.55056,1.35686
-0.56206,1.35803
-0.57168,1.35887
-0.57953,1.35947
-0.58584,1.35989
-0.59087,1.36019
-0.59487,1.36040
-0.59805,1.36056
-0.60058,1.36067
-0.60262,1.36075
-0.60425,1.36081
0.58368,-1.39227
0.58335,-1.39229
0.58295,-1.39231
0.58245,-1.39234
0.58180,-1.39237
0.58094,-1.39241
0.57974,-1.39247
0.57800,-1.39255
0.57531,-1.39266
0.57091,-1.39281
0.56326,-1.39298
0.54951,-1.39295
0.52521,-1.39190
0.48519,-1.38733
0.42551,-1.37397
0.34625,-1.34478
0.25445,-1.29615
0.16214,-1.23274
0.07836,-1.16334
0.00354,-1.09178
-0.07642,-1.00436
-0.27485,1.28305
-0.37467,1.31964
-0.42089,1.33279
-0.45077,1.34003
-0.47309,1.34480
-0.49134,1.34828
-0.50715,1.35098
-0.52133,1.35315
-0.53422,1.35492
-0.54591,1.35634
-0.55636,1.35747
-0.56552,1.35834
-0.57338,1.35901
-0.58000,1.35950
-0.58549,1.35987
-0.58999,1.36014
-0.59367,1.36034
-0.59665,1.36049
-0.59907,1.36060
0.58420,-1.39224
0.58394,-1.39225
0.58363,-1.39227
0.58324,-1.39229
0.58276,-1.39232
0.58214,-1.39235
0.58130,-1.39240
0.58012,-1.39245
0.57837,-1.39254
0.57561,-1.39265
0.57090,-1.39281
0.56227,-1.39299
0.54577,-1.39287
0.51511,-1.39109
0.46345,-1.38336
0.38708,-1.36139
0.29006,-1.31680
0.18467,-1.24950
0.07909,-1.16400
0.38494,0.40732
-0.08252,1.17386
-0.28267,1.28634
-0.36539,1.31672
-0.41095,1.33016
-0.44086,1.33774
-0.46293,1.34270
-0.48064,1.34628
-0.49571,1.34905
-0.50910,1.35129
-0.52129,1.35314
-0.53253,1.35470
-0.54291,1.35599
-0.55242,1.35706
-0.56101,1.35792
-0.56863,1.35861
-0.57527,1.35915
-0.58097,1.35957
-0.58577,1.35989
-0.58978,1.36013
-0.59310,1.36031
0.58468,-1.39221
0.58448,-1.39222
0.58424,-1.39224
0.58396,-1.39225
0.58360,-1.39227
0.58316,-1.39230
0.58257,-1.39233
0.58177,-1.39237
0.58063,-1.39243
0.57892,-1.39251
0.57612,-1.39263
0.57109,-1.39281
0.56107,-1.39300
0.54003,-1.39270
0.49776,-1.38915
0.42328,-1.37333
0.31059,-1.32769
0.12921,-1.20680
0.39282,0.38648
0.25032,0.72714
-0.07030,1.16460
-0.25720,1.27535
-0.34774,1.31089
-0.39800,1.32657
-0.43017,1.33514
-0.45323,1.34059
-0.47122,1.34442
-0.48616,1.34733
-0.49917,1.34965
-0.51087,1.35157
-0.52163,1.35319
-0.53165,1.35458
-0.54102,1.35576
-0.54974,1.35677
-0.55778,1.35761
-0.56510,1.35830
-0.57163,1.35887
-0.57736,1.35931
-0.58231,1.35966
-0.58652,1.35993
0.58515,-1.39218
0.58500,-1.39219
0.58483,-1.39220
0.58463,-1.39221
0.58438,-1.39223
0.58406,-1.39225
0.58366,-1.39227
0.58313,-1.39230
0.58240,-1.39234
0.58135,-1.39239
0.57972,-1.39247
0.57692,-1.39260
0.57145,-1.39280
0.55892,-1.39301
0.52691,-1.39202
0.44429,-1.37901
0.45765,0.20665
0.41126,0.33680
0.36687,0.45432
0.25050,0.72674
-0.01943,1.12191
-0.22003,1.25779
-0.32466,1.30275
-0.38256,1.32205
-0.41852,1.33217
-0.44347,1.33835
-0.46235,1.34258
-0.47763,1.34570
-0.49064,1.34815
-0.50213,1.35015
-0.51257,1.35184
-0.52225,1.35328
-0.53134,1.35454
-0.53991,1.35563
-0.54799,1.35658
-0.55556,1.35739
-0.56256,1.35807
-0.56893,1.35864
-0.57462,1.35910
-0.57961,1.35948
0.58562,-1.39216
0.58552,-1.39216
0.58541,-1.39217
0.58528,-1.39218
0.58512,-1.39219
0.58492,-1.39220
0.58467,-1.39221
0.58434,-1.39223
0.58390,-1.39226
0.58329,-1.39229
0.58238,-1.39234
0.58090,-1.39242
0.57818,-1.39254
0.57187,-1.39278
0.55018,-1.39296
0.46905,0.17362
0.42566,0.29716
0.40168,0.36275
0.36504,0.45900
0.27569,0.67253
0.04787,1.05306
-0.17296,1.23273
-0.29627,1.29188
-0.36447,1.31642
-0.40565,1.32871
-0.43329,1.33592
-0.45360,1.34067
-0.46960,1.34409
-0.48291,1.34672
-0.49445,1.34883
-0.50477,1.35059
-0.51422,1.35209
-0.52305,1.35340
-0.53140,1.35455
-0.53935,1.35556
-0.54693,1.35646
-0.55410,1.35724
-0.56082,1.35791
-0.56701,1.35847
-0.57262,1.35895
0.58609,-1.39213
0.58605,-1.39213
0.58600,-1.39213
0.58594,-1.39214
0.58587,-1.39214
0.58578,-1.39215
0.58566,-1.39215
0.58551,-1.39216
0.58531,-1.39217
0.58504,-1.39219
0.58463,-1.39221
0.58401,-1.39225
0.58293,-1.39231
0.58060,-1.39243
0.57010,-1.39284
0.44216,0.25088
0.42202,0.30726
0.40202,0.36185
0.37182,0.44155
0.30526,0.60538
0.12478,0.95230
-0.11423,1.19633
-0.26128,1.27716
-0.34298,1.30926
-0.39107,1.32458
-0.42232,1.33316
-0.44459,1.33862
-0.46168,1.34243
-0.47557,1.34530
-0.48738,1.34755
-0.49776,1.34941
-0.50714,1.35098
-0.51581,1.35233
-0.52397,1.35353
-0.53174,1.35459
-0.53920,1.35554
-0.54637,1.35639
-0.55323,1.35714
-0.55971,1.35780
-0.56574,1.35836
0.58660,-1.39210
0.58661,-1.39210
0.58663,-1.39209
0.58665,-1.39209
0.58668,-1.39209
0.58670,-1.39209
0.58673,-1.39209
0.58677,-1.39209
0.58681,-1.39208
0.58688,-1.39208
0.58698,-1.39207
0.58717,-1.39206
0.58761,-1.39203
0.58918,-1.39193
0.62541,-1.38819
0.44404,0.24556
0.42525,0.29831
0.40738,0.34735
0.38257,0.41356
0.33394,0.53685
0.20371,0.81972
-0.03845,1.13871
-0.21639,1.25597
-0.31632,1.29965
-0.37381,1.31937
-0.40991,1.32988
-0.43483,1.33629
-0.45344,1.34064
-0.46823,1.34381
-0.48054,1.34626
-0.49117,1.34825
-0.50063,1.34990
-0.50927,1.35132
-0.51731,1.35256
-0.52494,1.35366
-0.53226,1.35466
-0.53934,1.35556
-0.54620,1.35637
-0.55281,1.35710
-0.55909,1.35774
0.58715,-1.39206
0.58724,-1.39206
0.58733,-1.39205
0.58745,-1.39204
0.58758,-1.39203
0.58775,-1.39202
0.58796,-1.39201
0.58824,-1.39199
0.58860,-1.39197
0.58914,-1.39193
0.58996,-1.39188
0.59143,-1.39177
0.59454,-1.39154
0.60386,-1.39073
0.65685,-1.38293
0.45823,0.20498
0.43367,0.27481
0.41644,0.32263
0.39578,0.37857
0.36079,0.46987
0.27595,0.67194
0.06411,1.03392
-0.15372,1.22148
-0.28032,1.28536
-0.35164,1.31221
-0.39477,1.32565
-0.42347,1.33345
-0.44425,1.33854
-0.46035,1.34215
-0.47346,1.34488
-0.48459,1.34704
-0.49433,1.34881
-0.50309,1.35031
-0.51115,1.35161
-0.51871,1.35277
-0.52593,1.35380
-0.53290,1.35474
-0.53970,1.35560
-0.54632,1.35639
-0.55273,1.35709
0.58778,-1.39202
0.58795,-1.39201
0.58814,-1.39200
0.58837,-1.39198
0.58866,-1.39196
0.58901,-1.39194
0.58947,-1.39191
0.59008,-1.39187
0.59093,-1.39181
0.59220,-1.39172
0.59423,-1.39156
0.59789,-1.39127
0.60539,-1.39058
0.62304,-1.38852
0.66728,-1.38079
0.77999,-1.34627
0.45083,0.22622
0.42969,0.28596
0.41134,0.33657
0.38609,0.40429
0.33540,0.53330
0.19470,0.83642
-0.05398,1.15167
-0.22472,1.26011
-0.31920,1.30073
-0.37389,1.31940
-0.40862,1.32953
-0.43281,1.33580
-0.45097,1.34008
-0.46540,1.34322
-0.47740,1.34566
-0.48771,1.34762
-0.49683,1.34925
-0.50508,1.35064
-0.51273,1.35186
-0.51994,1.35295
-0.52687,1.35393
-0.53361,1.35484
-0.54020,1.35567
-0.54665,1.35642
0.58851,-1.39197
0.58878,-1.39196
0.58910,-1.39194
0.58949,-1.39191
0.58997,-1.39188
0.59058,-1.39183
0.59139,-1.39178
0.59249,-1.39170
0.59406,-1.39158
0.59645,-1.39139
0.60031,-1.39106
0.60699,-1.39042
0.61915,-1.38902
0.64138,-1.38575
0.67897,-1.37817
0.73389,-1.36283
0.81462,-1.33172
0.45418,0.21663
0.43112,0.28194
0.41114,0.33711
0.38165,0.41598
0.31474,0.58308
0.12306,0.95484
-0.12060,1.20058
-0.26188,1.27743
-0.33955,1.30807
-0.38578,1.32301
-0.41619,1.33156
-0.43803,1.33707
-0.45480,1.34094
-0.46837,1.34384
-0.47978,1.34612
-0.48968,1.34798
-0.49847,1.34953
-0.50647,1.35087
-0.51390,1.35204
-0.52093,1.35309
-0.52770,1.35405
-0.53431,1.35493
-0.54078,1.35574
0.58939,-1.39192
0.58979,-1.39189
0.59027,-1.39186
0.59086,-1.39181
0.59161,-1.39176
0.59257,-1.39169
0.59386,-1.39159
0.59565,-1.39145
0.59823,-1.39124
0.60213,-1.39089
0.60824,-1.39028
0.61810,-1.38915
0.63396,-1.38694
0.65843,-1.38262
0.69282,-1.37477
0.73473,-1.36256
0.77840,-1.34690
0.82154,-1.32860
0.96295,-1.24847
0.44228,0.25056
0.42063,0.31108
0.39183,0.38910
0.32685,0.55411
0.12703,0.94894
-0.12697,1.20477
-0.26666,1.27953
-0.34202,1.30893
-0.38693,1.32336
-0.41673,1.33170
-0.43830,1.33713
-0.45499,1.34098
-0.46858,1.34388
-0.48005,1.34617
-0.49002,1.34804
-0.49890,1.34960
-0.50696,1.35095
-0.51444,1.35212
-0.52150,1.35318
-0.52829,1.35413
-0.53489,1.35500
0.59044,-1.39184
0.59101,-1.39180
0.59171,-1.39175
0.59257,-1.39169
0.59366,-1.39161
0.59509,-1.39150
0.59701,-1.39134
0.59968,-1.39111
0.60351,-1.39076
0.60916,-1.39019
0.61762,-1.38921
0.63031,-1.38749
0.64897,-1.38442
0.67504,-1.37908
0.70853,-1.37052
0.74690,-1.35849
0.78565,-1.34402
0.82060,-1.32903
0.84928,-1.31535
0.87110,-1.30411
0.89475,-1.29109
0.45594,0.21157
0.42828,0.28988
0.39291,0.38622
0.29255,0.63468
-0.00079,1.10440
-0.21440,1.25496
-0.31688,1.29986
-0.37263,1.31901
-0.40741,1.32920
-0.43168,1.33552
-0.45006,1.33987
-0.46483,1.34310
-0.47722,1.34562
-0.48794,1.34766
-0.49744,1.34935
-0.50604,1.35080
-0.51395,1.35205
-0.52135,1.35315
-0.52840,1.35414
0.59173,-1.39175
0.59252,-1.39169
0.59347,-1.39162
0.59467,-1.39153
0.59620,-1.39141
0.59820,-1.39124
0.60088,-1.39101
0.60458,-1.39066
0.60978,-1.39012
0.61722,-1.38926
0.62790,-1.38784
0.64307,-1.38546
0.66407,-1.38147
0.69175,-1.37504
0.72566,-1.36544
0.76357,-1.35255
0.80223,-1.33713
0.83891,-1.32044
0.87204,-1.30361
0.90109,-1.28746
0.92589,-1.27260
0.94626,-1.25963
0.96153,-1.24943
0.96980,-1.24374
0.96515,-1.24695
0.49194,0.10653
0.40812,0.34535
0.17814,0.86605
-0.18817,1.24120
-0.31913,1.30071
-0.37913,1.32101
-0.41385,1.33094
-0.43745,1.33693
-0.45534,1.34106
-0.46986,1.34415
-0.48223,1.34659
-0.49309,1.34859
-0.50283,1.35027
-0.51172,1.35170
-0.51993,1.35295
0.59330,-1.39164
0.59435,-1.39156
0.59562,-1.39146
0.59722,-1.39133
0.59925,-1.39115
0.60190,-1.39091
0.60542,-1.39057
0.61021,-1.39007
0.61680,-1.38931
0.62598,-1.38811
0.63871,-1.38619
0.65614,-1.38307
0.67934,-1.37809
0.70875,-1.37046
0.74364,-1.35960
0.78196,-1.34550
0.82116,-1.32877
0.85915,-1.31035
0.89471,-1.29112
0.92714,-1.27182
0.95594,-1.25321
0.98067,-1.23606
1.00108,-1.22103
1.01724,-1.20855
1.02952,-1.19869
1.03835,-1.19141
1.04390,-1.18674
1.04528,-1.18557
1.03689,-1.19263
0.98438,-1.23339
0.16508,0.88846
-0.26672,1.27955
-0.36636,1.31703
-0.41041,1.33001
-0.43691,1.33680
-0.45603,1.34121
-0.47140,1.34446
-0.48453,1.34702
-0.49617,1.34913
-0.50671,1.35091
0.59519,-1.39149
0.59653,-1.39138
0.59817,-1.39124
0.60021,-1.39107
0.60279,-1.39083
0.60612,-1.39050
0.61050,-1.39004
0.61637,-1.38937
0.62432,-1.38834
0.63516,-1.38676
0.64986,-1.38426
0.66946,-1.38032
0.69479,-1.37426
0.72593,-1.36535
0.76185,-1.35318
0.80053,-1.33786
0.83976,-1.32003
0.87777,-1.30053
0.91340,-1.28021
0.94575,-1.25996
0.97402,-1.24078
0.99767,-1.22360
1.01660,-1.20905
1.03124,-1.19729
1.04232,-1.18808
1.05065,-1.18096
1.05694,-1.17549
1.06168,-1.17130
1.06519,-1.16816
1.06749,-1.16608
1.06810,-1.16553
1.06431,-1.16894
1.02695,-1.20078
0.05925,1.03975
-0.32231,1.30188
-0.39671,1.32620
-0.43114,1.33538
-0.45324,1.34059
-0.47029,1.34423
-0.48476,1.34707
0.59742,-1.39131
0.59908,-1.39117
0.60110,-1.39099
0.60359,-1.39075
0.60672,-1.39044
0.61072,-1.39002
0.61595,-1.38942
0.62287,-1.38854
0.63215,-1.38722
0.64462,-1.38519
0.66126,-1.38205
0.68300,-1.37722
0.71039,-1.36999
0.74310,-1.35978
0.77978,-1.34636
0.81838,-1.33003
0.85695,-1.31148
0.89400,-1.29152
0.92845,-1.27101
0.95937,-1.25090
0.98597,-1.23224
1.00778,-1.21592
1.02491,-1.20243
1.03796,-1.19174
1.04774,-1.18346
1.05510,-1.17710
1.06070,-1.17217
1.06505,-1.16829
1.06849,-1.16518
1.07128,-1.16264
1.07354,-1.16057
1.07532,-1.15893
1.07653,-1.15781
1.07666,-1.15769
1.07334,-1.16075
1.03277,-1.19603
-0.14938,1.21886
-0.36578,1.31684
-0.41970,1.33248
-0.44755,1.33930
0.59995,-1.39109
0.60194,-1.39091
0.60433,-1.39068
0.60726,-1.39039
0.61092,-1.39000
0.61558,-1.38946
0.62162,-1.38870
0.62958,-1.38760
0.64018,-1.38595
0.65431,-1.38342
0.67291,-1.37956
0.69676,-1.37374
0.72606,-1.36532
0.76003,-1.35384
0.79702,-1.33934
0.83505,-1.32229
0.87243,-1.30340
0.90794,-1.28345
0.94066,-1.26327
0.96974,-1.24378
0.99447,-1.22599
1.01452,-1.21068
1.03013,-1.19820
1.04194,-1.18839
1.05079,-1.18084
1.05745,-1.17504
1.06253,-1.17054
1.06650,-1.16698
1.06966,-1.16412
1.07225,-1.16175
1.07441,-1.15977
1.07625,-1.15807
1.07783,-1.15661
1.07918,-1.15534
1.08029,-1.15431
1.08100,-1.15364
1.08076,-1.15387
1.07648,-1.15786
0.48465,0.12798
-0.28665,1.28798
0.60274,-1.39083
0.60503,-1.39061
0.60777,-1.39033
0.61111,-1.38997
0.61527,-1.38950
0.62055,-1.38884
0.62740,-1.38791
0.63642,-1.38656
0.64839,-1.38452
0.66422,-1.38144
0.68482,-1.37678
0.71072,-1.36990
0.74168,-1.36026
0.77652,-1.34764
0.81337,-1.33228
0.85039,-1.31479
0.88623,-1.29589
0.91993,-1.27626
0.95075,-1.25667
0.97794,-1.23801
1.00089,-1.22117
1.01940,-1.20684
1.03375,-1.19523
1.04461,-1.18613
1.05277,-1.17913
1.05893,-1.17373
1.06366,-1.16953
1.06736,-1.16620
1.07032,-1.16351
1.07275,-1.16130
1.07477,-1.15944
1.07649,-1.15785
1.07798,-1.15646
1.07928,-1.15525
1.08044,-1.15417
1.08148,-1.15320
1.08239,-1.15233
1.08314,-1.15163
1.08354,-1.15125
1.08283,-1.15192
0.60571,-1.39055
0.60827,-1.39028
0.61132,-1.38995
0.61504,-1.38952
0.61967,-1.38896
0.62557,-1.38817
0.63325,-1.38705
0.64337,-1.38541
0.65679,-1.38294
0.67441,-1.37922
0.69703,-1.37367
0.72484,-1.36569
0.75717,-1.35488
0.79242,-1.34126
0.82870,-1.32529
0.86441,-1.30763
0.89852,-1.28894
0.93034,-1.26983
0.95927,-1.25097
0.98465,-1.23319
1.00600,-1.21729
1.02316,-1.20384
1.03647,-1.19297
1.04658,-1.18446
1.05420,-1.17788
1.05999,-1.17280
1.06445,-1.16882
1.06796,-1.16566
1.07078,-1.16310
1.07309,-1.16098
1.07503,-1.15920
1.07667,-1.15769
1.07807,-1.15638
1.07930,-1.15524
1.08037,-1.15423
1.08133,-1.15333
1.08220,-1.15252
1.08299,-1.15177
1.08373,-1.15107
1.08440,-1.15044
0.60875,-1.39023
0.61154,-1.38993
0.61488,-1.38954
0.61896,-1.38905
0.62406,-1.38838
0.63060,-1.38745
0.63916,-1.38612
0.65047,-1.38415
0.66543,-1.38119
0.68493,-1.37675
0.70955,-1.37023
0.73909,-1.36112
0.77241,-1.34922
0.80764,-1.33480
0.84299,-1.31846
0.87717,-1.30085
0.90948,-1.28254
0.93945,-1.26405
0.96657,-1.24598
0.99030,-1.22907
1.01021,-1.21405
1.02621,-1.20139
1.03864,-1.19116
1.04812,-1.18314
1.05531,-1.17691
1.06080,-1.17208
1.06506,-1.16828
1.06842,-1.16524
1.07113,-1.16277
1.07337,-1.16073
1.07523,-1.15901
1.07682,-1.15755
1.07817,-1.15628
1.07935,-1.15519
1.08037,-1.15423
1.08127,-1.15338
1.08207,-1.15263
1.08279,-1.15196
1.08345,-1.15134
1.08406,-1.15076
0.61179,-1.38990
0.61479,-1.38955
0.61839,-1.38912
0.62282,-1.38854
0.62841,-1.38777
0.63564,-1.38668
0.64515,-1.38510
0.65776,-1.38275
0.67439,-1.37923
0.69584,-1.37398
0.72240,-1.36644
0.75341,-1.35622
0.78729,-1.34336
0.82210,-1.32834
0.85623,-1.31185
0.88878,-1.29447
0.91929,-1.27665
0.94748,-1.25883
0.97293,-1.24155
0.99515,-1.22548
1.01378,-1.21127
1.02877,-1.19931
1.04046,-1.18964
1.04940,-1.18204
1.05623,-1.17611
1.06147,-1.17148
1.06555,-1.16783
1.06880,-1.16490
1.07142,-1.16251
1.07359,-1.16052
1.07541,-1.15885
1.07695,-1.15742
1.07827,-1.15619
1.07942,-1.15512
1.08041,-1.15419
1.08128,-1.15338
1.08204,-1.15266
1.08272,-1.15202
1.08332,-1.15146
1.08387,-1.15094
