-0.89035,1.30451
-0.88975,1.30478
-0.88909,1.30507
-0.88833,1.30541
-0.88744,1.30581
-0.88639,1.30627
-0.88513,1.30683
-0.88360,1.30749
-0.88173,1.30830
-0.87943,1.30929
-0.87655,1.31052
-0.87292,1.31205
-0.86829,1.31396
-0.86234,1.31635
-0.85472,1.31934
-0.84502,1.32298
-0.83297,1.32728
-0.81851,1.33209
-0.80195,1.33714
-0.78393,1.34208
-0.76520,1.34660
-0.74636,1.35052
-0.72780,1.35376
-0.70986,1.35633
-0.69302,1.35824
-0.67805,1.35954
-0.66569,1.36034
-0.65622,1.36079
-0.64931,1.36103
-0.64436,1.36115
-0.64081,1.36122
-0.63820,1.36125
-0.63625,1.36127
-0.63473,1.36129
-0.63351,1.36129
-0.63250,1.36130
-0.63163,1.36130
-0.63085,1.36130
-0.63015,1.36130
-0.62949,1.36130
-0.89079,1.30431
-0.89007,1.30464
-0.88931,1.30497
-0.88849,1.30534
-0.88755,1.30576
-0.88647,1.30623
-0.88519,1.30680
-0.88365,1.30747
-0.88178,1.30828
-0.87948,1.30927
-0.87660,1.31050
-0.87296,1.31203
-0.86831,1.31395
-0.86231,1.31637
-0.85457,1.31939
-0.84467,1.32311
-0.83227,1.32752
-0.81731,1.33247
-0.80012,1.33767
-0.78137,1.34273
-0.76187,1.34734
-0.74231,1.35128
-0.72315,1.35448
-0.70487,1.35695
-0.68809,1.35871
-0.67365,1.35986
-0.66211,1.36053
-0.65348,1.36089
-0.64725,1.36108
-0.64279,1.36118
-0.63956,1.36124
-0.63716,1.36127
-0.63533,1.36128
-0.63389,1.36129
-0.63272,1.36130
-0.63172,1.36130
-0.63086,1.36130
-0.63008,1.36130
-0.62938,1.36130
-0.62872,1.36130
-0.89190,1.30381
-0.89088,1.30427
-0.88991,1.30471
-0.88893,1.30515
-0.88788,1.30561
-0.88671,1.30613
-0.88537,1.30672
-0.88379,1.30741
-0.88189,1.30824
-0.87956,1.30924
-0.87666,1.31047
-0.87300,1.31201
-0.86831,1.31395
-0.86223,1.31640
-0.85435,1.31948
-0.84419,1.32329
-0.83140,1.32782
-0.81587,1.33292
-0.79797,1.33828
-0.77842,1.34347
-0.75811,1.34815
-0.73780,1.35209
-0.71810,1.35522
-0.69961,1.35755
-0.68311,1.35914
-0.66936,1.36013
-0.65872,1.36068
-0.65090,1.36098
-0.64530,1.36113
-0.64127,1.36121
-0.63831,1.36125
-0.63609,1.36128
-0.63437,1.36129
-0.63299,1.36130
-0.63185,1.36130
-0.63087,1.36130
-0.63002,1.36130
-0.62925,1.36130
-0.62856,1.36130
-0.62791,1.36130
-0.89423,1.30276
-0.89268,1.30346
-0.89128,1.30409
-0.88996,1.30468
-0.88866,1.30526
-0.88730,1.30587
-0.88581,1.30652
-0.88412,1.30727
-0.88213,1.30813
-0.87974,1.30916
-0.87678,1.31042
-0.87305,1.31199
-0.86828,1.31396
-0.86208,1.31646
-0.85400,1.31961
-0.84354,1.32352
-0.83027,1.32820
-0.81410,1.33348
-0.79539,1.33901
-0.77495,1.34432
-0.75378,1.34905
-0.73275,1.35295
-0.71261,1.35597
-0.69412,1.35813
-0.67811,1.35954
-0.66522,1.36037
-0.65550,1.36082
-0.64846,1.36105
-0.64341,1.36117
-0.63975,1.36123
-0.63703,1.36127
-0.63496,1.36128
-0.63333,1.36129
-0.63201,1.36130
-0.63090,1.36130
-0.62995,1.36130
-0.62912,1.36130
-0.62837,1.36130
-0.62769,1.36130
-0.62707,1.36130
-0.89263,1.30348
-0.89507,1.30238
-0.89368,1.30301
-0.89197,1.30378
-0.89027,1.30455
-0.88856,1.30531
-0.88678,1.30610
-0.88485,1.30695
-0.88267,1.30790
-0.88011,1.30900
-0.87700,1.31033
-0.87314,1.31195
-0.86821,1.31399
-0.86182,1.31656
-0.85346,1.31982
-0.84260,1.32387
-0.82875,1.32872
-0.81181,1.33419
-0.79218,1.33989
-0.77078,1.34532
-0.74872,1.35006
-0.72704,1.35388
-0.70665,1.35673
-0.68842,1.35868
-0.67315,1.35989
-0.66124,1.36057
-0.65245,1.36093
-0.64612,1.36111
-0.64155,1.36120
-0.63821,1.36125
-0.63569,1.36128
-0.63375,1.36129
-0.63220,1.36130
-0.63094,1.36130
-0.62987,1.36130
-0.62896,1.36130
-0.62816,1.36130
-0.62745,1.36130
-0.62680,1.36129
-0.62622,1.36129
0.21542,-1.27105
0.08708,-1.17109
-0.05815,-1.02542
-0.88798,1.30556
-0.89148,1.30400
-0.89027,1.30454
-0.88834,1.30541
-0.88612,1.30639
-0.88364,1.30748
-0.88079,1.30871
-0.87741,1.31016
-0.87327,1.31190
-0.86806,1.31405
-0.86134,1.31675
-0.85257,1.32016
-0.84115,1.32439
-0.82657,1.32945
-0.80870,1.33514
-0.78801,1.34101
-0.76557,1.34652
-0.74267,1.35121
-0.72053,1.35487
-0.70018,1.35749
-0.68256,1.35919
-0.66828,1.36019
-0.65743,1.36074
-0.64952,1.36102
-0.64382,1.36116
-0.63968,1.36123
-0.63661,1.36127
-0.63427,1.36129
-0.63245,1.36130
-0.63099,1.36130
-0.62979,1.36130
-0.62878,1.36130
-0.62792,1.36130
-0.62717,1.36130
-0.62650,1.36129
-0.62591,1.36129
-0.62538,1.36129
0.44832,-1.37999
0.37750,-1.35778
0.28727,-1.31526
0.18482,-1.24961
0.08268,-1.16720
-0.02396,-1.06306
-0.86551,1.31508
-0.88357,1.30751
-0.88337,1.30759
-0.88092,1.30865
-0.87743,1.31015
-0.87300,1.31201
-0.86738,1.31433
-0.86017,1.31722
-0.85079,1.32083
-0.83860,1.32530
-0.82306,1.33061
-0.80407,1.33652
-0.78222,1.34252
-0.75878,1.34800
-0.73527,1.35253
-0.71306,1.35591
-0.69326,1.35822
-0.67665,1.35965
-0.66357,1.36045
-0.65379,1.36088
-0.64668,1.36110
-0.64153,1.36121
-0.63775,1.36126
-0.63491,1.36129
-0.63274,1.36130
-0.63104,1.36130
-0.62968,1.36130
-0.62857,1.36130
-0.62764,1.36130
-0.62685,1.36129
-0.62616,1.36129
-0.62556,1.36129
-0.62503,1.36128
-0.62456,1.36128
0.53585,-1.39252
0.50496,-1.39003
0.46169,-1.38299
0.40592,-1.36794
0.33808,-1.34107
0.26041,-1.29976
0.17931,-1.24559
0.10197,-1.18403
0.02880,-1.11698
-0.05017,-1.03441
-0.82760,1.32911
-0.86088,1.31693
-0.86018,1.31721
-0.85419,1.31954
-0.84484,1.32305
-0.83213,1.32756
-0.81577,1.33296
-0.79584,1.33888
-0.77318,1.34475
-0.74932,1.34994
-0.72598,1.35405
-0.70458,1.35698
-0.68605,1.35889
-0.67088,1.36004
-0.65909,1.36067
-0.65030,1.36100
-0.64387,1.36116
-0.63918,1.36124
-0.63571,1.36128
-0.63310,1.36130
-0.63110,1.36130
-0.62955,1.36130
-0.62831,1.36130
-0.62731,1.36130
-0.62647,1.36129
-0.62577,1.36129
-0.62516,1.36128
-0.62463,1.36128
-0.62416,1.36128
-0.62375,1.36127
0.56373,-1.39297
0.55176,-1.39298
0.53272,-1.39237
0.50495,-1.39003
0.46785,-1.38425
0.42162,-1.37284
0.36710,-1.35366
0.30602,-1.32533
0.24159,-1.28816
0.17824,-1.24480
0.11994,-1.19919
0.06806,-1.15404
0.02138,-1.10969
-0.02293,-1.06417
-0.07071,-1.01102
-0.14686,-0.91619
-0.77576,1.34413
-0.77087,1.34530
-0.75440,1.34892
-0.73439,1.35268
-0.71409,1.35577
-0.69530,1.35801
-0.67897,1.35947
-0.66549,1.36035
-0.65490,1.36084
-0.64691,1.36109
-0.64102,1.36121
-0.63670,1.36127
-0.63352,1.36129
-0.63115,1.36130
-0.62937,1.36130
-0.62799,1.36130
-0.62690,1.36129
-0.62603,1.36129
-0.62530,1.36128
-0.62469,1.36128
-0.62417,1.36128
-0.62371,1.36127
-0.62331,1.36127
-0.62296,1.36126
0.57261,-1.39276
0.56726,-1.39291
0.55871,-1.39301
0.54543,-1.39287
0.52597,-1.39196
0.49938,-1.38936
0.46524,-1.38373
0.42356,-1.37341
0.37490,-1.35677
0.32078,-1.33281
0.26385,-1.30181
0.20739,-1.26557
0.15433,-1.22675
0.10623,-1.18767
0.06305,-1.14945
0.02362,-1.11190
-0.01390,-1.07373
-0.05207,-1.03229
-0.09625,-0.98071
-0.17848,-0.87243
-0.70076,1.35742
-0.68666,1.35884
-0.67292,1.35990
-0.66083,1.36059
-0.65102,1.36097
-0.64351,1.36117
-0.63800,1.36126
-0.63402,1.36129
-0.63117,1.36130
-0.62910,1.36130
-0.62756,1.36130
-0.62639,1.36129
-0.62547,1.36129
-0.62473,1.36128
-0.62413,1.36128
-0.62361,1.36127
-0.62318,1.36127
-0.62280,1.36126
-0.62247,1.36126
-0.62218,1.36126
0.57639,-1.39262
0.57337,-1.39273
0.56874,-1.39287
0.56161,-1.39299
0.55082,-1.39297
0.53520,-1.39249
0.51378,-1.39096
0.48582,-1.38743
0.45078,-1.38057
0.40837,-1.36874
0.35902,-1.35032
0.30438,-1.32447
0.24736,-1.29178
0.19134,-1.25431
0.13893,-1.21464
0.09129,-1.17478
0.04829,-1.13570
0.00910,-1.09742
-0.02762,-1.05915
-0.06395,-1.01881
-0.10485,-0.97019
-0.17649,-0.87526
-0.67186,1.35997
-0.65760,1.36073
-0.64736,1.36108
-0.63989,1.36123
-0.63467,1.36129
-0.63111,1.36130
-0.62867,1.36130
-0.62696,1.36129
-0.62571,1.36129
-0.62476,1.36128
-0.62402,1.36127
-0.62342,1.36127
-0.62293,1.36126
-0.62252,1.36126
-0.62217,1.36126
-0.62186,1.36125
-0.62160,1.36125
-0.62137,1.36125
0.57853,-1.39253
0.57655,-1.39261
0.57363,-1.39273
0.56921,-1.39286
0.56251,-1.39298
0.55255,-1.39299
0.53826,-1.39263
0.51867,-1.39140
0.49287,-1.38848
0.45999,-1.38263
0.41927,-1.37214
0.37057,-1.35506
0.31507,-1.32996
0.25572,-1.29692
0.19648,-1.25796
0.14085,-1.21617
0.09070,-1.17427
0.04632,-1.13383
0.00699,-1.09529
-0.02861,-1.05808
-0.06252,-1.02045
-0.09867,-0.97777
-0.15049,-0.91131
-0.66054,1.36060
-0.64375,1.36116
-0.63571,1.36128
-0.63092,1.36130
-0.62797,1.36130
-0.62605,1.36129
-0.62473,1.36128
-0.62378,1.36127
-0.62306,1.36127
-0.62250,1.36126
-0.62205,1.36125
-0.62168,1.36125
-0.62137,1.36125
-0.62110,1.36124
-0.62087,1.36124
-0.62068,1.36124
-0.62050,1.36123
0.57999,-1.39246
0.57858,-1.39253
0.57657,-1.39261
0.57358,-1.39273
0.56909,-1.39286
0.56230,-1.39299
0.55223,-1.39299
0.53781,-1.39261
0.51798,-1.39134
0.49167,-1.38831
0.45776,-1.38215
0.41523,-1.37091
0.36385,-1.35234
0.30506,-1.32483
0.24249,-1.28873
0.18090,-1.24676
0.12424,-1.20273
0.07432,-1.15972
0.03115,-1.11927
-0.00642,-1.08154
-0.04011,-1.04556
-0.07248,-1.00897
-0.10834,-0.96587
-0.16600,-0.89005
-0.63986,1.36123
-0.63054,1.36130
-0.62667,1.36129
-0.62454,1.36128
-0.62321,1.36127
-0.62231,1.36126
-0.62166,1.36125
-0.62118,1.36124
-0.62081,1.36124
-0.62052,1.36123
-0.62028,1.36123
-0.62009,1.36123
-0.61992,1.36123
-0.61977,1.36122
-0.61965,1.36122
-0.61954,1.36122
0.58108,-1.39241
0.58004,-1.39246
0.57859,-1.39253
0.57649,-1.39262
0.57336,-1.39274
0.56860,-1.39288
0.56136,-1.39300
0.55057,-1.39297
0.53504,-1.39248
0.51355,-1.39094
0.48484,-1.38728
0.44757,-1.37981
0.40065,-1.36618
0.34422,-1.34387
0.28075,-1.31161
0.21514,-1.27086
0.15286,-1.22561
0.09750,-1.18019
0.05007,-1.13737
0.00971,-1.09803
-0.02536,-1.06157
-0.05752,-1.02614
-0.09040,-0.98778
-0.13271,-0.93487
-0.62943,1.36130
-0.62327,1.36127
-0.62130,1.36124
-0.62029,1.36123
-0.61970,1.36122
-0.61933,1.36122
-0.61908,1.36121
-0.61890,1.36121
-0.61878,1.36121
-0.61869,1.36121
-0.61863,1.36120
-0.61857,1.36120
-0.61853,1.36120
-0.61849,1.36120
-0.61845,1.36120
-0.61842,1.36120
0.58194,-1.39236
0.58116,-1.39240
0.58009,-1.39246
0.57857,-1.39253
0.57635,-1.39262
0.57300,-1.39275
0.56783,-1.39289
0.55986,-1.39301
0.54785,-1.39292
0.53041,-1.39224
0.50613,-1.39017
0.47348,-1.38532
0.43097,-1.37551
0.37773,-1.35787
0.31488,-1.32987
0.24665,-1.29134
0.17938,-1.24564
0.11847,-1.19796
0.06627,-1.15241
0.02243,-1.11073
-0.01490,-1.07267
-0.04831,-1.03649
-0.08140,-0.99851
-0.12176,-0.94897
-0.24076,-0.77679
-0.60850,1.36096
-0.61199,1.36106
-0.61349,1.36110
-0.61438,1.36112
-0.61499,1.36113
-0.61545,1.36114
-0.61580,1.36115
-0.61609,1.36116
-0.61632,1.36116
-0.61651,1.36117
-0.61667,1.36117
-0.61680,1.36117
-0.61691,1.36117
-0.61700,1.36118
-0.61707,1.36118
0.58265,-1.39233
0.58205,-1.39236
0.58124,-1.39240
0.58014,-1.39245
0.57855,-1.39253
0.57618,-1.39263
0.57254,-1.39276
0.56682,-1.39292
0.55784,-1.39301
0.54412,-1.39283
0.52402,-1.39182
0.49583,-1.38889
0.45779,-1.38216
0.40837,-1.36873
0.34739,-1.34529
0.27781,-1.30994
0.20607,-1.26466
0.13925,-1.21490
0.08151,-1.16615
0.03327,-1.12133
-0.00731,-1.08061
-0.04319,-1.04217
-0.07858,-1.00183
-0.12304,-0.94734
-0.50826,1.35116
-0.57640,1.35924
-0.59241,1.36027
-0.60034,1.36066
-0.60490,1.36084
-0.60779,1.36094
-0.60975,1.36100
-0.61116,1.36104
-0.61221,1.36107
-0.61301,1.36109
-0.61365,1.36110
-0.61416,1.36111
-0.61457,1.36112
-0.61490,1.36113
-0.61517,1.36114
-0.61539,1.36114
0.58324,-1.39229
0.58277,-1.39232
0.58216,-1.39235
0.58134,-1.39239
0.58019,-1.39245
0.57852,-1.39253
0.57598,-1.39264
0.57199,-1.39278
0.56558,-1.39294
0.55529,-1.39301
0.53932,-1.39267
0.51568,-1.39114
0.48236,-1.38687
0.43737,-1.37724
0.37945,-1.35853
0.30995,-1.32736
0.23450,-1.28364
0.16141,-1.23219
0.09702,-1.17977
0.04308,-1.13076
-0.00209,-1.08601
-0.04209,-1.04339
-0.08273,-0.99693
-0.14390,-0.92014
-0.50520,1.35066
-0.54310,1.35601
-0.56466,1.35827
-0.57926,1.35945
-0.58922,1.36010
-0.59600,1.36046
-0.60069,1.36067
-0.60401,1.36081
-0.60643,1.36089
-0.60825,1.36095
-0.60964,1.36099
-0.61072,1.36103
-0.61158,1.36105
-0.61227,1.36107
-0.61282,1.36108
-0.61327,1.36109
0.58376,-1.39226
0.58339,-1.39228
0.58291,-1.39231
0.58230,-1.39234
0.58146,-1.39239
0.58027,-1.39245
0.57851,-1.39253
0.57578,-1.39265
0.57138,-1.39280
0.56410,-1.39296
0.55214,-1.39299
0.53323,-1.39239
0.50497,-1.39004
0.46500,-1.38368
0.41125,-1.36966
0.34341,-1.34351
0.26545,-1.30276
0.18596,-1.25044
0.11359,-1.19389
0.05209,-1.13927
0.00017,-1.08833
-0.04701,-1.03794
-0.10114,-0.97474
-0.43786,1.33702
-0.49621,1.34914
-0.52252,1.35332
-0.54195,1.35588
-0.55763,1.35760
-0.57032,1.35876
-0.58032,1.35953
-0.58800,1.36002
-0.59381,1.36035
-0.59819,1.36056
-0.60151,1.36071
-0.60406,1.36081
-0.60604,1.36088
-0.60759,1.36093
-0.60882,1.36097
-0.60980,1.36100
-0.61060,1.36102
0.58421,-1.39224
0.58391,-1.39226
0.58355,-1.39228
0.58308,-1.39230
0.58246,-1.39234
0.58160,-1.39238
0.58038,-1.39244
0.57854,-1.39253
0.57561,-1.39265
0.57073,-1.39282
0.56238,-1.39299
0.54822,-1.39293
0.52540,-1.39192
0.49102,-1.38822
0.44236,-1.37852
0.37769,-1.35786
0.29878,-1.32151
0.21321,-1.26955
0.13134,-1.20853
0.05942,-1.14610
-0.00361,-1.08444
-0.06796,-1.01420
-0.37894,1.32095
-0.45710,1.34144
-0.48804,1.34768
-0.50938,1.35134
-0.52639,1.35387
-0.54089,1.35575
-0.55353,1.35718
-0.56450,1.35825
-0.57381,1.35904
-0.58153,1.35961
-0.58780,1.36001
-0.59280,1.36030
-0.59677,1.36050
-0.59991,1.36064
-0.60241,1.36074
-0.60439,1.36082
-0.60598,1.36088
-0.60725,1.36092
0.58461,-1.39222
0.58438,-1.39223
0.58409,-1.39225
0.58373,-1.39227
0.58327,-1.39229
0.58265,-1.39232
0.58180,-1.39237
0.58055,-1.39243
0.57863,-1.39252
0.57550,-1.39266
0.57006,-1.39284
0.56031,-1.39300
0.54317,-1.39280
0.51493,-1.39107
0.47204,-1.38505
0.41160,-1.36977
0.33313,-1.33877
0.24192,-1.28837
0.14847,-1.22219
0.06001,-1.14665
-0.03341,-1.05288
-0.31720,1.29998
-0.41088,1.33014
-0.45312,1.34056
-0.47978,1.34612
-0.49933,1.34968
-0.51506,1.35222
-0.52850,1.35416
-0.54040,1.35569
-0.55110,1.35692
-0.56071,1.35790
-0.56921,1.35866
-0.57660,1.35925
-0.58290,1.35970
-0.58817,1.36003
-0.59252,1.36028
-0.59608,1.36046
-0.59897,1.36060
-0.60131,1.36070
-0.60321,1.36077
0.58498,-1.39219
0.58480,-1.39220
0.58458,-1.39222
0.58430,-1.39223
0.58396,-1.39225
0.58351,-1.39228
0.58291,-1.39231
0.58206,-1.39236
0.58081,-1.39242
0.57884,-1.39251
0.57549,-1.39266
0.56935,-1.39286
0.55767,-1.39301
0.53605,-1.39253
0.49946,-1.38937
0.44339,-1.37878
0.36488,-1.35276
0.26540,-1.30273
0.14933,-1.22286
0.34975,0.49774
-0.14026,1.21323
-0.32459,1.30272
-0.40228,1.32778
-0.44413,1.33851
-0.47100,1.34438
-0.49048,1.34812
-0.50587,1.35077
-0.51880,1.35278
-0.53014,1.35438
-0.54037,1.35569
-0.54971,1.35677
-0.55825,1.35766
-0.56601,1.35839
-0.57296,1.35897
-0.57909,1.35944
-0.58441,1.35980
-0.58894,1.36008
-0.59274,1.36029
-0.59591,1.36045
-0.59852,1.36058
0.58533,-1.39217
0.58519,-1.39218
0.58502,-1.39219
0.58481,-1.39220
0.58456,-1.39222
0.58424,-1.39224
0.58382,-1.39226
0.58324,-1.39229
0.58243,-1.39234
0.58121,-1.39240
0.57921,-1.39250
0.57562,-1.39265
0.56850,-1.39288
0.55362,-1.39300
0.52382,-1.39181
0.47040,-1.38474
0.38239,-1.35965
0.20626,-1.26479
0.36094,0.46948
0.17063,0.87904
-0.12951,1.20641
-0.30053,1.29357
-0.38584,1.32303
-0.43234,1.33568
-0.46146,1.34239
-0.48196,1.34654
-0.49771,1.34940
-0.51062,1.35153
-0.52174,1.35321
-0.53164,1.35458
-0.54066,1.35572
-0.54898,1.35669
-0.55670,1.35750
-0.56383,1.35819
-0.57036,1.35876
-0.57626,1.35923
-0.58150,1.35961
-0.58607,1.35991
-0.59000,1.36014
-0.59333,1.36032
0.58567,-1.39215
0.58556,-1.39216
0.58544,-1.39217
0.58529,-1.39218
0.58511,-1.39219
0.58489,-1.39220
0.58460,-1.39222
0.58422,-1.39224
0.58370,-1.39227
0.58295,-1.39231
0.58178,-1.39237
0.57978,-1.39247
0.57588,-1.39264
0.56698,-1.39291
0.54436,-1.39284
0.48570,-1.38741
0.44607,0.23979
0.38671,0.40267
0.32392,0.56117
0.17085,0.87866
-0.08522,1.17586
-0.26556,1.27905
-0.36420,1.31634
-0.41817,1.33208
-0.45098,1.34008
-0.47332,1.34485
-0.48997,1.34803
-0.50327,1.35034
-0.51446,1.35213
-0.52425,1.35357
-0.53307,1.35477
-0.54117,1.35578
-0.54872,1.35666
-0.55579,1.35741
-0.56240,1.35806
-0.56856,1.35861
-0.57421,1.35907
-0.57933,1.35946
-0.58388,1.35977
-0.58786,1.36002
0.58600,-1.39213
0.58593,-1.39214
0.58585,-1.39214
0.58576,-1.39215
0.58565,-1.39215
0.58550,-1.39216
0.58532,-1.39217
0.58509,-1.39219
0.58477,-1.39221
0.58433,-1.39223
0.58368,-1.39227
0.58263,-1.39233
0.58068,-1.39243
0.57618,-1.39263
0.56079,-1.39300
0.45900,0.20276
0.40615,0.35068
0.37342,0.43743
0.32131,0.56743
0.20100,0.82478
-0.02702,1.12874
-0.22182,1.25868
-0.33743,1.30733
-0.40143,1.32754
-0.43931,1.33737
-0.46425,1.34298
-0.48228,1.34660
-0.49630,1.34916
-0.50783,1.35109
-0.51772,1.35262
-0.52649,1.35388
-0.53446,1.35495
-0.54184,1.35586
-0.54877,1.35666
-0.55533,1.35736
-0.56153,1.35798
-0.56737,1.35851
-0.57281,1.35896
-0.57780,1.35934
-0.58229,1.35966
0.58635,-1.39211
0.58631,-1.39211
0.58628,-1.39212
0.58624,-1.39212
0.58618,-1.39212
0.58612,-1.39213
0.58604,-1.39213
0.58593,-1.39214
0.58579,-1.39215
0.58559,-1.39216
0.58530,-1.39218
0.58485,-1.39220
0.58408,-1.39225
0.58241,-1.39234
0.57492,-1.39268
0.42738,0.29238
0.40130,0.36377
0.37389,0.43621
0.33100,0.54402
0.23867,0.75123
0.04163,1.06013
-0.16846,1.23016
-0.30438,1.29508
-0.38139,1.32170
-0.42600,1.33410
-0.45441,1.34085
-0.47431,1.34505
-0.48938,1.34792
-0.50149,1.35004
-0.51167,1.35170
-0.52054,1.35304
-0.52849,1.35416
-0.53579,1.35512
-0.54260,1.35595
-0.54905,1.35669
-0.55520,1.35735
-0.56108,1.35793
-0.56666,1.35844
-0.57191,1.35889
-0.57678,1.35927
0.58671,-1.39209
0.58672,-1.39209
0.58673,-1.39209
0.58675,-1.39209
0.58676,-1.39209
0.58678,-1.39209
0.58680,-1.39208
0.58683,-1.39208
0.58686,-1.39208
0.58691,-1.39208
0.58698,-1.39207
0.58712,-1.39206
0.58743,-1.39204
0.58856,-1.39197
0.61488,-1.38954
0.42972,0.28588
0.40560,0.35216
0.38136,0.41674
0.34637,0.50619
0.27744,0.66865
0.11913,0.96062
-0.10170,1.18771
-0.26216,1.27755
-0.35635,1.31378
-0.41009,1.32993
-0.44319,1.33829
-0.46563,1.34327
-0.48215,1.34657
-0.49510,1.34895
-0.50578,1.35076
-0.51492,1.35220
-0.52299,1.35339
-0.53029,1.35440
-0.53705,1.35528
-0.54341,1.35605
-0.54948,1.35674
-0.55532,1.35736
-0.56094,1.35792
-0.56632,1.35841
-0.57142,1.35885
0.58711,-1.39207
0.58717,-1.39206
0.58723,-1.39206
0.58732,-1.39205
0.58742,-1.39205
0.58754,-1.39204
0.58769,-1.39203
0.58788,-1.39202
0.58815,-1.39200
0.58853,-1.39197
0.58912,-1.39193
0.59017,-1.39186
0.59242,-1.39170
0.59915,-1.39116
0.63830,-1.38626
0.44674,0.23788
0.41661,0.32215
0.39378,0.38391
0.36513,0.45877
0.31524,0.58191
0.20133,0.82417
-0.01284,1.11584
-0.20418,1.24972
-0.32237,1.30190
-0.38949,1.32411
-0.42938,1.33495
-0.45544,1.34108
-0.47402,1.34499
-0.48821,1.34771
-0.49966,1.34973
-0.50927,1.35132
-0.51762,1.35261
-0.52507,1.35368
-0.53187,1.35461
-0.53821,1.35542
-0.54423,1.35615
-0.55002,1.35680
-0.55562,1.35739
-0.56104,1.35793
-0.56626,1.35841
0.58756,-1.39204
0.58768,-1.39203
0.58781,-1.39202
0.58798,-1.39201
0.58819,-1.39200
0.58844,-1.39198
0.58877,-1.39196
0.58921,-1.39193
0.58982,-1.39189
0.59073,-1.39182
0.59220,-1.39172
0.59483,-1.39152
0.60026,-1.39106
0.61314,-1.38975
0.64621,-1.38491
0.73706,-1.36179
0.43800,0.26265
0.41144,0.33629
0.38682,0.40236
0.35139,0.49363
0.27945,0.66418
0.10973,0.97411
-0.11522,1.19699
-0.26996,1.28096
-0.35907,1.31467
-0.41016,1.32995
-0.44201,1.33801
-0.46382,1.34289
-0.47996,1.34615
-0.49264,1.34851
-0.50307,1.35031
-0.51195,1.35174
-0.51975,1.35292
-0.52675,1.35392
-0.53320,1.35478
-0.53925,1.35555
-0.54502,1.35624
-0.55060,1.35686
-0.55603,1.35743
-0.56131,1.35795
0.58808,-1.39200
0.58828,-1.39199
0.58850,-1.39198
0.58878,-1.39196
0.58913,-1.39193
0.58957,-1.39190
0.59015,-1.39186
0.59094,-1.39181
0.59207,-1.39173
0.59379,-1.39160
0.59658,-1.39138
0.60142,-1.39096
0.61029,-1.39007
0.62670,-1.38801
0.65516,-1.38326
0.69864,-1.37325
0.76715,-1.35121
0.44199,0.25136
0.41331,0.33118
0.38655,0.40308
0.34505,0.50947
0.25126,0.72515
0.04004,1.06190
-0.17417,1.23342
-0.30494,1.29530
-0.37818,1.32072
-0.42113,1.33285
-0.44888,1.33961
-0.46848,1.34386
-0.48334,1.34680
-0.49523,1.34897
-0.50513,1.35065
-0.51364,1.35200
-0.52115,1.35312
-0.52793,1.35408
-0.53418,1.35491
-0.54007,1.35565
-0.54571,1.35632
-0.55117,1.35692
-0.55650,1.35748
0.58871,-1.39196
0.58900,-1.39194
0.58934,-1.39192
0.58977,-1.39189
0.59031,-1.39185
0.59100,-1.39180
0.59193,-1.39174
0.59322,-1.39164
0.59508,-1.39150
0.59790,-1.39127
0.60233,-1.39087
0.60952,-1.39015
0.62119,-1.38876
0.63949,-1.38606
0.66590,-1.38109
0.69931,-1.37306
0.73571,-1.36224
0.77328,-1.34889
0.90670,-1.28419
0.42752,0.29198
0.39945,0.36875
0.35954,0.47304
0.26766,0.69010
0.04372,1.05778
-0.17991,1.23664
-0.30946,1.29705
-0.38049,1.32143
-0.42219,1.33312
-0.44936,1.33972
-0.46872,1.34391
-0.48351,1.34683
-0.49541,1.34900
-0.50536,1.35069
-0.51394,1.35205
-0.52151,1.35318
-0.52834,1.35414
-0.53464,1.35497
-0.54055,1.35571
-0.54619,1.35637
-0.55165,1.35698
0.58947,-1.39191
0.58988,-1.39188
0.59038,-1.39185
0.59100,-1.39180
0.59178,-1.39175
0.59281,-1.39167
0.59420,-1.39157
0.59613,-1.39141
0.59890,-1.39118
0.60299,-1.39081
0.60916,-1.39019
0.61849,-1.38910
0.63237,-1.38719
0.65214,-1.38383
0.67826,-1.37834
0.70929,-1.37031
0.74190,-1.36019
0.77244,-1.34921
0.79828,-1.33881
0.81838,-1.33003
0.84059,-1.31962
0.44407,0.24547
0.40960,0.34131
0.36108,0.46913
0.22218,0.78426
-0.06912,1.16369
-0.26030,1.27673
-0.35688,1.31395
-0.40900,1.32963
-0.44092,1.33775
-0.46281,1.34268
-0.47916,1.34600
-0.49214,1.34842
-0.50291,1.35028
-0.51215,1.35177
-0.52027,1.35300
-0.52756,1.35403
-0.53422,1.35492
-0.54042,1.35569
-0.54628,1.35638
0.59040,-1.39185
0.59096,-1.39181
0.59165,-1.39176
0.59251,-1.39170
0.59361,-1.39161
0.59506,-1.39150
0.59700,-1.39134
0.59967,-1.39111
0.60345,-1.39077
0.60888,-1.39022
0.61671,-1.38932
0.62796,-1.38783
0.64377,-1.38534
0.66507,-1.38126
0.69196,-1.37499
0.72316,-1.36621
0.75626,-1.35520
0.78885,-1.34272
0.81926,-1.32963
0.84661,-1.31668
0.87043,-1.30447
0.89027,-1.29363
0.90530,-1.28501
0.91348,-1.28016
0.90888,-1.28290
0.48271,0.13369
0.38238,0.41407
0.09289,0.99728
-0.23588,1.26550
-0.35900,1.31465
-0.41501,1.33125
-0.44675,1.33912
-0.46797,1.34376
-0.48381,1.34689
-0.49653,1.34920
-0.50724,1.35099
-0.51656,1.35245
-0.52485,1.35365
-0.53235,1.35467
-0.53924,1.35555
0.59153,-1.39177
0.59228,-1.39171
0.59320,-1.39164
0.59435,-1.39156
0.59582,-1.39144
0.59773,-1.39128
0.60028,-1.39106
0.60376,-1.39074
0.60857,-1.39025
0.61530,-1.38949
0.62471,-1.38829
0.63777,-1.38634
0.65544,-1.38321
0.67843,-1.37830
0.70660,-1.37107
0.73874,-1.36124
0.77294,-1.34902
0.80733,-1.33493
0.84055,-1.31964
0.87164,-1.30383
0.89978,-1.28821
0.92430,-1.27358
0.94473,-1.26063
0.96102,-1.24978
0.97345,-1.24118
0.98242,-1.23480
0.98807,-1.23071
0.98947,-1.22968
0.98093,-1.23587
0.92799,-1.27129
0.07995,1.01420
-0.30951,1.29707
-0.40318,1.32803
-0.44364,1.33840
-0.46748,1.34366
-0.48442,1.34700
-0.49786,1.34943
-0.50922,1.35131
-0.51919,1.35284
-0.52813,1.35411
0.59289,-1.39167
0.59385,-1.39159
0.59504,-1.39150
0.59651,-1.39138
0.59837,-1.39123
0.60079,-1.39101
0.60397,-1.39072
0.60825,-1.39028
0.61408,-1.38964
0.62208,-1.38864
0.63304,-1.38708
0.64787,-1.38462
0.66744,-1.38076
0.69218,-1.37493
0.72172,-1.36665
0.75478,-1.35573
0.78962,-1.34241
0.82461,-1.32719
0.85838,-1.31075
0.88977,-1.29391
0.91768,-1.27763
0.94131,-1.26285
0.96038,-1.25022
0.97520,-1.23995
0.98646,-1.23188
0.99495,-1.22563
1.00136,-1.22082
1.00621,-1.21713
1.00979,-1.21437
1.01215,-1.21254
1.01277,-1.21205
1.00890,-1.21506
0.97085,-1.24301
-0.01709,1.11977
-0.36199,1.31562
-0.43116,1.33539
-0.46233,1.34257
-0.48197,1.34654
-0.49690,1.34926
-0.50942,1.35134
0.59449,-1.39154
0.59569,-1.39145
0.59715,-1.39133
0.59895,-1.39118
0.60122,-1.39098
0.60414,-1.39070
0.60795,-1.39032
0.61302,-1.38976
0.61985,-1.38893
0.62912,-1.38767
0.64163,-1.38570
0.65827,-1.38265
0.67974,-1.37799
0.70617,-1.37119
0.73688,-1.36186
0.77047,-1.34996
0.80530,-1.33581
0.83988,-1.31997
0.87290,-1.30315
0.90316,-1.28625
0.92958,-1.27030
0.95148,-1.25619
0.96878,-1.24444
0.98202,-1.23509
0.99198,-1.22783
0.99948,-1.22224
1.00520,-1.21790
1.00965,-1.21448
1.01318,-1.21174
1.01603,-1.20951
1.01834,-1.20768
1.02017,-1.20623
1.02141,-1.20524
1.02154,-1.20513
1.01814,-1.20784
0.97675,-1.23885
-0.20022,1.24765
-0.40265,1.32788
-0.45205,1.34032
-0.47694,1.34556
0.59632,-1.39140
0.59776,-1.39128
0.59949,-1.39113
0.60162,-1.39094
0.60428,-1.39069
0.60767,-1.39034
0.61210,-1.38986
0.61795,-1.38917
0.62581,-1.38814
0.63638,-1.38656
0.65050,-1.38414
0.66898,-1.38043
0.69228,-1.37491
0.72020,-1.36711
0.75173,-1.35681
0.78538,-1.34413
0.81962,-1.32947
0.85315,-1.31341
0.88479,-1.29669
0.91342,-1.28019
0.93809,-1.26491
0.95828,-1.25164
0.97407,-1.24075
0.98607,-1.23216
0.99509,-1.22553
1.00188,-1.22043
1.00708,-1.21646
1.01113,-1.21333
1.01437,-1.21080
1.01702,-1.20872
1.01923,-1.20697
1.02112,-1.20547
1.02274,-1.20418
1.02413,-1.20306
1.02526,-1.20215
1.02599,-1.20156
1.02574,-1.20176
1.02136,-1.20528
0.47547,0.15489
-0.32834,1.30409
0.59834,-1.39123
0.60000,-1.39109
0.60199,-1.39090
0.60442,-1.39067
0.60745,-1.39037
0.61131,-1.38995
0.61635,-1.38937
0.62301,-1.38852
0.63194,-1.38725
0.64388,-1.38532
0.65968,-1.38237
0.67999,-1.37793
0.70500,-1.37151
0.73410,-1.36276
0.76604,-1.35163
0.79930,-1.33838
0.83254,-1.32348
0.86467,-1.30750
0.89468,-1.29114
0.92158,-1.27526
0.94454,-1.26075
0.96320,-1.24829
0.97775,-1.23815
0.98879,-1.23018
0.99711,-1.22402
1.00340,-1.21927
1.00823,-1.21558
1.01201,-1.21264
1.01505,-1.21027
1.01753,-1.20832
1.01960,-1.20668
1.02137,-1.20527
1.02289,-1.20405
1.02423,-1.20298
1.02542,-1.20203
1.02648,-1.20117
1.02742,-1.20041
1.02819,-1.19978
1.02860,-1.19945
1.02787,-1.20004
0.60049,-1.39104
0.60235,-1.39087
0.60457,-1.39066
0.60728,-1.39039
0.61067,-1.39002
0.61500,-1.38953
0.62067,-1.38883
0.62819,-1.38780
0.63825,-1.38626
0.65166,-1.38392
0.66919,-1.38038
0.69130,-1.37516
0.71781,-1.36783
0.74774,-1.35820
0.77967,-1.34640
0.81218,-1.33281
0.84416,-1.31788
0.87474,-1.30217
0.90306,-1.28631
0.92827,-1.27112
0.94968,-1.25738
0.96701,-1.24568
0.98051,-1.23617
0.99079,-1.22871
0.99857,-1.22293
1.00448,-1.21846
1.00904,-1.21495
1.01263,-1.21217
1.01552,-1.20991
1.01789,-1.20804
1.01987,-1.20647
1.02154,-1.20513
1.02299,-1.20398
1.02424,-1.20297
1.02535,-1.20208
1.02633,-1.20129
1.02722,-1.20057
1.02803,-1.19991
1.02879,-1.19929
1.02948,-1.19873
0.60270,-1.39084
0.60473,-1.39064
0.60717,-1.39040
0.61014,-1.39008
0.61389,-1.38966
0.61871,-1.38908
0.62504,-1.38824
0.63349,-1.38701
0.64480,-1.38516
0.65977,-1.38235
0.67907,-1.37815
0.70288,-1.37210
0.73061,-1.36388
0.76099,-1.35349
0.79255,-1.34121
0.82405,-1.32745
0.85462,-1.31267
0.88360,-1.29734
0.91029,-1.28207
0.93392,-1.26757
0.95392,-1.25457
0.97010,-1.24353
0.98272,-1.23459
0.99237,-1.22755
0.99970,-1.22208
1.00531,-1.21782
1.00966,-1.21447
1.01310,-1.21180
1.01588,-1.20962
1.01817,-1.20782
1.02008,-1.20630
1.02170,-1.20501
1.02309,-1.20389
1.02430,-1.20293
1.02535,-1.20208
1.02627,-1.20133
1.02709,-1.20067
1.02783,-1.20007
1.02850,-1.19952
1.02913,-1.19901
0.60491,-1.39062
0.60710,-1.39040
0.60973,-1.39013
0.61298,-1.38976
0.61709,-1.38928
0.62243,-1.38860
0.62951,-1.38761
0.63898,-1.38614
0.65164,-1.38393
0.66826,-1.38058
0.68933,-1.37566
0.71468,-1.36875
0.74331,-1.35971
0.77377,-1.34870
0.80464,-1.33610
0.83494,-1.32234
0.86405,-1.30782
0.89146,-1.29296
0.91659,-1.27829
0.93878,-1.26447
0.95753,-1.25215
0.97269,-1.24172
0.98456,-1.23326
0.99368,-1.22658
1.00064,-1.22137
1.00599,-1.21730
1.01017,-1.21408
1.01349,-1.21150
1.01618,-1.20939
1.01840,-1.20763
1.02026,-1.20616
1.02184,-1.20490
1.02319,-1.20381
1.02437,-1.20287
1.02539,-1.20205
1.02628,-1.20133
1.02706,-1.20069
1.02775,-1.20013
1.02837,-1.19963
1.02893,-1.19917
