-1.32215,0.87716
-1.32165,0.87812
-1.32108,0.87919
-1.32043,0.88041
-1.31966,0.88185
-1.31875,0.88356
-1.31765,0.88561
-1.31631,0.88810
-1.31465,0.89116
-1.31259,0.89496
-1.30996,0.89973
-1.30659,0.90582
-1.30218,0.91366
-1.29634,0.92386
-1.28852,0.93720
-1.27800,0.95456
-1.26391,0.97679
-1.24533,1.00444
-1.22140,1.03739
-1.19147,1.07485
-1.15505,1.11551
-1.11164,1.15801
-1.06075,1.20104
-1.00244,1.24286
-0.93894,1.28063
-0.87595,1.31077
-0.82085,1.33134
-0.77797,1.34359
-0.74700,1.35039
-0.72522,1.35417
-0.70985,1.35633
-0.69877,1.35764
-0.69055,1.35848
-0.68424,1.35905
-0.67922,1.35945
-0.67508,1.35976
-0.67153,1.35999
-0.66840,1.36019
-0.66557,1.36035
-0.66294,1.36049
-1.32253,0.87645
-1.32192,0.87761
-1.32127,0.87883
-1.32056,0.88016
-1.31976,0.88167
-1.31882,0.88342
-1.31770,0.88551
-1.31635,0.88802
-1.31470,0.89108
-1.31263,0.89488
-1.31001,0.89965
-1.30663,0.90574
-1.30220,0.91362
-1.29631,0.92392
-1.28836,0.93746
-1.27760,0.95521
-1.26306,0.97811
-1.24371,1.00677
-1.21856,1.04112
-1.18684,1.08031
-1.14792,1.12290
-1.10127,1.16733
-1.04654,1.21192
-0.98450,1.25431
-0.91883,1.29103
-0.85655,1.31863
-0.80464,1.33635
-0.76564,1.34650
-0.73790,1.35207
-0.71840,1.35518
-0.70453,1.35699
-0.69439,1.35810
-0.68675,1.35883
-0.68079,1.35933
-0.67597,1.35969
-0.67193,1.35997
-0.66843,1.36019
-0.66532,1.36036
-0.66249,1.36051
-0.65988,1.36063
-1.32347,0.87467
-1.32261,0.87631
-1.32178,0.87787
-1.32094,0.87945
-1.32004,0.88114
-1.31903,0.88303
-1.31786,0.88521
-1.31648,0.88779
-1.31479,0.89090
-1.31270,0.89474
-1.31007,0.89954
-1.30667,0.90567
-1.30220,0.91362
-1.29623,0.92406
-1.28813,0.93786
-1.27706,0.95608
-1.26199,0.97975
-1.24173,1.00958
-1.21517,1.04552
-1.18137,1.08664
-1.13959,1.13133
-1.08927,1.17775
-1.03041,1.22372
-0.96482,1.26616
-0.89784,1.30110
-0.83740,1.32573
-0.78927,1.34068
-0.75410,1.34898
-0.72931,1.35352
-0.71182,1.35608
-0.69923,1.35759
-0.68989,1.35854
-0.68275,1.35917
-0.67708,1.35961
-0.67243,1.35994
-0.66849,1.36018
-0.66506,1.36038
-0.66200,1.36053
-0.65922,1.36066
-0.65666,1.36077
-1.32542,0.87096
-1.32412,0.87343
-1.32294,0.87567
-1.32182,0.87778
-1.32071,0.87988
-1.31954,0.88208
-1.31825,0.88449
-1.31677,0.88725
-1.31501,0.89050
-1.31286,0.89445
-1.31017,0.89936
-1.30672,0.90559
-1.30217,0.91367
-1.29608,0.92432
-1.28776,0.93847
-1.27632,0.95727
-1.26059,0.98187
-1.23926,1.01307
-1.21102,1.05084
-1.17476,1.09413
-1.12965,1.14109
-1.07521,1.18948
-1.01202,1.23649
-0.94335,1.27825
-0.87625,1.31065
-0.81873,1.33202
-0.77474,1.34437
-0.74325,1.35110
-0.72109,1.35479
-0.70533,1.35689
-0.69384,1.35816
-0.68519,1.35897
-0.67847,1.35951
-0.67307,1.35989
-0.66860,1.36018
-0.66478,1.36039
-0.66144,1.36056
-0.65848,1.36069
-0.65580,1.36081
-0.65335,1.36090
-1.32408,0.87351
-1.32611,0.86963
-1.32496,0.87184
-1.32353,0.87456
-1.32208,0.87729
-1.32062,0.88005
-1.31909,0.88292
-1.31741,0.88606
-1.31549,0.88962
-1.31320,0.89383
-1.31038,0.89898
-1.30680,0.90544
-1.30211,0.91379
-1.29581,0.92477
-1.28720,0.93942
-1.27525,0.95898
-1.25870,0.98474
-1.23602,1.01759
-1.20573,1.05750
-1.16653,1.10323
-1.11751,1.15260
-1.05847,1.20281
-0.99099,1.25025
-0.92016,1.29037
-0.85435,1.31948
-0.80071,1.33750
-0.76101,1.34753
-0.73290,1.35293
-0.71306,1.35591
-0.69879,1.35764
-0.68824,1.35870
-0.68020,1.35938
-0.67388,1.35984
-0.66875,1.36017
-0.66447,1.36041
-0.66082,1.36059
-0.65765,1.36073
-0.65483,1.36084
-0.65231,1.36093
-0.65003,1.36100
-0.08036,-0.99974
-0.14484,-0.91889
-0.24278,-0.77345
-1.32013,0.88097
-1.32312,0.87534
-1.32209,0.87728
-1.32044,0.88039
-1.31852,0.88398
-1.31634,0.88804
-1.31381,0.89271
-1.31075,0.89831
-1.30692,0.90522
-1.30196,0.91404
-1.29533,0.92560
-1.28625,0.94100
-1.27360,0.96162
-1.25593,0.98889
-1.23153,1.02379
-1.19865,1.06623
-1.15583,1.11469
-1.10223,1.16648
-1.03825,1.21805
-0.96698,1.26490
-0.89547,1.30219
-0.83255,1.32742
-0.78346,1.34220
-0.74794,1.35021
-0.72287,1.35452
-0.70504,1.35693
-0.69206,1.35834
-0.68235,1.35921
-0.67487,1.35977
-0.66894,1.36015
-0.66413,1.36042
-0.66011,1.36062
-0.65670,1.36077
-0.65374,1.36088
-0.65114,1.36097
-0.64883,1.36104
-0.64676,1.36109
0.09239,-1.17574
0.01694,-1.10528
-0.04292,-1.04247
-0.09540,-0.98174
-0.14723,-0.91570
-0.21509,-0.81786
-1.29948,0.91840
-1.31628,0.88815
-1.31611,0.88847
-1.31393,0.89250
-1.31077,0.89827
-1.30667,0.90568
-1.30131,0.91520
-1.29415,0.92764
-1.28433,0.94418
-1.27064,0.96632
-1.25140,0.99562
-1.22465,1.03309
-1.18840,1.07848
-1.14111,1.12981
-1.08230,1.18363
-1.01354,1.23546
-0.93989,1.28012
-0.86984,1.31332
-0.81126,1.33436
-0.76704,1.34618
-0.73538,1.35251
-0.71295,1.35593
-0.69685,1.35785
-0.68500,1.35898
-0.67608,1.35969
-0.66918,1.36014
-0.66371,1.36045
-0.65928,1.36066
-0.65560,1.36081
-0.65248,1.36093
-0.64980,1.36101
-0.64747,1.36108
-0.64541,1.36113
-0.64357,1.36117
0.31616,-1.33051
0.20620,-1.26475
0.11279,-1.19322
0.04238,-1.13009
-0.01204,-1.07567
-0.05747,-1.02619
-0.09810,-0.97846
-0.13691,-0.92939
-0.17869,-0.87213
-0.23598,-0.78461
-1.25724,0.98693
-1.29487,0.92639
-1.29416,0.92761
-1.28796,0.93814
-1.27779,0.95489
-1.26289,0.97836
-1.24159,1.00978
-1.21175,1.04991
-1.17130,1.09798
-1.11898,1.15124
-1.05526,1.20530
-0.98344,1.25497
-0.91029,1.29523
-0.84420,1.32328
-0.79097,1.34022
-0.75142,1.34953
-0.72310,1.35449
-0.70290,1.35718
-0.68830,1.35869
-0.67753,1.35958
-0.66942,1.36013
-0.66318,1.36047
-0.65826,1.36070
-0.65429,1.36086
-0.65102,1.36097
-0.64826,1.36106
-0.64591,1.36112
-0.64387,1.36116
-0.64207,1.36120
-0.64049,1.36122
0.45785,-1.38217
0.39272,-1.36342
0.30273,-1.32361
0.20618,-1.26473
0.12325,-1.20192
0.05882,-1.14555
0.00870,-1.09701
-0.03214,-1.05427
-0.06722,-1.01506
-0.09863,-0.97782
-0.12760,-0.94149
-0.15533,-0.90474
-0.18342,-0.86532
-0.21431,-0.81908
-0.25388,-0.75480
-0.33095,-0.61001
-1.17632,1.09237
-1.16672,1.10302
-1.13110,1.13969
-1.07984,1.18568
-1.01706,1.23306
-0.94805,1.27568
-0.87997,1.30906
-0.81994,1.33163
-0.77204,1.34502
-0.73640,1.35233
-0.71076,1.35621
-0.69244,1.35830
-0.67926,1.35945
-0.66962,1.36011
-0.66245,1.36051
-0.65698,1.36076
-0.65270,1.36092
-0.64927,1.36103
-0.64645,1.36110
-0.64409,1.36116
-0.64208,1.36120
-0.64034,1.36122
-0.63882,1.36125
-0.63748,1.36126
0.50804,-1.39038
0.47778,-1.38609
0.43001,-1.37525
0.36066,-1.35101
0.27568,-1.30872
0.19098,-1.25405
0.11873,-1.19818
0.06099,-1.14755
0.01483,-1.10318
-0.02318,-1.06390
-0.05566,-1.02825
-0.08433,-0.99504
-0.11037,-0.96334
-0.13468,-0.93230
-0.15818,-0.90086
-0.18197,-0.86740
-0.20761,-0.82938
-0.23758,-0.78201
-0.27801,-0.71246
-0.36550,-0.53474
-0.96917,1.26361
-0.91284,1.29398
-0.85331,1.31988
-0.79885,1.33803
-0.75460,1.34888
-0.72152,1.35472
-0.69790,1.35774
-0.68133,1.35929
-0.66968,1.36011
-0.66137,1.36056
-0.65528,1.36082
-0.65069,1.36098
-0.64712,1.36109
-0.64426,1.36115
-0.64192,1.36120
-0.63996,1.36123
-0.63829,1.36125
-0.63685,1.36127
-0.63560,1.36128
-0.63449,1.36129
0.52931,-1.39217
0.51235,-1.39082
0.48617,-1.38749
0.44602,-1.37943
0.38785,-1.36167
0.31336,-1.32910
0.23286,-1.28258
0.15849,-1.22995
0.09593,-1.17882
0.04481,-1.13240
0.00262,-1.09084
-0.03311,-1.05322
-0.06426,-1.01846
-0.09221,-0.98560
-0.11801,-0.95374
-0.14257,-0.92190
-0.16677,-0.88897
-0.19150,-0.85353
-0.21788,-0.81352
-0.24784,-0.76500
-0.28659,-0.69680
-0.36335,-0.53967
-0.84858,1.32166
-0.78421,1.34201
-0.73838,1.35198
-0.70592,1.35682
-0.68399,1.35907
-0.66945,1.36012
-0.65969,1.36064
-0.65291,1.36091
-0.64802,1.36106
-0.64436,1.36115
-0.64151,1.36121
-0.63923,1.36124
-0.63736,1.36126
-0.63580,1.36128
-0.63447,1.36129
-0.63332,1.36129
-0.63232,1.36130
-0.63144,1.36130
0.54123,-1.39274
0.53021,-1.39223
0.51377,-1.39096
0.48878,-1.38789
0.45105,-1.38063
0.39688,-1.36488
0.32690,-1.33580
0.24914,-1.29288
0.17464,-1.24214
0.11003,-1.19089
0.05622,-1.14313
0.01139,-1.09973
-0.02670,-1.06013
-0.05993,-1.02340
-0.08969,-0.98863
-0.11706,-0.95495
-0.14289,-0.92148
-0.16794,-0.88733
-0.19292,-0.85144
-0.21864,-0.81232
-0.24657,-0.76712
-0.28041,-0.70812
-0.33491,-0.60175
-0.79752,1.33841
-0.72255,1.35457
-0.68831,1.35869
-0.66869,1.36017
-0.65691,1.36076
-0.64938,1.36102
-0.64427,1.36115
-0.64060,1.36122
-0.63785,1.36126
-0.63571,1.36128
-0.63401,1.36129
-0.63261,1.36130
-0.63144,1.36130
-0.63045,1.36130
-0.62960,1.36130
-0.62886,1.36130
-0.62821,1.36130
0.54927,-1.39295
0.54152,-1.39275
0.53029,-1.39223
0.51354,-1.39094
0.48812,-1.38779
0.44988,-1.38036
0.39521,-1.36430
0.32487,-1.33482
0.24677,-1.29142
0.17178,-1.24002
0.10648,-1.18789
0.05188,-1.13908
0.00622,-1.09451
-0.03271,-1.05365
-0.06676,-1.01559
-0.09732,-0.97941
-0.12541,-0.94431
-0.15183,-0.90950
-0.17721,-0.87423
-0.20222,-0.83756
-0.22772,-0.79797
-0.25548,-0.75207
-0.29013,-0.69024
-0.35188,-0.56531
-0.70583,1.35683
-0.66716,1.36026
-0.65180,1.36095
-0.64352,1.36117
-0.63842,1.36125
-0.63499,1.36128
-0.63256,1.36130
-0.63076,1.36130
-0.62937,1.36130
-0.62828,1.36130
-0.62739,1.36130
-0.62665,1.36129
-0.62603,1.36129
-0.62550,1.36129
-0.62503,1.36128
-0.62463,1.36128
0.55525,-1.39301
0.54958,-1.39295
0.54157,-1.39275
0.52987,-1.39221
0.51226,-1.39081
0.48534,-1.38735
0.44465,-1.37909
0.38656,-1.36120
0.31264,-1.32873
0.23212,-1.28210
0.15635,-1.22831
0.09132,-1.17481
0.03728,-1.12521
-0.00789,-1.08001
-0.04654,-1.03846
-0.08050,-0.99957
-0.11109,-0.96243
-0.13926,-0.92629
-0.16572,-0.89044
-0.19109,-0.85413
-0.21615,-0.81621
-0.24223,-0.77435
-0.27230,-0.72271
-0.31566,-0.64108
-0.66266,1.35904
-0.63864,1.36125
-0.63118,1.36130
-0.62743,1.36130
-0.62523,1.36128
-0.62384,1.36127
-0.62291,1.36126
-0.62228,1.36126
-0.62183,1.36125
-0.62151,1.36125
-0.62126,1.36124
-0.62106,1.36124
-0.62090,1.36124
-0.62075,1.36124
-0.62062,1.36124
-0.62050,1.36123
0.55997,-1.39301
0.55570,-1.39301
0.54984,-1.39296
0.54147,-1.39275
0.52910,-1.39216
0.51023,-1.39061
0.48097,-1.38664
0.43632,-1.37696
0.37267,-1.35590
0.29321,-1.31852
0.20954,-1.26705
0.13347,-1.21025
0.06966,-1.15550
0.01713,-1.10547
-0.02682,-1.06000
-0.06462,-1.01804
-0.09807,-0.97850
-0.12836,-0.94052
-0.15634,-0.90337
-0.18273,-0.86631
-0.20834,-0.82827
-0.23443,-0.78714
-0.26373,-0.73783
-0.30403,-0.66387
-0.42955,-0.37068
-0.58555,1.35987
-0.59753,1.36053
-0.60277,1.36076
-0.60592,1.36087
-0.60810,1.36095
-0.60972,1.36100
-0.61099,1.36103
-0.61202,1.36106
-0.61286,1.36108
-0.61356,1.36110
-0.61413,1.36111
-0.61461,1.36113
-0.61500,1.36113
-0.61531,1.36114
-0.61557,1.36115
0.56381,-1.39297
0.56055,-1.39300
0.55617,-1.39301
0.55009,-1.39296
0.54131,-1.39274
0.52812,-1.39210
0.50762,-1.39033
0.47526,-1.38565
0.42525,-1.37390
0.35430,-1.34831
0.26831,-1.30445
0.18189,-1.24748
0.10654,-1.18794
0.04481,-1.13240
-0.00570,-1.08228
-0.04814,-1.03667
-0.08498,-0.99426
-0.11785,-0.95394
-0.14787,-0.91484
-0.17589,-0.87612
-0.20285,-0.83660
-0.23021,-0.79396
-0.26110,-0.74240
-0.30538,-0.66126
-0.34967,1.31155
-0.49074,1.34817
-0.53483,1.35499
-0.55895,1.35773
-0.57361,1.35902
-0.58319,1.35972
-0.58982,1.36013
-0.59464,1.36039
-0.59828,1.36057
-0.60110,1.36069
-0.60334,1.36078
-0.60513,1.36085
-0.60658,1.36090
-0.60777,1.36094
-0.60873,1.36097
-0.60953,1.36099
0.56704,-1.39291
0.56450,-1.39296
0.56118,-1.39300
0.55670,-1.39301
0.55040,-1.39297
0.54115,-1.39274
0.52701,-1.39203
0.50454,-1.38999
0.46826,-1.38433
0.41145,-1.36972
0.33171,-1.33809
0.23905,-1.28655
0.15107,-1.22422
0.07761,-1.16267
0.01854,-1.10688
-0.02980,-1.05680
-0.07081,-1.01090
-0.10688,-0.96768
-0.13952,-0.92594
-0.16989,-0.88461
-0.19917,-0.84214
-0.22932,-0.79540
-0.26498,-0.73564
-0.32774,-0.61664
-0.34448,1.30978
-0.41447,1.33110
-0.46177,1.34245
-0.49820,1.34949
-0.52556,1.35375
-0.54555,1.35630
-0.56005,1.35783
-0.57069,1.35879
-0.57864,1.35941
-0.58471,1.35982
-0.58942,1.36011
-0.59314,1.36031
-0.59610,1.36046
-0.59850,1.36058
-0.60044,1.36066
-0.60202,1.36073
0.56981,-1.39284
0.56781,-1.39289
0.56526,-1.39294
0.56191,-1.39299
0.55733,-1.39302
0.55081,-1.39297
0.54109,-1.39274
0.52589,-1.39195
0.50110,-1.38957
0.45998,-1.38263
0.39472,-1.36413
0.30488,-1.32474
0.20622,-1.26476
0.11831,-1.19783
0.04773,-1.13517
-0.00845,-1.07943
-0.05481,-1.02921
-0.09484,-0.98242
-0.13086,-0.93727
-0.16452,-0.89210
-0.19760,-0.84449
-0.23335,-0.78890
-0.28287,-0.70364
-0.24202,1.26840
-0.32961,1.30454
-0.37481,1.31969
-0.41213,1.33048
-0.44558,1.33885
-0.47540,1.34526
-0.50101,1.34996
-0.52210,1.35326
-0.53897,1.35551
-0.55226,1.35704
-0.56267,1.35808
-0.57086,1.35880
-0.57734,1.35931
-0.58250,1.35967
-0.58664,1.35994
-0.58999,1.36014
-0.59270,1.36029
0.57223,-1.39277
0.57065,-1.39282
0.56868,-1.39287
0.56614,-1.39293
0.56278,-1.39298
0.55813,-1.39301
0.55143,-1.39298
0.54125,-1.39274
0.52492,-1.39188
0.49741,-1.38910
0.45030,-1.38046
0.37455,-1.35664
0.27351,-1.30747
0.17024,-1.23887
0.08414,-1.16850
0.01709,-1.10544
-0.03637,-1.04966
-0.08145,-0.99844
-0.12182,-0.94890
-0.16026,-0.89799
-0.20024,-0.84054
-0.25140,-0.75900
-0.15983,1.22513
-0.26965,1.28082
-0.31650,1.29972
-0.35158,1.31219
-0.38194,1.32186
-0.40999,1.32990
-0.43650,1.33670
-0.46138,1.34237
-0.48412,1.34695
-0.50425,1.35050
-0.52152,1.35318
-0.53598,1.35514
-0.54790,1.35656
-0.55762,1.35759
-0.56552,1.35834
-0.57193,1.35889
-0.57714,1.35930
-0.58138,1.35960
0.57441,-1.39270
0.57315,-1.39274
0.57161,-1.39279
0.56968,-1.39285
0.56719,-1.39291
0.56385,-1.39297
0.55920,-1.39301
0.55238,-1.39299
0.54181,-1.39276
0.52430,-1.39184
0.49360,-1.38859
0.43883,-1.37762
0.34971,-1.34631
0.23657,-1.28497
0.13078,-1.20808
0.04809,-1.13551
-0.01531,-1.07224
-0.06705,-1.01526
-0.11326,-0.95972
-0.15992,-0.89846
-0.22238,-0.80644
-0.06974,1.16416
-0.20429,1.24978
-0.26386,1.27830
-0.30361,1.29478
-0.33471,1.30637
-0.36145,1.31545
-0.38588,1.32305
-0.40901,1.32963
-0.43125,1.33541
-0.45256,1.34044
-0.47268,1.34472
-0.49124,1.34826
-0.50793,1.35110
-0.52257,1.35333
-0.53515,1.35503
-0.54578,1.35632
-0.55467,1.35729
-0.56203,1.35802
-0.56810,1.35857
0.57639,-1.39262
0.57540,-1.39266
0.57421,-1.39270
0.57275,-1.39276
0.57090,-1.39281
0.56849,-1.39288
0.56523,-1.39295
0.56065,-1.39300
0.55382,-1.39300
0.54297,-1.39280
0.52427,-1.39184
0.48961,-1.38801
0.42430,-1.37362
0.31707,-1.33097
0.19120,-1.25420
0.08553,-1.16973
0.00700,-1.09530
-0.05483,-1.02918
-0.11284,-0.96025
0.45512,0.21390
0.22730,0.77414
-0.08102,1.17275
-0.19235,1.24346
-0.25094,1.27252
-0.29023,1.28945
-0.32037,1.30117
-0.34561,1.31017
-0.36809,1.31758
-0.38898,1.32396
-0.40894,1.32961
-0.42825,1.33467
-0.44697,1.33917
-0.46496,1.34313
-0.48198,1.34654
-0.49775,1.34941
-0.51206,1.35176
-0.52476,1.35364
-0.53581,1.35512
-0.54527,1.35627
-0.55327,1.35715
0.57825,-1.39254
0.57749,-1.39258
0.57658,-1.39261
0.57549,-1.39266
0.57413,-1.39271
0.57240,-1.39277
0.57014,-1.39283
0.56705,-1.39291
0.56265,-1.39298
0.55597,-1.39301
0.54498,-1.39285
0.52499,-1.39189
0.48480,-1.38727
0.40251,-1.36680
0.26756,-1.30401
0.12780,-1.20565
0.02099,-1.10931
-0.08488,-0.99438
0.45819,0.20510
0.41521,0.32599
0.24220,0.74399
-0.04362,1.14309
-0.16948,1.23074
-0.23424,1.26472
-0.27604,1.28356
-0.30697,1.29609
-0.33204,1.30542
-0.35372,1.31291
-0.37338,1.31924
-0.39182,1.32479
-0.40952,1.32977
-0.42671,1.33428
-0.44349,1.33836
-0.45981,1.34203
-0.47550,1.34528
-0.49036,1.34810
-0.50415,1.35049
-0.51667,1.35246
-0.52782,1.35406
-0.53756,1.35534
0.58004,-1.39246
0.57948,-1.39249
0.57882,-1.39252
0.57804,-1.39255
0.57708,-1.39259
0.57588,-1.39264
0.57434,-1.39270
0.57230,-1.39277
0.56950,-1.39285
0.56543,-1.39294
0.55910,-1.39301
0.54816,-1.39293
0.52646,-1.39199
0.47618,-1.38581
0.35546,-1.34881
0.15822,-1.22975
0.49577,0.09517
0.46617,0.18201
0.44867,0.23237
0.41526,0.32585
0.29387,0.63167
0.01428,1.08939
-0.13904,1.21247
-0.21441,1.25497
-0.26077,1.27694
-0.29373,1.29087
-0.31956,1.30086
-0.34124,1.30866
-0.36040,1.31511
-0.37798,1.32066
-0.39458,1.32559
-0.41056,1.33005
-0.42616,1.33414
-0.44146,1.33788
-0.45648,1.34131
-0.47109,1.34440
-0.48514,1.34714
-0.49838,1.34952
-0.51062,1.35153
-0.52170,1.35320
0.58181,-1.39237
0.58145,-1.39239
0.58102,-1.39241
0.58052,-1.39243
0.57991,-1.39246
0.57916,-1.39250
0.57820,-1.39254
0.57695,-1.39260
0.57526,-1.39267
0.57291,-1.39275
0.56940,-1.39285
0.56371,-1.39297
0.55308,-1.39300
0.52811,-1.39210
0.44146,-1.37829
0.50721,0.06131
0.47349,0.16069
0.46186,0.19449
0.44806,0.23413
0.42207,0.30711
0.34093,0.51968
0.09151,0.99911
-0.10026,1.18670
-0.19116,1.24282
-0.24409,1.26936
-0.28016,1.28529
-0.30747,1.29628
-0.32975,1.30459
-0.34893,1.31130
-0.36616,1.31696
-0.38211,1.32192
-0.39726,1.32636
-0.41191,1.33042
-0.42627,1.33417
-0.44045,1.33764
-0.45446,1.34086
-0.46823,1.34381
-0.48160,1.34647
-0.49435,1.34881
-0.50628,1.35084
0.58362,-1.39227
0.58346,-1.39228
0.58327,-1.39229
0.58304,-1.39230
0.58277,-1.39232
0.58243,-1.39234
0.58199,-1.39236
0.58142,-1.39239
0.58066,-1.39243
0.57960,-1.39248
0.57807,-1.39255
0.57569,-1.39265
0.57156,-1.39279
0.56253,-1.39298
0.52103,-1.39159
0.48364,0.13095
0.47152,0.16642
0.46201,0.19407
0.45037,0.22752
0.43014,0.28470
0.37626,0.43004
0.18413,0.85549
-0.04974,1.14819
-0.16327,1.22715
-0.22534,1.26041
-0.26573,1.27912
-0.29524,1.29147
-0.31862,1.30052
-0.33827,1.30762
-0.35553,1.31351
-0.37121,1.31856
-0.38586,1.32304
-0.39985,1.32710
-0.41346,1.33083
-0.42686,1.33432
-0.44018,1.33758
-0.45342,1.34063
-0.46653,1.34346
-0.47936,1.34604
-0.49170,1.34834
0.58553,-1.39216
0.58559,-1.39216
0.58566,-1.39215
0.58573,-1.39215
0.58582,-1.39214
0.58592,-1.39214
0.58603,-1.39213
0.58617,-1.39212
0.58634,-1.39211
0.58658,-1.39210
0.58697,-1.39207
0.58768,-1.39203
0.58934,-1.39192
0.59520,-1.39149
0.71507,-1.36864
0.48495,0.12709
0.47326,0.16135
0.46438,0.18720
0.45424,0.21646
0.43832,0.26175
0.40217,0.36144
0.27644,0.67087
0.02015,1.08335
-0.12783,1.20532
-0.20319,1.24920
-0.24960,1.27191
-0.28220,1.28615
-0.30726,1.29620
-0.32780,1.30389
-0.34546,1.31011
-0.36120,1.31537
-0.37566,1.31995
-0.38926,1.32404
-0.40233,1.32779
-0.41511,1.33127
-0.42778,1.33455
-0.44044,1.33764
-0.45310,1.34056
-0.46571,1.34329
-0.47812,1.34580
0.58763,-1.39203
0.58794,-1.39201
0.58830,-1.39199
0.58873,-1.39196
0.58925,-1.39193
0.58988,-1.39188
0.59067,-1.39183
0.59169,-1.39176
0.59307,-1.39165
0.59505,-1.39150
0.59814,-1.39125
0.60354,-1.39076
0.61489,-1.38954
0.64756,-1.38467
0.79549,-1.33998
0.49633,0.09364
0.47813,0.14711
0.46867,0.17474
0.45939,0.20164
0.44665,0.23815
0.42214,0.30691
0.34965,0.49799
0.12301,0.95492
-0.07765,1.17021
-0.17457,1.23364
-0.23009,1.26272
-0.26723,1.27977
-0.29479,1.29129
-0.31677,1.29982
-0.33525,1.30656
-0.35141,1.31213
-0.36598,1.31691
-0.37948,1.32112
-0.39227,1.32492
-0.40463,1.32843
-0.41679,1.33172
-0.42891,1.33483
-0.44109,1.33779
-0.45333,1.34061
-0.46557,1.34326
0.58999,-1.39188
0.59061,-1.39183
0.59134,-1.39178
0.59221,-1.39172
0.59327,-1.39164
0.59460,-1.39154
0.59630,-1.39140
0.59856,-1.39121
0.60171,-1.39093
0.60637,-1.39048
0.61379,-1.38967
0.62687,-1.38799
0.65270,-1.38373
0.70819,-1.37062
0.81829,-1.33008
0.99472,-1.22580
0.49004,0.11211
0.47576,0.15404
0.46621,0.18189
0.45556,0.21265
0.43875,0.26054
0.39951,0.36857
0.26056,0.70542
0.00677,1.09696
-0.13172,1.20783
-0.20329,1.24926
-0.24793,1.27114
-0.27952,1.28503
-0.30388,1.29489
-0.32383,1.30244
-0.34090,1.30854
-0.35602,1.31367
-0.36978,1.31811
-0.38261,1.32207
-0.39482,1.32566
-0.40669,1.32900
-0.41842,1.33214
-0.43016,1.33514
-0.44200,1.33801
-0.45395,1.34075
0.59274,-1.39168
0.59374,-1.39160
0.59493,-1.39151
0.59637,-1.39139
0.59816,-1.39125
0.60043,-1.39105
0.60340,-1.39077
0.60744,-1.39037
0.61318,-1.38974
0.62176,-1.38869
0.63535,-1.38673
0.65804,-1.38270
0.69661,-1.37378
0.75834,-1.35446
0.84199,-1.31895
0.93379,-1.26765
1.03476,-1.19440
0.49278,0.10406
0.47660,0.15158
0.46611,0.18216
0.45389,0.21744
0.43279,0.27730
0.37561,0.43173
0.17476,0.87194
-0.05063,1.14892
-0.15877,1.22449
-0.21854,1.25705
-0.25774,1.27559
-0.28645,1.28791
-0.30912,1.29692
-0.32801,1.30397
-0.34436,1.30974
-0.35896,1.31463
-0.37231,1.31891
-0.38480,1.32272
-0.39673,1.32621
-0.40834,1.32945
-0.41985,1.33252
-0.43139,1.33545
-0.44306,1.33826
0.59599,-1.39143
0.59748,-1.39130
0.59927,-1.39115
0.60146,-1.39095
0.60421,-1.39069
0.60775,-1.39034
0.61245,-1.38982
0.61890,-1.38905
0.62808,-1.38782
0.64164,-1.38570
0.66219,-1.38186
0.69340,-1.37462
0.73890,-1.36119
0.79905,-1.33849
0.86784,-1.30583
0.93499,-1.26689
0.99278,-1.22724
1.04233,-1.18807
1.17973,-1.04665
0.48372,0.13072
0.47080,0.16853
0.45779,0.20623
0.43624,0.26760
0.37711,0.42783
0.16515,0.88834
-0.05773,1.15469
-0.16201,1.22641
-0.22003,1.25779
-0.25843,1.27590
-0.28681,1.28805
-0.30939,1.29702
-0.32830,1.30407
-0.34475,1.30987
-0.35948,1.31481
-0.37297,1.31911
-0.38558,1.32296
-0.39761,1.32646
-0.40930,1.32971
-0.42086,1.33278
-0.43243,1.33570
0.59992,-1.39109
0.60202,-1.39090
0.60457,-1.39066
0.60773,-1.39034
0.61171,-1.38991
0.61688,-1.38930
0.62376,-1.38842
0.63317,-1.38706
0.64637,-1.38489
0.66518,-1.38124
0.69193,-1.37500
0.72894,-1.36441
0.77709,-1.34741
0.83421,-1.32269
0.89476,-1.29109
0.95210,-1.25578
1.00153,-1.22069
1.04130,-1.18893
1.07159,-1.16236
1.09356,-1.14165
1.11659,-1.11853
0.49429,0.09962
0.47496,0.15640
0.45823,0.20499
0.42665,0.29443
0.30898,0.59666
0.02336,1.07999
-0.12859,1.20581
-0.20167,1.24841
-0.24636,1.27042
-0.27803,1.28440
-0.30265,1.29441
-0.32302,1.30214
-0.34064,1.30845
-0.35636,1.31378
-0.37073,1.31841
-0.38412,1.32252
-0.39681,1.32623
-0.40905,1.32964
-0.42104,1.33283
0.60467,-1.39065
0.60754,-1.39036
0.61103,-1.38998
0.61537,-1.38949
0.62086,-1.38880
0.62796,-1.38783
0.63735,-1.38641
0.64999,-1.38423
0.66723,-1.38081
0.69072,-1.37531
0.72217,-1.36651
0.76261,-1.35290
0.81145,-1.33313
0.86593,-1.30684
0.92164,-1.27522
0.97420,-1.24066
1.02087,-1.20567
1.06083,-1.17205
1.09450,-1.14074
1.12264,-1.11220
1.14593,-1.08678
1.16465,-1.06508
1.17848,-1.04826
1.18591,-1.03895
1.18174,-1.04420
0.54564,-0.03786
0.46471,0.18623
0.39448,0.38205
0.06635,1.03120
-0.13162,1.20777
-0.21002,1.25274
-0.25469,1.27422
-0.28569,1.28759
-0.30985,1.29720
-0.33012,1.30473
-0.34793,1.31096
-0.36410,1.31630
-0.37908,1.32100
-0.39320,1.32519
-0.40667,1.32899
0.61042,-1.39005
0.61419,-1.38962
0.61879,-1.38907
0.62449,-1.38832
0.63166,-1.38729
0.64085,-1.38583
0.65283,-1.38371
0.66860,-1.38051
0.68944,-1.37563
0.71671,-1.36816
0.75146,-1.35690
0.79389,-1.34065
0.84270,-1.31860
0.89511,-1.29089
0.94760,-1.25875
0.99710,-1.22403
1.04191,-1.18842
1.08163,-1.15305
1.11655,-1.11857
1.14709,-1.08548
1.17343,-1.05448
1.19562,-1.02646
1.21367,-1.00229
1.22782,-0.98244
1.23850,-0.96692
1.24615,-0.95552
1.25094,-0.94827
1.25213,-0.94645
1.24489,-0.95743
1.19890,-1.02214
0.39033,0.39308
-0.05782,1.15476
-0.19360,1.24413
-0.25024,1.27220
-0.28496,1.28729
-0.31081,1.29756
-0.33229,1.30551
-0.35131,1.31210
-0.36879,1.31780
-0.38519,1.32284
0.61726,-1.38926
0.62205,-1.38865
0.62786,-1.38785
0.63500,-1.38678
0.64390,-1.38532
0.65515,-1.38326
0.66955,-1.38030
0.68810,-1.37597
0.71193,-1.36955
0.74211,-1.36012
0.77922,-1.34658
0.82285,-1.32800
0.87136,-1.30397
0.92205,-1.27497
0.97199,-1.24221
1.01892,-1.20722
1.06172,-1.17126
1.10014,-1.13520
1.13428,-1.09971
1.16418,-1.06564
1.18969,-1.03413
1.21067,-1.00640
1.22727,-0.98324
1.23999,-0.96472
1.24958,-0.95034
1.25676,-0.93931
1.26216,-0.93088
1.26622,-0.92444
1.26923,-0.91965
1.27120,-0.91647
1.27172,-0.91564
1.26848,-0.92084
1.23627,-0.97020
0.34713,0.50429
-0.13589,1.21048
-0.23258,1.26392
-0.27731,1.28410
-0.30698,1.29609
-0.33072,1.30494
-0.35165,1.31221
0.62520,-1.38822
0.63106,-1.38738
0.63808,-1.38629
0.64663,-1.38484
0.65715,-1.38287
0.67027,-1.38015
0.68680,-1.37629
0.70770,-1.37076
0.73399,-1.36280
0.76647,-1.35147
0.80533,-1.33580
0.84974,-1.31512
0.89779,-1.28936
0.94686,-1.25924
0.99445,-1.22600
1.03888,-1.19096
1.07940,-1.15514
1.11587,-1.11927
1.14830,-1.08411
1.17653,-1.05067
1.20032,-1.02029
1.21955,-0.99414
1.23450,-0.97279
1.24581,-0.95604
1.25425,-0.94318
1.26058,-0.93336
1.26538,-0.92578
1.26911,-0.91984
1.27206,-0.91509
1.27444,-0.91124
1.27637,-0.90809
1.27789,-0.90559
1.27892,-0.90391
1.27903,-0.90372
1.27620,-0.90837
1.24132,-0.96275
0.13002,0.94444
-0.19286,1.24374
-0.26231,1.27762
-0.29924,1.29306
0.63411,-1.38692
0.64098,-1.38581
0.64914,-1.38439
0.65895,-1.38252
0.67090,-1.38001
0.68564,-1.37658
0.70399,-1.37179
0.72690,-1.36505
0.75527,-1.35556
0.78967,-1.34239
0.82992,-1.32472
0.87482,-1.30212
0.92223,-1.27486
0.96962,-1.24386
1.01489,-1.21040
1.05678,-1.17562
1.09488,-1.14037
1.12913,-1.10528
1.15953,-1.07113
1.18585,-1.03902
1.20784,-1.01023
1.22545,-0.98583
1.23903,-0.96615
1.24925,-0.95084
1.25687,-0.93913
1.26259,-0.93019
1.26695,-0.92328
1.27035,-0.91785
1.27305,-0.91348
1.27527,-0.90989
1.27711,-0.90687
1.27868,-0.90430
1.28003,-0.90208
1.28118,-0.90017
1.28212,-0.89861
1.28273,-0.89761
1.28252,-0.89795
1.27888,-0.90397
0.52996,-0.00060
-0.08670,1.17695
0.64375,-1.38534
0.65151,-1.38395
0.66064,-1.38218
0.67152,-1.37987
0.68468,-1.37681
0.70082,-1.37266
0.72078,-1.36694
0.74547,-1.35898
0.77570,-1.34795
0.81178,-1.33298
0.85318,-1.31340
0.89832,-1.28906
0.94487,-1.26053
0.99047,-1.22895
1.03337,-1.19554
1.07272,-1.16132
1.10838,-1.12695
1.14039,-1.09299
1.16873,-1.06019
1.19318,-1.02963
1.21350,-1.00252
1.22970,-0.97974
1.24217,-0.96149
1.25156,-0.94732
1.25858,-0.93648
1.26387,-0.92818
1.26792,-0.92174
1.27109,-0.91666
1.27362,-0.91256
1.27569,-0.90919
1.27742,-0.90637
1.27889,-0.90396
1.28016,-0.90187
1.28127,-0.90003
1.28225,-0.89840
1.28314,-0.89694
1.28392,-0.89564
1.28456,-0.89457
1.28490,-0.89400
1.28429,-0.89502
0.65378,-1.38353
0.66226,-1.38185
0.67218,-1.37972
0.68396,-1.37699
0.69817,-1.37337
0.71555,-1.36850
0.73699,-1.36182
0.76337,-1.35262
0.79535,-1.34004
0.83296,-1.32328
0.87529,-1.30187
0.92040,-1.27597
0.96588,-1.24645
1.00954,-1.21456
1.05004,-1.18149
1.08691,-1.14806
1.12019,-1.11477
1.15004,-1.08212
1.17644,-1.05079
1.19915,-1.02183
1.21799,-0.99632
1.23298,-0.97501
1.24453,-0.95797
1.25325,-0.94473
1.25980,-0.93457
1.26477,-0.92675
1.26860,-0.92066
1.27160,-0.91583
1.27401,-0.91193
1.27599,-0.90871
1.27764,-0.90601
1.27903,-0.90372
1.28024,-0.90174
1.28128,-0.90002
1.28220,-0.89850
1.28301,-0.89714
1.28375,-0.89591
1.28443,-0.89478
1.28506,-0.89374
1.28563,-0.89278
0.66385,-1.38152
0.67291,-1.37956
0.68347,-1.37710
0.69601,-1.37394
0.71117,-1.36977
0.72974,-1.36416
0.75262,-1.35650
0.78067,-1.34601
0.81436,-1.33184
0.85339,-1.31329
0.89642,-1.29014
0.94123,-1.26290
0.98538,-1.23266
1.02698,-1.20076
1.06509,-1.16825
1.09955,-1.13578
1.13059,-1.10371
1.15842,-1.07243
1.18301,-1.04260
1.20416,-1.01518
1.22167,-0.99116
1.23563,-0.97115
1.24640,-0.95515
1.25458,-0.94268
1.26076,-0.93307
1.26547,-0.92564
1.26911,-0.91983
1.27199,-0.91519
1.27431,-0.91144
1.27622,-0.90833
1.27781,-0.90572
1.27916,-0.90350
1.28032,-0.90160
1.28132,-0.89994
1.28220,-0.89849
1.28296,-0.89722
1.28365,-0.89609
1.28426,-0.89507
1.28482,-0.89413
1.28534,-0.89326
0.67369,-1.37939
0.68319,-1.37717
0.69430,-1.37439
0.70754,-1.37080
0.72362,-1.36607
0.74340,-1.35968
0.76778,-1.35098
0.79754,-1.33913
0.83291,-1.32331
0.87321,-1.30298
0.91669,-1.27823
0.96090,-1.24987
1.00349,-1.21921
1.04293,-1.18756
1.07867,-1.15582
1.11084,-1.12444
1.13979,-1.09365
1.16576,-1.06376
1.18871,-1.03538
1.20845,-1.00941
1.22480,-0.98675
1.23785,-0.96788
1.24797,-0.95278
1.25568,-0.94098
1.26155,-0.93184
1.26604,-0.92473
1.26954,-0.91914
1.27232,-0.91467
1.27456,-0.91103
1.27641,-0.90802
1.27796,-0.90548
1.27928,-0.90331
1.28041,-0.90146
1.28138,-0.89984
1.28223,-0.89844
1.28297,-0.89721
1.28362,-0.89613
1.28420,-0.89517
1.28471,-0.89431
1.28517,-0.89354
