-0.61827,1.36120
-0.61827,1.36120
-0.61827,1.36120
-0.61826,1.36120
-0.61826,1.36120
-0.61826,1.36120
-0.61826,1.36120
-0.61825,1.36120
-0.61825,1.36120
-0.61824,1.36120
-0.61824,1.36120
-0.61823,1.36120
-0.61822,1.36120
-0.61821,1.36120
-0.61819,1.36120
-0.61817,1.36120
-0.61815,1.36120
-0.61812,1.36120
-0.61808,1.36120
-0.61804,1.36119
-0.61800,1.36119
-0.61796,1.36119
-0.61792,1.36119
-0.61788,1.36119
-0.61784,1.36119
-0.61780,1.36119
-0.61777,1.36119
-0.61775,1.36119
-0.61773,1.36119
-0.61771,1.36119
-0.61770,1.36119
-0.61770,1.36119
-0.61769,1.36119
-0.61769,1.36119
-0.61768,1.36119
-0.61768,1.36119
-0.61768,1.36119
-0.61768,1.36119
-0.61767,1.36119
-0.61767,1.36119
-0.61827,1.36120
-0.61827,1.36120
-0.61827,1.36120
-0.61826,1.36120
-0.61826,1.36120
-0.61826,1.36120
-0.61826,1.36120
-0.61825,1.36120
-0.61825,1.36120
-0.61824,1.36120
-0.61824,1.36120
-0.61823,1.36120
-0.61822,1.36120
-0.61821,1.36120
-0.61819,1.36120
-0.61817,1.36120
-0.61815,1.36120
-0.61811,1.36120
-0.61808,1.36120
-0.61804,1.36119
-0.61800,1.36119
-0.61795,1.36119
-0.61791,1.36119
-0.61787,1.36119
-0.61783,1.36119
-0.61779,1.36119
-0.61776,1.36119
-0.61774,1.36119
-0.61772,1.36119
-0.61771,1.36119
-0.61770,1.36119
-0.61769,1.36119
-0.61769,1.36119
-0.61768,1.36119
-0.61768,1.36119
-0.61768,1.36119
-0.61768,1.36119
-0.61767,1.36119
-0.61767,1.36119
-0.61767,1.36119
-0.61827,1.36120
-0.61827,1.36120
-0.61827,1.36120
-0.61826,1.36120
-0.61826,1.36120
-0.61826,1.36120
-0.61826,1.36120
-0.61825,1.36120
-0.61825,1.36120
-0.61825,1.36120
-0.61824,1.36120
-0.61823,1.36120
-0.61822,1.36120
-0.61821,1.36120
-0.61819,1.36120
-0.61817,1.36120
-0.61814,1.36120
-0.61811,1.36120
-0.61807,1.36120
-0.61803,1.36119
-0.61799,1.36119
-0.61794,1.36119
-0.61790,1.36119
-0.61785,1.36119
-0.61781,1.36119
-0.61778,1.36119
-0.61775,1.36119
-0.61773,1.36119
-0.61772,1.36119
-0.61770,1.36119
-0.61770,1.36119
-0.61769,1.36119
-0.61769,1.36119
-0.61768,1.36119
-0.61768,1.36119
-0.61768,1.36119
-0.61767,1.36119
-0.61767,1.36119
-0.61767,1.36119
-0.61767,1.36119
-0.61828,1.36120
-0.61827,1.36120
-0.61827,1.36120
-0.61827,1.36120
-0.61826,1.36120
-0.61826,1.36120
-0.61826,1.36120
-0.61825,1.36120
-0.61825,1.36120
-0.61825,1.36120
-0.61824,1.36120
-0.61823,1.36120
-0.61822,1.36120
-0.61821,1.36120
-0.61819,1.36120
-0.61817,1.36120
-0.61814,1.36120
-0.61811,1.36120
-0.61807,1.36120
-0.61803,1.36119
-0.61798,1.36119
-0.61793,1.36119
-0.61789,1.36119
-0.61784,1.36119
-0.61780,1.36119
-0.61777,1.36119
-0.61774,1.36119
-0.61772,1.36119
-0.61771,1.36119
-0.61770,1.36119
-0.61769,1.36119
-0.61769,1.36119
-0.61768,1.36119
-0.61768,1.36119
-0.61768,1.36119
-0.61767,1.36119
-0.61767,1.36119
-0.61767,1.36119
-0.61767,1.36119
-0.61766,1.36119
-0.61827,1.36120
-0.61828,1.36120
-0.61827,1.36120
-0.61827,1.36120
-0.61827,1.36120
-0.61826,1.36120
-0.61826,1.36120
-0.61826,1.36120
-0.61825,1.36120
-0.61825,1.36120
-0.61824,1.36120
-0.61823,1.36120
-0.61822,1.36120
-0.61821,1.36120
-0.61819,1.36120
-0.61817,1.36120
-0.61814,1.36120
-0.61810,1.36120
-0.61806,1.36119
-0.61802,1.36119
-0.61797,1.36119
-0.61792,1.36119
-0.61787,1.36119
-0.61783,1.36119
-0.61779,1.36119
-0.61776,1.36119
-0.61774,1.36119
-0.61772,1.36119
-0.61771,1.36119
-0.61770,1.36119
-0.61769,1.36119
-0.61768,1.36119
-0.61768,1.36119
-0.61768,1.36119
-0.61767,1.36119
-0.61767,1.36119
-0.61767,1.36119
-0.61767,1.36119
-0.61766,1.36119
-0.61766,1.36119
0.58676,-1.39209
0.58659,-1.39210
0.58600,-1.39213
-0.61826,1.36120
-0.61827,1.36120
-0.61827,1.36120
-0.61826,1.36120
-0.61826,1.36120
-0.61825,1.36120
-0.61825,1.36120
-0.61824,1.36120
-0.61823,1.36120
-0.61822,1.36120
-0.61821,1.36120
-0.61819,1.36120
-0.61816,1.36120
-0.61813,1.36120
-0.61810,1.36120
-0.61805,1.36119
-0.61800,1.36119
-0.61795,1.36119
-0.61790,1.36119
-0.61786,1.36119
-0.61781,1.36119
-0.61778,1.36119
-0.61775,1.36119
-0.61773,1.36119
-0.61771,1.36119
-0.61770,1.36119
-0.61769,1.36119
-0.61769,1.36119
-0.61768,1.36119
-0.61768,1.36119
-0.61767,1.36119
-0.61767,1.36119
-0.61767,1.36119
-0.61766,1.36119
-0.61766,1.36119
-0.61766,1.36119
-0.61766,1.36119
0.58691,-1.39208
0.58687,-1.39208
0.58682,-1.39208
0.58673,-1.39209
0.58658,-1.39210
0.58622,-1.39212
-0.61822,1.36120
-0.61825,1.36120
-0.61825,1.36120
-0.61825,1.36120
-0.61824,1.36120
-0.61823,1.36120
-0.61822,1.36120
-0.61820,1.36120
-0.61818,1.36120
-0.61816,1.36120
-0.61813,1.36120
-0.61809,1.36120
-0.61804,1.36119
-0.61799,1.36119
-0.61794,1.36119
-0.61789,1.36119
-0.61784,1.36119
-0.61780,1.36119
-0.61776,1.36119
-0.61774,1.36119
-0.61772,1.36119
-0.61771,1.36119
-0.61769,1.36119
-0.61769,1.36119
-0.61768,1.36119
-0.61768,1.36119
-0.61767,1.36119
-0.61767,1.36119
-0.61767,1.36119
-0.61766,1.36119
-0.61766,1.36119
-0.61766,1.36119
-0.61766,1.36119
-0.61766,1.36119
0.58696,-1.39207
0.58694,-1.39208
0.58692,-1.39208
0.58689,-1.39208
0.58685,-1.39208
0.58680,-1.39208
0.58672,-1.39209
0.58662,-1.39210
0.58644,-1.39211
0.58606,-1.39213
-0.61814,1.36120
-0.61821,1.36120
-0.61820,1.36120
-0.61819,1.36120
-0.61817,1.36120
-0.61815,1.36120
-0.61811,1.36120
-0.61807,1.36120
-0.61802,1.36119
-0.61797,1.36119
-0.61792,1.36119
-0.61787,1.36119
-0.61782,1.36119
-0.61778,1.36119
-0.61775,1.36119
-0.61773,1.36119
-0.61771,1.36119
-0.61770,1.36119
-0.61769,1.36119
-0.61768,1.36119
-0.61768,1.36119
-0.61767,1.36119
-0.61767,1.36119
-0.61767,1.36119
-0.61766,1.36119
-0.61766,1.36119
-0.61766,1.36119
-0.61766,1.36119
-0.61766,1.36119
-0.61766,1.36119
0.58697,-1.39207
0.58696,-1.39207
0.58695,-1.39207
0.58694,-1.39208
0.58692,-1.39208
0.58690,-1.39208
0.58687,-1.39208
0.58683,-1.39208
0.58678,-1.39209
0.58672,-1.39209
0.58665,-1.39209
0.58655,-1.39210
0.58642,-1.39211
0.58622,-1.39212
0.58590,-1.39214
0.58486,-1.39220
-0.61803,1.36119
-0.61802,1.36119
-0.61798,1.36119
-0.61794,1.36119
-0.61789,1.36119
-0.61784,1.36119
-0.61780,1.36119
-0.61777,1.36119
-0.61774,1.36119
-0.61772,1.36119
-0.61770,1.36119
-0.61769,1.36119
-0.61768,1.36119
-0.61768,1.36119
-0.61767,1.36119
-0.61767,1.36119
-0.61766,1.36119
-0.61766,1.36119
-0.61766,1.36119
-0.61766,1.36119
-0.61766,1.36119
-0.61765,1.36119
-0.61765,1.36119
-0.61765,1.36119
0.58698,-1.39207
0.58697,-1.39207
0.58697,-1.39207
0.58696,-1.39207
0.58695,-1.39207
0.58694,-1.39208
0.58692,-1.39208
0.58690,-1.39208
0.58687,-1.39208
0.58684,-1.39208
0.58680,-1.39208
0.58675,-1.39209
0.58669,-1.39209
0.58662,-1.39210
0.58654,-1.39210
0.58642,-1.39211
0.58627,-1.39212
0.58604,-1.39213
0.58564,-1.39216
0.58412,-1.39224
-0.61786,1.36119
-0.61782,1.36119
-0.61779,1.36119
-0.61776,1.36119
-0.61773,1.36119
-0.61771,1.36119
-0.61770,1.36119
-0.61768,1.36119
-0.61768,1.36119
-0.61767,1.36119
-0.61767,1.36119
-0.61766,1.36119
-0.61766,1.36119
-0.61766,1.36119
-0.61766,1.36119
-0.61765,1.36119
-0.61765,1.36119
-0.61765,1.36119
-0.61765,1.36119
-0.61765,1.36119
0.58698,-1.39207
0.58698,-1.39207
0.58697,-1.39207
0.58697,-1.39207
0.58696,-1.39207
0.58696,-1.39207
0.58694,-1.39208
0.58693,-1.39208
0.58691,-1.39208
0.58689,-1.39208
0.58686,-1.39208
0.58683,-1.39208
0.58679,-1.39209
0.58674,-1.39209
0.58667,-1.39209
0.58660,-1.39210
0.58650,-1.39210
0.58637,-1.39211
0.58620,-1.39212
0.58595,-1.39214
0.58553,-1.39216
0.58418,-1.39224
-0.61779,1.36119
-0.61775,1.36119
-0.61772,1.36119
-0.61770,1.36119
-0.61769,1.36119
-0.61768,1.36119
-0.61767,1.36119
-0.61766,1.36119
-0.61766,1.36119
-0.61766,1.36119
-0.61766,1.36119
-0.61765,1.36119
-0.61765,1.36119
-0.61765,1.36119
-0.61765,1.36119
-0.61765,1.36119
-0.61765,1.36119
-0.61765,1.36119
0.58698,-1.39207
0.58698,-1.39207
0.58698,-1.39207
0.58697,-1.39207
0.58697,-1.39207
0.58696,-1.39207
0.58696,-1.39207
0.58695,-1.39208
0.58693,-1.39208
0.58692,-1.39208
0.58690,-1.39208
0.58687,-1.39208
0.58684,-1.39208
0.58679,-1.39208
0.58674,-1.39209
0.58668,-1.39209
0.58659,-1.39210
0.58649,-1.39210
0.58636,-1.39211
0.58619,-1.39212
0.58596,-1.39214
0.58561,-1.39216
0.58479,-1.39221
-0.61776,1.36119
-0.61771,1.36119
-0.61769,1.36119
-0.61768,1.36119
-0.61767,1.36119
-0.61766,1.36119
-0.61766,1.36119
-0.61766,1.36119
-0.61765,1.36119
-0.61765,1.36119
-0.61765,1.36119
-0.61765,1.36119
-0.61765,1.36119
-0.61765,1.36119
-0.61765,1.36119
-0.61765,1.36119
-0.61765,1.36119
0.58698,-1.39207
0.58698,-1.39207
0.58698,-1.39207
0.58698,-1.39207
0.58697,-1.39207
0.58697,-1.39207
0.58696,-1.39207
0.58696,-1.39207
0.58695,-1.39208
0.58693,-1.39208
0.58692,-1.39208
0.58689,-1.39208
0.58686,-1.39208
0.58683,-1.39208
0.58678,-1.39209
0.58673,-1.39209
0.58665,-1.39209
0.58656,-1.39210
0.58645,-1.39211
0.58631,-1.39211
0.58613,-1.39213
0.58588,-1.39214
0.58549,-1.39216
0.58444,-1.39223
-0.61770,1.36119
-0.61767,1.36119
-0.61766,1.36119
-0.61766,1.36119
-0.61765,1.36119
-0.61765,1.36119
-0.61765,1.36119
-0.61765,1.36119
-0.61765,1.36119
-0.61765,1.36119
-0.61764,1.36119
-0.61764,1.36119
-0.61764,1.36119
-0.61764,1.36119
-0.61764,1.36119
-0.61764,1.36119
0.58698,-1.39207
0.58698,-1.39207
0.58698,-1.39207
0.58698,-1.39207
0.58698,-1.39207
0.58697,-1.39207
0.58697,-1.39207
0.58696,-1.39207
0.58696,-1.39207
0.58694,-1.39208
0.58693,-1.39208
0.58691,-1.39208
0.58689,-1.39208
0.58685,-1.39208
0.58681,-1.39208
0.58676,-1.39209
0.58669,-1.39209
0.58661,-1.39210
0.58650,-1.39210
0.58637,-1.39211
0.58621,-1.39212
0.58600,-1.39213
0.58570,-1.39215
0.58512,-1.39219
-0.61767,1.36119
-0.61765,1.36119
-0.61765,1.36119
-0.61764,1.36119
-0.61764,1.36119
-0.61764,1.36119
-0.61764,1.36119
-0.61764,1.36119
-0.61764,1.36119
-0.61764,1.36119
-0.61764,1.36119
-0.61764,1.36119
-0.61764,1.36119
-0.61764,1.36119
-0.61764,1.36119
-0.61764,1.36119
0.58698,-1.39207
0.58698,-1.39207
0.58698,-1.39207
0.58698,-1.39207
0.58698,-1.39207
0.58698,-1.39207
0.58697,-1.39207
0.58697,-1.39207
0.58696,-1.39207
0.58695,-1.39207
0.58694,-1.39208
0.58692,-1.39208
0.58690,-1.39208
0.58687,-1.39208
0.58684,-1.39208
0.58679,-1.39209
0.58672,-1.39209
0.58664,-1.39209
0.58654,-1.39210
0.58642,-1.39211
0.58627,-1.39212
0.58607,-1.39213
0.58580,-1.39215
0.58530,-1.39218
0.58188,-1.39237
-0.61761,1.36119
-0.61762,1.36119
-0.61762,1.36119
-0.61763,1.36119
-0.61763,1.36119
-0.61763,1.36119
-0.61763,1.36119
-0.61763,1.36119
-0.61763,1.36119
-0.61763,1.36119
-0.61763,1.36119
-0.61763,1.36119
-0.61763,1.36119
-0.61764,1.36119
-0.61764,1.36119
0.58698,-1.39207
0.58698,-1.39207
0.58698,-1.39207
0.58698,-1.39207
0.58698,-1.39207
0.58698,-1.39207
0.58698,-1.39207
0.58697,-1.39207
0.58697,-1.39207
0.58696,-1.39207
0.58695,-1.39207
0.58693,-1.39208
0.58692,-1.39208
0.58689,-1.39208
0.58686,-1.39208
0.58681,-1.39208
0.58675,-1.39209
0.58667,-1.39209
0.58658,-1.39210
0.58645,-1.39211
0.58630,-1.39212
0.58611,-1.39213
0.58582,-1.39214
0.58528,-1.39218
-0.61724,1.36118
-0.61751,1.36118
-0.61756,1.36119
-0.61758,1.36119
-0.61760,1.36119
-0.61761,1.36119
-0.61761,1.36119
-0.61762,1.36119
-0.61762,1.36119
-0.61762,1.36119
-0.61763,1.36119
-0.61763,1.36119
-0.61763,1.36119
-0.61763,1.36119
-0.61763,1.36119
-0.61763,1.36119
0.58698,-1.39207
0.58698,-1.39207
0.58698,-1.39207
0.58698,-1.39207
0.58698,-1.39207
0.58698,-1.39207
0.58698,-1.39207
0.58698,-1.39207
0.58697,-1.39207
0.58697,-1.39207
0.58696,-1.39207
0.58694,-1.39208
0.58693,-1.39208
0.58690,-1.39208
0.58687,-1.39208
0.58683,-1.39208
0.58678,-1.39209
0.58670,-1.39209
0.58661,-1.39210
0.58648,-1.39210
0.58632,-1.39211
0.58611,-1.39213
0.58578,-1.39215
0.58492,-1.39220
-0.61723,1.36118
-0.61739,1.36118
-0.61747,1.36118
-0.61752,1.36119
-0.61755,1.36119
-0.61757,1.36119
-0.61759,1.36119
-0.61760,1.36119
-0.61760,1.36119
-0.61761,1.36119
-0.61761,1.36119
-0.61762,1.36119
-0.61762,1.36119
-0.61762,1.36119
-0.61762,1.36119
-0.61762,1.36119
0.58698,-1.39207
0.58698,-1.39207
0.58698,-1.39207
0.58698,-1.39207
0.58698,-1.39207
0.58698,-1.39207
0.58698,-1.39207
0.58698,-1.39207
0.58697,-1.39207
0.58697,-1.39207
0.58696,-1.39207
0.58695,-1.39207
0.58694,-1.39208
0.58692,-1.39208
0.58689,-1.39208
0.58685,-1.39208
0.58680,-1.39208
0.58673,-1.39209
0.58664,-1.39209
0.58651,-1.39210
0.58633,-1.39211
0.58608,-1.39213
0.58558,-1.39216
-0.61687,1.36117
-0.61719,1.36118
-0.61730,1.36118
-0.61738,1.36118
-0.61744,1.36118
-0.61749,1.36118
-0.61752,1.36119
-0.61754,1.36119
-0.61756,1.36119
-0.61758,1.36119
-0.61759,1.36119
-0.61760,1.36119
-0.61760,1.36119
-0.61761,1.36119
-0.61761,1.36119
-0.61761,1.36119
-0.61762,1.36119
0.58698,-1.39207
0.58698,-1.39207
0.58698,-1.39207
0.58698,-1.39207
0.58698,-1.39207
0.58698,-1.39207
0.58698,-1.39207
0.58698,-1.39207
0.58698,-1.39207
0.58697,-1.39207
0.58697,-1.39207
0.58696,-1.39207
0.58695,-1.39207
0.58693,-1.39208
0.58691,-1.39208
0.58687,-1.39208
0.58682,-1.39208
0.58676,-1.39209
0.58666,-1.39209
0.58653,-1.39210
0.58632,-1.39211
0.58592,-1.39214
-0.61645,1.36116
-0.61699,1.36118
-0.61715,1.36118
-0.61725,1.36118
-0.61732,1.36118
-0.61738,1.36118
-0.61743,1.36118
-0.61746,1.36118
-0.61750,1.36118
-0.61752,1.36119
-0.61754,1.36119
-0.61756,1.36119
-0.61757,1.36119
-0.61758,1.36119
-0.61759,1.36119
-0.61760,1.36119
-0.61760,1.36119
-0.61761,1.36119
0.58698,-1.39207
0.58698,-1.39207
0.58698,-1.39207
0.58698,-1.39207
0.58698,-1.39207
0.58698,-1.39207
0.58698,-1.39207
0.58698,-1.39207
0.58698,-1.39207
0.58698,-1.39207
0.58697,-1.39207
0.58697,-1.39207
0.58696,-1.39207
0.58694,-1.39208
0.58692,-1.39208
0.58689,-1.39208
0.58685,-1.39208
0.58678,-1.39209
0.58669,-1.39209
0.58653,-1.39210
0.58617,-1.39212
-0.61586,1.36115
-0.61670,1.36117
-0.61696,1.36117
-0.61711,1.36118
-0.61720,1.36118
-0.61727,1.36118
-0.61733,1.36118
-0.61738,1.36118
-0.61742,1.36118
-0.61745,1.36118
-0.61748,1.36118
-0.61751,1.36118
-0.61753,1.36119
-0.61755,1.36119
-0.61756,1.36119
-0.61757,1.36119
-0.61758,1.36119
-0.61759,1.36119
-0.61759,1.36119
0.58698,-1.39207
0.58698,-1.39207
0.58698,-1.39207
0.58698,-1.39207
0.58698,-1.39207
0.58698,-1.39207
0.58698,-1.39207
0.58698,-1.39207
0.58698,-1.39207
0.58698,-1.39207
0.58698,-1.39207
0.58697,-1.39207
0.58697,-1.39207
0.58696,-1.39207
0.58694,-1.39208
0.58691,-1.39208
0.58687,-1.39208
0.58680,-1.39208
0.58669,-1.39209
-0.58951,1.36011
-0.61292,1.36109
-0.61594,1.36115
-0.61664,1.36117
-0.61691,1.36117
-0.61706,1.36118
-0.61716,1.36118
-0.61723,1.36118
-0.61729,1.36118
-0.61733,1.36118
-0.61738,1.36118
-0.61741,1.36118
-0.61744,1.36118
-0.61747,1.36118
-0.61749,1.36118
-0.61752,1.36119
-0.61753,1.36119
-0.61755,1.36119
-0.61756,1.36119
-0.61757,1.36119
-0.61758,1.36119
0.58698,-1.39207
0.58698,-1.39207
0.58698,-1.39207
0.58698,-1.39207
0.58698,-1.39207
0.58698,-1.39207
0.58698,-1.39207
0.58698,-1.39207
0.58698,-1.39207
0.58698,-1.39207
0.58698,-1.39207
0.58698,-1.39207
0.58697,-1.39207
0.58697,-1.39207
0.58695,-1.39207
0.58692,-1.39208
0.58688,-1.39208
0.58675,-1.39209
-0.58750,1.35999
-0.60349,1.36079
-0.61268,1.36108
-0.61567,1.36115
-0.61651,1.36117
-0.61684,1.36117
-0.61701,1.36118
-0.61712,1.36118
-0.61719,1.36118
-0.61725,1.36118
-0.61730,1.36118
-0.61734,1.36118
-0.61738,1.36118
-0.61741,1.36118
-0.61744,1.36118
-0.61746,1.36118
-0.61749,1.36118
-0.61751,1.36118
-0.61752,1.36119
-0.61754,1.36119
-0.61755,1.36119
-0.61756,1.36119
0.58698,-1.39207
0.58698,-1.39207
0.58698,-1.39207
0.58698,-1.39207
0.58698,-1.39207
0.58698,-1.39207
0.58698,-1.39207
0.58698,-1.39207
0.58698,-1.39207
0.58698,-1.39207
0.58698,-1.39207
0.58698,-1.39207
0.58698,-1.39207
0.58697,-1.39207
0.58696,-1.39207
0.58693,-1.39208
-0.54073,1.35573
-0.58116,1.35958
-0.59314,1.36031
-0.60348,1.36079
-0.61161,1.36105
-0.61521,1.36114
-0.61633,1.36116
-0.61675,1.36117
-0.61695,1.36117
-0.61707,1.36118
-0.61716,1.36118
-0.61722,1.36118
-0.61727,1.36118
-0.61731,1.36118
-0.61735,1.36118
-0.61738,1.36118
-0.61741,1.36118
-0.61743,1.36118
-0.61746,1.36118
-0.61748,1.36118
-0.61750,1.36118
-0.61752,1.36119
-0.61753,1.36119
-0.61754,1.36119
0.58698,-1.39207
0.58698,-1.39207
0.58698,-1.39207
0.58698,-1.39207
0.58698,-1.39207
0.58698,-1.39207
0.58698,-1.39207
0.58698,-1.39207
0.58698,-1.39207
0.58698,-1.39207
0.58698,-1.39207
0.58698,-1.39207
0.58698,-1.39207
0.58698,-1.39207
0.58697,-1.39207
-0.51906,1.35282
-0.57375,1.35904
-0.58478,1.35982
-0.59345,1.36033
-0.60213,1.36073
-0.61007,1.36101
-0.61453,1.36112
-0.61608,1.36116
-0.61663,1.36117
-0.61688,1.36117
-0.61703,1.36118
-0.61712,1.36118
-0.61719,1.36118
-0.61724,1.36118
-0.61728,1.36118
-0.61732,1.36118
-0.61735,1.36118
-0.61738,1.36118
-0.61741,1.36118
-0.61743,1.36118
-0.61745,1.36118
-0.61748,1.36118
-0.61749,1.36118
-0.61751,1.36118
-0.61753,1.36119
0.58698,-1.39207
0.58698,-1.39207
0.58698,-1.39207
0.58698,-1.39207
0.58698,-1.39207
0.58698,-1.39207
0.58698,-1.39207
0.58698,-1.39207
0.58698,-1.39207
0.58698,-1.39207
0.58698,-1.39207
0.58698,-1.39207
0.58698,-1.39207
0.58698,-1.39207
0.58698,-1.39207
-0.56063,1.35789
-0.57591,1.35920
-0.58467,1.35982
-0.59226,1.36027
-0.60014,1.36065
-0.60806,1.36095
-0.61353,1.36110
-0.61572,1.36115
-0.61647,1.36117
-0.61680,1.36117
-0.61697,1.36117
-0.61708,1.36118
-0.61715,1.36118
-0.61721,1.36118
-0.61726,1.36118
-0.61729,1.36118
-0.61733,1.36118
-0.61736,1.36118
-0.61738,1.36118
-0.61741,1.36118
-0.61743,1.36118
-0.61745,1.36118
-0.61747,1.36118
-0.61749,1.36118
-0.61751,1.36118
0.58698,-1.39207
0.58698,-1.39207
0.58698,-1.39207
0.58698,-1.39207
0.58698,-1.39207
0.58698,-1.39207
0.58698,-1.39207
0.58698,-1.39207
0.58698,-1.39207
0.58698,-1.39207
0.58698,-1.39207
0.58698,-1.39207
0.58698,-1.39207
0.58698,-1.39207
0.58700,-1.39207
-0.55869,1.35770
-0.57401,1.35906
-0.58273,1.35969
-0.59006,1.36014
-0.59756,1.36053
-0.60549,1.36086
-0.61202,1.36106
-0.61516,1.36114
-0.61626,1.36116
-0.61669,1.36117
-0.61691,1.36117
-0.61703,1.36118
-0.61712,1.36118
-0.61718,1.36118
-0.61723,1.36118
-0.61727,1.36118
-0.61730,1.36118
-0.61733,1.36118
-0.61736,1.36118
-0.61739,1.36118
-0.61741,1.36118
-0.61743,1.36118
-0.61745,1.36118
-0.61747,1.36118
-0.61749,1.36118
0.58698,-1.39207
0.58698,-1.39207
0.58698,-1.39207
0.58698,-1.39207
0.58698,-1.39207
0.58698,-1.39207
0.58698,-1.39207
0.58698,-1.39207
0.58698,-1.39207
0.58698,-1.39207
0.58698,-1.39207
0.58699,-1.39207
0.58699,-1.39207
0.58699,-1.39207
0.58701,-1.39207
-0.53979,1.35561
-0.56817,1.35858
-0.57881,1.35942
-0.58665,1.35994
-0.59413,1.36036
-0.60211,1.36073
-0.60967,1.36100
-0.61422,1.36112
-0.61592,1.36115
-0.61654,1.36117
-0.61682,1.36117
-0.61698,1.36117
-0.61708,1.36118
-0.61715,1.36118
-0.61720,1.36118
-0.61725,1.36118
-0.61728,1.36118
-0.61731,1.36118
-0.61734,1.36118
-0.61737,1.36118
-0.61739,1.36118
-0.61741,1.36118
-0.61743,1.36118
-0.61745,1.36118
-0.61747,1.36118
0.58698,-1.39207
0.58698,-1.39207
0.58698,-1.39207
0.58698,-1.39207
0.58698,-1.39207
0.58698,-1.39207
0.58698,-1.39207
0.58698,-1.39207
0.58699,-1.39207
0.58699,-1.39207
0.58699,-1.39207
0.58699,-1.39207
0.58699,-1.39207
0.58700,-1.39207
0.58702,-1.39207
0.58709,-1.39207
-0.55065,1.35687
-0.57111,1.35882
-0.58112,1.35958
-0.58924,1.36010
-0.59740,1.36053
-0.60583,1.36087
-0.61235,1.36107
-0.61527,1.36114
-0.61628,1.36116
-0.61669,1.36117
-0.61690,1.36117
-0.61702,1.36118
-0.61711,1.36118
-0.61717,1.36118
-0.61722,1.36118
-0.61726,1.36118
-0.61729,1.36118
-0.61732,1.36118
-0.61735,1.36118
-0.61737,1.36118
-0.61739,1.36118
-0.61741,1.36118
-0.61743,1.36118
-0.61745,1.36118
0.58698,-1.39207
0.58698,-1.39207
0.58698,-1.39207
0.58698,-1.39207
0.58698,-1.39207
0.58699,-1.39207
0.58699,-1.39207
0.58699,-1.39207
0.58699,-1.39207
0.58699,-1.39207
0.58699,-1.39207
0.58699,-1.39207
0.58700,-1.39207
0.58701,-1.39207
0.58703,-1.39207
0.58706,-1.39207
0.58712,-1.39206
-0.54604,1.35635
-0.57009,1.35874
-0.58121,1.35959
-0.59027,1.36016
-0.59937,1.36062
-0.60811,1.36095
-0.61364,1.36110
-0.61572,1.36115
-0.61645,1.36116
-0.61677,1.36117
-0.61694,1.36117
-0.61705,1.36118
-0.61712,1.36118
-0.61718,1.36118
-0.61723,1.36118
-0.61727,1.36118
-0.61730,1.36118
-0.61733,1.36118
-0.61735,1.36118
-0.61737,1.36118
-0.61740,1.36118
-0.61742,1.36118
-0.61744,1.36118
0.58698,-1.39207
0.58698,-1.39207
0.58698,-1.39207
0.58699,-1.39207
0.58699,-1.39207
0.58699,-1.39207
0.58699,-1.39207
0.58699,-1.39207
0.58699,-1.39207
0.58699,-1.39207
0.58699,-1.39207
0.58700,-1.39207
0.58700,-1.39207
0.58702,-1.39207
0.58703,-1.39207
0.58706,-1.39207
0.58709,-1.39207
0.58712,-1.39206
0.58731,-1.39205
-0.56052,1.35788
-0.57667,1.35926
-0.58777,1.36001
-0.59828,1.36057
-0.60800,1.36094
-0.61376,1.36111
-0.61578,1.36115
-0.61647,1.36116
-0.61677,1.36117
-0.61694,1.36117
-0.61705,1.36118
-0.61713,1.36118
-0.61718,1.36118
-0.61723,1.36118
-0.61727,1.36118
-0.61730,1.36118
-0.61733,1.36118
-0.61735,1.36118
-0.61738,1.36118
-0.61740,1.36118
-0.61742,1.36118
0.58699,-1.39207
0.58699,-1.39207
0.58699,-1.39207
0.58699,-1.39207
0.58699,-1.39207
0.58699,-1.39207
0.58699,-1.39207
0.58699,-1.39207
0.58699,-1.39207
0.58699,-1.39207
0.58700,-1.39207
0.58700,-1.39207
0.58701,-1.39207
0.58702,-1.39207
0.58704,-1.39207
0.58707,-1.39207
0.58709,-1.39207
0.58712,-1.39206
0.58715,-1.39206
0.58717,-1.39206
0.58720,-1.39206
-0.54341,1.35605
-0.57207,1.35890
-0.58747,1.35999
-0.60106,1.36069
-0.61120,1.36104
-0.61514,1.36114
-0.61626,1.36116
-0.61668,1.36117
-0.61689,1.36117
-0.61702,1.36118
-0.61710,1.36118
-0.61717,1.36118
-0.61722,1.36118
-0.61726,1.36118
-0.61729,1.36118
-0.61732,1.36118
-0.61735,1.36118
-0.61738,1.36118
-0.61740,1.36118
0.58699,-1.39207
0.58699,-1.39207
0.58699,-1.39207
0.58699,-1.39207
0.58699,-1.39207
0.58699,-1.39207
0.58699,-1.39207
0.58699,-1.39207
0.58699,-1.39207
0.58700,-1.39207
0.58700,-1.39207
0.58701,-1.39207
0.58702,-1.39207
0.58703,-1.39207
0.58705,-1.39207
0.58708,-1.39207
0.58711,-1.39207
0.58714,-1.39206
0.58717,-1.39206
0.58721,-1.39206
0.58725,-1.39206
0.58728,-1.39205
0.58731,-1.39205
0.58732,-1.39205
0.58732,-1.39205
-0.45550,1.34109
-0.58244,1.35967
-0.60641,1.36089
-0.61476,1.36113
-0.61628,1.36116
-0.61673,1.36117
-0.61693,1.36117
-0.61705,1.36118
-0.61713,1.36118
-0.61719,1.36118
-0.61724,1.36118
-0.61728,1.36118
-0.61731,1.36118
-0.61734,1.36118
-0.61737,1.36118
0.58699,-1.39207
0.58699,-1.39207
0.58699,-1.39207
0.58699,-1.39207
0.58699,-1.39207
0.58699,-1.39207
0.58699,-1.39207
0.58699,-1.39207
0.58700,-1.39207
0.58700,-1.39207
0.58701,-1.39207
0.58701,-1.39207
0.58703,-1.39207
0.58704,-1.39207
0.58706,-1.39207
0.58709,-1.39207
0.58712,-1.39206
0.58716,-1.39206
0.58720,-1.39206
0.58725,-1.39206
0.58730,-1.39205
0.58735,-1.39205
0.58739,-1.39205
0.58743,-1.39204
0.58747,-1.39204
0.58750,-1.39204
0.58751,-1.39204
0.58752,-1.39204
0.58749,-1.39204
0.58736,-1.39205
-0.60684,1.36091
-0.61578,1.36115
-0.61664,1.36117
-0.61691,1.36117
-0.61704,1.36118
-0.61713,1.36118
-0.61719,1.36118
-0.61725,1.36118
-0.61729,1.36118
-0.61733,1.36118
0.58699,-1.39207
0.58699,-1.39207
0.58699,-1.39207
0.58699,-1.39207
0.58699,-1.39207
0.58699,-1.39207
0.58699,-1.39207
0.58700,-1.39207
0.58700,-1.39207
0.58700,-1.39207
0.58701,-1.39207
0.58702,-1.39207
0.58703,-1.39207
0.58705,-1.39207
0.58708,-1.39207
0.58710,-1.39207
0.58714,-1.39206
0.58718,-1.39206
0.58723,-1.39206
0.58728,-1.39205
0.58733,-1.39205
0.58739,-1.39205
0.58743,-1.39204
0.58747,-1.39204
0.58751,-1.39204
0.58753,-1.39204
0.58756,-1.39204
0.58757,-1.39204
0.58759,-1.39203
0.58759,-1.39203
0.58760,-1.39203
0.58758,-1.39203
0.58746,-1.39204
-0.60979,1.36100
-0.61631,1.36116
-0.61683,1.36117
-0.61701,1.36118
-0.61712,1.36118
-0.61719,1.36118
-0.61725,1.36118
0.58699,-1.39207
0.58699,-1.39207
0.58699,-1.39207
0.58699,-1.39207
0.58699,-1.39207
0.58699,-1.39207
0.58700,-1.39207
0.58700,-1.39207
0.58700,-1.39207
0.58701,-1.39207
0.58702,-1.39207
0.58703,-1.39207
0.58704,-1.39207
0.58706,-1.39207
0.58709,-1.39207
0.58712,-1.39206
0.58716,-1.39206
0.58720,-1.39206
0.58725,-1.39206
0.58730,-1.39205
0.58736,-1.39205
0.58741,-1.39205
0.58746,-1.39204
0.58749,-1.39204
0.58753,-1.39204
0.58755,-1.39204
0.58757,-1.39204
0.58758,-1.39203
0.58760,-1.39203
0.58761,-1.39203
0.58762,-1.39203
0.58762,-1.39203
0.58763,-1.39203
0.58763,-1.39203
0.58762,-1.39203
0.58748,-1.39204
-0.61415,1.36111
-0.61664,1.36117
-0.61696,1.36117
-0.61709,1.36118
0.58699,-1.39207
0.58699,-1.39207
0.58699,-1.39207
0.58699,-1.39207
0.58699,-1.39207
0.58700,-1.39207
0.58700,-1.39207
0.58700,-1.39207
0.58701,-1.39207
0.58701,-1.39207
0.58702,-1.39207
0.58704,-1.39207
0.58705,-1.39207
0.58707,-1.39207
0.58710,-1.39207
0.58714,-1.39206
0.58717,-1.39206
0.58722,-1.39206
0.58727,-1.39205
0.58732,-1.39205
0.58738,-1.39205
0.58743,-1.39204
0.58747,-1.39204
0.58751,-1.39204
0.58754,-1.39204
0.58756,-1.39204
0.58758,-1.39204
0.58759,-1.39203
0.58760,-1.39203
0.58761,-1.39203
0.58762,-1.39203
0.58763,-1.39203
0.58763,-1.39203
0.58764,-1.39203
0.58764,-1.39203
0.58765,-1.39203
0.58765,-1.39203
0.58763,-1.39203
-0.47822,1.34582
-0.61598,1.36116
0.58699,-1.39207
0.58699,-1.39207
0.58699,-1.39207
0.58699,-1.39207
0.58700,-1.39207
0.58700,-1.39207
0.58700,-1.39207
0.58700,-1.39207
0.58701,-1.39207
0.58702,-1.39207
0.58703,-1.39207
0.58704,-1.39207
0.58706,-1.39207
0.58709,-1.39207
0.58712,-1.39206
0.58715,-1.39206
0.58719,-1.39206
0.58724,-1.39206
0.58729,-1.39205
0.58734,-1.39205
0.58739,-1.39205
0.58744,-1.39204
0.58748,-1.39204
0.58752,-1.39204
0.58754,-1.39204
0.58756,-1.39204
0.58758,-1.39204
0.58759,-1.39203
0.58760,-1.39203
0.58761,-1.39203
0.58762,-1.39203
0.58763,-1.39203
0.58763,-1.39203
0.58764,-1.39203
0.58764,-1.39203
0.58765,-1.39203
0.58765,-1.39203
0.58765,-1.39203
0.58766,-1.39203
0.58765,-1.39203
0.58699,-1.39207
0.58699,-1.39207
0.58699,-1.39207
0.58700,-1.39207
0.58700,-1.39207
0.58700,-1.39207
0.58700,-1.39207
0.58701,-1.39207
0.58701,-1.39207
0.58702,-1.39207
0.58704,-1.39207
0.58705,-1.39207
0.58707,-1.39207
0.58710,-1.39207
0.58713,-1.39206
0.58717,-1.39206
0.58721,-1.39206
0.58725,-1.39206
0.58730,-1.39205
0.58736,-1.39205
0.58741,-1.39205
0.58745,-1.39204
0.58749,-1.39204
0.58752,-1.39204
0.58755,-1.39204
0.58757,-1.39204
0.58758,-1.39203
0.58760,-1.39203
0.58761,-1.39203
0.58761,-1.39203
0.58762,-1.39203
0.58763,-1.39203
0.58763,-1.39203
0.58764,-1.39203
0.58764,-1.39203
0.58765,-1.39203
0.58765,-1.39203
0.58765,-1.39203
0.58766,-1.39203
0.58766,-1.39203
0.58699,-1.39207
0.58699,-1.39207
0.58700,-1.39207
0.58700,-1.39207
0.58700,-1.39207
0.58700,-1.39207
0.58701,-1.39207
0.58701,-1.39207
0.58702,-1.39207
0.58703,-1.39207
0.58704,-1.39207
0.58706,-1.39207
0.58708,-1.39207
0.58711,-1.39206
0.58714,-1.39206
0.58718,-1.39206
0.58722,-1.39206
0.58727,-1.39205
0.58732,-1.39205
0.58737,-1.39205
0.58742,-1.39205
0.58746,-1.39204
0.58750,-1.39204
0.58753,-1.39204
0.58755,-1.39204
0.58757,-1.39204
0.58758,-1.39203
0.58760,-1.39203
0.58761,-1.39203
0.58762,-1.39203
0.58762,-1.39203
0.58763,-1.39203
0.58763,-1.39203
0.58764,-1.39203
0.58764,-1.39203
0.58765,-1.39203
0.58765,-1.39203
0.58765,-1.39203
0.58766,-1.39203
0.58766,-1.39203
0.58699,-1.39207
0.58700,-1.39207
0.58700,-1.39207
0.58700,-1.39207
0.58700,-1.39207
0.58700,-1.39207
0.58701,-1.39207
0.58702,-1.39207
0.58702,-1.39207
0.58703,-1.39207
0.58705,-1.39207
0.58707,-1.39207
0.58709,-1.39207
0.58712,-1.39206
0.58716,-1.39206
0.58719,-1.39206
0.58724,-1.39206
0.58728,-1.39205
0.58733,-1.39205
0.58738,-1.39205
0.58743,-1.39204
0.58747,-1.39204
0.58750,-1.39204
0.58753,-1.39204
0.58755,-1.39204
0.58757,-1.39204
0.58759,-1.39203
0.58760,-1.39203
0.58761,-1.39203
0.58762,-1.39203
0.58762,-1.39203
0.58763,-1.39203
0.58764,-1.39203
0.58764,-1.39203
0.58764,-1.39203
0.58765,-1.39203
0.58765,-1.39203
0.58765,-1.39203
0.58766,-1.39203
0.58766,-1.39203
