-0.62867,1.36130
-0.62865,1.36130
-0.62862,1.36130
-0.62859,1.36130
-0.62856,1.36130
-0.62852,1.36130
-0.62847,1.36130
-0.62842,1.36130
-0.62835,1.36130
-0.62826,1.36130
-0.62815,1.36130
-0.62802,1.36130
-0.62785,1.36130
-0.62762,1.36130
-0.62734,1.36130
-0.62698,1.36129
-0.62654,1.36129
-0.62601,1.36129
-0.62539,1.36129
-0.62472,1.36128
-0.62401,1.36127
-0.62329,1.36127
-0.62256,1.36126
-0.62183,1.36125
-0.62113,1.36124
-0.62048,1.36123
-0.61993,1.36123
-0.61950,1.36122
-0.61918,1.36121
-0.61895,1.36121
-0.61878,1.36121
-0.61866,1.36121
-0.61856,1.36120
-0.61849,1.36120
-0.61843,1.36120
-0.61838,1.36120
-0.61834,1.36120
-0.61830,1.36120
-0.61826,1.36120
-0.61823,1.36120
-0.62869,1.36130
-0.62866,1.36130
-0.62863,1.36130
-0.62860,1.36130
-0.62856,1.36130
-0.62852,1.36130
-0.62848,1.36130
-0.62842,1.36130
-0.62835,1.36130
-0.62826,1.36130
-0.62815,1.36130
-0.62802,1.36130
-0.62785,1.36130
-0.62762,1.36130
-0.62734,1.36130
-0.62697,1.36129
-0.62651,1.36129
-0.62596,1.36129
-0.62532,1.36129
-0.62462,1.36128
-0.62388,1.36127
-0.62313,1.36127
-0.62237,1.36126
-0.62162,1.36125
-0.62092,1.36124
-0.62029,1.36123
-0.61977,1.36122
-0.61938,1.36122
-0.61909,1.36121
-0.61888,1.36121
-0.61872,1.36121
-0.61861,1.36120
-0.61852,1.36120
-0.61845,1.36120
-0.61839,1.36120
-0.61834,1.36120
-0.61830,1.36120
-0.61826,1.36120
-0.61823,1.36120
-0.61819,1.36120
-0.62873,1.36130
-0.62869,1.36130
-0.62865,1.36130
-0.62862,1.36130
-0.62858,1.36130
-0.62853,1.36130
-0.62848,1.36130
-0.62842,1.36130
-0.62835,1.36130
-0.62827,1.36130
-0.62816,1.36130
-0.62802,1.36130
-0.62785,1.36130
-0.62762,1.36130
-0.62733,1.36130
-0.62695,1.36129
-0.62648,1.36129
-0.62591,1.36129
-0.62524,1.36128
-0.62451,1.36128
-0.62374,1.36127
-0.62295,1.36126
-0.62217,1.36126
-0.62140,1.36125
-0.62070,1.36124
-0.62010,1.36123
-0.61962,1.36122
-0.61926,1.36122
-0.61900,1.36121
-0.61880,1.36121
-0.61866,1.36121
-0.61855,1.36120
-0.61847,1.36120
-0.61840,1.36120
-0.61835,1.36120
-0.61830,1.36120
-0.61826,1.36120
-0.61822,1.36120
-0.61819,1.36120
-0.61815,1.36120
-0.62882,1.36130
-0.62876,1.36130
-0.62870,1.36130
-0.62866,1.36130
-0.62861,1.36130
-0.62856,1.36130
-0.62850,1.36130
-0.62844,1.36130
-0.62836,1.36130
-0.62827,1.36130
-0.62816,1.36130
-0.62802,1.36130
-0.62784,1.36130
-0.62761,1.36130
-0.62732,1.36130
-0.62693,1.36129
-0.62644,1.36129
-0.62584,1.36129
-0.62515,1.36128
-0.62438,1.36128
-0.62357,1.36127
-0.62275,1.36126
-0.62194,1.36125
-0.62117,1.36124
-0.62049,1.36123
-0.61991,1.36123
-0.61947,1.36122
-0.61914,1.36121
-0.61891,1.36121
-0.61873,1.36121
-0.61860,1.36120
-0.61850,1.36120
-0.61842,1.36120
-0.61836,1.36120
-0.61830,1.36120
-0.61825,1.36120
-0.61821,1.36120
-0.61818,1.36120
-0.61814,1.36120
-0.61811,1.36120
-0.62876,1.36130
-0.62885,1.36130
-0.62880,1.36130
-0.62873,1.36130
-0.62867,1.36130
-0.62860,1.36130
-0.62854,1.36130
-0.62846,1.36130
-0.62838,1.36130
-0.62829,1.36130
-0.62817,1.36130
-0.62803,1.36130
-0.62784,1.36130
-0.62761,1.36130
-0.62730,1.36130
-0.62689,1.36129
-0.62638,1.36129
-0.62576,1.36129
-0.62503,1.36128
-0.62422,1.36128
-0.62338,1.36127
-0.62252,1.36126
-0.62170,1.36125
-0.62093,1.36124
-0.62027,1.36123
-0.61973,1.36122
-0.61933,1.36122
-0.61903,1.36121
-0.61882,1.36121
-0.61866,1.36121
-0.61854,1.36120
-0.61844,1.36120
-0.61837,1.36120
-0.61830,1.36120
-0.61825,1.36120
-0.61821,1.36120
-0.61817,1.36120
-0.61813,1.36120
-0.61810,1.36120
-0.61807,1.36120
0.57830,-1.39254
0.57153,-1.39279
0.54786,-1.39292
-0.62858,1.36130
-0.62871,1.36130
-0.62867,1.36130
-0.62859,1.36130
-0.62851,1.36130
-0.62842,1.36130
-0.62831,1.36130
-0.62818,1.36130
-0.62803,1.36130
-0.62784,1.36130
-0.62759,1.36130
-0.62726,1.36130
-0.62684,1.36129
-0.62630,1.36129
-0.62564,1.36129
-0.62487,1.36128
-0.62403,1.36127
-0.62314,1.36127
-0.62226,1.36126
-0.62143,1.36125
-0.62068,1.36124
-0.62005,1.36123
-0.61956,1.36122
-0.61919,1.36121
-0.61893,1.36121
-0.61873,1.36121
-0.61858,1.36120
-0.61847,1.36120
-0.61838,1.36120
-0.61831,1.36120
-0.61825,1.36120
-0.61820,1.36120
-0.61815,1.36120
-0.61812,1.36120
-0.61808,1.36120
-0.61805,1.36119
-0.61803,1.36119
0.58415,-1.39224
0.58269,-1.39232
0.58053,-1.39243
0.57711,-1.39259
0.57117,-1.39281
0.55680,-1.39301
-0.62774,1.36130
-0.62842,1.36130
-0.62841,1.36130
-0.62832,1.36130
-0.62819,1.36130
-0.62802,1.36130
-0.62781,1.36130
-0.62754,1.36130
-0.62720,1.36130
-0.62675,1.36129
-0.62617,1.36129
-0.62547,1.36129
-0.62466,1.36128
-0.62377,1.36127
-0.62285,1.36126
-0.62196,1.36125
-0.62114,1.36124
-0.62042,1.36123
-0.61984,1.36122
-0.61939,1.36122
-0.61906,1.36121
-0.61882,1.36121
-0.61863,1.36120
-0.61850,1.36120
-0.61839,1.36120
-0.61831,1.36120
-0.61824,1.36120
-0.61819,1.36120
-0.61814,1.36120
-0.61810,1.36120
-0.61807,1.36120
-0.61804,1.36119
-0.61801,1.36119
-0.61799,1.36119
0.58590,-1.39214
0.58528,-1.39218
0.58442,-1.39223
0.58329,-1.39229
0.58180,-1.39237
0.57977,-1.39247
0.57688,-1.39260
0.57263,-1.39276
0.56566,-1.39294
0.55025,-1.39296
-0.62634,1.36129
-0.62757,1.36130
-0.62754,1.36130
-0.62732,1.36130
-0.62698,1.36129
-0.62651,1.36129
-0.62590,1.36129
-0.62517,1.36128
-0.62431,1.36128
-0.62340,1.36127
-0.62248,1.36126
-0.62161,1.36125
-0.62083,1.36124
-0.62017,1.36123
-0.61964,1.36122
-0.61923,1.36121
-0.61893,1.36121
-0.61870,1.36121
-0.61854,1.36120
-0.61841,1.36120
-0.61831,1.36120
-0.61823,1.36120
-0.61817,1.36120
-0.61812,1.36120
-0.61808,1.36120
-0.61805,1.36119
-0.61802,1.36119
-0.61799,1.36119
-0.61797,1.36119
-0.61795,1.36119
0.58648,-1.39210
0.58623,-1.39212
0.58584,-1.39214
0.58528,-1.39218
0.58454,-1.39222
0.58361,-1.39227
0.58246,-1.39234
0.58102,-1.39241
0.57919,-1.39250
0.57683,-1.39260
0.57382,-1.39272
0.56991,-1.39284
0.56467,-1.39295
0.55703,-1.39302
0.54363,-1.39282
0.50023,-1.38947
-0.62441,1.36128
-0.62423,1.36128
-0.62360,1.36127
-0.62282,1.36126
-0.62200,1.36125
-0.62122,1.36124
-0.62052,1.36123
-0.61993,1.36123
-0.61944,1.36122
-0.61907,1.36121
-0.61879,1.36121
-0.61858,1.36120
-0.61843,1.36120
-0.61831,1.36120
-0.61823,1.36120
-0.61816,1.36120
-0.61810,1.36120
-0.61806,1.36119
-0.61802,1.36119
-0.61799,1.36119
-0.61797,1.36119
-0.61794,1.36119
-0.61792,1.36119
-0.61791,1.36119
0.58667,-1.39209
0.58656,-1.39210
0.58638,-1.39211
0.58610,-1.39213
0.58570,-1.39215
0.58517,-1.39218
0.58449,-1.39222
0.58365,-1.39227
0.58263,-1.39233
0.58139,-1.39239
0.57987,-1.39247
0.57801,-1.39255
0.57572,-1.39265
0.57293,-1.39275
0.56945,-1.39285
0.56497,-1.39295
0.55887,-1.39301
0.54970,-1.39296
0.53294,-1.39238
0.46895,-1.38446
-0.62145,1.36125
-0.62086,1.36124
-0.62026,1.36123
-0.61971,1.36122
-0.61926,1.36122
-0.61891,1.36121
-0.61865,1.36121
-0.61845,1.36120
-0.61831,1.36120
-0.61821,1.36120
-0.61814,1.36120
-0.61808,1.36120
-0.61803,1.36119
-0.61800,1.36119
-0.61797,1.36119
-0.61794,1.36119
-0.61792,1.36119
-0.61790,1.36119
-0.61788,1.36119
-0.61787,1.36119
0.58675,-1.39209
0.58669,-1.39209
0.58659,-1.39210
0.58644,-1.39211
0.58621,-1.39212
0.58589,-1.39214
0.58546,-1.39217
0.58490,-1.39220
0.58420,-1.39224
0.58334,-1.39229
0.58228,-1.39234
0.58098,-1.39241
0.57937,-1.39249
0.57738,-1.39258
0.57492,-1.39268
0.57185,-1.39278
0.56795,-1.39289
0.56288,-1.39298
0.55600,-1.39301
0.54598,-1.39288
0.52860,-1.39213
0.47121,-1.38490
-0.62021,1.36123
-0.61957,1.36122
-0.61909,1.36121
-0.61874,1.36121
-0.61849,1.36120
-0.61831,1.36120
-0.61819,1.36120
-0.61811,1.36120
-0.61804,1.36119
-0.61800,1.36119
-0.61796,1.36119
-0.61793,1.36119
-0.61791,1.36119
-0.61788,1.36119
-0.61787,1.36119
-0.61785,1.36119
-0.61784,1.36119
-0.61783,1.36119
0.58680,-1.39208
0.58676,-1.39209
0.58669,-1.39209
0.58660,-1.39210
0.58646,-1.39211
0.58625,-1.39212
0.58595,-1.39214
0.58555,-1.39216
0.58504,-1.39219
0.58438,-1.39223
0.58356,-1.39228
0.58254,-1.39233
0.58125,-1.39240
0.57963,-1.39248
0.57759,-1.39257
0.57503,-1.39267
0.57181,-1.39279
0.56774,-1.39290
0.56255,-1.39298
0.55577,-1.39301
0.54645,-1.39289
0.53176,-1.39231
0.49712,-1.38907
-0.61970,1.36122
-0.61892,1.36121
-0.61854,1.36120
-0.61830,1.36120
-0.61816,1.36120
-0.61806,1.36119
-0.61800,1.36119
-0.61795,1.36119
-0.61791,1.36119
-0.61788,1.36119
-0.61786,1.36119
-0.61784,1.36119
-0.61783,1.36119
-0.61781,1.36119
-0.61780,1.36119
-0.61779,1.36119
-0.61778,1.36119
0.58683,-1.39208
0.58680,-1.39208
0.58676,-1.39209
0.58669,-1.39209
0.58660,-1.39210
0.58645,-1.39211
0.58624,-1.39212
0.58594,-1.39214
0.58554,-1.39216
0.58501,-1.39219
0.58434,-1.39223
0.58348,-1.39228
0.58239,-1.39234
0.58100,-1.39241
0.57922,-1.39250
0.57695,-1.39260
0.57408,-1.39271
0.57047,-1.39283
0.56595,-1.39293
0.56028,-1.39300
0.55299,-1.39300
0.54298,-1.39280
0.52671,-1.39201
0.48247,-1.38689
-0.61874,1.36121
-0.61828,1.36120
-0.61809,1.36120
-0.61799,1.36119
-0.61792,1.36119
-0.61787,1.36119
-0.61784,1.36119
-0.61782,1.36119
-0.61780,1.36119
-0.61778,1.36119
-0.61777,1.36119
-0.61776,1.36119
-0.61775,1.36119
-0.61775,1.36119
-0.61774,1.36119
-0.61773,1.36119
0.58685,-1.39208
0.58683,-1.39208
0.58680,-1.39208
0.58675,-1.39209
0.58669,-1.39209
0.58659,-1.39210
0.58643,-1.39211
0.58621,-1.39212
0.58589,-1.39214
0.58545,-1.39217
0.58488,-1.39220
0.58414,-1.39224
0.58318,-1.39230
0.58195,-1.39236
0.58035,-1.39244
0.57829,-1.39254
0.57565,-1.39265
0.57231,-1.39277
0.56814,-1.39289
0.56297,-1.39298
0.55650,-1.39301
0.54805,-1.39293
0.53567,-1.39251
0.51126,-1.39071
-0.61823,1.36120
-0.61792,1.36119
-0.61782,1.36119
-0.61777,1.36119
-0.61774,1.36119
-0.61772,1.36119
-0.61771,1.36119
-0.61770,1.36119
-0.61770,1.36119
-0.61769,1.36119
-0.61769,1.36119
-0.61768,1.36119
-0.61768,1.36119
-0.61768,1.36119
-0.61768,1.36119
-0.61768,1.36119
0.58687,-1.39208
0.58686,-1.39208
0.58683,-1.39208
0.58680,-1.39208
0.58675,-1.39209
0.58668,-1.39209
0.58657,-1.39210
0.58640,-1.39211
0.58615,-1.39212
0.58579,-1.39215
0.58530,-1.39218
0.58465,-1.39221
0.58380,-1.39226
0.58269,-1.39232
0.58124,-1.39240
0.57935,-1.39249
0.57688,-1.39260
0.57373,-1.39272
0.56975,-1.39285
0.56481,-1.39295
0.55868,-1.39301
0.55078,-1.39297
0.53953,-1.39268
0.51872,-1.39140
0.37640,-1.35736
-0.61716,1.36118
-0.61735,1.36118
-0.61742,1.36118
-0.61747,1.36118
-0.61750,1.36118
-0.61752,1.36119
-0.61754,1.36119
-0.61756,1.36119
-0.61757,1.36119
-0.61758,1.36119
-0.61759,1.36119
-0.61759,1.36119
-0.61760,1.36119
-0.61760,1.36119
-0.61761,1.36119
0.58689,-1.39208
0.58688,-1.39208
0.58686,-1.39208
0.58683,-1.39208
0.58680,-1.39208
0.58675,-1.39209
0.58667,-1.39209
0.58655,-1.39210
0.58636,-1.39211
0.58607,-1.39213
0.58566,-1.39215
0.58510,-1.39219
0.58434,-1.39223
0.58334,-1.39229
0.58202,-1.39236
0.58027,-1.39245
0.57796,-1.39255
0.57494,-1.39268
0.57108,-1.39281
0.56622,-1.39293
0.56012,-1.39301
0.55218,-1.39299
0.54066,-1.39272
0.51789,-1.39133
-0.61089,1.36103
-0.61539,1.36114
-0.61630,1.36116
-0.61673,1.36117
-0.61697,1.36117
-0.61713,1.36118
-0.61723,1.36118
-0.61730,1.36118
-0.61736,1.36118
-0.61740,1.36118
-0.61743,1.36118
-0.61746,1.36118
-0.61748,1.36118
-0.61750,1.36118
-0.61751,1.36118
-0.61752,1.36119
0.58690,-1.39208
0.58689,-1.39208
0.58688,-1.39208
0.58686,-1.39208
0.58684,-1.39208
0.58680,-1.39208
0.58674,-1.39209
0.58666,-1.39209
0.58652,-1.39210
0.58630,-1.39211
0.58597,-1.39214
0.58549,-1.39216
0.58483,-1.39220
0.58393,-1.39225
0.58273,-1.39232
0.58112,-1.39240
0.57896,-1.39251
0.57607,-1.39263
0.57228,-1.39277
0.56738,-1.39290
0.56104,-1.39300
0.55248,-1.39299
0.53898,-1.39266
0.50268,-1.38977
-0.61066,1.36102
-0.61334,1.36110
-0.61469,1.36113
-0.61556,1.36115
-0.61612,1.36116
-0.61650,1.36117
-0.61675,1.36117
-0.61693,1.36117
-0.61706,1.36118
-0.61715,1.36118
-0.61722,1.36118
-0.61728,1.36118
-0.61733,1.36118
-0.61736,1.36118
-0.61739,1.36118
-0.61741,1.36118
0.58691,-1.39208
0.58690,-1.39208
0.58689,-1.39208
0.58688,-1.39208
0.58686,-1.39208
0.58684,-1.39208
0.58680,-1.39208
0.58674,-1.39209
0.58665,-1.39209
0.58649,-1.39210
0.58624,-1.39212
0.58585,-1.39214
0.58528,-1.39218
0.58448,-1.39222
0.58340,-1.39228
0.58193,-1.39236
0.57992,-1.39246
0.57716,-1.39259
0.57342,-1.39273
0.56836,-1.39288
0.56143,-1.39300
0.55115,-1.39298
0.53052,-1.39224
-0.60474,1.36083
-0.60996,1.36100
-0.61193,1.36106
-0.61326,1.36109
-0.61426,1.36112
-0.61503,1.36113
-0.61562,1.36115
-0.61605,1.36116
-0.61638,1.36116
-0.61661,1.36117
-0.61679,1.36117
-0.61693,1.36117
-0.61703,1.36118
-0.61712,1.36118
-0.61718,1.36118
-0.61723,1.36118
-0.61727,1.36118
0.58692,-1.39208
0.58692,-1.39208
0.58691,-1.39208
0.58690,-1.39208
0.58688,-1.39208
0.58687,-1.39208
0.58684,-1.39208
0.58680,-1.39208
0.58674,-1.39209
0.58663,-1.39209
0.58645,-1.39211
0.58616,-1.39212
0.58569,-1.39215
0.58500,-1.39219
0.58403,-1.39225
0.58269,-1.39232
0.58083,-1.39242
0.57822,-1.39254
0.57450,-1.39269
0.56910,-1.39286
0.56078,-1.39300
0.54461,-1.39284
-0.59788,1.36055
-0.60661,1.36090
-0.60931,1.36099
-0.61098,1.36103
-0.61221,1.36107
-0.61319,1.36109
-0.61401,1.36111
-0.61468,1.36113
-0.61524,1.36114
-0.61569,1.36115
-0.61604,1.36116
-0.61632,1.36116
-0.61654,1.36117
-0.61671,1.36117
-0.61684,1.36117
-0.61695,1.36117
-0.61703,1.36118
-0.61710,1.36118
0.58693,-1.39208
0.58693,-1.39208
0.58692,-1.39208
0.58691,-1.39208
0.58690,-1.39208
0.58689,-1.39208
0.58687,-1.39208
0.58684,-1.39208
0.58680,-1.39208
0.58673,-1.39209
0.58662,-1.39210
0.58641,-1.39211
0.58605,-1.39213
0.58548,-1.39216
0.58462,-1.39221
0.58341,-1.39228
0.58169,-1.39238
0.57920,-1.39250
0.57543,-1.39266
0.56915,-1.39286
0.55465,-1.39301
-0.58843,1.36005
-0.60182,1.36072
-0.60623,1.36089
-0.60862,1.36096
-0.61021,1.36101
-0.61140,1.36105
-0.61235,1.36107
-0.61316,1.36109
-0.61385,1.36111
-0.61445,1.36112
-0.61497,1.36113
-0.61540,1.36114
-0.61577,1.36115
-0.61606,1.36116
-0.61630,1.36116
-0.61650,1.36117
-0.61666,1.36117
-0.61678,1.36117
-0.61688,1.36117
0.58694,-1.39208
0.58694,-1.39208
0.58693,-1.39208
0.58692,-1.39208
0.58692,-1.39208
0.58691,-1.39208
0.58689,-1.39208
0.58688,-1.39208
0.58685,-1.39208
0.58681,-1.39208
0.58673,-1.39209
0.58660,-1.39210
0.58635,-1.39211
0.58591,-1.39214
0.58517,-1.39218
0.58405,-1.39225
0.58241,-1.39234
0.57991,-1.39246
0.57547,-1.39266
-0.34361,1.30948
-0.54548,1.35629
-0.58970,1.36012
-0.60082,1.36068
-0.60536,1.36085
-0.60787,1.36094
-0.60951,1.36099
-0.61071,1.36103
-0.61167,1.36105
-0.61247,1.36107
-0.61316,1.36109
-0.61376,1.36111
-0.61430,1.36112
-0.61478,1.36113
-0.61519,1.36114
-0.61555,1.36115
-0.61585,1.36115
-0.61611,1.36116
-0.61632,1.36116
-0.61649,1.36117
-0.61663,1.36117
0.58695,-1.39208
0.58694,-1.39208
0.58694,-1.39208
0.58694,-1.39208
0.58693,-1.39208
0.58692,-1.39208
0.58691,-1.39208
0.58690,-1.39208
0.58688,-1.39208
0.58686,-1.39208
0.58681,-1.39208
0.58674,-1.39209
0.58658,-1.39210
0.58627,-1.39212
0.58566,-1.39215
0.58459,-1.39222
0.58279,-1.39232
0.57796,-1.39255
-0.33238,1.30554
-0.44220,1.33806
-0.54221,1.35591
-0.58541,1.35986
-0.59878,1.36059
-0.60417,1.36081
-0.60701,1.36091
-0.60881,1.36097
-0.61008,1.36101
-0.61107,1.36104
-0.61188,1.36106
-0.61257,1.36108
-0.61317,1.36109
-0.61372,1.36110
-0.61421,1.36112
-0.61464,1.36113
-0.61504,1.36113
-0.61538,1.36114
-0.61569,1.36115
-0.61595,1.36115
-0.61617,1.36116
-0.61635,1.36116
0.58695,-1.39207
0.58695,-1.39207
0.58695,-1.39207
0.58695,-1.39208
0.58694,-1.39208
0.58694,-1.39208
0.58693,-1.39208
0.58692,-1.39208
0.58691,-1.39208
0.58690,-1.39208
0.58687,-1.39208
0.58683,-1.39208
0.58674,-1.39209
0.58655,-1.39210
0.58608,-1.39213
0.58490,-1.39220
-0.15198,1.22044
-0.30025,1.29346
-0.36532,1.31669
-0.44212,1.33804
-0.52829,1.35413
-0.57836,1.35938
-0.59585,1.36045
-0.60265,1.36075
-0.60603,1.36088
-0.60807,1.36095
-0.60947,1.36099
-0.61051,1.36102
-0.61135,1.36104
-0.61205,1.36106
-0.61267,1.36108
-0.61321,1.36109
-0.61370,1.36110
-0.61415,1.36111
-0.61456,1.36112
-0.61493,1.36113
-0.61526,1.36114
-0.61556,1.36115
-0.61582,1.36115
-0.61605,1.36116
0.58696,-1.39207
0.58696,-1.39207
0.58696,-1.39207
0.58696,-1.39207
0.58695,-1.39207
0.58695,-1.39207
0.58695,-1.39208
0.58694,-1.39208
0.58694,-1.39208
0.58693,-1.39208
0.58691,-1.39208
0.58689,-1.39208
0.58685,-1.39208
0.58675,-1.39209
0.58642,-1.39211
-0.08813,1.17799
-0.26734,1.27982
-0.31809,1.30032
-0.36725,1.31731
-0.43041,1.33520
-0.50939,1.35134
-0.56816,1.35857
-0.59182,1.36024
-0.60071,1.36067
-0.60488,1.36084
-0.60727,1.36092
-0.60883,1.36097
-0.60997,1.36100
-0.61086,1.36103
-0.61159,1.36105
-0.61221,1.36107
-0.61276,1.36108
-0.61325,1.36109
-0.61370,1.36110
-0.61412,1.36111
-0.61450,1.36112
-0.61486,1.36113
-0.61518,1.36114
-0.61547,1.36114
-0.61573,1.36115
0.58697,-1.39207
0.58697,-1.39207
0.58697,-1.39207
0.58697,-1.39207
0.58697,-1.39207
0.58696,-1.39207
0.58696,-1.39207
0.58696,-1.39207
0.58696,-1.39207
0.58695,-1.39207
0.58695,-1.39208
0.58694,-1.39208
0.58692,-1.39208
0.58688,-1.39208
0.58672,-1.39209
-0.21709,1.25632
-0.27649,1.28375
-0.31751,1.30010
-0.35985,1.31493
-0.41428,1.33105
-0.48679,1.34745
-0.55379,1.35720
-0.58612,1.35991
-0.59820,1.36056
-0.60350,1.36079
-0.60636,1.36089
-0.60815,1.36095
-0.60942,1.36099
-0.61038,1.36102
-0.61115,1.36104
-0.61179,1.36106
-0.61235,1.36107
-0.61285,1.36108
-0.61330,1.36109
-0.61372,1.36110
-0.61411,1.36111
-0.61448,1.36112
-0.61482,1.36113
-0.61513,1.36114
-0.61541,1.36114
0.58698,-1.39207
0.58698,-1.39207
0.58698,-1.39207
0.58698,-1.39207
0.58698,-1.39207
0.58698,-1.39207
0.58698,-1.39207
0.58698,-1.39207
0.58698,-1.39207
0.58698,-1.39207
0.58698,-1.39207
0.58699,-1.39207
0.58699,-1.39207
0.58702,-1.39207
0.58761,-1.39203
-0.21026,1.25286
-0.26841,1.28029
-0.30781,1.29641
-0.34675,1.31056
-0.39493,1.32569
-0.46069,1.34222
-0.53354,1.35483
-0.57762,1.35933
-0.59472,1.36039
-0.60173,1.36072
-0.60527,1.36085
-0.60739,1.36092
-0.60882,1.36097
-0.60988,1.36100
-0.61070,1.36103
-0.61138,1.36104
-0.61197,1.36106
-0.61248,1.36107
-0.61293,1.36109
-0.61336,1.36110
-0.61375,1.36111
-0.61412,1.36111
-0.61447,1.36112
-0.61480,1.36113
-0.61510,1.36114
0.58699,-1.39207
0.58699,-1.39207
0.58699,-1.39207
0.58699,-1.39207
0.58699,-1.39207
0.58700,-1.39207
0.58700,-1.39207
0.58700,-1.39207
0.58701,-1.39207
0.58702,-1.39207
0.58703,-1.39207
0.58705,-1.39207
0.58710,-1.39207
0.58725,-1.39206
0.58817,-1.39200
-0.14911,1.21869
-0.24495,1.26976
-0.28937,1.28910
-0.32780,1.30389
-0.37160,1.31868
-0.43027,1.33517
-0.50474,1.35058
-0.56363,1.35817
-0.58932,1.36010
-0.59924,1.36061
-0.60386,1.36080
-0.60645,1.36089
-0.60813,1.36095
-0.60932,1.36099
-0.61023,1.36101
-0.61097,1.36103
-0.61158,1.36105
-0.61211,1.36106
-0.61258,1.36108
-0.61301,1.36109
-0.61341,1.36110
-0.61378,1.36111
-0.61414,1.36111
-0.61447,1.36112
-0.61479,1.36113
0.58700,-1.39207
0.58700,-1.39207
0.58700,-1.39207
0.58701,-1.39207
0.58701,-1.39207
0.58702,-1.39207
0.58702,-1.39207
0.58703,-1.39207
0.58705,-1.39207
0.58707,-1.39207
0.58710,-1.39207
0.58716,-1.39206
0.58728,-1.39205
0.58757,-1.39204
0.58837,-1.39198
0.59100,-1.39180
-0.18327,1.23851
-0.25651,1.27504
-0.30008,1.29340
-0.34204,1.30894
-0.39382,1.32537
-0.46393,1.34291
-0.53779,1.35537
-0.57930,1.35945
-0.59512,1.36041
-0.60174,1.36072
-0.60515,1.36085
-0.60723,1.36092
-0.60864,1.36096
-0.60968,1.36100
-0.61050,1.36102
-0.61117,1.36104
-0.61173,1.36105
-0.61223,1.36107
-0.61267,1.36108
-0.61308,1.36109
-0.61346,1.36110
-0.61382,1.36111
-0.61416,1.36112
-0.61449,1.36112
0.58701,-1.39207
0.58701,-1.39207
0.58702,-1.39207
0.58702,-1.39207
0.58703,-1.39207
0.58704,-1.39207
0.58705,-1.39207
0.58707,-1.39207
0.58710,-1.39207
0.58713,-1.39206
0.58720,-1.39206
0.58731,-1.39205
0.58751,-1.39204
0.58789,-1.39201
0.58860,-1.39197
0.58979,-1.39189
0.59208,-1.39173
-0.16848,1.23017
-0.25244,1.27320
-0.30048,1.29356
-0.34795,1.31096
-0.40837,1.32946
-0.48732,1.34754
-0.55542,1.35737
-0.58623,1.35992
-0.59778,1.36054
-0.60297,1.36077
-0.60583,1.36087
-0.60764,1.36093
-0.60892,1.36097
-0.60989,1.36100
-0.61065,1.36102
-0.61129,1.36104
-0.61183,1.36106
-0.61231,1.36107
-0.61274,1.36108
-0.61314,1.36109
-0.61351,1.36110
-0.61386,1.36111
-0.61419,1.36112
0.58702,-1.39207
0.58703,-1.39207
0.58704,-1.39207
0.58705,-1.39207
0.58706,-1.39207
0.58707,-1.39207
0.58709,-1.39207
0.58712,-1.39206
0.58716,-1.39206
0.58723,-1.39206
0.58733,-1.39205
0.58749,-1.39204
0.58776,-1.39202
0.58820,-1.39199
0.58888,-1.39195
0.58981,-1.39189
0.59096,-1.39181
0.59231,-1.39171
0.59945,-1.39113
-0.21668,1.25612
-0.27979,1.28514
-0.33385,1.30606
-0.40015,1.32718
-0.48610,1.34732
-0.55703,1.35754
-0.58705,1.35997
-0.59808,1.36056
-0.60309,1.36077
-0.60587,1.36087
-0.60767,1.36093
-0.60894,1.36097
-0.60990,1.36100
-0.61067,1.36103
-0.61131,1.36104
-0.61186,1.36106
-0.61234,1.36107
-0.61277,1.36108
-0.61317,1.36109
-0.61354,1.36110
-0.61389,1.36111
0.58704,-1.39207
0.58705,-1.39207
0.58706,-1.39207
0.58707,-1.39207
0.58709,-1.39207
0.58711,-1.39206
0.58714,-1.39206
0.58719,-1.39206
0.58725,-1.39206
0.58734,-1.39205
0.58748,-1.39204
0.58770,-1.39203
0.58803,-1.39201
0.58852,-1.39197
0.58921,-1.39193
0.59011,-1.39187
0.59117,-1.39179
0.59228,-1.39171
0.59333,-1.39163
0.59424,-1.39156
0.59535,-1.39148
-0.16026,1.22537
-0.26039,1.27677
-0.33223,1.30548
-0.42159,1.33297
-0.52311,1.35341
-0.57721,1.35930
-0.59480,1.36040
-0.60161,1.36071
-0.60504,1.36084
-0.60713,1.36092
-0.60857,1.36096
-0.60964,1.36100
-0.61049,1.36102
-0.61118,1.36104
-0.61177,1.36106
-0.61229,1.36107
-0.61274,1.36108
-0.61316,1.36109
-0.61354,1.36110
0.58706,-1.39207
0.58707,-1.39207
0.58709,-1.39207
0.58711,-1.39207
0.58713,-1.39206
0.58716,-1.39206
0.58721,-1.39206
0.58727,-1.39206
0.58735,-1.39205
0.58748,-1.39204
0.58766,-1.39203
0.58792,-1.39201
0.58831,-1.39199
0.58886,-1.39195
0.58960,-1.39190
0.59055,-1.39184
0.59167,-1.39176
0.59294,-1.39166
0.59428,-1.39156
0.59567,-1.39145
0.59703,-1.39134
0.59830,-1.39123
0.59935,-1.39114
0.59996,-1.39109
0.59961,-1.39112
0.09138,0.99929
-0.30641,1.29587
-0.46967,1.34411
-0.57160,1.35886
-0.59511,1.36041
-0.60229,1.36074
-0.60562,1.36086
-0.60760,1.36093
-0.60896,1.36097
-0.60999,1.36101
-0.61081,1.36103
-0.61150,1.36105
-0.61210,1.36106
-0.61262,1.36108
-0.61308,1.36109
0.58708,-1.39207
0.58710,-1.39207
0.58712,-1.39206
0.58715,-1.39206
0.58718,-1.39206
0.58722,-1.39206
0.58728,-1.39205
0.58736,-1.39205
0.58747,-1.39204
0.58762,-1.39203
0.58785,-1.39202
0.58816,-1.39200
0.58861,-1.39197
0.58922,-1.39193
0.59003,-1.39187
0.59106,-1.39180
0.59230,-1.39171
0.59373,-1.39160
0.59535,-1.39148
0.59710,-1.39133
0.59895,-1.39118
0.60080,-1.39101
0.60254,-1.39085
0.60408,-1.39071
0.60536,-1.39058
0.60633,-1.39048
0.60697,-1.39042
0.60714,-1.39040
0.60617,-1.39050
0.60110,-1.39099
-0.47403,1.34499
-0.58706,1.35997
-0.60092,1.36068
-0.60532,1.36085
-0.60755,1.36093
-0.60901,1.36098
-0.61009,1.36101
-0.61096,1.36103
-0.61169,1.36105
-0.61233,1.36107
0.58711,-1.39206
0.58714,-1.39206
0.58716,-1.39206
0.58719,-1.39206
0.58724,-1.39206
0.58729,-1.39205
0.58736,-1.39205
0.58746,-1.39204
0.58760,-1.39203
0.58778,-1.39202
0.58805,-1.39201
0.58841,-1.39198
0.58892,-1.39195
0.58961,-1.39190
0.59050,-1.39184
0.59162,-1.39176
0.59297,-1.39166
0.59454,-1.39154
0.59632,-1.39140
0.59826,-1.39124
0.60028,-1.39106
0.60224,-1.39088
0.60402,-1.39071
0.60554,-1.39056
0.60679,-1.39044
0.60778,-1.39033
0.60857,-1.39025
0.60918,-1.39018
0.60965,-1.39013
0.60996,-1.39010
0.61004,-1.39009
0.60953,-1.39015
0.60508,-1.39061
-0.50613,1.35081
-0.59554,1.36044
-0.60405,1.36081
-0.60709,1.36091
-0.60881,1.36097
-0.61002,1.36101
-0.61098,1.36103
0.58715,-1.39206
0.58718,-1.39206
0.58721,-1.39206
0.58725,-1.39206
0.58730,-1.39205
0.58737,-1.39205
0.58745,-1.39204
0.58757,-1.39204
0.58773,-1.39203
0.58795,-1.39201
0.58826,-1.39199
0.58868,-1.39196
0.58925,-1.39193
0.59002,-1.39187
0.59100,-1.39180
0.59220,-1.39172
0.59364,-1.39161
0.59531,-1.39148
0.59718,-1.39133
0.59919,-1.39116
0.60123,-1.39097
0.60316,-1.39079
0.60487,-1.39063
0.60629,-1.39049
0.60743,-1.39037
0.60834,-1.39027
0.60906,-1.39020
0.60963,-1.39014
0.61010,-1.39009
0.61048,-1.39004
0.61080,-1.39001
0.61106,-1.38998
0.61123,-1.38996
0.61125,-1.38996
0.61077,-1.39001
0.60571,-1.39055
-0.56258,1.35807
-0.60086,1.36068
-0.60613,1.36088
-0.60838,1.36096
0.58719,-1.39206
0.58722,-1.39206
0.58726,-1.39206
0.58731,-1.39205
0.58737,-1.39205
0.58745,-1.39204
0.58755,-1.39204
0.58769,-1.39203
0.58787,-1.39202
0.58813,-1.39200
0.58848,-1.39198
0.58896,-1.39194
0.58961,-1.39190
0.59045,-1.39184
0.59151,-1.39177
0.59279,-1.39167
0.59430,-1.39156
0.59603,-1.39142
0.59794,-1.39126
0.59995,-1.39109
0.60196,-1.39091
0.60381,-1.39073
0.60542,-1.39057
0.60674,-1.39044
0.60780,-1.39033
0.60864,-1.39024
0.60930,-1.39017
0.60983,-1.39012
0.61026,-1.39007
0.61062,-1.39003
0.61092,-1.39000
0.61119,-1.38997
0.61142,-1.38994
0.61161,-1.38992
0.61178,-1.38990
0.61188,-1.38989
0.61185,-1.38989
0.61122,-1.38996
0.02749,1.07560
-0.59033,1.36016
0.58724,-1.39206
0.58727,-1.39205
0.58732,-1.39205
0.58737,-1.39205
0.58744,-1.39204
0.58753,-1.39204
0.58765,-1.39203
0.58781,-1.39202
0.58802,-1.39201
0.58831,-1.39199
0.58872,-1.39196
0.58926,-1.39192
0.58998,-1.39188
0.59090,-1.39181
0.59203,-1.39173
0.59338,-1.39163
0.59493,-1.39151
0.59669,-1.39137
0.59860,-1.39121
0.60058,-1.39103
0.60253,-1.39085
0.60430,-1.39068
0.60582,-1.39053
0.60706,-1.39041
0.60805,-1.39031
0.60883,-1.39022
0.60945,-1.39016
0.60994,-1.39010
0.61035,-1.39006
0.61069,-1.39002
0.61098,-1.38999
0.61122,-1.38996
0.61144,-1.38994
0.61163,-1.38992
0.61180,-1.38990
0.61195,-1.38988
0.61209,-1.38987
0.61220,-1.38985
0.61226,-1.38985
0.61215,-1.38986
0.58728,-1.39205
0.58733,-1.39205
0.58738,-1.39205
0.58744,-1.39204
0.58752,-1.39204
0.58762,-1.39203
0.58775,-1.39202
0.58793,-1.39201
0.58817,-1.39200
0.58851,-1.39197
0.58897,-1.39194
0.58958,-1.39190
0.59038,-1.39185
0.59137,-1.39178
0.59256,-1.39169
0.59395,-1.39159
0.59554,-1.39146
0.59730,-1.39132
0.59919,-1.39116
0.60113,-1.39098
0.60300,-1.39081
0.60468,-1.39065
0.60612,-1.39050
0.60729,-1.39038
0.60822,-1.39029
0.60896,-1.39021
0.60955,-1.39015
0.61003,-1.39009
0.61041,-1.39005
0.61074,-1.39002
0.61101,-1.38999
0.61125,-1.38996
0.61145,-1.38994
0.61163,-1.38992
0.61179,-1.38990
0.61193,-1.38988
0.61206,-1.38987
0.61218,-1.38986
0.61229,-1.38984
0.61239,-1.38983
0.58733,-1.39205
0.58738,-1.39205
0.58744,-1.39204
0.58750,-1.39204
0.58759,-1.39203
0.58770,-1.39203
0.58785,-1.39202
0.58806,-1.39200
0.58834,-1.39199
0.58872,-1.39196
0.58924,-1.39193
0.58992,-1.39188
0.59079,-1.39182
0.59185,-1.39174
0.59309,-1.39165
0.59451,-1.39154
0.59611,-1.39142
0.59786,-1.39127
0.59972,-1.39111
0.60160,-1.39094
0.60339,-1.39077
0.60500,-1.39062
0.60637,-1.39048
0.60748,-1.39036
0.60836,-1.39027
0.60907,-1.39020
0.60963,-1.39014
0.61009,-1.39009
0.61046,-1.39005
0.61078,-1.39001
0.61104,-1.38998
0.61127,-1.38996
0.61147,-1.38994
0.61164,-1.38992
0.61179,-1.38990
0.61192,-1.38988
0.61204,-1.38987
0.61215,-1.38986
0.61225,-1.38985
0.61234,-1.38984
0.58738,-1.39205
0.58743,-1.39204
0.58750,-1.39204
0.58757,-1.39204
0.58767,-1.39203
0.58779,-1.39202
0.58796,-1.39201
0.58819,-1.39200
0.58851,-1.39197
0.58894,-1.39195
0.58952,-1.39191
0.59028,-1.39186
0.59121,-1.39179
0.59233,-1.39171
0.59361,-1.39161
0.59506,-1.39150
0.59665,-1.39137
0.59838,-1.39123
0.60019,-1.39107
0.60202,-1.39090
0.60374,-1.39074
0.60527,-1.39059
0.60657,-1.39046
0.60763,-1.39035
0.60848,-1.39026
0.60916,-1.39019
0.60970,-1.39013
0.61014,-1.39008
0.61050,-1.39004
0.61081,-1.39001
0.61107,-1.38998
0.61129,-1.38996
0.61148,-1.38993
0.61165,-1.38992
0.61180,-1.38990
0.61192,-1.38988
0.61204,-1.38987
0.61214,-1.38986
0.61223,-1.38985
0.61231,-1.38984
