-0.62063,1.36124
-0.62062,1.36124
-0.62061,1.36124
-0.62061,1.36124
-0.62060,1.36124
-0.62059,1.36123
-0.62057,1.36123
-0.62056,1.36123
-0.62054,1.36123
-0.62052,1.36123
-0.62049,1.36123
-0.62045,1.36123
-0.62041,1.36123
-0.62035,1.36123
-0.62027,1.36123
-0.62017,1.36123
-0.62005,1.36123
-0.61991,1.36123
-0.61975,1.36122
-0.61956,1.36122
-0.61937,1.36122
-0.61918,1.36121
-0.61898,1.36121
-0.61878,1.36121
-0.61859,1.36120
-0.61842,1.36120
-0.61827,1.36120
-0.61815,1.36120
-0.61806,1.36119
-0.61800,1.36119
-0.61795,1.36119
-0.61792,1.36119
-0.61789,1.36119
-0.61787,1.36119
-0.61785,1.36119
-0.61784,1.36119
-0.61783,1.36119
-0.61782,1.36119
-0.61781,1.36119
-0.61780,1.36119
-0.62063,1.36124
-0.62062,1.36124
-0.62062,1.36124
-0.62061,1.36124
-0.62060,1.36124
-0.62059,1.36123
-0.62057,1.36123
-0.62056,1.36123
-0.62054,1.36123
-0.62052,1.36123
-0.62049,1.36123
-0.62045,1.36123
-0.62041,1.36123
-0.62035,1.36123
-0.62027,1.36123
-0.62017,1.36123
-0.62005,1.36123
-0.61990,1.36122
-0.61973,1.36122
-0.61954,1.36122
-0.61934,1.36122
-0.61913,1.36121
-0.61893,1.36121
-0.61873,1.36121
-0.61853,1.36120
-0.61836,1.36120
-0.61822,1.36120
-0.61811,1.36120
-0.61803,1.36119
-0.61798,1.36119
-0.61793,1.36119
-0.61790,1.36119
-0.61788,1.36119
-0.61786,1.36119
-0.61784,1.36119
-0.61783,1.36119
-0.61782,1.36119
-0.61781,1.36119
-0.61780,1.36119
-0.61779,1.36119
-0.62064,1.36124
-0.62063,1.36124
-0.62062,1.36124
-0.62061,1.36124
-0.62060,1.36124
-0.62059,1.36123
-0.62058,1.36123
-0.62056,1.36123
-0.62054,1.36123
-0.62052,1.36123
-0.62049,1.36123
-0.62045,1.36123
-0.62041,1.36123
-0.62035,1.36123
-0.62027,1.36123
-0.62017,1.36123
-0.62004,1.36123
-0.61989,1.36122
-0.61971,1.36122
-0.61951,1.36122
-0.61930,1.36122
-0.61909,1.36121
-0.61887,1.36121
-0.61867,1.36121
-0.61848,1.36120
-0.61831,1.36120
-0.61818,1.36120
-0.61808,1.36120
-0.61801,1.36119
-0.61796,1.36119
-0.61792,1.36119
-0.61789,1.36119
-0.61787,1.36119
-0.61785,1.36119
-0.61783,1.36119
-0.61782,1.36119
-0.61781,1.36119
-0.61780,1.36119
-0.61779,1.36119
-0.61778,1.36119
-0.62067,1.36124
-0.62065,1.36124
-0.62064,1.36124
-0.62062,1.36124
-0.62061,1.36124
-0.62060,1.36124
-0.62058,1.36123
-0.62056,1.36123
-0.62054,1.36123
-0.62052,1.36123
-0.62049,1.36123
-0.62045,1.36123
-0.62041,1.36123
-0.62034,1.36123
-0.62026,1.36123
-0.62016,1.36123
-0.62003,1.36123
-0.61987,1.36122
-0.61968,1.36122
-0.61947,1.36122
-0.61925,1.36121
-0.61903,1.36121
-0.61881,1.36121
-0.61860,1.36120
-0.61842,1.36120
-0.61826,1.36120
-0.61814,1.36120
-0.61805,1.36119
-0.61798,1.36119
-0.61794,1.36119
-0.61790,1.36119
-0.61787,1.36119
-0.61785,1.36119
-0.61783,1.36119
-0.61782,1.36119
-0.61781,1.36119
-0.61780,1.36119
-0.61778,1.36119
-0.61778,1.36119
-0.61777,1.36119
-0.62065,1.36124
-0.62067,1.36124
-0.62066,1.36124
-0.62064,1.36124
-0.62063,1.36124
-0.62061,1.36124
-0.62059,1.36124
-0.62057,1.36123
-0.62055,1.36123
-0.62052,1.36123
-0.62049,1.36123
-0.62045,1.36123
-0.62040,1.36123
-0.62034,1.36123
-0.62026,1.36123
-0.62015,1.36123
-0.62001,1.36123
-0.61984,1.36122
-0.61965,1.36122
-0.61943,1.36122
-0.61920,1.36121
-0.61897,1.36121
-0.61875,1.36121
-0.61854,1.36120
-0.61836,1.36120
-0.61821,1.36120
-0.61810,1.36120
-0.61802,1.36119
-0.61796,1.36119
-0.61792,1.36119
-0.61788,1.36119
-0.61786,1.36119
-0.61784,1.36119
-0.61782,1.36119
-0.61781,1.36119
-0.61779,1.36119
-0.61778,1.36119
-0.61777,1.36119
-0.61776,1.36119
-0.61776,1.36119
0.58534,-1.39217
0.58408,-1.39225
0.57973,-1.39247
-0.62060,1.36124
-0.62064,1.36124
-0.62063,1.36124
-0.62061,1.36124
-0.62058,1.36123
-0.62056,1.36123
-0.62053,1.36123
-0.62050,1.36123
-0.62046,1.36123
-0.62040,1.36123
-0.62034,1.36123
-0.62025,1.36123
-0.62014,1.36123
-0.61999,1.36123
-0.61981,1.36122
-0.61961,1.36122
-0.61938,1.36122
-0.61914,1.36121
-0.61890,1.36121
-0.61867,1.36121
-0.61847,1.36120
-0.61830,1.36120
-0.61816,1.36120
-0.61806,1.36119
-0.61799,1.36119
-0.61794,1.36119
-0.61790,1.36119
-0.61786,1.36119
-0.61784,1.36119
-0.61782,1.36119
-0.61780,1.36119
-0.61779,1.36119
-0.61778,1.36119
-0.61777,1.36119
-0.61776,1.36119
-0.61775,1.36119
-0.61774,1.36119
0.58645,-1.39211
0.58617,-1.39212
0.58576,-1.39215
0.58512,-1.39219
0.58401,-1.39225
0.58136,-1.39239
-0.62038,1.36123
-0.62056,1.36123
-0.62056,1.36123
-0.62053,1.36123
-0.62050,1.36123
-0.62045,1.36123
-0.62040,1.36123
-0.62032,1.36123
-0.62023,1.36123
-0.62011,1.36123
-0.61996,1.36123
-0.61977,1.36122
-0.61955,1.36122
-0.61931,1.36122
-0.61906,1.36121
-0.61882,1.36121
-0.61859,1.36120
-0.61840,1.36120
-0.61824,1.36120
-0.61812,1.36120
-0.61803,1.36119
-0.61796,1.36119
-0.61791,1.36119
-0.61787,1.36119
-0.61784,1.36119
-0.61782,1.36119
-0.61780,1.36119
-0.61779,1.36119
-0.61778,1.36119
-0.61776,1.36119
-0.61775,1.36119
-0.61775,1.36119
-0.61774,1.36119
-0.61773,1.36119
0.58678,-1.39209
0.58666,-1.39209
0.58650,-1.39210
0.58628,-1.39212
0.58600,-1.39213
0.58562,-1.39216
0.58508,-1.39219
0.58428,-1.39223
0.58299,-1.39231
0.58016,-1.39245
-0.62000,1.36123
-0.62033,1.36123
-0.62033,1.36123
-0.62027,1.36123
-0.62017,1.36123
-0.62005,1.36123
-0.61988,1.36122
-0.61968,1.36122
-0.61946,1.36122
-0.61921,1.36121
-0.61896,1.36121
-0.61872,1.36121
-0.61851,1.36120
-0.61833,1.36120
-0.61818,1.36120
-0.61807,1.36120
-0.61799,1.36119
-0.61793,1.36119
-0.61788,1.36119
-0.61785,1.36119
-0.61782,1.36119
-0.61780,1.36119
-0.61778,1.36119
-0.61777,1.36119
-0.61776,1.36119
-0.61775,1.36119
-0.61774,1.36119
-0.61773,1.36119
-0.61773,1.36119
-0.61772,1.36119
0.58689,-1.39208
0.58684,-1.39208
0.58677,-1.39209
0.58666,-1.39209
0.58652,-1.39210
0.58634,-1.39211
0.58613,-1.39213
0.58585,-1.39214
0.58551,-1.39216
0.58507,-1.39219
0.58450,-1.39222
0.58378,-1.39226
0.58280,-1.39232
0.58140,-1.39239
0.57896,-1.39251
0.57123,-1.39280
-0.61948,1.36122
-0.61943,1.36122
-0.61926,1.36122
-0.61905,1.36121
-0.61883,1.36121
-0.61862,1.36120
-0.61843,1.36120
-0.61826,1.36120
-0.61813,1.36120
-0.61803,1.36119
-0.61795,1.36119
-0.61790,1.36119
-0.61785,1.36119
-0.61782,1.36119
-0.61780,1.36119
-0.61778,1.36119
-0.61777,1.36119
-0.61775,1.36119
-0.61774,1.36119
-0.61773,1.36119
-0.61773,1.36119
-0.61772,1.36119
-0.61772,1.36119
-0.61771,1.36119
0.58692,-1.39208
0.58690,-1.39208
0.58687,-1.39208
0.58682,-1.39208
0.58674,-1.39209
0.58664,-1.39209
0.58651,-1.39210
0.58635,-1.39211
0.58616,-1.39212
0.58592,-1.39214
0.58564,-1.39216
0.58529,-1.39218
0.58486,-1.39220
0.58434,-1.39223
0.58369,-1.39227
0.58286,-1.39231
0.58174,-1.39237
0.58006,-1.39246
0.57704,-1.39259
0.56570,-1.39294
-0.61868,1.36121
-0.61852,1.36120
-0.61835,1.36120
-0.61821,1.36120
-0.61808,1.36120
-0.61799,1.36119
-0.61791,1.36119
-0.61786,1.36119
-0.61782,1.36119
-0.61779,1.36119
-0.61777,1.36119
-0.61776,1.36119
-0.61775,1.36119
-0.61774,1.36119
-0.61773,1.36119
-0.61772,1.36119
-0.61771,1.36119
-0.61771,1.36119
-0.61770,1.36119
-0.61770,1.36119
0.58694,-1.39208
0.58693,-1.39208
0.58691,-1.39208
0.58688,-1.39208
0.58684,-1.39208
0.58678,-1.39209
0.58669,-1.39209
0.58659,-1.39210
0.58646,-1.39211
0.58629,-1.39212
0.58609,-1.39213
0.58585,-1.39214
0.58554,-1.39216
0.58517,-1.39218
0.58471,-1.39221
0.58414,-1.39224
0.58341,-1.39228
0.58247,-1.39233
0.58121,-1.39240
0.57939,-1.39249
0.57626,-1.39263
0.56610,-1.39293
-0.61834,1.36120
-0.61817,1.36120
-0.61804,1.36119
-0.61794,1.36119
-0.61787,1.36119
-0.61782,1.36119
-0.61779,1.36119
-0.61777,1.36119
-0.61775,1.36119
-0.61774,1.36119
-0.61773,1.36119
-0.61772,1.36119
-0.61771,1.36119
-0.61770,1.36119
-0.61770,1.36119
-0.61770,1.36119
-0.61769,1.36119
-0.61769,1.36119
0.58695,-1.39207
0.58694,-1.39208
0.58693,-1.39208
0.58691,-1.39208
0.58688,-1.39208
0.58684,-1.39208
0.58679,-1.39209
0.58671,-1.39209
0.58661,-1.39210
0.58649,-1.39210
0.58633,-1.39211
0.58614,-1.39212
0.58590,-1.39214
0.58559,-1.39216
0.58521,-1.39218
0.58473,-1.39221
0.58413,-1.39224
0.58337,-1.39229
0.58241,-1.39234
0.58117,-1.39240
0.57948,-1.39249
0.57683,-1.39260
0.57068,-1.39282
-0.61820,1.36120
-0.61799,1.36119
-0.61788,1.36119
-0.61782,1.36119
-0.61778,1.36119
-0.61775,1.36119
-0.61774,1.36119
-0.61772,1.36119
-0.61771,1.36119
-0.61770,1.36119
-0.61770,1.36119
-0.61769,1.36119
-0.61769,1.36119
-0.61769,1.36119
-0.61768,1.36119
-0.61768,1.36119
-0.61768,1.36119
0.58695,-1.39207
0.58695,-1.39207
0.58694,-1.39208
0.58693,-1.39208
0.58691,-1.39208
0.58688,-1.39208
0.58684,-1.39208
0.58679,-1.39209
0.58671,-1.39209
0.58661,-1.39210
0.58648,-1.39210
0.58632,-1.39211
0.58611,-1.39213
0.58585,-1.39214
0.58551,-1.39216
0.58509,-1.39219
0.58455,-1.39222
0.58388,-1.39226
0.58304,-1.39230
0.58200,-1.39236
0.58066,-1.39243
0.57885,-1.39251
0.57593,-1.39264
0.56809,-1.39289
-0.61794,1.36119
-0.61781,1.36119
-0.61776,1.36119
-0.61773,1.36119
-0.61771,1.36119
-0.61770,1.36119
-0.61769,1.36119
-0.61769,1.36119
-0.61768,1.36119
-0.61768,1.36119
-0.61767,1.36119
-0.61767,1.36119
-0.61767,1.36119
-0.61767,1.36119
-0.61767,1.36119
-0.61766,1.36119
0.58696,-1.39207
0.58695,-1.39207
0.58695,-1.39207
0.58694,-1.39208
0.58693,-1.39208
0.58691,-1.39208
0.58688,-1.39208
0.58684,-1.39208
0.58677,-1.39209
0.58669,-1.39209
0.58658,-1.39210
0.58644,-1.39211
0.58626,-1.39212
0.58603,-1.39213
0.58573,-1.39215
0.58534,-1.39217
0.58485,-1.39220
0.58422,-1.39224
0.58345,-1.39228
0.58249,-1.39233
0.58130,-1.39240
0.57977,-1.39247
0.57753,-1.39257
0.57318,-1.39274
-0.61780,1.36119
-0.61772,1.36119
-0.61769,1.36119
-0.61767,1.36119
-0.61767,1.36119
-0.61766,1.36119
-0.61766,1.36119
-0.61765,1.36119
-0.61765,1.36119
-0.61765,1.36119
-0.61765,1.36119
-0.61765,1.36119
-0.61765,1.36119
-0.61765,1.36119
-0.61765,1.36119
-0.61765,1.36119
0.58696,-1.39207
0.58696,-1.39207
0.58695,-1.39207
0.58695,-1.39207
0.58694,-1.39208
0.58693,-1.39208
0.58690,-1.39208
0.58687,-1.39208
0.58683,-1.39208
0.58676,-1.39209
0.58666,-1.39209
0.58654,-1.39210
0.58638,-1.39211
0.58617,-1.39212
0.58590,-1.39214
0.58554,-1.39216
0.58508,-1.39219
0.58449,-1.39222
0.58375,-1.39226
0.58283,-1.39232
0.58170,-1.39238
0.58026,-1.39245
0.57822,-1.39254
0.57450,-1.39269
0.54858,-1.39294
-0.61751,1.36118
-0.61756,1.36119
-0.61758,1.36119
-0.61759,1.36119
-0.61760,1.36119
-0.61761,1.36119
-0.61761,1.36119
-0.61762,1.36119
-0.61762,1.36119
-0.61762,1.36119
-0.61762,1.36119
-0.61763,1.36119
-0.61763,1.36119
-0.61763,1.36119
-0.61763,1.36119
0.58697,-1.39207
0.58696,-1.39207
0.58696,-1.39207
0.58696,-1.39207
0.58695,-1.39207
0.58694,-1.39208
0.58692,-1.39208
0.58690,-1.39208
0.58686,-1.39208
0.58681,-1.39208
0.58673,-1.39209
0.58663,-1.39210
0.58648,-1.39210
0.58629,-1.39212
0.58604,-1.39213
0.58571,-1.39215
0.58528,-1.39218
0.58471,-1.39221
0.58399,-1.39225
0.58309,-1.39230
0.58197,-1.39236
0.58052,-1.39244
0.57843,-1.39253
0.57436,-1.39270
-0.61577,1.36115
-0.61702,1.36118
-0.61727,1.36118
-0.61739,1.36118
-0.61746,1.36118
-0.61750,1.36118
-0.61753,1.36119
-0.61755,1.36119
-0.61756,1.36119
-0.61757,1.36119
-0.61758,1.36119
-0.61759,1.36119
-0.61759,1.36119
-0.61760,1.36119
-0.61760,1.36119
-0.61761,1.36119
0.58697,-1.39207
0.58697,-1.39207
0.58696,-1.39207
0.58696,-1.39207
0.58696,-1.39207
0.58695,-1.39207
0.58694,-1.39208
0.58692,-1.39208
0.58690,-1.39208
0.58685,-1.39208
0.58679,-1.39208
0.58670,-1.39209
0.58657,-1.39210
0.58640,-1.39211
0.58618,-1.39212
0.58587,-1.39214
0.58547,-1.39217
0.58492,-1.39220
0.58422,-1.39224
0.58331,-1.39229
0.58214,-1.39235
0.58057,-1.39243
0.57813,-1.39255
0.57166,-1.39279
-0.61571,1.36115
-0.61645,1.36116
-0.61683,1.36117
-0.61707,1.36118
-0.61722,1.36118
-0.61732,1.36118
-0.61739,1.36118
-0.61744,1.36118
-0.61748,1.36118
-0.61750,1.36118
-0.61752,1.36119
-0.61754,1.36119
-0.61755,1.36119
-0.61756,1.36119
-0.61757,1.36119
-0.61758,1.36119
0.58697,-1.39207
0.58697,-1.39207
0.58697,-1.39207
0.58696,-1.39207
0.58696,-1.39207
0.58696,-1.39207
0.58695,-1.39208
0.58694,-1.39208
0.58692,-1.39208
0.58689,-1.39208
0.58684,-1.39208
0.58677,-1.39209
0.58666,-1.39209
0.58651,-1.39210
0.58630,-1.39211
0.58603,-1.39213
0.58565,-1.39215
0.58513,-1.39219
0.58443,-1.39223
0.58349,-1.39228
0.58221,-1.39235
0.58033,-1.39244
0.57661,-1.39261
-0.61405,1.36111
-0.61551,1.36115
-0.61606,1.36116
-0.61643,1.36116
-0.61671,1.36117
-0.61692,1.36117
-0.61708,1.36118
-0.61720,1.36118
-0.61729,1.36118
-0.61736,1.36118
-0.61741,1.36118
-0.61744,1.36118
-0.61747,1.36118
-0.61749,1.36118
-0.61751,1.36118
-0.61753,1.36119
-0.61754,1.36119
0.58697,-1.39207
0.58697,-1.39207
0.58697,-1.39207
0.58697,-1.39207
0.58696,-1.39207
0.58696,-1.39207
0.58696,-1.39207
0.58695,-1.39207
0.58694,-1.39208
0.58692,-1.39208
0.58688,-1.39208
0.58683,-1.39208
0.58674,-1.39209
0.58661,-1.39210
0.58642,-1.39211
0.58617,-1.39212
0.58582,-1.39214
0.58533,-1.39217
0.58463,-1.39221
0.58362,-1.39227
0.58209,-1.39235
0.57914,-1.39250
-0.61209,1.36106
-0.61457,1.36112
-0.61533,1.36114
-0.61580,1.36115
-0.61614,1.36116
-0.61641,1.36116
-0.61664,1.36117
-0.61682,1.36117
-0.61698,1.36117
-0.61710,1.36118
-0.61720,1.36118
-0.61728,1.36118
-0.61734,1.36118
-0.61738,1.36118
-0.61742,1.36118
-0.61745,1.36118
-0.61747,1.36118
-0.61749,1.36118
0.58697,-1.39207
0.58697,-1.39207
0.58697,-1.39207
0.58697,-1.39207
0.58697,-1.39207
0.58697,-1.39207
0.58696,-1.39207
0.58696,-1.39207
0.58695,-1.39207
0.58694,-1.39208
0.58691,-1.39208
0.58687,-1.39208
0.58681,-1.39208
0.58670,-1.39209
0.58654,-1.39210
0.58631,-1.39211
0.58598,-1.39213
0.58551,-1.39216
0.58480,-1.39220
0.58363,-1.39227
0.58097,-1.39241
-0.60934,1.36099
-0.61322,1.36109
-0.61447,1.36112
-0.61514,1.36114
-0.61558,1.36115
-0.61591,1.36115
-0.61618,1.36116
-0.61640,1.36116
-0.61659,1.36117
-0.61676,1.36117
-0.61690,1.36117
-0.61702,1.36118
-0.61712,1.36118
-0.61720,1.36118
-0.61727,1.36118
-0.61732,1.36118
-0.61737,1.36118
-0.61740,1.36118
-0.61743,1.36118
0.58698,-1.39207
0.58697,-1.39207
0.58697,-1.39207
0.58697,-1.39207
0.58697,-1.39207
0.58697,-1.39207
0.58697,-1.39207
0.58696,-1.39207
0.58696,-1.39207
0.58695,-1.39207
0.58694,-1.39208
0.58691,-1.39208
0.58686,-1.39208
0.58678,-1.39209
0.58664,-1.39209
0.58643,-1.39211
0.58612,-1.39213
0.58565,-1.39215
0.58481,-1.39220
-0.50468,1.35058
-0.59598,1.36046
-0.60972,1.36100
-0.61293,1.36109
-0.61422,1.36112
-0.61493,1.36113
-0.61539,1.36114
-0.61572,1.36115
-0.61599,1.36116
-0.61621,1.36116
-0.61640,1.36116
-0.61657,1.36117
-0.61672,1.36117
-0.61685,1.36117
-0.61696,1.36117
-0.61706,1.36118
-0.61715,1.36118
-0.61722,1.36118
-0.61727,1.36118
-0.61732,1.36118
-0.61736,1.36118
0.58698,-1.39207
0.58698,-1.39207
0.58698,-1.39207
0.58697,-1.39207
0.58697,-1.39207
0.58697,-1.39207
0.58697,-1.39207
0.58697,-1.39207
0.58696,-1.39207
0.58696,-1.39207
0.58695,-1.39207
0.58694,-1.39208
0.58691,-1.39208
0.58685,-1.39208
0.58673,-1.39209
0.58653,-1.39210
0.58619,-1.39212
0.58528,-1.39218
-0.49791,1.34944
-0.55612,1.35744
-0.59489,1.36040
-0.60845,1.36096
-0.61235,1.36107
-0.61389,1.36111
-0.61469,1.36113
-0.61519,1.36114
-0.61555,1.36115
-0.61582,1.36115
-0.61605,1.36116
-0.61624,1.36116
-0.61641,1.36116
-0.61656,1.36117
-0.61669,1.36117
-0.61681,1.36117
-0.61692,1.36117
-0.61702,1.36118
-0.61710,1.36118
-0.61717,1.36118
-0.61723,1.36118
-0.61728,1.36118
0.58698,-1.39207
0.58698,-1.39207
0.58698,-1.39207
0.58698,-1.39207
0.58698,-1.39207
0.58697,-1.39207
0.58697,-1.39207
0.58697,-1.39207
0.58697,-1.39207
0.58697,-1.39207
0.58696,-1.39207
0.58695,-1.39207
0.58694,-1.39208
0.58690,-1.39208
0.58681,-1.39208
0.58659,-1.39210
-0.37335,1.31923
-0.47760,1.34569
-0.51725,1.35255
-0.55608,1.35744
-0.59017,1.36015
-0.60635,1.36089
-0.61151,1.36105
-0.61345,1.36110
-0.61441,1.36112
-0.61498,1.36113
-0.61537,1.36114
-0.61567,1.36115
-0.61590,1.36115
-0.61610,1.36116
-0.61627,1.36116
-0.61642,1.36116
-0.61655,1.36117
-0.61668,1.36117
-0.61679,1.36117
-0.61689,1.36117
-0.61698,1.36118
-0.61707,1.36118
-0.61714,1.36118
-0.61720,1.36118
0.58698,-1.39207
0.58698,-1.39207
0.58698,-1.39207
0.58698,-1.39207
0.58698,-1.39207
0.58698,-1.39207
0.58698,-1.39207
0.58698,-1.39207
0.58697,-1.39207
0.58697,-1.39207
0.58697,-1.39207
0.58697,-1.39207
0.58696,-1.39207
0.58694,-1.39208
0.58688,-1.39208
-0.32929,1.30443
-0.45552,1.34110
-0.48905,1.34786
-0.51833,1.35271
-0.55071,1.35688
-0.58343,1.35974
-0.60323,1.36078
-0.61034,1.36102
-0.61290,1.36108
-0.61409,1.36111
-0.61476,1.36113
-0.61520,1.36114
-0.61552,1.36115
-0.61576,1.36115
-0.61597,1.36115
-0.61614,1.36116
-0.61629,1.36116
-0.61643,1.36116
-0.61655,1.36117
-0.61667,1.36117
-0.61677,1.36117
-0.61687,1.36117
-0.61696,1.36117
-0.61704,1.36118
-0.61711,1.36118
0.58698,-1.39207
0.58698,-1.39207
0.58698,-1.39207
0.58698,-1.39207
0.58698,-1.39207
0.58698,-1.39207
0.58698,-1.39207
0.58698,-1.39207
0.58698,-1.39207
0.58698,-1.39207
0.58698,-1.39207
0.58697,-1.39207
0.58697,-1.39207
0.58696,-1.39207
0.58693,-1.39208
-0.42009,1.33258
-0.46177,1.34245
-0.48868,1.34779
-0.51415,1.35208
-0.54300,1.35600
-0.57486,1.35912
-0.59869,1.36058
-0.60866,1.36097
-0.61218,1.36107
-0.61370,1.36110
-0.61450,1.36112
-0.61501,1.36113
-0.61536,1.36114
-0.61563,1.36115
-0.61584,1.36115
-0.61602,1.36116
-0.61618,1.36116
-0.61632,1.36116
-0.61644,1.36116
-0.61656,1.36117
-0.61667,1.36117
-0.61677,1.36117
-0.61686,1.36117
-0.61695,1.36117
-0.61703,1.36118
0.58698,-1.39207
0.58698,-1.39207
0.58698,-1.39207
0.58698,-1.39207
0.58698,-1.39207
0.58698,-1.39207
0.58698,-1.39207
0.58698,-1.39207
0.58698,-1.39207
0.58698,-1.39207
0.58698,-1.39207
0.58698,-1.39207
0.58699,-1.39207
0.58699,-1.39207
0.58710,-1.39207
-0.41519,1.33129
-0.45625,1.34126
-0.48250,1.34664
-0.50654,1.35088
-0.53325,1.35479
-0.56420,1.35822
-0.59197,1.36025
-0.60612,1.36088
-0.61118,1.36104
-0.61319,1.36109
-0.61420,1.36112
-0.61479,1.36113
-0.61519,1.36114
-0.61549,1.36114
-0.61572,1.36115
-0.61591,1.36115
-0.61607,1.36116
-0.61621,1.36116
-0.61634,1.36116
-0.61646,1.36116
-0.61657,1.36117
-0.61667,1.36117
-0.61676,1.36117
-0.61686,1.36117
-0.61694,1.36117
0.58698,-1.39207
0.58698,-1.39207
0.58698,-1.39207
0.58699,-1.39207
0.58699,-1.39207
0.58699,-1.39207
0.58699,-1.39207
0.58699,-1.39207
0.58699,-1.39207
0.58699,-1.39207
0.58699,-1.39207
0.58700,-1.39207
0.58701,-1.39207
0.58704,-1.39207
0.58721,-1.39206
-0.37131,1.31859
-0.43992,1.33752
-0.47042,1.34426
-0.49510,1.34895
-0.52075,1.35307
-0.55065,1.35687
-0.58172,1.35962
-0.60181,1.36072
-0.60961,1.36099
-0.61248,1.36107
-0.61380,1.36111
-0.61453,1.36112
-0.61500,1.36113
-0.61533,1.36114
-0.61559,1.36115
-0.61579,1.36115
-0.61596,1.36115
-0.61611,1.36116
-0.61624,1.36116
-0.61636,1.36116
-0.61647,1.36116
-0.61658,1.36117
-0.61667,1.36117
-0.61677,1.36117
-0.61685,1.36117
0.58699,-1.39207
0.58699,-1.39207
0.58699,-1.39207
0.58699,-1.39207
0.58699,-1.39207
0.58699,-1.39207
0.58699,-1.39207
0.58699,-1.39207
0.58700,-1.39207
0.58700,-1.39207
0.58701,-1.39207
0.58702,-1.39207
0.58704,-1.39207
0.58710,-1.39207
0.58725,-1.39206
0.58775,-1.39202
-0.39574,1.32593
-0.44802,1.33941
-0.47749,1.34567
-0.50375,1.35042
-0.53268,1.35471
-0.56557,1.35835
-0.59341,1.36033
-0.60663,1.36090
-0.61130,1.36104
-0.61320,1.36109
-0.61416,1.36112
-0.61475,1.36113
-0.61514,1.36114
-0.61543,1.36114
-0.61566,1.36115
-0.61585,1.36115
-0.61601,1.36116
-0.61614,1.36116
-0.61627,1.36116
-0.61638,1.36116
-0.61649,1.36117
-0.61659,1.36117
-0.61668,1.36117
-0.61677,1.36117
0.58699,-1.39207
0.58699,-1.39207
0.58699,-1.39207
0.58699,-1.39207
0.58699,-1.39207
0.58699,-1.39207
0.58700,-1.39207
0.58700,-1.39207
0.58701,-1.39207
0.58701,-1.39207
0.58702,-1.39207
0.58704,-1.39207
0.58708,-1.39207
0.58716,-1.39206
0.58729,-1.39205
0.58752,-1.39204
0.58796,-1.39201
-0.38512,1.32282
-0.44518,1.33876
-0.47775,1.34572
-0.50725,1.35099
-0.54008,1.35565
-0.57507,1.35914
-0.59921,1.36061
-0.60870,1.36097
-0.61206,1.36106
-0.61355,1.36110
-0.61435,1.36112
-0.61486,1.36113
-0.61522,1.36114
-0.61549,1.36114
-0.61571,1.36115
-0.61588,1.36115
-0.61604,1.36116
-0.61617,1.36116
-0.61629,1.36116
-0.61640,1.36116
-0.61650,1.36117
-0.61660,1.36117
-0.61669,1.36117
0.58699,-1.39207
0.58699,-1.39207
0.58699,-1.39207
0.58700,-1.39207
0.58700,-1.39207
0.58700,-1.39207
0.58700,-1.39207
0.58701,-1.39207
0.58702,-1.39207
0.58703,-1.39207
0.58705,-1.39207
0.58708,-1.39207
0.58713,-1.39206
0.58722,-1.39206
0.58734,-1.39205
0.58752,-1.39204
0.58774,-1.39202
0.58800,-1.39201
0.58938,-1.39192
-0.41980,1.33250
-0.46401,1.34293
-0.49881,1.34959
-0.53594,1.35514
-0.57459,1.35910
-0.59973,1.36063
-0.60894,1.36097
-0.61215,1.36107
-0.61358,1.36110
-0.61437,1.36112
-0.61487,1.36113
-0.61523,1.36114
-0.61550,1.36114
-0.61571,1.36115
-0.61589,1.36115
-0.61604,1.36116
-0.61618,1.36116
-0.61630,1.36116
-0.61640,1.36116
-0.61651,1.36117
-0.61660,1.36117
0.58699,-1.39207
0.58700,-1.39207
0.58700,-1.39207
0.58700,-1.39207
0.58700,-1.39207
0.58701,-1.39207
0.58701,-1.39207
0.58702,-1.39207
0.58703,-1.39207
0.58705,-1.39207
0.58708,-1.39207
0.58712,-1.39206
0.58718,-1.39206
0.58728,-1.39205
0.58741,-1.39205
0.58758,-1.39204
0.58778,-1.39202
0.58799,-1.39201
0.58820,-1.39200
0.58837,-1.39198
0.58859,-1.39197
-0.37924,1.32105
-0.45072,1.34002
-0.49782,1.34942
-0.54655,1.35641
-0.58836,1.36005
-0.60600,1.36088
-0.61120,1.36104
-0.61316,1.36109
-0.61413,1.36111
-0.61472,1.36113
-0.61512,1.36114
-0.61542,1.36114
-0.61566,1.36115
-0.61585,1.36115
-0.61602,1.36116
-0.61616,1.36116
-0.61629,1.36116
-0.61640,1.36116
-0.61651,1.36117
0.58700,-1.39207
0.58700,-1.39207
0.58700,-1.39207
0.58701,-1.39207
0.58701,-1.39207
0.58702,-1.39207
0.58703,-1.39207
0.58704,-1.39207
0.58705,-1.39207
0.58708,-1.39207
0.58711,-1.39206
0.58716,-1.39206
0.58724,-1.39206
0.58734,-1.39205
0.58748,-1.39204
0.58766,-1.39203
0.58788,-1.39202
0.58812,-1.39200
0.58838,-1.39198
0.58865,-1.39197
0.58891,-1.39195
0.58916,-1.39193
0.58936,-1.39192
0.58948,-1.39191
0.58941,-1.39191
-0.22189,1.25871
-0.48160,1.34647
-0.56797,1.35856
-0.60429,1.36082
-0.61129,1.36104
-0.61335,1.36110
-0.61430,1.36112
-0.61485,1.36113
-0.61523,1.36114
-0.61552,1.36115
-0.61575,1.36115
-0.61594,1.36115
-0.61611,1.36116
-0.61625,1.36116
-0.61638,1.36116
0.58700,-1.39207
0.58701,-1.39207
0.58701,-1.39207
0.58701,-1.39207
0.58702,-1.39207
0.58703,-1.39207
0.58704,-1.39207
0.58705,-1.39207
0.58708,-1.39207
0.58711,-1.39207
0.58715,-1.39206
0.58721,-1.39206
0.58729,-1.39205
0.58741,-1.39205
0.58756,-1.39204
0.58776,-1.39202
0.58800,-1.39201
0.58827,-1.39199
0.58858,-1.39197
0.58892,-1.39195
0.58928,-1.39192
0.58964,-1.39190
0.58998,-1.39188
0.59028,-1.39186
0.59053,-1.39184
0.59072,-1.39182
0.59085,-1.39182
0.59088,-1.39181
0.59069,-1.39183
0.58970,-1.39190
-0.56976,1.35871
-0.60894,1.36097
-0.61296,1.36109
-0.61421,1.36112
-0.61484,1.36113
-0.61525,1.36114
-0.61555,1.36115
-0.61579,1.36115
-0.61600,1.36116
-0.61617,1.36116
0.58701,-1.39207
0.58701,-1.39207
0.58702,-1.39207
0.58702,-1.39207
0.58703,-1.39207
0.58704,-1.39207
0.58706,-1.39207
0.58707,-1.39207
0.58710,-1.39207
0.58714,-1.39206
0.58719,-1.39206
0.58726,-1.39206
0.58735,-1.39205
0.58748,-1.39204
0.58765,-1.39203
0.58787,-1.39202
0.58813,-1.39200
0.58843,-1.39198
0.58877,-1.39196
0.58915,-1.39193
0.58954,-1.39191
0.58992,-1.39188
0.59027,-1.39186
0.59057,-1.39184
0.59081,-1.39182
0.59101,-1.39180
0.59116,-1.39179
0.59128,-1.39178
0.59138,-1.39178
0.59144,-1.39177
0.59145,-1.39177
0.59135,-1.39178
0.59048,-1.39184
-0.58223,1.35966
-0.61142,1.36105
-0.61385,1.36111
-0.61471,1.36113
-0.61519,1.36114
-0.61553,1.36115
-0.61580,1.36115
0.58702,-1.39207
0.58702,-1.39207
0.58703,-1.39207
0.58703,-1.39207
0.58704,-1.39207
0.58706,-1.39207
0.58707,-1.39207
0.58710,-1.39207
0.58713,-1.39206
0.58717,-1.39206
0.58723,-1.39206
0.58731,-1.39205
0.58742,-1.39205
0.58756,-1.39204
0.58775,-1.39202
0.58798,-1.39201
0.58826,-1.39199
0.58858,-1.39197
0.58894,-1.39195
0.58933,-1.39192
0.58973,-1.39189
0.59010,-1.39187
0.59043,-1.39184
0.59071,-1.39182
0.59094,-1.39181
0.59112,-1.39180
0.59126,-1.39179
0.59137,-1.39178
0.59146,-1.39177
0.59154,-1.39177
0.59160,-1.39176
0.59165,-1.39176
0.59169,-1.39176
0.59169,-1.39176
0.59160,-1.39176
0.59060,-1.39183
-0.60148,1.36071
-0.61295,1.36109
-0.61444,1.36112
-0.61507,1.36114
0.58702,-1.39207
0.58703,-1.39207
0.58704,-1.39207
0.58705,-1.39207
0.58706,-1.39207
0.58707,-1.39207
0.58709,-1.39207
0.58712,-1.39206
0.58715,-1.39206
0.58720,-1.39206
0.58727,-1.39205
0.58736,-1.39205
0.58748,-1.39204
0.58765,-1.39203
0.58785,-1.39202
0.58809,-1.39200
0.58838,-1.39198
0.58872,-1.39196
0.58908,-1.39194
0.58948,-1.39191
0.58987,-1.39188
0.59023,-1.39186
0.59054,-1.39184
0.59080,-1.39182
0.59101,-1.39180
0.59118,-1.39179
0.59131,-1.39178
0.59141,-1.39178
0.59150,-1.39177
0.59157,-1.39176
0.59163,-1.39176
0.59168,-1.39176
0.59172,-1.39175
0.59176,-1.39175
0.59180,-1.39175
0.59182,-1.39175
0.59181,-1.39175
0.59169,-1.39176
-0.25791,1.27567
-0.60990,1.36100
0.58703,-1.39207
0.58704,-1.39207
0.58705,-1.39207
0.58706,-1.39207
0.58707,-1.39207
0.58709,-1.39207
0.58711,-1.39206
0.58714,-1.39206
0.58718,-1.39206
0.58724,-1.39206
0.58731,-1.39205
0.58742,-1.39205
0.58756,-1.39204
0.58773,-1.39203
0.58795,-1.39201
0.58821,-1.39199
0.58851,-1.39198
0.58884,-1.39195
0.58921,-1.39193
0.58960,-1.39190
0.58998,-1.39188
0.59032,-1.39185
0.59062,-1.39183
0.59086,-1.39181
0.59106,-1.39180
0.59121,-1.39179
0.59134,-1.39178
0.59143,-1.39177
0.59151,-1.39177
0.59158,-1.39176
0.59164,-1.39176
0.59169,-1.39176
0.59173,-1.39175
0.59177,-1.39175
0.59180,-1.39175
0.59183,-1.39175
0.59186,-1.39174
0.59188,-1.39174
0.59189,-1.39174
0.59187,-1.39174
0.58704,-1.39207
0.58705,-1.39207
0.58706,-1.39207
0.58707,-1.39207
0.58709,-1.39207
0.58710,-1.39207
0.58713,-1.39206
0.58716,-1.39206
0.58721,-1.39206
0.58727,-1.39205
0.58736,-1.39205
0.58748,-1.39204
0.58763,-1.39203
0.58782,-1.39202
0.58805,-1.39200
0.58832,-1.39199
0.58862,-1.39197
0.58896,-1.39194
0.58933,-1.39192
0.58970,-1.39189
0.59007,-1.39187
0.59040,-1.39185
0.59068,-1.39183
0.59091,-1.39181
0.59109,-1.39180
0.59124,-1.39179
0.59136,-1.39178
0.59145,-1.39177
0.59153,-1.39177
0.59159,-1.39176
0.59164,-1.39176
0.59169,-1.39176
0.59173,-1.39175
0.59177,-1.39175
0.59180,-1.39175
0.59183,-1.39175
0.59185,-1.39174
0.59188,-1.39174
0.59190,-1.39174
0.59192,-1.39174
0.58705,-1.39207
0.58706,-1.39207
0.58707,-1.39207
0.58708,-1.39207
0.58710,-1.39207
0.58712,-1.39206
0.58715,-1.39206
0.58719,-1.39206
0.58724,-1.39206
0.58731,-1.39205
0.58741,-1.39205
0.58754,-1.39204
0.58771,-1.39203
0.58791,-1.39201
0.58815,-1.39200
0.58842,-1.39198
0.58873,-1.39196
0.58907,-1.39194
0.58943,-1.39191
0.58980,-1.39189
0.59015,-1.39186
0.59046,-1.39184
0.59073,-1.39182
0.59095,-1.39181
0.59112,-1.39180
0.59126,-1.39179
0.59137,-1.39178
0.59146,-1.39177
0.59154,-1.39177
0.59160,-1.39176
0.59165,-1.39176
0.59170,-1.39175
0.59173,-1.39175
0.59177,-1.39175
0.59180,-1.39175
0.59183,-1.39175
0.59185,-1.39174
0.59187,-1.39174
0.59189,-1.39174
0.59191,-1.39174
0.58706,-1.39207
0.58707,-1.39207
0.58708,-1.39207
0.58710,-1.39207
0.58711,-1.39206
0.58714,-1.39206
0.58717,-1.39206
0.58721,-1.39206
0.58727,-1.39205
0.58736,-1.39205
0.58747,-1.39204
0.58761,-1.39203
0.58779,-1.39202
0.58800,-1.39201
0.58825,-1.39199
0.58853,-1.39197
0.58884,-1.39195
0.58917,-1.39193
0.58952,-1.39191
0.58988,-1.39188
0.59021,-1.39186
0.59051,-1.39184
0.59077,-1.39182
0.59098,-1.39181
0.59114,-1.39179
0.59128,-1.39178
0.59139,-1.39178
0.59147,-1.39177
0.59154,-1.39177
0.59160,-1.39176
0.59166,-1.39176
0.59170,-1.39175
0.59174,-1.39175
0.59177,-1.39175
0.59180,-1.39175
0.59183,-1.39175
0.59185,-1.39174
0.59187,-1.39174
0.59189,-1.39174
0.59190,-1.39174
