-0.61966,1.36122
-0.61966,1.36122
-0.61965,1.36122
-0.61965,1.36122
-0.61964,1.36122
-0.61964,1.36122
-0.61963,1.36122
-0.61962,1.36122
-0.61960,1.36122
-0.61959,1.36122
-0.61957,1.36122
-0.61954,1.36122
-0.61951,1.36122
-0.61947,1.36122
-0.61942,1.36122
-0.61936,1.36122
-0.61928,1.36122
-0.61918,1.36121
-0.61907,1.36121
-0.61894,1.36121
-0.61881,1.36121
-0.61868,1.36121
-0.61855,1.36120
-0.61841,1.36120
-0.61828,1.36120
-0.61816,1.36120
-0.61806,1.36119
-0.61798,1.36119
-0.61792,1.36119
-0.61788,1.36119
-0.61785,1.36119
-0.61783,1.36119
-0.61781,1.36119
-0.61780,1.36119
-0.61778,1.36119
-0.61778,1.36119
-0.61777,1.36119
-0.61776,1.36119
-0.61775,1.36119
-0.61775,1.36119
-0.61967,1.36122
-0.61966,1.36122
-0.61966,1.36122
-0.61965,1.36122
-0.61964,1.36122
-0.61964,1.36122
-0.61963,1.36122
-0.61962,1.36122
-0.61960,1.36122
-0.61959,1.36122
-0.61957,1.36122
-0.61954,1.36122
-0.61951,1.36122
-0.61947,1.36122
-0.61942,1.36122
-0.61935,1.36122
-0.61927,1.36122
-0.61917,1.36121
-0.61905,1.36121
-0.61893,1.36121
-0.61879,1.36121
-0.61865,1.36121
-0.61851,1.36120
-0.61838,1.36120
-0.61824,1.36120
-0.61813,1.36120
-0.61803,1.36119
-0.61796,1.36119
-0.61791,1.36119
-0.61787,1.36119
-0.61784,1.36119
-0.61782,1.36119
-0.61780,1.36119
-0.61779,1.36119
-0.61778,1.36119
-0.61777,1.36119
-0.61776,1.36119
-0.61775,1.36119
-0.61775,1.36119
-0.61774,1.36119
-0.61967,1.36122
-0.61967,1.36122
-0.61966,1.36122
-0.61965,1.36122
-0.61965,1.36122
-0.61964,1.36122
-0.61963,1.36122
-0.61962,1.36122
-0.61960,1.36122
-0.61959,1.36122
-0.61957,1.36122
-0.61954,1.36122
-0.61951,1.36122
-0.61947,1.36122
-0.61942,1.36122
-0.61935,1.36122
-0.61926,1.36122
-0.61916,1.36121
-0.61904,1.36121
-0.61891,1.36121
-0.61876,1.36121
-0.61862,1.36120
-0.61847,1.36120
-0.61833,1.36120
-0.61821,1.36120
-0.61809,1.36120
-0.61800,1.36119
-0.61794,1.36119
-0.61789,1.36119
-0.61785,1.36119
-0.61783,1.36119
-0.61781,1.36119
-0.61779,1.36119
-0.61778,1.36119
-0.61777,1.36119
-0.61776,1.36119
-0.61775,1.36119
-0.61775,1.36119
-0.61774,1.36119
-0.61773,1.36119
-0.61969,1.36122
-0.61968,1.36122
-0.61967,1.36122
-0.61966,1.36122
-0.61965,1.36122
-0.61964,1.36122
-0.61963,1.36122
-0.61962,1.36122
-0.61961,1.36122
-0.61959,1.36122
-0.61957,1.36122
-0.61954,1.36122
-0.61951,1.36122
-0.61947,1.36122
-0.61942,1.36122
-0.61935,1.36122
-0.61926,1.36122
-0.61915,1.36121
-0.61902,1.36121
-0.61888,1.36121
-0.61873,1.36121
-0.61858,1.36120
-0.61843,1.36120
-0.61829,1.36120
-0.61817,1.36120
-0.61806,1.36119
-0.61798,1.36119
-0.61792,1.36119
-0.61787,1.36119
-0.61784,1.36119
-0.61782,1.36119
-0.61780,1.36119
-0.61778,1.36119
-0.61777,1.36119
-0.61776,1.36119
-0.61775,1.36119
-0.61774,1.36119
-0.61774,1.36119
-0.61773,1.36119
-0.61773,1.36119
-0.61968,1.36122
-0.61969,1.36122
-0.61968,1.36122
-0.61967,1.36122
-0.61966,1.36122
-0.61965,1.36122
-0.61964,1.36122
-0.61962,1.36122
-0.61961,1.36122
-0.61959,1.36122
-0.61957,1.36122
-0.61955,1.36122
-0.61951,1.36122
-0.61947,1.36122
-0.61941,1.36122
-0.61934,1.36122
-0.61925,1.36121
-0.61913,1.36121
-0.61900,1.36121
-0.61885,1.36121
-0.61870,1.36121
-0.61854,1.36120
-0.61839,1.36120
-0.61825,1.36120
-0.61812,1.36120
-0.61803,1.36119
-0.61795,1.36119
-0.61790,1.36119
-0.61786,1.36119
-0.61783,1.36119
-0.61780,1.36119
-0.61779,1.36119
-0.61777,1.36119
-0.61776,1.36119
-0.61775,1.36119
-0.61774,1.36119
-0.61774,1.36119
-0.61773,1.36119
-0.61772,1.36119
-0.61772,1.36119
0.58599,-1.39213
0.58522,-1.39218
0.58259,-1.39233
-0.61965,1.36122
-0.61967,1.36122
-0.61966,1.36122
-0.61965,1.36122
-0.61963,1.36122
-0.61962,1.36122
-0.61960,1.36122
-0.61957,1.36122
-0.61955,1.36122
-0.61951,1.36122
-0.61947,1.36122
-0.61941,1.36122
-0.61933,1.36122
-0.61923,1.36121
-0.61911,1.36121
-0.61897,1.36121
-0.61882,1.36121
-0.61865,1.36121
-0.61849,1.36120
-0.61834,1.36120
-0.61820,1.36120
-0.61808,1.36120
-0.61799,1.36119
-0.61793,1.36119
-0.61788,1.36119
-0.61784,1.36119
-0.61781,1.36119
-0.61779,1.36119
-0.61777,1.36119
-0.61776,1.36119
-0.61775,1.36119
-0.61774,1.36119
-0.61773,1.36119
-0.61773,1.36119
-0.61772,1.36119
-0.61771,1.36119
-0.61771,1.36119
0.58666,-1.39209
0.58649,-1.39210
0.58624,-1.39212
0.58585,-1.39214
0.58518,-1.39218
0.58357,-1.39227
-0.61949,1.36122
-0.61962,1.36122
-0.61961,1.36122
-0.61960,1.36122
-0.61957,1.36122
-0.61954,1.36122
-0.61951,1.36122
-0.61946,1.36122
-0.61939,1.36122
-0.61931,1.36122
-0.61921,1.36121
-0.61908,1.36121
-0.61893,1.36121
-0.61877,1.36121
-0.61860,1.36120
-0.61844,1.36120
-0.61829,1.36120
-0.61815,1.36120
-0.61805,1.36119
-0.61796,1.36119
-0.61790,1.36119
-0.61786,1.36119
-0.61782,1.36119
-0.61780,1.36119
-0.61778,1.36119
-0.61776,1.36119
-0.61775,1.36119
-0.61774,1.36119
-0.61773,1.36119
-0.61772,1.36119
-0.61772,1.36119
-0.61771,1.36119
-0.61771,1.36119
-0.61770,1.36119
0.58686,-1.39208
0.58679,-1.39209
0.58669,-1.39209
0.58656,-1.39210
0.58639,-1.39211
0.58615,-1.39212
0.58582,-1.39214
0.58534,-1.39217
0.58456,-1.39222
0.58285,-1.39231
-0.61924,1.36121
-0.61946,1.36122
-0.61946,1.36122
-0.61942,1.36122
-0.61936,1.36122
-0.61927,1.36122
-0.61916,1.36121
-0.61902,1.36121
-0.61887,1.36121
-0.61870,1.36121
-0.61853,1.36120
-0.61837,1.36120
-0.61823,1.36120
-0.61811,1.36120
-0.61801,1.36119
-0.61793,1.36119
-0.61788,1.36119
-0.61784,1.36119
-0.61780,1.36119
-0.61778,1.36119
-0.61776,1.36119
-0.61775,1.36119
-0.61774,1.36119
-0.61773,1.36119
-0.61772,1.36119
-0.61771,1.36119
-0.61771,1.36119
-0.61770,1.36119
-0.61770,1.36119
-0.61769,1.36119
0.58693,-1.39208
0.58690,-1.39208
0.58685,-1.39208
0.58679,-1.39209
0.58670,-1.39209
0.58659,-1.39210
0.58646,-1.39211
0.58630,-1.39212
0.58609,-1.39213
0.58582,-1.39214
0.58548,-1.39216
0.58504,-1.39219
0.58445,-1.39223
0.58360,-1.39227
0.58212,-1.39235
0.57746,-1.39258
-0.61889,1.36121
-0.61885,1.36121
-0.61874,1.36121
-0.61859,1.36120
-0.61844,1.36120
-0.61830,1.36120
-0.61817,1.36120
-0.61806,1.36119
-0.61797,1.36119
-0.61790,1.36119
-0.61785,1.36119
-0.61781,1.36119
-0.61778,1.36119
-0.61776,1.36119
-0.61775,1.36119
-0.61773,1.36119
-0.61772,1.36119
-0.61772,1.36119
-0.61771,1.36119
-0.61770,1.36119
-0.61770,1.36119
-0.61769,1.36119
-0.61769,1.36119
-0.61769,1.36119
0.58695,-1.39208
0.58693,-1.39208
0.58691,-1.39208
0.58688,-1.39208
0.58684,-1.39208
0.58677,-1.39209
0.58670,-1.39209
0.58660,-1.39210
0.58648,-1.39210
0.58634,-1.39211
0.58617,-1.39212
0.58595,-1.39214
0.58569,-1.39215
0.58538,-1.39217
0.58498,-1.39219
0.58448,-1.39222
0.58380,-1.39226
0.58279,-1.39232
0.58096,-1.39241
0.57414,-1.39271
-0.61834,1.36120
-0.61823,1.36120
-0.61812,1.36120
-0.61802,1.36119
-0.61794,1.36119
-0.61787,1.36119
-0.61782,1.36119
-0.61779,1.36119
-0.61776,1.36119
-0.61774,1.36119
-0.61773,1.36119
-0.61772,1.36119
-0.61771,1.36119
-0.61770,1.36119
-0.61770,1.36119
-0.61769,1.36119
-0.61769,1.36119
-0.61769,1.36119
-0.61768,1.36119
-0.61768,1.36119
0.58696,-1.39207
0.58695,-1.39207
0.58694,-1.39208
0.58692,-1.39208
0.58689,-1.39208
0.58686,-1.39208
0.58681,-1.39208
0.58674,-1.39209
0.58666,-1.39209
0.58656,-1.39210
0.58644,-1.39211
0.58629,-1.39212
0.58611,-1.39213
0.58588,-1.39214
0.58560,-1.39216
0.58525,-1.39218
0.58482,-1.39220
0.58425,-1.39224
0.58348,-1.39228
0.58238,-1.39234
0.58049,-1.39244
0.57438,-1.39270
-0.61811,1.36120
-0.61800,1.36119
-0.61791,1.36119
-0.61784,1.36119
-0.61779,1.36119
-0.61776,1.36119
-0.61774,1.36119
-0.61772,1.36119
-0.61771,1.36119
-0.61770,1.36119
-0.61770,1.36119
-0.61769,1.36119
-0.61769,1.36119
-0.61768,1.36119
-0.61768,1.36119
-0.61768,1.36119
-0.61767,1.36119
-0.61767,1.36119
0.58696,-1.39207
0.58696,-1.39207
0.58695,-1.39207
0.58694,-1.39208
0.58692,-1.39208
0.58690,-1.39208
0.58686,-1.39208
0.58682,-1.39208
0.58676,-1.39209
0.58668,-1.39209
0.58659,-1.39210
0.58647,-1.39210
0.58632,-1.39211
0.58614,-1.39213
0.58591,-1.39214
0.58561,-1.39216
0.58525,-1.39218
0.58479,-1.39221
0.58421,-1.39224
0.58346,-1.39228
0.58243,-1.39234
0.58083,-1.39242
0.57713,-1.39259
-0.61802,1.36119
-0.61788,1.36119
-0.61780,1.36119
-0.61776,1.36119
-0.61773,1.36119
-0.61772,1.36119
-0.61770,1.36119
-0.61769,1.36119
-0.61769,1.36119
-0.61768,1.36119
-0.61768,1.36119
-0.61768,1.36119
-0.61767,1.36119
-0.61767,1.36119
-0.61767,1.36119
-0.61767,1.36119
-0.61766,1.36119
0.58697,-1.39207
0.58696,-1.39207
0.58696,-1.39207
0.58695,-1.39207
0.58694,-1.39208
0.58692,-1.39208
0.58690,-1.39208
0.58686,-1.39208
0.58682,-1.39208
0.58676,-1.39209
0.58668,-1.39209
0.58658,-1.39210
0.58645,-1.39211
0.58629,-1.39212
0.58609,-1.39213
0.58583,-1.39214
0.58551,-1.39216
0.58510,-1.39219
0.58459,-1.39222
0.58396,-1.39225
0.58315,-1.39230
0.58205,-1.39236
0.58029,-1.39245
0.57557,-1.39265
-0.61784,1.36119
-0.61776,1.36119
-0.61772,1.36119
-0.61770,1.36119
-0.61769,1.36119
-0.61768,1.36119
-0.61768,1.36119
-0.61767,1.36119
-0.61767,1.36119
-0.61766,1.36119
-0.61766,1.36119
-0.61766,1.36119
-0.61766,1.36119
-0.61766,1.36119
-0.61766,1.36119
-0.61766,1.36119
0.58697,-1.39207
0.58697,-1.39207
0.58696,-1.39207
0.58696,-1.39207
0.58695,-1.39207
0.58694,-1.39208
0.58692,-1.39208
0.58689,-1.39208
0.58686,-1.39208
0.58681,-1.39208
0.58674,-1.39209
0.58666,-1.39209
0.58655,-1.39210
0.58640,-1.39211
0.58622,-1.39212
0.58599,-1.39213
0.58568,-1.39215
0.58531,-1.39217
0.58484,-1.39220
0.58426,-1.39224
0.58354,-1.39228
0.58261,-1.39233
0.58126,-1.39240
0.57863,-1.39252
-0.61775,1.36119
-0.61769,1.36119
-0.61767,1.36119
-0.61766,1.36119
-0.61766,1.36119
-0.61765,1.36119
-0.61765,1.36119
-0.61765,1.36119
-0.61765,1.36119
-0.61765,1.36119
-0.61765,1.36119
-0.61765,1.36119
-0.61765,1.36119
-0.61765,1.36119
-0.61764,1.36119
-0.61764,1.36119
0.58697,-1.39207
0.58697,-1.39207
0.58697,-1.39207
0.58696,-1.39207
0.58696,-1.39207
0.58695,-1.39207
0.58694,-1.39208
0.58692,-1.39208
0.58689,-1.39208
0.58685,-1.39208
0.58679,-1.39208
0.58671,-1.39209
0.58662,-1.39210
0.58649,-1.39210
0.58632,-1.39211
0.58611,-1.39213
0.58583,-1.39214
0.58547,-1.39217
0.58502,-1.39219
0.58446,-1.39222
0.58378,-1.39226
0.58291,-1.39231
0.58168,-1.39238
0.57943,-1.39249
0.56392,-1.39297
-0.61755,1.36119
-0.61758,1.36119
-0.61760,1.36119
-0.61761,1.36119
-0.61761,1.36119
-0.61762,1.36119
-0.61762,1.36119
-0.61762,1.36119
-0.61762,1.36119
-0.61763,1.36119
-0.61763,1.36119
-0.61763,1.36119
-0.61763,1.36119
-0.61763,1.36119
-0.61763,1.36119
0.58697,-1.39207
0.58697,-1.39207
0.58697,-1.39207
0.58697,-1.39207
0.58696,-1.39207
0.58696,-1.39207
0.58695,-1.39208
0.58693,-1.39208
0.58691,-1.39208
0.58688,-1.39208
0.58683,-1.39208
0.58677,-1.39209
0.58668,-1.39209
0.58656,-1.39210
0.58641,-1.39211
0.58621,-1.39212
0.58595,-1.39214
0.58560,-1.39216
0.58517,-1.39218
0.58462,-1.39222
0.58394,-1.39225
0.58306,-1.39230
0.58180,-1.39237
0.57934,-1.39249
-0.61637,1.36116
-0.61722,1.36118
-0.61739,1.36118
-0.61747,1.36118
-0.61751,1.36119
-0.61754,1.36119
-0.61756,1.36119
-0.61757,1.36119
-0.61759,1.36119
-0.61759,1.36119
-0.61760,1.36119
-0.61760,1.36119
-0.61761,1.36119
-0.61761,1.36119
-0.61761,1.36119
-0.61762,1.36119
0.58697,-1.39207
0.58697,-1.39207
0.58697,-1.39207
0.58697,-1.39207
0.58697,-1.39207
0.58696,-1.39207
0.58696,-1.39207
0.58695,-1.39208
0.58693,-1.39208
0.58691,-1.39208
0.58687,-1.39208
0.58681,-1.39208
0.58673,-1.39209
0.58663,-1.39209
0.58649,-1.39210
0.58631,-1.39211
0.58606,-1.39213
0.58573,-1.39215
0.58530,-1.39218
0.58475,-1.39221
0.58404,-1.39225
0.58309,-1.39230
0.58162,-1.39238
0.57772,-1.39257
-0.61633,1.36116
-0.61683,1.36117
-0.61709,1.36118
-0.61725,1.36118
-0.61735,1.36118
-0.61742,1.36118
-0.61747,1.36118
-0.61750,1.36118
-0.61753,1.36119
-0.61755,1.36119
-0.61756,1.36119
-0.61757,1.36119
-0.61758,1.36119
-0.61759,1.36119
-0.61759,1.36119
-0.61760,1.36119
0.58698,-1.39207
0.58697,-1.39207
0.58697,-1.39207
0.58697,-1.39207
0.58697,-1.39207
0.58697,-1.39207
0.58696,-1.39207
0.58696,-1.39207
0.58694,-1.39208
0.58693,-1.39208
0.58690,-1.39208
0.58685,-1.39208
0.58679,-1.39209
0.58670,-1.39209
0.58657,-1.39210
0.58640,-1.39211
0.58617,-1.39212
0.58586,-1.39214
0.58543,-1.39217
0.58486,-1.39220
0.58409,-1.39225
0.58295,-1.39231
0.58070,-1.39243
-0.61520,1.36114
-0.61620,1.36116
-0.61657,1.36117
-0.61682,1.36117
-0.61701,1.36118
-0.61715,1.36118
-0.61726,1.36118
-0.61734,1.36118
-0.61740,1.36118
-0.61745,1.36118
-0.61748,1.36118
-0.61751,1.36118
-0.61752,1.36119
-0.61754,1.36119
-0.61755,1.36119
-0.61756,1.36119
-0.61757,1.36119
0.58698,-1.39207
0.58698,-1.39207
0.58697,-1.39207
0.58697,-1.39207
0.58697,-1.39207
0.58697,-1.39207
0.58697,-1.39207
0.58696,-1.39207
0.58695,-1.39207
0.58694,-1.39208
0.58692,-1.39208
0.58689,-1.39208
0.58683,-1.39208
0.58675,-1.39209
0.58664,-1.39209
0.58649,-1.39210
0.58628,-1.39212
0.58598,-1.39213
0.58555,-1.39216
0.58494,-1.39220
0.58401,-1.39225
0.58223,-1.39235
-0.61386,1.36111
-0.61556,1.36115
-0.61607,1.36116
-0.61639,1.36116
-0.61662,1.36117
-0.61680,1.36117
-0.61696,1.36117
-0.61709,1.36118
-0.61719,1.36118
-0.61727,1.36118
-0.61734,1.36118
-0.61739,1.36118
-0.61743,1.36118
-0.61746,1.36118
-0.61749,1.36118
-0.61751,1.36118
-0.61752,1.36119
-0.61754,1.36119
0.58698,-1.39207
0.58698,-1.39207
0.58698,-1.39207
0.58698,-1.39207
0.58697,-1.39207
0.58697,-1.39207
0.58697,-1.39207
0.58697,-1.39207
0.58696,-1.39207
0.58695,-1.39207
0.58694,-1.39208
0.58692,-1.39208
0.58688,-1.39208
0.58681,-1.39208
0.58671,-1.39209
0.58657,-1.39210
0.58637,-1.39211
0.58609,-1.39213
0.58566,-1.39215
0.58495,-1.39220
0.58333,-1.39229
-0.61199,1.36106
-0.61463,1.36113
-0.61548,1.36114
-0.61594,1.36115
-0.61624,1.36116
-0.61647,1.36116
-0.61665,1.36117
-0.61680,1.36117
-0.61693,1.36117
-0.61704,1.36118
-0.61714,1.36118
-0.61722,1.36118
-0.61729,1.36118
-0.61734,1.36118
-0.61739,1.36118
-0.61743,1.36118
-0.61745,1.36118
-0.61748,1.36118
-0.61750,1.36118
0.58698,-1.39207
0.58698,-1.39207
0.58698,-1.39207
0.58698,-1.39207
0.58698,-1.39207
0.58697,-1.39207
0.58697,-1.39207
0.58697,-1.39207
0.58697,-1.39207
0.58696,-1.39207
0.58695,-1.39207
0.58694,-1.39208
0.58691,-1.39208
0.58686,-1.39208
0.58677,-1.39209
0.58665,-1.39209
0.58646,-1.39211
0.58617,-1.39212
0.58566,-1.39215
-0.53595,1.35514
-0.60278,1.36076
-0.61224,1.36107
-0.61444,1.36112
-0.61532,1.36114
-0.61580,1.36115
-0.61611,1.36116
-0.61634,1.36116
-0.61652,1.36117
-0.61667,1.36117
-0.61680,1.36117
-0.61691,1.36117
-0.61701,1.36118
-0.61710,1.36118
-0.61718,1.36118
-0.61725,1.36118
-0.61730,1.36118
-0.61735,1.36118
-0.61739,1.36118
-0.61742,1.36118
-0.61745,1.36118
0.58698,-1.39207
0.58698,-1.39207
0.58698,-1.39207
0.58698,-1.39207
0.58698,-1.39207
0.58698,-1.39207
0.58698,-1.39207
0.58697,-1.39207
0.58697,-1.39207
0.58697,-1.39207
0.58696,-1.39207
0.58695,-1.39207
0.58694,-1.39208
0.58690,-1.39208
0.58683,-1.39208
0.58671,-1.39209
0.58650,-1.39210
0.58595,-1.39214
-0.53070,1.35445
-0.57449,1.35909
-0.60203,1.36073
-0.61138,1.36104
-0.61404,1.36111
-0.61509,1.36114
-0.61563,1.36115
-0.61598,1.36115
-0.61622,1.36116
-0.61640,1.36116
-0.61656,1.36117
-0.61669,1.36117
-0.61680,1.36117
-0.61690,1.36117
-0.61700,1.36118
-0.61708,1.36118
-0.61715,1.36118
-0.61722,1.36118
-0.61727,1.36118
-0.61732,1.36118
-0.61736,1.36118
-0.61740,1.36118
0.58698,-1.39207
0.58698,-1.39207
0.58698,-1.39207
0.58698,-1.39207
0.58698,-1.39207
0.58698,-1.39207
0.58698,-1.39207
0.58698,-1.39207
0.58698,-1.39207
0.58697,-1.39207
0.58697,-1.39207
0.58697,-1.39207
0.58696,-1.39207
0.58693,-1.39208
0.58688,-1.39208
0.58674,-1.39209
-0.42672,1.33428
-0.51467,1.35216
-0.54559,1.35630
-0.57446,1.35909
-0.59873,1.36059
-0.60993,1.36100
-0.61347,1.36110
-0.61479,1.36113
-0.61544,1.36114
-0.61583,1.36115
-0.61610,1.36116
-0.61630,1.36116
-0.61646,1.36116
-0.61659,1.36117
-0.61671,1.36117
-0.61681,1.36117
-0.61690,1.36117
-0.61699,1.36118
-0.61706,1.36118
-0.61713,1.36118
-0.61719,1.36118
-0.61725,1.36118
-0.61730,1.36118
-0.61734,1.36118
0.58698,-1.39207
0.58698,-1.39207
0.58698,-1.39207
0.58698,-1.39207
0.58698,-1.39207
0.58698,-1.39207
0.58698,-1.39207
0.58698,-1.39207
0.58698,-1.39207
0.58698,-1.39207
0.58698,-1.39207
0.58697,-1.39207
0.58697,-1.39207
0.58696,-1.39207
0.58692,-1.39208
-0.38724,1.32345
-0.49682,1.34925
-0.52375,1.35350
-0.54641,1.35640
-0.57055,1.35878
-0.59401,1.36036
-0.60779,1.36094
-0.61267,1.36108
-0.61442,1.36112
-0.61522,1.36114
-0.61568,1.36115
-0.61598,1.36115
-0.61620,1.36116
-0.61636,1.36116
-0.61650,1.36117
-0.61662,1.36117
-0.61672,1.36117
-0.61682,1.36117
-0.61690,1.36117
-0.61698,1.36117
-0.61705,1.36118
-0.61712,1.36118
-0.61718,1.36118
-0.61723,1.36118
-0.61728,1.36118
0.58698,-1.39207
0.58698,-1.39207
0.58698,-1.39207
0.58698,-1.39207
0.58698,-1.39207
0.58698,-1.39207
0.58698,-1.39207
0.58698,-1.39207
0.58698,-1.39207
0.58698,-1.39207
0.58698,-1.39207
0.58698,-1.39207
0.58698,-1.39207
0.58697,-1.39207
0.58695,-1.39207
-0.46726,1.34361
-0.50192,1.35012
-0.52346,1.35346
-0.54322,1.35603
-0.56489,1.35829
-0.58796,1.36002
-0.60465,1.36083
-0.61152,1.36105
-0.61393,1.36111
-0.61496,1.36113
-0.61551,1.36115
-0.61585,1.36115
-0.61609,1.36116
-0.61627,1.36116
-0.61642,1.36116
-0.61654,1.36117
-0.61665,1.36117
-0.61674,1.36117
-0.61683,1.36117
-0.61690,1.36117
-0.61698,1.36117
-0.61705,1.36118
-0.61711,1.36118
-0.61717,1.36118
-0.61722,1.36118
0.58698,-1.39207
0.58698,-1.39207
0.58698,-1.39207
0.58698,-1.39207
0.58698,-1.39207
0.58698,-1.39207
0.58698,-1.39207
0.58698,-1.39207
0.58698,-1.39207
0.58698,-1.39207
0.58698,-1.39207
0.58698,-1.39207
0.58698,-1.39207
0.58699,-1.39207
0.58706,-1.39207
-0.46309,1.34273
-0.49742,1.34935
-0.51857,1.35275
-0.53739,1.35532
-0.55766,1.35760
-0.58034,1.35953
-0.59999,1.36064
-0.60978,1.36100
-0.61324,1.36109
-0.61462,1.36113
-0.61530,1.36114
-0.61571,1.36115
-0.61598,1.36115
-0.61618,1.36116
-0.61634,1.36116
-0.61646,1.36116
-0.61657,1.36117
-0.61667,1.36117
-0.61676,1.36117
-0.61684,1.36117
-0.61691,1.36117
-0.61698,1.36117
-0.61704,1.36118
-0.61711,1.36118
-0.61716,1.36118
0.58698,-1.39207
0.58698,-1.39207
0.58698,-1.39207
0.58698,-1.39207
0.58698,-1.39207
0.58699,-1.39207
0.58699,-1.39207
0.58699,-1.39207
0.58699,-1.39207
0.58699,-1.39207
0.58699,-1.39207
0.58699,-1.39207
0.58700,-1.39207
0.58701,-1.39207
0.58712,-1.39206
-0.42491,1.33382
-0.48394,1.34691
-0.50892,1.35126
-0.52850,1.35416
-0.54825,1.35660
-0.57051,1.35877
-0.59280,1.36030
-0.60682,1.36091
-0.61217,1.36107
-0.61413,1.36111
-0.61503,1.36113
-0.61553,1.36115
-0.61585,1.36115
-0.61607,1.36116
-0.61625,1.36116
-0.61639,1.36116
-0.61650,1.36117
-0.61660,1.36117
-0.61669,1.36117
-0.61677,1.36117
-0.61685,1.36117
-0.61692,1.36117
-0.61698,1.36118
-0.61705,1.36118
-0.61711,1.36118
0.58699,-1.39207
0.58699,-1.39207
0.58699,-1.39207
0.58699,-1.39207
0.58699,-1.39207
0.58699,-1.39207
0.58699,-1.39207
0.58699,-1.39207
0.58699,-1.39207
0.58699,-1.39207
0.58700,-1.39207
0.58700,-1.39207
0.58702,-1.39207
0.58705,-1.39207
0.58714,-1.39206
0.58745,-1.39204
-0.44634,1.33902
-0.49066,1.34815
-0.51459,1.35215
-0.53523,1.35504
-0.55722,1.35756
-0.58132,1.35959
-0.60100,1.36069
-0.61013,1.36101
-0.61332,1.36109
-0.61462,1.36113
-0.61528,1.36114
-0.61567,1.36115
-0.61594,1.36115
-0.61614,1.36116
-0.61630,1.36116
-0.61642,1.36116
-0.61653,1.36117
-0.61662,1.36117
-0.61671,1.36117
-0.61678,1.36117
-0.61686,1.36117
-0.61692,1.36117
-0.61699,1.36118
-0.61705,1.36118
0.58699,-1.39207
0.58699,-1.39207
0.58699,-1.39207
0.58699,-1.39207
0.58699,-1.39207
0.58699,-1.39207
0.58699,-1.39207
0.58699,-1.39207
0.58700,-1.39207
0.58700,-1.39207
0.58701,-1.39207
0.58702,-1.39207
0.58704,-1.39207
0.58709,-1.39207
0.58717,-1.39206
0.58731,-1.39205
0.58757,-1.39204
-0.43707,1.33684
-0.48831,1.34773
-0.51479,1.35218
-0.53793,1.35539
-0.56273,1.35809
-0.58810,1.36003
-0.60502,1.36084
-0.61154,1.36105
-0.61384,1.36111
-0.61486,1.36113
-0.61541,1.36114
-0.61575,1.36115
-0.61600,1.36116
-0.61618,1.36116
-0.61633,1.36116
-0.61645,1.36116
-0.61655,1.36117
-0.61664,1.36117
-0.61672,1.36117
-0.61679,1.36117
-0.61686,1.36117
-0.61693,1.36117
-0.61699,1.36118
0.58699,-1.39207
0.58699,-1.39207
0.58699,-1.39207
0.58699,-1.39207
0.58699,-1.39207
0.58699,-1.39207
0.58700,-1.39207
0.58700,-1.39207
0.58700,-1.39207
0.58701,-1.39207
0.58702,-1.39207
0.58704,-1.39207
0.58707,-1.39207
0.58712,-1.39206
0.58720,-1.39206
0.58731,-1.39205
0.58744,-1.39204
0.58760,-1.39203
0.58844,-1.39198
-0.46701,1.34356
-0.50374,1.35042
-0.53140,1.35455
-0.55966,1.35780
-0.58776,1.36001
-0.60537,1.36086
-0.61171,1.36105
-0.61390,1.36111
-0.61488,1.36113
-0.61542,1.36114
-0.61576,1.36115
-0.61600,1.36116
-0.61618,1.36116
-0.61633,1.36116
-0.61645,1.36116
-0.61655,1.36117
-0.61664,1.36117
-0.61673,1.36117
-0.61680,1.36117
-0.61687,1.36117
-0.61694,1.36117
0.58699,-1.39207
0.58699,-1.39207
0.58699,-1.39207
0.58699,-1.39207
0.58700,-1.39207
0.58700,-1.39207
0.58700,-1.39207
0.58701,-1.39207
0.58701,-1.39207
0.58702,-1.39207
0.58704,-1.39207
0.58707,-1.39207
0.58710,-1.39207
0.58716,-1.39206
0.58724,-1.39206
0.58735,-1.39205
0.58747,-1.39204
0.58760,-1.39203
0.58772,-1.39203
0.58783,-1.39202
0.58796,-1.39201
-0.43191,1.33558
-0.49288,1.34855
-0.53062,1.35444
-0.56750,1.35852
-0.59747,1.36053
-0.60970,1.36100
-0.61326,1.36109
-0.61459,1.36112
-0.61526,1.36114
-0.61566,1.36115
-0.61593,1.36115
-0.61613,1.36116
-0.61629,1.36116
-0.61643,1.36116
-0.61654,1.36117
-0.61663,1.36117
-0.61672,1.36117
-0.61680,1.36117
-0.61687,1.36117
0.58699,-1.39207
0.58699,-1.39207
0.58700,-1.39207
0.58700,-1.39207
0.58700,-1.39207
0.58700,-1.39207
0.58701,-1.39207
0.58702,-1.39207
0.58703,-1.39207
0.58704,-1.39207
0.58706,-1.39207
0.58709,-1.39207
0.58714,-1.39206
0.58720,-1.39206
0.58729,-1.39205
0.58740,-1.39205
0.58753,-1.39204
0.58768,-1.39203
0.58783,-1.39202
0.58800,-1.39201
0.58816,-1.39200
0.58830,-1.39199
0.58843,-1.39198
0.58850,-1.39198
0.58846,-1.39198
-0.28900,1.28895
-0.51786,1.35264
-0.58304,1.35971
-0.60852,1.36096
-0.61332,1.36109
-0.61472,1.36113
-0.61537,1.36114
-0.61574,1.36115
-0.61600,1.36116
-0.61620,1.36116
-0.61636,1.36116
-0.61649,1.36117
-0.61660,1.36117
-0.61670,1.36117
-0.61678,1.36117
0.58700,-1.39207
0.58700,-1.39207
0.58700,-1.39207
0.58700,-1.39207
0.58701,-1.39207
0.58701,-1.39207
0.58702,-1.39207
0.58703,-1.39207
0.58704,-1.39207
0.58706,-1.39207
0.58708,-1.39207
0.58712,-1.39206
0.58717,-1.39206
0.58724,-1.39206
0.58734,-1.39205
0.58746,-1.39204
0.58760,-1.39203
0.58777,-1.39202
0.58796,-1.39201
0.58816,-1.39200
0.58838,-1.39198
0.58860,-1.39197
0.58881,-1.39196
0.58899,-1.39194
0.58914,-1.39193
0.58926,-1.39192
0.58934,-1.39192
0.58936,-1.39192
0.58924,-1.39193
0.58864,-1.39197
-0.58432,1.35979
-0.61171,1.36105
-0.61446,1.36112
-0.61531,1.36114
-0.61574,1.36115
-0.61601,1.36116
-0.61622,1.36116
-0.61638,1.36116
-0.61652,1.36117
-0.61664,1.36117
0.58700,-1.39207
0.58700,-1.39207
0.58700,-1.39207
0.58701,-1.39207
0.58701,-1.39207
0.58702,-1.39207
0.58703,-1.39207
0.58704,-1.39207
0.58705,-1.39207
0.58708,-1.39207
0.58711,-1.39207
0.58715,-1.39206
0.58721,-1.39206
0.58729,-1.39205
0.58739,-1.39205
0.58752,-1.39204
0.58768,-1.39203
0.58786,-1.39202
0.58807,-1.39200
0.58830,-1.39199
0.58854,-1.39197
0.58877,-1.39196
0.58898,-1.39194
0.58916,-1.39193
0.58931,-1.39192
0.58943,-1.39191
0.58953,-1.39191
0.58960,-1.39190
0.58966,-1.39190
0.58970,-1.39190
0.58970,-1.39189
0.58964,-1.39190
0.58911,-1.39193
-0.59317,1.36031
-0.61340,1.36110
-0.61506,1.36114
-0.61565,1.36115
-0.61598,1.36115
-0.61621,1.36116
-0.61639,1.36116
0.58700,-1.39207
0.58701,-1.39207
0.58701,-1.39207
0.58701,-1.39207
0.58702,-1.39207
0.58703,-1.39207
0.58704,-1.39207
0.58705,-1.39207
0.58707,-1.39207
0.58710,-1.39207
0.58713,-1.39206
0.58718,-1.39206
0.58725,-1.39206
0.58734,-1.39205
0.58745,-1.39204
0.58759,-1.39203
0.58776,-1.39202
0.58795,-1.39201
0.58817,-1.39200
0.58841,-1.39198
0.58865,-1.39197
0.58888,-1.39195
0.58908,-1.39194
0.58925,-1.39193
0.58939,-1.39192
0.58950,-1.39191
0.58959,-1.39190
0.58966,-1.39190
0.58971,-1.39189
0.58976,-1.39189
0.58980,-1.39189
0.58983,-1.39189
0.58985,-1.39188
0.58985,-1.39188
0.58979,-1.39189
0.58918,-1.39193
-0.60659,1.36090
-0.61445,1.36112
-0.61546,1.36114
-0.61589,1.36115
0.58701,-1.39207
0.58701,-1.39207
0.58702,-1.39207
0.58702,-1.39207
0.58703,-1.39207
0.58704,-1.39207
0.58705,-1.39207
0.58706,-1.39207
0.58709,-1.39207
0.58712,-1.39206
0.58716,-1.39206
0.58721,-1.39206
0.58729,-1.39205
0.58739,-1.39205
0.58751,-1.39204
0.58766,-1.39203
0.58783,-1.39202
0.58804,-1.39201
0.58826,-1.39199
0.58850,-1.39198
0.58874,-1.39196
0.58896,-1.39195
0.58915,-1.39193
0.58931,-1.39192
0.58944,-1.39191
0.58954,-1.39191
0.58961,-1.39190
0.58968,-1.39190
0.58973,-1.39189
0.58977,-1.39189
0.58981,-1.39189
0.58984,-1.39189
0.58987,-1.39188
0.58989,-1.39188
0.58991,-1.39188
0.58993,-1.39188
0.58992,-1.39188
0.58985,-1.39189
-0.32194,1.30175
-0.61237,1.36107
0.58701,-1.39207
0.58702,-1.39207
0.58702,-1.39207
0.58703,-1.39207
0.58704,-1.39207
0.58705,-1.39207
0.58706,-1.39207
0.58708,-1.39207
0.58710,-1.39207
0.58714,-1.39206
0.58718,-1.39206
0.58725,-1.39206
0.58733,-1.39205
0.58744,-1.39204
0.58757,-1.39204
0.58773,-1.39203
0.58791,-1.39201
0.58811,-1.39200
0.58834,-1.39199
0.58857,-1.39197
0.58881,-1.39196
0.58902,-1.39194
0.58920,-1.39193
0.58935,-1.39192
0.58946,-1.39191
0.58956,-1.39190
0.58963,-1.39190
0.58969,-1.39190
0.58974,-1.39189
0.58978,-1.39189
0.58982,-1.39189
0.58985,-1.39188
0.58987,-1.39188
0.58990,-1.39188
0.58992,-1.39188
0.58994,-1.39188
0.58995,-1.39188
0.58997,-1.39188
0.58997,-1.39188
0.58996,-1.39188
0.58702,-1.39207
0.58702,-1.39207
0.58703,-1.39207
0.58704,-1.39207
0.58705,-1.39207
0.58706,-1.39207
0.58707,-1.39207
0.58709,-1.39207
0.58712,-1.39206
0.58716,-1.39206
0.58721,-1.39206
0.58728,-1.39205
0.58738,-1.39205
0.58749,-1.39204
0.58763,-1.39203
0.58779,-1.39202
0.58798,-1.39201
0.58819,-1.39200
0.58841,-1.39198
0.58864,-1.39197
0.58886,-1.39195
0.58906,-1.39194
0.58923,-1.39193
0.58937,-1.39192
0.58949,-1.39191
0.58957,-1.39190
0.58965,-1.39190
0.58970,-1.39189
0.58975,-1.39189
0.58979,-1.39189
0.58982,-1.39189
0.58985,-1.39188
0.58987,-1.39188
0.58990,-1.39188
0.58992,-1.39188
0.58993,-1.39188
0.58995,-1.39188
0.58996,-1.39188
0.58998,-1.39188
0.58999,-1.39188
0.58702,-1.39207
0.58703,-1.39207
0.58704,-1.39207
0.58704,-1.39207
0.58705,-1.39207
0.58707,-1.39207
0.58708,-1.39207
0.58711,-1.39206
0.58714,-1.39206
0.58718,-1.39206
0.58724,-1.39206
0.58732,-1.39205
0.58742,-1.39204
0.58755,-1.39204
0.58769,-1.39203
0.58786,-1.39202
0.58805,-1.39201
0.58825,-1.39199
0.58847,-1.39198
0.58869,-1.39196
0.58891,-1.39195
0.58910,-1.39194
0.58926,-1.39192
0.58940,-1.39192
0.58950,-1.39191
0.58959,-1.39190
0.58966,-1.39190
0.58971,-1.39189
0.58976,-1.39189
0.58979,-1.39189
0.58983,-1.39189
0.58985,-1.39188
0.58988,-1.39188
0.58990,-1.39188
0.58992,-1.39188
0.58993,-1.39188
0.58995,-1.39188
0.58996,-1.39188
0.58997,-1.39188
0.58998,-1.39188
0.58703,-1.39207
0.58704,-1.39207
0.58704,-1.39207
0.58705,-1.39207
0.58706,-1.39207
0.58708,-1.39207
0.58710,-1.39207
0.58712,-1.39206
0.58716,-1.39206
0.58721,-1.39206
0.58728,-1.39205
0.58737,-1.39205
0.58747,-1.39204
0.58760,-1.39203
0.58775,-1.39202
0.58792,-1.39201
0.58811,-1.39200
0.58831,-1.39199
0.58853,-1.39197
0.58874,-1.39196
0.58895,-1.39195
0.58913,-1.39193
0.58929,-1.39192
0.58941,-1.39191
0.58952,-1.39191
0.58960,-1.39190
0.58966,-1.39190
0.58972,-1.39189
0.58976,-1.39189
0.58980,-1.39189
0.58983,-1.39189
0.58986,-1.39188
0.58988,-1.39188
0.58990,-1.39188
0.58992,-1.39188
0.58993,-1.39188
0.58995,-1.39188
0.58996,-1.39188
0.58997,-1.39188
0.58998,-1.39188
