-1.40654,0.69600
-1.40617,0.69688
-1.40575,0.69788
-1.40527,0.69902
-1.40471,0.70036
-1.40404,0.70195
-1.40323,0.70386
-1.40224,0.70619
-1.40103,0.70906
-1.39951,0.71263
-1.39758,0.71714
-1.39511,0.72291
-1.39188,0.73039
-1.38760,0.74022
-1.38187,0.75321
-1.37417,0.77041
-1.36382,0.79295
-1.35011,0.82187
-1.33224,0.85778
-1.30944,0.90068
-1.28080,0.95000
-1.24507,1.00481
-1.20050,1.06396
-1.14511,1.12577
-1.07823,1.18701
-1.00339,1.24224
-0.92970,1.28550
-0.86700,1.31448
-0.81931,1.33183
-0.78500,1.34180
-0.76058,1.34762
-0.74295,1.35116
-0.72990,1.35342
-0.71991,1.35496
-0.71199,1.35606
-0.70546,1.35688
-0.69988,1.35752
-0.69498,1.35804
-0.69054,1.35848
-0.68645,1.35886
-1.40682,0.69533
-1.40637,0.69641
-1.40589,0.69754
-1.40537,0.69878
-1.40478,0.70019
-1.40409,0.70182
-1.40327,0.70377
-1.40228,0.70611
-1.40106,0.70899
-1.39954,0.71256
-1.39762,0.71706
-1.39514,0.72284
-1.39189,0.73035
-1.38758,0.74027
-1.38176,0.75347
-1.37387,0.77106
-1.36320,0.79430
-1.34890,0.82435
-1.33010,0.86195
-1.30585,0.90714
-1.27506,0.95929
-1.23624,1.01729
-1.18746,1.07958
-1.12698,1.14366
-1.05534,1.20524
-0.97836,1.25809
-0.90653,1.29703
-0.84822,1.32180
-0.80503,1.33624
-0.77418,1.34451
-0.75210,1.34939
-0.73600,1.35240
-0.72388,1.35437
-0.71446,1.35572
-0.70686,1.35671
-0.70050,1.35745
-0.69502,1.35804
-0.69016,1.35852
-0.68575,1.35892
-0.68168,1.35926
-1.40751,0.69368
-1.40688,0.69520
-1.40627,0.69665
-1.40565,0.69812
-1.40499,0.69970
-1.40424,0.70146
-1.40339,0.70349
-1.40237,0.70590
-1.40113,0.70882
-1.39960,0.71243
-1.39766,0.71696
-1.39517,0.72277
-1.39189,0.73036
-1.38752,0.74040
-1.38159,0.75386
-1.37348,0.77193
-1.36241,0.79599
-1.34743,0.82736
-1.32754,0.86689
-1.30160,0.91468
-1.26829,0.97001
-1.22587,1.03146
-1.17231,1.09686
-1.10641,1.16275
-1.03047,1.22367
-0.95268,1.27310
-0.88395,1.30734
-0.83040,1.32816
-0.79148,1.34008
-0.76371,1.34693
-0.74368,1.35102
-0.72886,1.35359
-0.71755,1.35530
-0.70861,1.35649
-0.70130,1.35736
-0.69512,1.35803
-0.68975,1.35856
-0.68498,1.35899
-0.68066,1.35934
-0.67669,1.35964
-1.40895,0.69025
-1.40799,0.69254
-1.40712,0.69461
-1.40630,0.69657
-1.40548,0.69852
-1.40462,0.70057
-1.40367,0.70282
-1.40258,0.70539
-1.40129,0.70844
-1.39971,0.71215
-1.39774,0.71678
-1.39520,0.72269
-1.39187,0.73041
-1.38741,0.74066
-1.38132,0.75446
-1.37294,0.77312
-1.36138,0.79819
-1.34560,0.83112
-1.32439,0.87292
-1.29643,0.92370
-1.26013,0.98258
-1.21349,1.04768
-1.15457,1.11602
-1.08313,1.18294
-1.00376,1.24200
-0.92671,1.28704
-0.86212,1.31644
-0.81344,1.33369
-0.77844,1.34347
-0.75339,1.34913
-0.73512,1.35255
-0.72141,1.35474
-0.71080,1.35621
-0.70230,1.35725
-0.69528,1.35801
-0.68932,1.35860
-0.68412,1.35906
-0.67951,1.35943
-0.67536,1.35974
-0.67158,1.35999
-1.40796,0.69261
-1.40946,0.68902
-1.40861,0.69106
-1.40756,0.69358
-1.40649,0.69612
-1.40542,0.69868
-1.40429,0.70135
-1.40305,0.70428
-1.40164,0.70762
-1.39996,0.71157
-1.39789,0.71642
-1.39526,0.72255
-1.39182,0.73051
-1.38721,0.74110
-1.38090,0.75539
-1.37215,0.77485
-1.35998,0.80116
-1.34319,0.83601
-1.32037,0.88052
-1.28995,0.93479
-1.25002,0.99764
-1.19843,1.06649
-1.13360,1.13725
-1.05688,1.20405
-0.97546,1.25985
-0.90080,1.29973
-0.84109,1.32441
-0.79714,1.33851
-0.76568,1.34649
-0.74299,1.35115
-0.72624,1.35401
-0.71353,1.35585
-0.70356,1.35710
-0.69552,1.35799
-0.68884,1.35864
-0.68316,1.35914
-0.67822,1.35953
-0.67386,1.35984
-0.66997,1.36009
-0.66646,1.36030
-0.13694,-0.92934
-0.19797,-0.84393
-0.29937,-0.67281
-1.40505,0.69954
-1.40725,0.69430
-1.40650,0.69611
-1.40528,0.69900
-1.40387,0.70235
-1.40227,0.70613
-1.40041,0.71052
-1.39816,0.71579
-1.39535,0.72234
-1.39172,0.73076
-1.38686,0.74190
-1.38021,0.75695
-1.37094,0.77751
-1.35795,0.80548
-1.33983,0.84276
-1.31496,0.89060
-1.28142,0.94898
-1.23706,1.01615
-1.17972,1.08852
-1.10871,1.16068
-1.02760,1.22572
-0.94602,1.27680
-0.87527,1.31106
-0.82079,1.33135
-0.78127,1.34276
-0.75292,1.34922
-0.73229,1.35303
-0.71691,1.35539
-0.70512,1.35692
-0.69583,1.35796
-0.68830,1.35869
-0.68205,1.35923
-0.67675,1.35964
-0.67217,1.35995
-0.66817,1.36020
-0.66461,1.36040
-0.66144,1.36056
0.00373,-1.09197
-0.05509,-1.02888
-0.10421,-0.97098
-0.15064,-0.91111
-0.20034,-0.84038
-0.27026,-0.72633
-1.38990,0.73495
-1.40222,0.70624
-1.40210,0.70654
-1.40049,0.71032
-1.39818,0.71575
-1.39516,0.72278
-1.39124,0.73187
-1.38599,0.74388
-1.37881,0.76009
-1.36876,0.78226
-1.35460,0.81253
-1.33468,0.85299
-1.30706,0.90497
-1.26953,0.96807
-1.21976,1.03956
-1.15605,1.11445
-1.07929,1.18613
-0.99560,1.24730
-0.91608,1.29239
-0.85037,1.32099
-0.80107,1.33740
-0.76551,1.34653
-0.73989,1.35172
-0.72111,1.35478
-0.70703,1.35669
-0.69619,1.35792
-0.68765,1.35875
-0.68075,1.35934
-0.67505,1.35976
-0.67024,1.36008
-0.66611,1.36032
-0.66252,1.36051
-0.65937,1.36066
-0.65657,1.36077
0.19583,-1.25750
0.09413,-1.17726
0.01950,-1.10783
-0.03504,-1.05112
-0.07846,-1.00197
-0.11672,-0.95537
-0.15313,-0.90774
-0.19014,-0.85553
-0.23227,-0.79065
-0.29224,-0.68629
-1.35891,0.80344
-1.38652,0.74267
-1.38601,0.74385
-1.38146,0.75414
-1.37402,0.77074
-1.36307,0.79456
-1.34733,0.82758
-1.32495,0.87185
-1.29371,0.92838
-1.25125,0.99584
-1.19549,1.07004
-1.12589,1.14471
-1.04534,1.21281
-0.96191,1.26785
-0.88647,1.30623
-0.82622,1.32957
-0.78163,1.34267
-0.74952,1.34990
-0.72633,1.35399
-0.70932,1.35640
-0.69658,1.35788
-0.68682,1.35882
-0.67917,1.35946
-0.67303,1.35990
-0.66798,1.36021
-0.66375,1.36044
-0.66014,1.36062
-0.65701,1.36076
-0.65428,1.36086
-0.65187,1.36095
0.37478,-1.35673
0.28392,-1.31339
0.18212,-1.24765
0.09411,-1.17725
0.02762,-1.11583
-0.02223,-1.06491
-0.06167,-1.02142
-0.09510,-0.98211
-0.12524,-0.94453
-0.15361,-0.90708
-0.18106,-0.86872
-0.20846,-0.82808
-0.23716,-0.78270
-0.26944,-0.72779
-0.31098,-0.65033
-0.38856,-0.47997
-1.29765,0.92158
-1.29009,0.93454
-1.26132,0.98076
-1.21759,1.04239
-1.15948,1.11082
-1.08830,1.17857
-1.00845,1.23889
-0.92842,1.28616
-0.85801,1.31806
-0.80266,1.33693
-0.76202,1.34730
-0.73290,1.35293
-0.71204,1.35605
-0.69689,1.35784
-0.68568,1.35893
-0.67719,1.35961
-0.67057,1.36006
-0.66529,1.36036
-0.66097,1.36058
-0.65736,1.36074
-0.65429,1.36086
-0.65164,1.36095
-0.64933,1.36103
-0.64730,1.36108
0.45463,-1.38145
0.40561,-1.36783
0.33402,-1.33919
0.24480,-1.29018
0.15575,-1.22785
0.08151,-1.16616
0.02411,-1.11238
-0.02055,-1.06670
-0.05677,-1.02699
-0.08764,-0.99109
-0.11514,-0.95736
-0.14052,-0.92462
-0.16459,-0.89201
-0.18795,-0.85873
-0.21133,-0.82368
-0.23566,-0.78513
-0.26240,-0.74014
-0.29392,-0.68314
-0.33593,-0.59962
-0.42119,-0.39451
-1.11102,1.15857
-1.04836,1.21055
-0.97408,1.26068
-0.89808,1.30099
-0.83117,1.32789
-0.77912,1.34330
-0.74157,1.35141
-0.71531,1.35561
-0.69699,1.35783
-0.68401,1.35907
-0.67456,1.35979
-0.66748,1.36024
-0.66199,1.36053
-0.65762,1.36073
-0.65405,1.36087
-0.65107,1.36097
-0.64854,1.36105
-0.64635,1.36110
-0.64445,1.36115
-0.64279,1.36118
0.49018,-1.38809
0.46178,-1.38301
0.41896,-1.37204
0.35711,-1.34951
0.27775,-1.30991
0.19294,-1.25545
0.11690,-1.19666
0.05528,-1.14226
0.00646,-1.09475
-0.03313,-1.05318
-0.06655,-1.01583
-0.09591,-0.98112
-0.12264,-0.94785
-0.14770,-0.91506
-0.17184,-0.88185
-0.19573,-0.84728
-0.22004,-0.81012
-0.24555,-0.76883
-0.27320,-0.72112
-0.30467,-0.66263
-0.34466,-0.58103
-0.41918,-0.40006
-0.96779,1.26442
-0.87639,1.31059
-0.80580,1.33601
-0.75432,1.34894
-0.71951,1.35502
-0.69662,1.35787
-0.68139,1.35928
-0.67090,1.36003
-0.66338,1.36046
-0.65776,1.36073
-0.65342,1.36089
-0.64996,1.36101
-0.64712,1.36109
-0.64476,1.36114
-0.64274,1.36118
-0.64101,1.36121
-0.63951,1.36124
-0.63819,1.36125
0.51031,-1.39062
0.49170,-1.38832
0.46414,-1.38350
0.42315,-1.37329
0.36457,-1.35263
0.28925,-1.31635
0.20714,-1.26540
0.13130,-1.20850
0.06821,-1.15418
0.01736,-1.10570
-0.02425,-1.06276
-0.05951,-1.02388
-0.09056,-0.98759
-0.11885,-0.95267
-0.14540,-0.91814
-0.17093,-0.88314
-0.19604,-0.84681
-0.22124,-0.80824
-0.24703,-0.76636
-0.27400,-0.71968
-0.30335,-0.66518
-0.33837,-0.59445
-0.39237,-0.47051
-0.89613,1.30188
-0.78075,1.34289
-0.72634,1.35399
-0.69543,1.35800
-0.67708,1.35961
-0.66546,1.36035
-0.65762,1.36073
-0.65203,1.36094
-0.64786,1.36107
-0.64463,1.36114
-0.64205,1.36120
-0.63995,1.36123
-0.63819,1.36125
-0.63670,1.36127
-0.63542,1.36128
-0.63431,1.36129
-0.63334,1.36129
0.52389,-1.39181
0.51080,-1.39067
0.49184,-1.38834
0.46376,-1.38342
0.42209,-1.37298
0.36282,-1.35191
0.28711,-1.31517
0.20498,-1.26391
0.12919,-1.20678
0.06591,-1.15208
0.01462,-1.10297
-0.02762,-1.05914
-0.06365,-1.01915
-0.09558,-0.98153
-0.12484,-0.94504
-0.15241,-0.90872
-0.17895,-0.87175
-0.20494,-0.83344
-0.23075,-0.79309
-0.25675,-0.74990
-0.28355,-0.70239
-0.31265,-0.64704
-0.34825,-0.57327
-0.40848,-0.42905
-0.75418,1.34897
-0.69303,1.35824
-0.66918,1.36014
-0.65648,1.36078
-0.64872,1.36104
-0.64354,1.36117
-0.63987,1.36123
-0.63716,1.36127
-0.63508,1.36128
-0.63344,1.36129
-0.63211,1.36130
-0.63102,1.36130
-0.63009,1.36130
-0.62929,1.36130
-0.62860,1.36130
-0.62799,1.36130
0.53400,-1.39243
0.52441,-1.39185
0.51087,-1.39068
0.49112,-1.38823
0.46163,-1.38298
0.41763,-1.37164
0.35510,-1.34865
0.27613,-1.30898
0.19220,-1.25492
0.11626,-1.19612
0.05359,-1.14068
0.00290,-1.09113
-0.03903,-1.04675
-0.07507,-1.00595
-0.10729,-0.96716
-0.13707,-0.92917
-0.16527,-0.89106
-0.19246,-0.85212
-0.21897,-0.81180
-0.24513,-0.76954
-0.27138,-0.72435
-0.29880,-0.67390
-0.33007,-0.61183
-0.37368,-0.51577
-0.68152,1.28577
-0.64906,1.36103
-0.63779,1.36126
-0.63217,1.36130
-0.62889,1.36130
-0.62682,1.36129
-0.62544,1.36129
-0.62450,1.36128
-0.62384,1.36127
-0.62336,1.36127
-0.62299,1.36126
-0.62270,1.36126
-0.62245,1.36126
-0.62224,1.36126
-0.62204,1.36125
-0.62187,1.36125
0.54194,-1.39276
0.53475,-1.39247
0.52485,-1.39188
0.51071,-1.39066
0.48983,-1.38804
0.45826,-1.38226
0.41067,-1.36947
0.34301,-1.34333
0.25905,-1.29894
0.17265,-1.24067
0.09693,-1.17969
0.03559,-1.12357
-0.01383,-1.07380
-0.05494,-1.02906
-0.09066,-0.98747
-0.12296,-0.94745
-0.15310,-0.90778
-0.18179,-0.86766
-0.20948,-0.82652
-0.23645,-0.78385
-0.26317,-0.73880
-0.29061,-0.68933
-0.32121,-0.62994
-0.36219,-0.54228
-0.47862,-0.20907
-0.57149,1.35885
-0.58845,1.36005
-0.59597,1.36046
-0.60052,1.36067
-0.60368,1.36079
-0.60604,1.36088
-0.60789,1.36094
-0.60939,1.36099
-0.61062,1.36102
-0.61164,1.36105
-0.61249,1.36107
-0.61318,1.36109
-0.61375,1.36111
-0.61422,1.36112
-0.61460,1.36112
0.54841,-1.39293
0.54292,-1.39280
0.53555,-1.39251
0.52528,-1.39191
0.51044,-1.39063
0.48818,-1.38779
0.45394,-1.38130
0.40163,-1.36651
0.32734,-1.33601
0.23744,-1.28552
0.14883,-1.22247
0.07408,-1.15950
0.01466,-1.10301
-0.03314,-1.05318
-0.07329,-1.00803
-0.10867,-0.96546
-0.14111,-0.92384
-0.17169,-0.88207
-0.20098,-0.83942
-0.22939,-0.79529
-0.25741,-0.74876
-0.28618,-0.69756
-0.31849,-0.63542
-0.36353,-0.53924
-0.28814,1.28858
-0.44812,1.33943
-0.50324,1.35034
-0.53499,1.35501
-0.55491,1.35732
-0.56818,1.35858
-0.57749,1.35932
-0.58432,1.35980
-0.58952,1.36011
-0.59356,1.36034
-0.59678,1.36050
-0.59937,1.36062
-0.60148,1.36071
-0.60319,1.36077
-0.60460,1.36083
-0.60576,1.36087
0.55383,-1.39300
0.54957,-1.39295
0.54399,-1.39283
0.53644,-1.39255
0.52579,-1.39194
0.51017,-1.39060
0.48631,-1.38751
0.44885,-1.38011
0.39072,-1.36271
0.30845,-1.32659
0.21230,-1.26893
0.12233,-1.20116
0.04941,-1.13675
-0.00769,-1.08022
-0.05382,-1.03032
-0.09314,-0.98448
-0.12842,-0.94043
-0.16130,-0.89656
-0.19271,-0.85174
-0.22323,-0.80510
-0.25356,-0.75534
-0.28523,-0.69930
-0.32251,-0.62731
-0.38545,-0.48758
-0.28248,1.28626
-0.35956,1.31483
-0.41364,1.33088
-0.45721,1.34147
-0.49135,1.34828
-0.51719,1.35254
-0.53647,1.35520
-0.55090,1.35690
-0.56185,1.35801
-0.57030,1.35876
-0.57693,1.35928
-0.58219,1.35965
-0.58641,1.35993
-0.58982,1.36013
-0.59261,1.36028
-0.59488,1.36040
0.55847,-1.39301
0.55512,-1.39301
0.55085,-1.39297
0.54521,-1.39286
0.53750,-1.39260
0.52650,-1.39199
0.51007,-1.39059
0.48443,-1.38721
0.44319,-1.37873
0.37801,-1.35798
0.28649,-1.31482
0.18429,-1.24922
0.09415,-1.17728
0.02378,-1.11206
-0.03086,-1.05565
-0.07552,-1.00542
-0.11440,-0.95829
-0.15012,-0.91180
-0.18423,-0.86414
-0.21776,-0.81370
-0.25191,-0.75813
-0.28947,-0.69145
-0.34088,-0.58913
-0.16972,1.23088
-0.26627,1.27935
-0.31563,1.29939
-0.35694,1.31397
-0.39486,1.32567
-0.42972,1.33503
-0.46065,1.34221
-0.48696,1.34748
-0.50860,1.35121
-0.52605,1.35382
-0.54000,1.35564
-0.55113,1.35692
-0.56005,1.35783
-0.56722,1.35849
-0.57302,1.35898
-0.57773,1.35934
-0.58157,1.35961
0.56252,-1.39298
0.55987,-1.39301
0.55657,-1.39301
0.55232,-1.39299
0.54667,-1.39290
0.53885,-1.39265
0.52755,-1.39206
0.51034,-1.39062
0.48280,-1.38695
0.43715,-1.37718
0.36344,-1.35217
0.26132,-1.30030
0.15370,-1.22626
0.06467,-1.15094
-0.00264,-1.08544
-0.05497,-1.02902
-0.09866,-0.97778
-0.13793,-0.92804
-0.17549,-0.87669
-0.21343,-0.82043
-0.25467,-0.75344
-0.30839,-0.65540
-0.07428,1.16765
-0.20056,1.24783
-0.25198,1.27299
-0.29022,1.28945
-0.32346,1.30231
-0.35454,1.31318
-0.38447,1.32262
-0.41319,1.33076
-0.44014,1.33757
-0.46464,1.34306
-0.48622,1.34734
-0.50472,1.35058
-0.52028,1.35300
-0.53321,1.35478
-0.54386,1.35610
-0.55260,1.35708
-0.55977,1.35781
-0.56565,1.35835
0.56615,-1.39293
0.56405,-1.39296
0.56148,-1.39299
0.55826,-1.39301
0.55408,-1.39300
0.54848,-1.39293
0.54065,-1.39272
0.52915,-1.39216
0.51128,-1.39072
0.48176,-1.38677
0.43094,-1.37551
0.34663,-1.34495
0.23221,-1.28216
0.12015,-1.19936
0.03348,-1.12154
-0.03058,-1.05596
-0.08114,-0.99881
-0.12509,-0.94472
-0.16733,-0.88819
-0.21309,-0.82097
-0.27794,-0.71260
0.03651,1.06582
-0.12667,1.20457
-0.19414,1.24442
-0.23790,1.26646
-0.27183,1.28176
-0.30100,1.29376
-0.32780,1.30389
-0.35345,1.31282
-0.37848,1.32081
-0.40292,1.32796
-0.42649,1.33422
-0.44873,1.33957
-0.46919,1.34401
-0.48755,1.34759
-0.50365,1.35040
-0.51750,1.35259
-0.52926,1.35426
-0.53913,1.35553
-0.54736,1.35650
0.56945,-1.39285
0.56780,-1.39289
0.56582,-1.39293
0.56338,-1.39297
0.56029,-1.39300
0.55626,-1.39301
0.55080,-1.39297
0.54309,-1.39280
0.53158,-1.39230
0.51324,-1.39091
0.48170,-1.38676
0.42450,-1.37368
0.32601,-1.33537
0.19678,-1.25817
0.08169,-1.16632
-0.00157,-1.08655
-0.06303,-1.01987
-0.11443,-0.95826
-0.16692,-0.88876
0.47039,0.16963
0.32426,0.56034
0.02249,1.08090
-0.11279,1.19535
-0.17973,1.23655
-0.22325,1.25938
-0.25620,1.27490
-0.28370,1.28677
-0.30825,1.29658
-0.33122,1.30512
-0.35337,1.31279
-0.37509,1.31977
-0.39647,1.32613
-0.41738,1.33187
-0.43756,1.33695
-0.45666,1.34135
-0.47434,1.34505
-0.49033,1.34810
-0.50450,1.35055
-0.51683,1.35249
-0.52740,1.35401
0.57254,-1.39276
0.57127,-1.39280
0.56977,-1.39285
0.56795,-1.39289
0.56569,-1.39294
0.56281,-1.39298
0.55902,-1.39301
0.55385,-1.39300
0.54645,-1.39289
0.53521,-1.39249
0.51665,-1.39123
0.48292,-1.38696
0.41677,-1.37138
0.29658,-1.32034
0.14813,-1.22192
0.03116,-1.11928
-0.05187,-1.03251
-0.14103,-0.92395
0.47307,0.16189
0.43983,0.25748
0.33389,0.53698
0.06874,1.02826
-0.08581,1.17629
-0.16094,1.22578
-0.20762,1.25150
-0.24157,1.26819
-0.26892,1.28051
-0.29255,1.29039
-0.31406,1.29880
-0.33436,1.30624
-0.35402,1.31301
-0.37335,1.31923
-0.39247,1.32498
-0.41135,1.33027
-0.42983,1.33506
-0.44766,1.33933
-0.46451,1.34303
-0.48011,1.34618
-0.49423,1.34879
-0.50677,1.35092
0.57551,-1.39266
0.57458,-1.39269
0.57350,-1.39273
0.57220,-1.39277
0.57060,-1.39282
0.56861,-1.39287
0.56604,-1.39293
0.56264,-1.39298
0.55795,-1.39301
0.55113,-1.39298
0.54047,-1.39271
0.52201,-1.39167
0.48539,-1.38736
0.40309,-1.36700
0.23878,-1.28638
0.05507,-1.14206
0.51106,0.04889
0.48028,0.14080
0.46500,0.18541
0.43987,0.25738
0.36553,0.45776
0.13739,0.93318
-0.04914,1.14770
-0.13834,1.21203
-0.19070,1.24257
-0.22709,1.26127
-0.25532,1.27450
-0.27894,1.28478
-0.29984,1.29330
-0.31911,1.30070
-0.33741,1.30732
-0.35519,1.31339
-0.37272,1.31903
-0.39014,1.32430
-0.40747,1.32921
-0.42461,1.33374
-0.44135,1.33786
-0.45743,1.34151
-0.47254,1.34469
-0.48644,1.34738
0.57844,-1.39253
0.57784,-1.39256
0.57714,-1.39259
0.57631,-1.39262
0.57530,-1.39266
0.57405,-1.39271
0.57245,-1.39277
0.57038,-1.39283
0.56758,-1.39290
0.56365,-1.39297
0.55779,-1.39301
0.54824,-1.39293
0.53033,-1.39223
0.48816,-1.38779
0.35044,-1.34663
0.52431,0.00613
0.48728,0.12023
0.47634,0.15235
0.46449,0.18687
0.44466,0.24380
0.39324,0.38535
0.21776,0.79289
-0.00141,1.10499
-0.11140,1.19441
-0.17204,1.23221
-0.21217,1.25383
-0.24213,1.26845
-0.26642,1.27942
-0.28733,1.28827
-0.30614,1.29577
-0.32365,1.30238
-0.34038,1.30836
-0.35670,1.31389
-0.37285,1.31907
-0.38898,1.32396
-0.40513,1.32857
-0.42123,1.33288
-0.43711,1.33684
-0.45251,1.34043
-0.46715,1.34359
0.58144,-1.39239
0.58117,-1.39240
0.58086,-1.39242
0.58049,-1.39244
0.58004,-1.39246
0.57947,-1.39249
0.57875,-1.39252
0.57780,-1.39256
0.57653,-1.39262
0.57478,-1.39268
0.57224,-1.39277
0.56829,-1.39288
0.56139,-1.39300
0.54626,-1.39289
0.47627,-1.38583
0.49772,0.08953
0.48536,0.12588
0.47647,0.15196
0.46640,0.18132
0.45053,0.22708
0.41449,0.32797
0.29449,0.63025
0.06124,1.03738
-0.07840,1.17078
-0.15084,1.21974
-0.19621,1.24553
-0.22874,1.26207
-0.25430,1.27404
-0.27571,1.28342
-0.29453,1.29119
-0.31168,1.29790
-0.32778,1.30388
-0.34326,1.30936
-0.35843,1.31446
-0.37351,1.31928
-0.38866,1.32387
-0.40392,1.32823
-0.41923,1.33236
-0.43443,1.33619
-0.44928,1.33970
0.58460,-1.39222
0.58469,-1.39221
0.58480,-1.39220
0.58493,-1.39220
0.58507,-1.39219
0.58523,-1.39218
0.58542,-1.39217
0.58565,-1.39215
0.58593,-1.39214
0.58633,-1.39211
0.58695,-1.39207
0.58812,-1.39200
0.59085,-1.39182
0.60043,-1.39105
0.77589,-1.34787
0.49914,0.08536
0.48706,0.12089
0.47863,0.14565
0.46966,0.17186
0.45673,0.20930
0.43100,0.28229
0.35509,0.48430
0.14400,0.92285
-0.03543,1.13611
-0.12540,1.20374
-0.17823,1.23571
-0.21442,1.25497
-0.24190,1.26834
-0.26430,1.27849
-0.28354,1.28670
-0.30072,1.29365
-0.31655,1.29974
-0.33153,1.30523
-0.34601,1.31030
-0.36028,1.31507
-0.37455,1.31960
-0.38896,1.32396
-0.40355,1.32813
-0.41827,1.33210
-0.43295,1.33583
0.58804,-1.39201
0.58856,-1.39197
0.58915,-1.39193
0.58986,-1.39188
0.59070,-1.39183
0.59174,-1.39175
0.59303,-1.39166
0.59470,-1.39153
0.59696,-1.39135
0.60020,-1.39107
0.60521,-1.39060
0.61392,-1.38966
0.63202,-1.38724
0.68210,-1.37743
0.87312,-1.30303
0.51228,0.04725
0.49195,0.10652
0.48263,0.13392
0.47413,0.15880
0.46334,0.19021
0.44471,0.24366
0.39840,0.37156
0.24614,0.73585
0.02668,1.07647
-0.09185,1.18070
-0.15623,1.22299
-0.19787,1.24641
-0.22825,1.26183
-0.25227,1.27313
-0.27241,1.28201
-0.29003,1.28937
-0.30595,1.29569
-0.32076,1.30131
-0.33486,1.30642
-0.34857,1.31118
-0.36217,1.31568
-0.37584,1.32000
-0.38971,1.32418
-0.40381,1.32820
-0.41810,1.33206
0.59192,-1.39174
0.59294,-1.39166
0.59413,-1.39157
0.59556,-1.39146
0.59729,-1.39132
0.59945,-1.39113
0.60222,-1.39088
0.60589,-1.39053
0.61099,-1.38999
0.61846,-1.38911
0.63028,-1.38750
0.65073,-1.38410
0.68970,-1.37556
0.76691,-1.35130
0.89852,-1.28894
1.07780,-1.15663
0.50484,0.06874
0.48954,0.11358
0.48032,0.14070
0.47079,0.16855
0.45706,0.20833
0.42925,0.28716
0.34540,0.50859
0.12881,0.94626
-0.04020,1.14020
-0.12551,1.20381
-0.17635,1.23465
-0.21146,1.25347
-0.23820,1.26660
-0.25997,1.27658
-0.27857,1.28463
-0.29507,1.29140
-0.31011,1.29730
-0.32420,1.30258
-0.33768,1.30742
-0.35086,1.31195
-0.36399,1.31627
-0.37725,1.32044
-0.39075,1.32448
-0.40454,1.32840
0.59641,-1.39139
0.59805,-1.39126
0.59999,-1.39109
0.60234,-1.39087
0.60524,-1.39059
0.60892,-1.39021
0.61371,-1.38968
0.62018,-1.38889
0.62931,-1.38764
0.64279,-1.38551
0.66375,-1.38154
0.69752,-1.37354
0.75151,-1.35689
0.82985,-1.32475
0.92416,-1.27367
1.01820,-1.20779
1.11634,-1.11879
0.50803,0.05952
0.49039,0.11110
0.48023,0.14095
0.46937,0.17271
0.45251,0.22142
0.41409,0.32907
0.28759,0.64593
0.06014,1.03870
-0.07300,1.16667
-0.14308,1.21499
-0.18733,1.24074
-0.21910,1.25732
-0.24393,1.26929
-0.26452,1.27859
-0.28234,1.28620
-0.29827,1.29268
-0.31288,1.29835
-0.32661,1.30346
-0.33979,1.30815
-0.35271,1.31257
-0.36560,1.31678
-0.37865,1.32086
-0.39197,1.32484
0.60172,-1.39093
0.60414,-1.39070
0.60704,-1.39041
0.61058,-1.39003
0.61501,-1.38953
0.62068,-1.38883
0.62816,-1.38781
0.63832,-1.38625
0.65261,-1.38375
0.67326,-1.37948
0.70353,-1.37192
0.74718,-1.35839
0.80614,-1.33545
0.87714,-1.30087
0.95138,-1.25625
1.01939,-1.20684
1.07593,-1.15837
1.12359,-1.11120
1.25221,-0.94333
0.49781,0.08929
0.48466,0.12793
0.47273,0.16290
0.45513,0.21389
0.41501,0.32654
0.28034,0.66220
0.05138,1.04901
-0.07688,1.16963
-0.14478,1.21604
-0.18810,1.24116
-0.21949,1.25752
-0.24422,1.26942
-0.26484,1.27873
-0.28277,1.28638
-0.29884,1.29291
-0.31360,1.29863
-0.32747,1.30377
-0.34077,1.30850
-0.35378,1.31292
-0.36674,1.31715
-0.37983,1.32122
0.60808,-1.39030
0.61148,-1.38993
0.61558,-1.38946
0.62064,-1.38883
0.62699,-1.38797
0.63515,-1.38676
0.64592,-1.38497
0.66043,-1.38222
0.68034,-1.37785
0.70783,-1.37072
0.74518,-1.35908
0.79366,-1.34074
0.85201,-1.31399
0.91582,-1.27875
0.97904,-1.23722
1.03627,-1.19314
1.08439,-1.15045
1.12260,-1.11224
1.15150,-1.08045
1.17237,-1.05578
1.19416,-1.02835
0.50984,0.05434
0.48874,0.11596
0.47311,0.16179
0.44796,0.23441
0.37446,0.43472
0.14759,0.91715
-0.03636,1.13691
-0.12364,1.20259
-0.17460,1.23366
-0.20982,1.25263
-0.23685,1.26596
-0.25909,1.27619
-0.27829,1.28451
-0.29544,1.29155
-0.31115,1.29770
-0.32586,1.30318
-0.33988,1.30819
-0.35349,1.31283
-0.36695,1.31721
0.61574,-1.38944
0.62034,-1.38887
0.62591,-1.38812
0.63277,-1.38712
0.64139,-1.38574
0.65242,-1.38378
0.66678,-1.38090
0.68571,-1.37656
0.71076,-1.36989
0.74354,-1.35964
0.78506,-1.34426
0.83496,-1.32233
0.89098,-1.29323
0.94940,-1.25757
1.00611,-1.21720
1.05789,-1.17465
1.10301,-1.13234
1.14126,-1.09202
1.17326,-1.05469
1.19987,-1.02088
1.22180,-0.99098
1.23938,-0.96564
1.25234,-0.94613
1.25929,-0.93538
1.25539,-0.94143
0.59995,-0.13034
0.47894,0.14475
0.42598,0.29628
0.19324,0.83907
-0.04008,1.14010
-0.13329,1.20883
-0.18393,1.23887
-0.21825,1.25690
-0.24473,1.26966
-0.26682,1.27960
-0.28624,1.28782
-0.30389,1.29489
-0.32032,1.30115
-0.33588,1.30678
-0.35084,1.31194
0.62493,-1.38826
0.63092,-1.38740
0.63816,-1.38628
0.64705,-1.38477
0.65811,-1.38268
0.67208,-1.37975
0.68989,-1.37552
0.71272,-1.36932
0.74179,-1.36023
0.77802,-1.34705
0.82156,-1.32859
0.87130,-1.30401
0.92492,-1.27320
0.97940,-1.23697
1.03184,-1.19679
1.08011,-1.15448
1.12319,-1.11162
1.16105,-1.06935
1.19412,-1.02841
1.22289,-0.98945
1.24761,-0.95332
1.26837,-0.92102
1.28525,-0.89342
1.29849,-0.87093
1.30849,-0.85345
1.31566,-0.84067
1.32016,-0.83255
1.32128,-0.83053
1.31447,-0.84281
1.27105,-0.91580
0.42332,0.30367
0.05128,1.04913
-0.11424,1.19634
-0.17895,1.23611
-0.21745,1.25650
-0.24577,1.27014
-0.26919,1.28063
-0.28992,1.28932
-0.30902,1.29688
-0.32704,1.30361
0.63575,-1.38666
0.64326,-1.38543
0.65227,-1.38381
0.66321,-1.38165
0.67665,-1.37871
0.69330,-1.37465
0.71407,-1.36893
0.73995,-1.36084
0.77182,-1.34945
0.81011,-1.33372
0.85447,-1.31274
0.90351,-1.28605
0.95503,-1.25382
1.00652,-1.21689
1.05573,-1.17654
1.10114,-1.13420
1.14210,-1.09108
1.17860,-1.04811
1.21084,-1.00616
1.23894,-0.96629
1.26282,-0.92983
1.28244,-0.89809
1.29796,-0.87183
1.30988,-0.85098
1.31888,-0.83488
1.32563,-0.82257
1.33072,-0.81318
1.33456,-0.80602
1.33740,-0.80070
1.33926,-0.79718
1.33975,-0.79625
1.33669,-0.80203
1.30640,-0.85714
0.39691,0.37557
-0.04530,1.14450
-0.15906,1.22466
-0.20903,1.25223
-0.24159,1.26820
-0.26748,1.27988
-0.29030,1.28948
0.64815,-1.38457
0.65718,-1.38287
0.66790,-1.38066
0.68072,-1.37776
0.69622,-1.37389
0.71509,-1.36863
0.73817,-1.36143
0.76627,-1.35154
0.80002,-1.33808
0.83954,-1.32013
0.88418,-1.29702
0.93240,-1.26853
0.98212,-1.23502
1.03111,-1.19739
1.07754,-1.15687
1.12029,-1.11467
1.15893,-1.07184
1.19348,-1.02924
1.22403,-0.98785
1.25051,-0.94892
1.27276,-0.91395
1.29075,-0.88416
1.30474,-0.86005
1.31534,-0.84125
1.32327,-0.82688
1.32923,-0.81593
1.33376,-0.80751
1.33728,-0.80091
1.34007,-0.79565
1.34233,-0.79138
1.34416,-0.78789
1.34560,-0.78513
1.34658,-0.78326
1.34669,-0.78306
1.34400,-0.78820
1.31113,-0.84877
0.25212,0.72335
-0.11338,1.19575
-0.19241,1.24349
-0.23312,1.26418
0.66186,-1.38193
0.67227,-1.37970
0.68445,-1.37687
0.69884,-1.37319
0.71598,-1.36837
0.73657,-1.36196
0.76137,-1.35335
0.79109,-1.34181
0.82617,-1.32647
0.86650,-1.30654
0.91120,-1.28152
0.95862,-1.25141
1.00670,-1.21675
1.05343,-1.17856
1.09726,-1.13803
1.13740,-1.09630
1.17362,-1.05425
1.20600,-1.01272
1.23458,-0.97269
1.25924,-0.93546
1.27980,-0.90246
1.29626,-0.87475
1.30898,-0.85258
1.31857,-0.83543
1.32574,-0.82236
1.33113,-0.81241
1.33525,-0.80473
1.33846,-0.79870
1.34102,-0.79386
1.34311,-0.78988
1.34486,-0.78655
1.34635,-0.78370
1.34763,-0.78125
1.34873,-0.77914
1.34963,-0.77741
1.35020,-0.77630
1.35001,-0.77668
1.34654,-0.78334
0.56670,-0.07780
0.01544,1.08822
0.67643,-1.37876
0.68796,-1.37600
0.70129,-1.37253
0.71687,-1.36811
0.73526,-1.36238
0.75715,-1.35489
0.78327,-1.34498
0.81425,-1.33189
0.85038,-1.31480
0.89135,-1.29302
0.93603,-1.26623
0.98265,-1.23463
1.02916,-1.19899
1.07369,-1.16043
1.11501,-1.12017
1.15258,-1.07921
1.18640,-1.03833
1.21659,-0.99826
1.24320,-0.95995
1.26609,-0.92465
1.28509,-0.89368
1.30025,-0.86788
1.31193,-0.84736
1.32074,-0.83150
1.32735,-0.81941
1.33233,-0.81017
1.33616,-0.80302
1.33915,-0.79739
1.34155,-0.79285
1.34352,-0.78912
1.34516,-0.78599
1.34655,-0.78332
1.34775,-0.78101
1.34881,-0.77898
1.34975,-0.77718
1.35059,-0.77556
1.35133,-0.77412
1.35194,-0.77294
1.35227,-0.77232
1.35168,-0.77344
0.69129,-1.37516
0.70364,-1.37189
0.71781,-1.36783
0.73426,-1.36271
0.75360,-1.35615
0.77653,-1.34763
0.80376,-1.33648
0.83586,-1.32190
0.87295,-1.30312
0.91448,-1.27956
0.95910,-1.25108
1.00488,-1.21815
1.04977,-1.18172
1.09211,-1.14305
1.13096,-1.10332
1.16606,-1.06340
1.19756,-1.02392
1.22567,-0.98551
1.25042,-0.94905
1.27168,-0.91571
1.28928,-0.88664
1.30331,-0.86255
1.31414,-0.84341
1.32233,-0.82861
1.32850,-0.81728
1.33319,-0.80858
1.33680,-0.80182
1.33964,-0.79647
1.34192,-0.79214
1.34380,-0.78858
1.34536,-0.78559
1.34669,-0.78305
1.34783,-0.78087
1.34882,-0.77896
1.34969,-0.77728
1.35047,-0.77578
1.35117,-0.77443
1.35182,-0.77318
1.35242,-0.77202
1.35296,-0.77097
0.70593,-1.37125
0.71883,-1.36752
0.73358,-1.36293
0.75070,-1.35717
0.77082,-1.34983
0.79467,-1.34033
0.82296,-1.32795
0.85616,-1.31189
0.89420,-1.29141
0.93625,-1.26609
0.98073,-1.23602
1.02556,-1.20191
1.06875,-1.16494
1.10888,-1.12644
1.14531,-1.08748
1.17804,-1.04881
1.20737,-1.01087
1.23354,-0.97420
1.25658,-0.93959
1.27636,-0.90811
1.29273,-0.88079
1.30579,-0.85820
1.31590,-0.84025
1.32358,-0.82632
1.32940,-0.81562
1.33384,-0.80736
1.33729,-0.80090
1.34001,-0.79576
1.34221,-0.79160
1.34402,-0.78816
1.34553,-0.78527
1.34681,-0.78282
1.34791,-0.78071
1.34886,-0.77888
1.34969,-0.77728
1.35042,-0.77587
1.35107,-0.77462
1.35166,-0.77349
1.35219,-0.77246
1.35269,-0.77150
0.71994,-1.36719
0.73320,-1.36305
0.74838,-1.35798
0.76606,-1.35162
0.78691,-1.34351
0.81170,-1.33302
0.84109,-1.31938
0.87543,-1.30179
0.91442,-1.27959
0.95695,-1.25253
1.00117,-1.22097
1.04490,-1.18589
1.08627,-1.14866
1.12416,-1.11059
1.15824,-1.07265
1.18873,-1.03536
1.21603,-0.99904
1.24042,-0.96410
1.26191,-0.93127
1.28036,-0.90153
1.29566,-0.87580
1.30788,-0.85453
1.31737,-0.83760
1.32462,-0.82442
1.33014,-0.81424
1.33439,-0.80634
1.33769,-0.80014
1.34032,-0.79519
1.34245,-0.79115
1.34420,-0.78781
1.34567,-0.78500
1.34692,-0.78261
1.34799,-0.78055
1.34892,-0.77877
1.34973,-0.77722
1.35043,-0.77586
1.35105,-0.77467
1.35160,-0.77361
1.35209,-0.77266
1.35253,-0.77181
