-0.62104,1.36124
-0.62103,1.36124
-0.62103,1.36124
-0.62102,1.36124
-0.62101,1.36124
-0.62100,1.36124
-0.62098,1.36124
-0.62096,1.36124
-0.62094,1.36124
-0.62092,1.36124
-0.62088,1.36124
-0.62084,1.36124
-0.62079,1.36124
-0.62072,1.36124
-0.62064,1.36124
-0.62053,1.36123
-0.62039,1.36123
-0.62023,1.36123
-0.62004,1.36123
-0.61983,1.36122
-0.61961,1.36122
-0.61939,1.36122
-0.61916,1.36121
-0.61894,1.36121
-0.61872,1.36121
-0.61852,1.36120
-0.61835,1.36120
-0.61822,1.36120
-0.61812,1.36120
-0.61805,1.36119
-0.61799,1.36119
-0.61795,1.36119
-0.61793,1.36119
-0.61790,1.36119
-0.61788,1.36119
-0.61787,1.36119
-0.61786,1.36119
-0.61784,1.36119
-0.61783,1.36119
-0.61782,1.36119
-0.62105,1.36124
-0.62104,1.36124
-0.62103,1.36124
-0.62102,1.36124
-0.62101,1.36124
-0.62100,1.36124
-0.62098,1.36124
-0.62096,1.36124
-0.62094,1.36124
-0.62092,1.36124
-0.62088,1.36124
-0.62084,1.36124
-0.62079,1.36124
-0.62072,1.36124
-0.62063,1.36124
-0.62052,1.36123
-0.62038,1.36123
-0.62021,1.36123
-0.62002,1.36123
-0.61980,1.36122
-0.61957,1.36122
-0.61934,1.36122
-0.61911,1.36121
-0.61888,1.36121
-0.61866,1.36121
-0.61846,1.36120
-0.61830,1.36120
-0.61818,1.36120
-0.61809,1.36120
-0.61802,1.36119
-0.61798,1.36119
-0.61794,1.36119
-0.61791,1.36119
-0.61789,1.36119
-0.61787,1.36119
-0.61786,1.36119
-0.61784,1.36119
-0.61783,1.36119
-0.61782,1.36119
-0.61781,1.36119
-0.62106,1.36124
-0.62105,1.36124
-0.62104,1.36124
-0.62103,1.36124
-0.62101,1.36124
-0.62100,1.36124
-0.62098,1.36124
-0.62097,1.36124
-0.62094,1.36124
-0.62092,1.36124
-0.62089,1.36124
-0.62084,1.36124
-0.62079,1.36124
-0.62072,1.36124
-0.62063,1.36124
-0.62052,1.36123
-0.62037,1.36123
-0.62020,1.36123
-0.61999,1.36123
-0.61977,1.36122
-0.61953,1.36122
-0.61929,1.36122
-0.61904,1.36121
-0.61881,1.36121
-0.61859,1.36120
-0.61840,1.36120
-0.61825,1.36120
-0.61814,1.36120
-0.61806,1.36119
-0.61800,1.36119
-0.61796,1.36119
-0.61792,1.36119
-0.61790,1.36119
-0.61788,1.36119
-0.61786,1.36119
-0.61784,1.36119
-0.61783,1.36119
-0.61782,1.36119
-0.61781,1.36119
-0.61780,1.36119
-0.62109,1.36124
-0.62107,1.36124
-0.62105,1.36124
-0.62104,1.36124
-0.62102,1.36124
-0.62101,1.36124
-0.62099,1.36124
-0.62097,1.36124
-0.62095,1.36124
-0.62092,1.36124
-0.62089,1.36124
-0.62084,1.36124
-0.62079,1.36124
-0.62072,1.36124
-0.62063,1.36124
-0.62051,1.36123
-0.62036,1.36123
-0.62018,1.36123
-0.61996,1.36123
-0.61973,1.36122
-0.61948,1.36122
-0.61923,1.36121
-0.61897,1.36121
-0.61874,1.36121
-0.61852,1.36120
-0.61835,1.36120
-0.61821,1.36120
-0.61811,1.36120
-0.61803,1.36119
-0.61798,1.36119
-0.61794,1.36119
-0.61791,1.36119
-0.61788,1.36119
-0.61786,1.36119
-0.61784,1.36119
-0.61783,1.36119
-0.61782,1.36119
-0.61781,1.36119
-0.61779,1.36119
-0.61779,1.36119
-0.62107,1.36124
-0.62110,1.36124
-0.62108,1.36124
-0.62106,1.36124
-0.62104,1.36124
-0.62102,1.36124
-0.62100,1.36124
-0.62098,1.36124
-0.62095,1.36124
-0.62092,1.36124
-0.62089,1.36124
-0.62085,1.36124
-0.62079,1.36124
-0.62072,1.36124
-0.62062,1.36124
-0.62050,1.36123
-0.62034,1.36123
-0.62015,1.36123
-0.61993,1.36123
-0.61968,1.36122
-0.61942,1.36122
-0.61916,1.36121
-0.61890,1.36121
-0.61866,1.36121
-0.61846,1.36120
-0.61829,1.36120
-0.61816,1.36120
-0.61807,1.36120
-0.61801,1.36119
-0.61796,1.36119
-0.61792,1.36119
-0.61789,1.36119
-0.61786,1.36119
-0.61784,1.36119
-0.61783,1.36119
-0.61781,1.36119
-0.61780,1.36119
-0.61779,1.36119
-0.61778,1.36119
-0.61777,1.36119
0.58505,-1.39219
0.58355,-1.39228
0.57841,-1.39253
-0.62101,1.36124
-0.62105,1.36124
-0.62104,1.36124
-0.62102,1.36124
-0.62099,1.36124
-0.62096,1.36124
-0.62093,1.36124
-0.62089,1.36124
-0.62085,1.36124
-0.62079,1.36124
-0.62071,1.36124
-0.62061,1.36124
-0.62048,1.36123
-0.62032,1.36123
-0.62012,1.36123
-0.61988,1.36122
-0.61962,1.36122
-0.61935,1.36122
-0.61907,1.36121
-0.61882,1.36121
-0.61858,1.36120
-0.61839,1.36120
-0.61824,1.36120
-0.61812,1.36120
-0.61804,1.36119
-0.61798,1.36119
-0.61793,1.36119
-0.61790,1.36119
-0.61787,1.36119
-0.61785,1.36119
-0.61783,1.36119
-0.61781,1.36119
-0.61780,1.36119
-0.61779,1.36119
-0.61778,1.36119
-0.61777,1.36119
-0.61776,1.36119
0.58635,-1.39211
0.58602,-1.39213
0.58554,-1.39216
0.58478,-1.39221
0.58347,-1.39228
0.58034,-1.39244
-0.62076,1.36124
-0.62096,1.36124
-0.62096,1.36124
-0.62093,1.36124
-0.62089,1.36124
-0.62084,1.36124
-0.62078,1.36124
-0.62070,1.36124
-0.62059,1.36124
-0.62045,1.36123
-0.62028,1.36123
-0.62006,1.36123
-0.61981,1.36122
-0.61954,1.36122
-0.61926,1.36121
-0.61898,1.36121
-0.61873,1.36121
-0.61850,1.36120
-0.61832,1.36120
-0.61818,1.36120
-0.61808,1.36120
-0.61800,1.36119
-0.61795,1.36119
-0.61791,1.36119
-0.61787,1.36119
-0.61785,1.36119
-0.61783,1.36119
-0.61781,1.36119
-0.61779,1.36119
-0.61778,1.36119
-0.61777,1.36119
-0.61776,1.36119
-0.61775,1.36119
-0.61775,1.36119
0.58674,-1.39209
0.58660,-1.39210
0.58641,-1.39211
0.58616,-1.39212
0.58582,-1.39214
0.58537,-1.39217
0.58473,-1.39221
0.58379,-1.39226
0.58226,-1.39235
0.57892,-1.39251
-0.62033,1.36123
-0.62071,1.36124
-0.62070,1.36124
-0.62063,1.36124
-0.62052,1.36123
-0.62038,1.36123
-0.62020,1.36123
-0.61997,1.36123
-0.61971,1.36122
-0.61943,1.36122
-0.61914,1.36121
-0.61887,1.36121
-0.61863,1.36120
-0.61842,1.36120
-0.61826,1.36120
-0.61813,1.36120
-0.61804,1.36119
-0.61797,1.36119
-0.61792,1.36119
-0.61788,1.36119
-0.61785,1.36119
-0.61782,1.36119
-0.61780,1.36119
-0.61779,1.36119
-0.61778,1.36119
-0.61777,1.36119
-0.61776,1.36119
-0.61775,1.36119
-0.61774,1.36119
-0.61773,1.36119
0.58687,-1.39208
0.58681,-1.39208
0.58673,-1.39209
0.58660,-1.39210
0.58644,-1.39211
0.58623,-1.39212
0.58597,-1.39214
0.58565,-1.39215
0.58524,-1.39218
0.58472,-1.39221
0.58405,-1.39225
0.58319,-1.39230
0.58205,-1.39236
0.58039,-1.39244
0.57750,-1.39257
0.56834,-1.39288
-0.61974,1.36122
-0.61968,1.36122
-0.61949,1.36122
-0.61925,1.36121
-0.61899,1.36121
-0.61875,1.36121
-0.61854,1.36120
-0.61835,1.36120
-0.61820,1.36120
-0.61808,1.36120
-0.61800,1.36119
-0.61793,1.36119
-0.61788,1.36119
-0.61785,1.36119
-0.61782,1.36119
-0.61780,1.36119
-0.61778,1.36119
-0.61777,1.36119
-0.61776,1.36119
-0.61775,1.36119
-0.61774,1.36119
-0.61773,1.36119
-0.61773,1.36119
-0.61772,1.36119
0.58691,-1.39208
0.58689,-1.39208
0.58685,-1.39208
0.58679,-1.39209
0.58670,-1.39209
0.58658,-1.39210
0.58642,-1.39211
0.58624,-1.39212
0.58601,-1.39213
0.58573,-1.39215
0.58539,-1.39217
0.58498,-1.39219
0.58447,-1.39222
0.58386,-1.39226
0.58309,-1.39230
0.58211,-1.39235
0.58079,-1.39242
0.57881,-1.39252
0.57523,-1.39267
0.56178,-1.39299
-0.61882,1.36121
-0.61864,1.36120
-0.61845,1.36120
-0.61828,1.36120
-0.61814,1.36120
-0.61803,1.36119
-0.61795,1.36119
-0.61789,1.36119
-0.61785,1.36119
-0.61782,1.36119
-0.61779,1.36119
-0.61777,1.36119
-0.61776,1.36119
-0.61775,1.36119
-0.61774,1.36119
-0.61773,1.36119
-0.61772,1.36119
-0.61772,1.36119
-0.61771,1.36119
-0.61771,1.36119
0.58693,-1.39208
0.58692,-1.39208
0.58689,-1.39208
0.58686,-1.39208
0.58681,-1.39208
0.58674,-1.39209
0.58664,-1.39209
0.58652,-1.39210
0.58636,-1.39211
0.58617,-1.39212
0.58593,-1.39214
0.58564,-1.39216
0.58528,-1.39218
0.58484,-1.39220
0.58430,-1.39223
0.58362,-1.39227
0.58276,-1.39232
0.58166,-1.39238
0.58016,-1.39245
0.57801,-1.39255
0.57431,-1.39270
0.56225,-1.39299
-0.61844,1.36120
-0.61824,1.36120
-0.61809,1.36120
-0.61798,1.36119
-0.61790,1.36119
-0.61785,1.36119
-0.61781,1.36119
-0.61778,1.36119
-0.61776,1.36119
-0.61775,1.36119
-0.61774,1.36119
-0.61773,1.36119
-0.61772,1.36119
-0.61771,1.36119
-0.61771,1.36119
-0.61770,1.36119
-0.61770,1.36119
-0.61770,1.36119
0.58694,-1.39208
0.58693,-1.39208
0.58692,-1.39208
0.58690,-1.39208
0.58687,-1.39208
0.58682,-1.39208
0.58675,-1.39209
0.58666,-1.39209
0.58655,-1.39210
0.58640,-1.39211
0.58622,-1.39212
0.58599,-1.39213
0.58570,-1.39215
0.58534,-1.39217
0.58489,-1.39220
0.58432,-1.39223
0.58361,-1.39227
0.58272,-1.39232
0.58158,-1.39238
0.58011,-1.39245
0.57811,-1.39255
0.57498,-1.39268
0.56769,-1.39290
-0.61828,1.36120
-0.61804,1.36119
-0.61792,1.36119
-0.61784,1.36119
-0.61780,1.36119
-0.61777,1.36119
-0.61775,1.36119
-0.61773,1.36119
-0.61772,1.36119
-0.61771,1.36119
-0.61771,1.36119
-0.61770,1.36119
-0.61770,1.36119
-0.61769,1.36119
-0.61769,1.36119
-0.61769,1.36119
-0.61768,1.36119
0.58695,-1.39207
0.58694,-1.39208
0.58693,-1.39208
0.58692,-1.39208
0.58690,-1.39208
0.58686,-1.39208
0.58682,-1.39208
0.58675,-1.39209
0.58666,-1.39209
0.58654,-1.39210
0.58639,-1.39211
0.58620,-1.39212
0.58596,-1.39214
0.58564,-1.39215
0.58525,-1.39218
0.58475,-1.39221
0.58411,-1.39224
0.58332,-1.39229
0.58233,-1.39234
0.58109,-1.39241
0.57951,-1.39248
0.57737,-1.39258
0.57391,-1.39272
0.56462,-1.39296
-0.61798,1.36119
-0.61784,1.36119
-0.61778,1.36119
-0.61775,1.36119
-0.61773,1.36119
-0.61771,1.36119
-0.61770,1.36119
-0.61769,1.36119
-0.61769,1.36119
-0.61768,1.36119
-0.61768,1.36119
-0.61768,1.36119
-0.61767,1.36119
-0.61767,1.36119
-0.61767,1.36119
-0.61767,1.36119
0.58695,-1.39207
0.58695,-1.39207
0.58694,-1.39208
0.58693,-1.39208
0.58692,-1.39208
0.58689,-1.39208
0.58686,-1.39208
0.58681,-1.39208
0.58674,-1.39209
0.58664,-1.39209
0.58651,-1.39210
0.58635,-1.39211
0.58613,-1.39213
0.58586,-1.39214
0.58550,-1.39216
0.58504,-1.39219
0.58446,-1.39222
0.58372,-1.39227
0.58281,-1.39232
0.58168,-1.39238
0.58027,-1.39245
0.57845,-1.39253
0.57581,-1.39264
0.57065,-1.39282
-0.61782,1.36119
-0.61773,1.36119
-0.61770,1.36119
-0.61768,1.36119
-0.61767,1.36119
-0.61766,1.36119
-0.61766,1.36119
-0.61766,1.36119
-0.61766,1.36119
-0.61765,1.36119
-0.61765,1.36119
-0.61765,1.36119
-0.61765,1.36119
-0.61765,1.36119
-0.61765,1.36119
-0.61765,1.36119
0.58696,-1.39207
0.58695,-1.39207
0.58695,-1.39207
0.58694,-1.39208
0.58693,-1.39208
0.58692,-1.39208
0.58689,-1.39208
0.58685,-1.39208
0.58680,-1.39208
0.58672,-1.39209
0.58661,-1.39210
0.58646,-1.39211
0.58627,-1.39212
0.58602,-1.39213
0.58570,-1.39215
0.58528,-1.39218
0.58473,-1.39221
0.58403,-1.39225
0.58316,-1.39230
0.58208,-1.39236
0.58074,-1.39242
0.57904,-1.39251
0.57663,-1.39261
0.57222,-1.39277
0.54142,-1.39275
-0.61749,1.36118
-0.61755,1.36119
-0.61757,1.36119
-0.61758,1.36119
-0.61759,1.36119
-0.61760,1.36119
-0.61761,1.36119
-0.61761,1.36119
-0.61762,1.36119
-0.61762,1.36119
-0.61762,1.36119
-0.61762,1.36119
-0.61763,1.36119
-0.61763,1.36119
-0.61763,1.36119
0.58696,-1.39207
0.58696,-1.39207
0.58696,-1.39207
0.58695,-1.39207
0.58694,-1.39208
0.58693,-1.39208
0.58691,-1.39208
0.58689,-1.39208
0.58684,-1.39208
0.58678,-1.39209
0.58669,-1.39209
0.58656,-1.39210
0.58639,-1.39211
0.58617,-1.39212
0.58587,-1.39214
0.58548,-1.39216
0.58497,-1.39219
0.58430,-1.39223
0.58345,-1.39228
0.58239,-1.39234
0.58106,-1.39241
0.57934,-1.39249
0.57687,-1.39260
0.57205,-1.39278
-0.61552,1.36115
-0.61693,1.36117
-0.61722,1.36118
-0.61735,1.36118
-0.61743,1.36118
-0.61748,1.36118
-0.61751,1.36118
-0.61753,1.36119
-0.61755,1.36119
-0.61756,1.36119
-0.61757,1.36119
-0.61758,1.36119
-0.61759,1.36119
-0.61759,1.36119
-0.61760,1.36119
-0.61760,1.36119
0.58697,-1.39207
0.58696,-1.39207
0.58696,-1.39207
0.58696,-1.39207
0.58695,-1.39207
0.58694,-1.39208
0.58693,-1.39208
0.58691,-1.39208
0.58688,-1.39208
0.58683,-1.39208
0.58676,-1.39209
0.58665,-1.39209
0.58650,-1.39210
0.58630,-1.39212
0.58603,-1.39213
0.58567,-1.39215
0.58519,-1.39218
0.58455,-1.39222
0.58371,-1.39227
0.58264,-1.39233
0.58126,-1.39240
0.57940,-1.39249
0.57651,-1.39262
0.56885,-1.39287
-0.61544,1.36114
-0.61629,1.36116
-0.61672,1.36117
-0.61699,1.36118
-0.61716,1.36118
-0.61728,1.36118
-0.61736,1.36118
-0.61742,1.36118
-0.61746,1.36118
-0.61749,1.36118
-0.61751,1.36118
-0.61753,1.36119
-0.61754,1.36119
-0.61755,1.36119
-0.61756,1.36119
-0.61757,1.36119
0.58697,-1.39207
0.58697,-1.39207
0.58696,-1.39207
0.58696,-1.39207
0.58696,-1.39207
0.58695,-1.39207
0.58694,-1.39208
0.58693,-1.39208
0.58691,-1.39208
0.58687,-1.39208
0.58682,-1.39208
0.58673,-1.39209
0.58660,-1.39210
0.58642,-1.39211
0.58618,-1.39212
0.58585,-1.39214
0.58540,-1.39217
0.58479,-1.39221
0.58396,-1.39225
0.58285,-1.39231
0.58134,-1.39239
0.57912,-1.39250
0.57472,-1.39269
-0.61355,1.36110
-0.61522,1.36114
-0.61585,1.36115
-0.61626,1.36116
-0.61658,1.36117
-0.61682,1.36117
-0.61701,1.36118
-0.61714,1.36118
-0.61724,1.36118
-0.61732,1.36118
-0.61737,1.36118
-0.61742,1.36118
-0.61745,1.36118
-0.61747,1.36118
-0.61749,1.36118
-0.61751,1.36118
-0.61752,1.36119
0.58697,-1.39207
0.58697,-1.39207
0.58697,-1.39207
0.58696,-1.39207
0.58696,-1.39207
0.58696,-1.39207
0.58695,-1.39207
0.58694,-1.39208
0.58693,-1.39208
0.58690,-1.39208
0.58686,-1.39208
0.58680,-1.39208
0.58669,-1.39209
0.58654,-1.39210
0.58632,-1.39211
0.58602,-1.39213
0.58561,-1.39216
0.58503,-1.39219
0.58420,-1.39224
0.58302,-1.39231
0.58120,-1.39240
0.57771,-1.39257
-0.61133,1.36104
-0.61415,1.36111
-0.61501,1.36113
-0.61554,1.36115
-0.61593,1.36115
-0.61624,1.36116
-0.61650,1.36117
-0.61671,1.36117
-0.61689,1.36117
-0.61703,1.36118
-0.61714,1.36118
-0.61723,1.36118
-0.61729,1.36118
-0.61735,1.36118
-0.61739,1.36118
-0.61742,1.36118
-0.61745,1.36118
-0.61747,1.36118
0.58697,-1.39207
0.58697,-1.39207
0.58697,-1.39207
0.58697,-1.39207
0.58697,-1.39207
0.58696,-1.39207
0.58696,-1.39207
0.58695,-1.39207
0.58694,-1.39208
0.58693,-1.39208
0.58690,-1.39208
0.58685,-1.39208
0.58677,-1.39209
0.58665,-1.39209
0.58645,-1.39211
0.58618,-1.39212
0.58580,-1.39215
0.58524,-1.39218
0.58441,-1.39223
0.58303,-1.39230
0.57987,-1.39247
-0.60822,1.36095
-0.61261,1.36108
-0.61403,1.36111
-0.61480,1.36113
-0.61530,1.36114
-0.61568,1.36115
-0.61598,1.36115
-0.61623,1.36116
-0.61645,1.36116
-0.61664,1.36117
-0.61680,1.36117
-0.61694,1.36117
-0.61705,1.36118
-0.61714,1.36118
-0.61722,1.36118
-0.61728,1.36118
-0.61733,1.36118
-0.61737,1.36118
-0.61740,1.36118
0.58697,-1.39207
0.58697,-1.39207
0.58697,-1.39207
0.58697,-1.39207
0.58697,-1.39207
0.58697,-1.39207
0.58696,-1.39207
0.58696,-1.39207
0.58695,-1.39207
0.58694,-1.39208
0.58693,-1.39208
0.58690,-1.39208
0.58684,-1.39208
0.58674,-1.39209
0.58658,-1.39210
0.58633,-1.39211
0.58596,-1.39214
0.58540,-1.39217
0.58442,-1.39223
-0.49244,1.34847
-0.59310,1.36031
-0.60864,1.36096
-0.61229,1.36107
-0.61375,1.36111
-0.61455,1.36112
-0.61508,1.36114
-0.61546,1.36114
-0.61576,1.36115
-0.61601,1.36116
-0.61623,1.36116
-0.61642,1.36116
-0.61659,1.36117
-0.61674,1.36117
-0.61687,1.36117
-0.61698,1.36118
-0.61708,1.36118
-0.61716,1.36118
-0.61722,1.36118
-0.61728,1.36118
-0.61732,1.36118
0.58698,-1.39207
0.58697,-1.39207
0.58697,-1.39207
0.58697,-1.39207
0.58697,-1.39207
0.58697,-1.39207
0.58697,-1.39207
0.58697,-1.39207
0.58696,-1.39207
0.58696,-1.39207
0.58695,-1.39208
0.58693,-1.39208
0.58689,-1.39208
0.58682,-1.39208
0.58669,-1.39209
0.58645,-1.39211
0.58605,-1.39213
0.58497,-1.39219
-0.48515,1.34714
-0.54860,1.35664
-0.59188,1.36025
-0.60721,1.36092
-0.61163,1.36105
-0.61337,1.36110
-0.61428,1.36112
-0.61485,1.36113
-0.61526,1.36114
-0.61557,1.36115
-0.61583,1.36115
-0.61605,1.36116
-0.61624,1.36116
-0.61641,1.36116
-0.61656,1.36117
-0.61670,1.36117
-0.61682,1.36117
-0.61693,1.36117
-0.61703,1.36118
-0.61711,1.36118
-0.61718,1.36118
-0.61723,1.36118
0.58698,-1.39207
0.58698,-1.39207
0.58698,-1.39207
0.58698,-1.39207
0.58697,-1.39207
0.58697,-1.39207
0.58697,-1.39207
0.58697,-1.39207
0.58697,-1.39207
0.58696,-1.39207
0.58696,-1.39207
0.58695,-1.39208
0.58693,-1.39208
0.58689,-1.39208
0.58678,-1.39209
0.58652,-1.39210
-0.35418,1.31306
-0.46340,1.34280
-0.50603,1.35080
-0.54856,1.35664
-0.58656,1.35994
-0.60482,1.36084
-0.61067,1.36102
-0.61288,1.36108
-0.61397,1.36111
-0.61462,1.36113
-0.61506,1.36114
-0.61540,1.36114
-0.61566,1.36115
-0.61588,1.36115
-0.61608,1.36116
-0.61625,1.36116
-0.61640,1.36116
-0.61654,1.36117
-0.61667,1.36117
-0.61679,1.36117
-0.61689,1.36117
-0.61699,1.36118
-0.61707,1.36118
-0.61714,1.36118
0.58698,-1.39207
0.58698,-1.39207
0.58698,-1.39207
0.58698,-1.39207
0.58698,-1.39207
0.58698,-1.39207
0.58698,-1.39207
0.58697,-1.39207
0.58697,-1.39207
0.58697,-1.39207
0.58697,-1.39207
0.58696,-1.39207
0.58695,-1.39207
0.58693,-1.39208
0.58686,-1.39208
-0.30877,1.29678
-0.43996,1.33753
-0.47563,1.34531
-0.50721,1.35099
-0.54264,1.35596
-0.57901,1.35943
-0.60129,1.36070
-0.60934,1.36099
-0.61226,1.36107
-0.61360,1.36110
-0.61436,1.36112
-0.61486,1.36113
-0.61522,1.36114
-0.61551,1.36115
-0.61574,1.36115
-0.61593,1.36115
-0.61611,1.36116
-0.61626,1.36116
-0.61640,1.36116
-0.61653,1.36117
-0.61666,1.36117
-0.61677,1.36117
-0.61687,1.36117
-0.61696,1.36117
-0.61704,1.36118
0.58698,-1.39207
0.58698,-1.39207
0.58698,-1.39207
0.58698,-1.39207
0.58698,-1.39207
0.58698,-1.39207
0.58698,-1.39207
0.58698,-1.39207
0.58698,-1.39207
0.58698,-1.39207
0.58698,-1.39207
0.58697,-1.39207
0.58697,-1.39207
0.58696,-1.39207
0.58692,-1.39208
-0.40273,1.32790
-0.44657,1.33908
-0.47524,1.34523
-0.50267,1.35024
-0.53415,1.35491
-0.56943,1.35868
-0.59616,1.36047
-0.60745,1.36093
-0.61144,1.36105
-0.61315,1.36109
-0.61407,1.36111
-0.61465,1.36113
-0.61505,1.36114
-0.61535,1.36114
-0.61560,1.36115
-0.61580,1.36115
-0.61598,1.36115
-0.61613,1.36116
-0.61628,1.36116
-0.61641,1.36116
-0.61653,1.36117
-0.61665,1.36117
-0.61675,1.36117
-0.61685,1.36117
-0.61694,1.36117
0.58698,-1.39207
0.58698,-1.39207
0.58698,-1.39207
0.58698,-1.39207
0.58698,-1.39207
0.58698,-1.39207
0.58698,-1.39207
0.58698,-1.39207
0.58698,-1.39207
0.58698,-1.39207
0.58698,-1.39207
0.58698,-1.39207
0.58699,-1.39207
0.58699,-1.39207
0.58713,-1.39206
-0.39761,1.32646
-0.44074,1.33771
-0.46862,1.34389
-0.49445,1.34883
-0.52347,1.35346
-0.55756,1.35759
-0.58859,1.36006
-0.60456,1.36083
-0.61030,1.36101
-0.61258,1.36108
-0.61372,1.36110
-0.61440,1.36112
-0.61486,1.36113
-0.61519,1.36114
-0.61546,1.36114
-0.61567,1.36115
-0.61586,1.36115
-0.61602,1.36116
-0.61616,1.36116
-0.61629,1.36116
-0.61642,1.36116
-0.61653,1.36117
-0.61664,1.36117
-0.61675,1.36117
-0.61684,1.36117
0.58698,-1.39207
0.58698,-1.39207
0.58698,-1.39207
0.58699,-1.39207
0.58699,-1.39207
0.58699,-1.39207
0.58699,-1.39207
0.58699,-1.39207
0.58699,-1.39207
0.58699,-1.39207
0.58699,-1.39207
0.58700,-1.39207
0.58701,-1.39207
0.58704,-1.39207
0.58725,-1.39206
-0.35208,1.31236
-0.42352,1.33346
-0.45576,1.34115
-0.48213,1.34657
-0.50984,1.35141
-0.54257,1.35595
-0.57708,1.35929
-0.59969,1.36063
-0.60851,1.36096
-0.61178,1.36106
-0.61327,1.36109
-0.61410,1.36111
-0.61464,1.36113
-0.61502,1.36113
-0.61531,1.36114
-0.61554,1.36115
-0.61573,1.36115
-0.61590,1.36115
-0.61605,1.36116
-0.61619,1.36116
-0.61631,1.36116
-0.61643,1.36116
-0.61654,1.36117
-0.61665,1.36117
-0.61675,1.36117
0.58699,-1.39207
0.58699,-1.39207
0.58699,-1.39207
0.58699,-1.39207
0.58699,-1.39207
0.58699,-1.39207
0.58699,-1.39207
0.58699,-1.39207
0.58700,-1.39207
0.58700,-1.39207
0.58701,-1.39207
0.58702,-1.39207
0.58705,-1.39207
0.58712,-1.39206
0.58730,-1.39205
0.58789,-1.39202
-0.37738,1.32048
-0.43204,1.33561
-0.46328,1.34277
-0.49143,1.34829
-0.52284,1.35337
-0.55908,1.35774
-0.59021,1.36015
-0.60514,1.36085
-0.61043,1.36102
-0.61259,1.36108
-0.61369,1.36110
-0.61435,1.36112
-0.61480,1.36113
-0.61513,1.36114
-0.61539,1.36114
-0.61560,1.36115
-0.61578,1.36115
-0.61594,1.36115
-0.61608,1.36116
-0.61621,1.36116
-0.61633,1.36116
-0.61644,1.36116
-0.61655,1.36117
-0.61665,1.36117
0.58699,-1.39207
0.58699,-1.39207
0.58699,-1.39207
0.58699,-1.39207
0.58699,-1.39207
0.58700,-1.39207
0.58700,-1.39207
0.58700,-1.39207
0.58701,-1.39207
0.58702,-1.39207
0.58703,-1.39207
0.58706,-1.39207
0.58710,-1.39207
0.58719,-1.39206
0.58735,-1.39205
0.58762,-1.39203
0.58813,-1.39200
-0.36636,1.31703
-0.42905,1.33487
-0.46356,1.34283
-0.49521,1.34897
-0.53095,1.35449
-0.56966,1.35870
-0.59675,1.36049
-0.60748,1.36093
-0.61130,1.36104
-0.61299,1.36109
-0.61390,1.36111
-0.61448,1.36112
-0.61489,1.36113
-0.61520,1.36114
-0.61544,1.36114
-0.61564,1.36115
-0.61581,1.36115
-0.61597,1.36115
-0.61610,1.36116
-0.61623,1.36116
-0.61634,1.36116
-0.61645,1.36116
-0.61656,1.36117
0.58699,-1.39207
0.58699,-1.39207
0.58700,-1.39207
0.58700,-1.39207
0.58700,-1.39207
0.58700,-1.39207
0.58701,-1.39207
0.58701,-1.39207
0.58702,-1.39207
0.58704,-1.39207
0.58706,-1.39207
0.58710,-1.39207
0.58716,-1.39206
0.58726,-1.39206
0.58741,-1.39205
0.58762,-1.39203
0.58788,-1.39202
0.58818,-1.39200
0.58981,-1.39189
-0.40243,1.32782
-0.44894,1.33962
-0.48611,1.34732
-0.52641,1.35387
-0.56912,1.35866
-0.59733,1.36052
-0.60776,1.36094
-0.61140,1.36105
-0.61302,1.36109
-0.61392,1.36111
-0.61449,1.36112
-0.61489,1.36113
-0.61520,1.36114
-0.61545,1.36114
-0.61565,1.36115
-0.61582,1.36115
-0.61597,1.36115
-0.61611,1.36116
-0.61624,1.36116
-0.61635,1.36116
-0.61646,1.36116
0.58700,-1.39207
0.58700,-1.39207
0.58700,-1.39207
0.58700,-1.39207
0.58701,-1.39207
0.58701,-1.39207
0.58702,-1.39207
0.58703,-1.39207
0.58704,-1.39207
0.58706,-1.39207
0.58710,-1.39207
0.58714,-1.39206
0.58722,-1.39206
0.58733,-1.39205
0.58749,-1.39204
0.58769,-1.39203
0.58793,-1.39201
0.58818,-1.39200
0.58842,-1.39198
0.58862,-1.39197
0.58887,-1.39195
-0.36027,1.31507
-0.43488,1.33631
-0.48505,1.34712
-0.53805,1.35540
-0.58453,1.35981
-0.60443,1.36082
-0.61032,1.36102
-0.61254,1.36108
-0.61365,1.36110
-0.61432,1.36112
-0.61478,1.36113
-0.61512,1.36114
-0.61539,1.36114
-0.61561,1.36115
-0.61579,1.36115
-0.61596,1.36115
-0.61610,1.36116
-0.61623,1.36116
-0.61635,1.36116
0.58700,-1.39207
0.58700,-1.39207
0.58701,-1.39207
0.58701,-1.39207
0.58702,-1.39207
0.58702,-1.39207
0.58703,-1.39207
0.58705,-1.39207
0.58707,-1.39207
0.58709,-1.39207
0.58713,-1.39206
0.58719,-1.39206
0.58728,-1.39205
0.58741,-1.39205
0.58757,-1.39204
0.58779,-1.39202
0.58804,-1.39201
0.58833,-1.39199
0.58863,-1.39197
0.58895,-1.39195
0.58926,-1.39193
0.58955,-1.39191
0.58979,-1.39189
0.58993,-1.39188
0.58985,-1.39189
-0.19796,1.24646
-0.46766,1.34369
-0.56174,1.35800
-0.60249,1.36075
-0.61043,1.36102
-0.61277,1.36108
-0.61384,1.36111
-0.61447,1.36112
-0.61490,1.36113
-0.61523,1.36114
-0.61549,1.36114
-0.61571,1.36115
-0.61590,1.36115
-0.61606,1.36116
-0.61621,1.36116
0.58701,-1.39207
0.58701,-1.39207
0.58701,-1.39207
0.58702,-1.39207
0.58703,-1.39207
0.58704,-1.39207
0.58705,-1.39207
0.58707,-1.39207
0.58709,-1.39207
0.58713,-1.39206
0.58718,-1.39206
0.58725,-1.39206
0.58735,-1.39205
0.58749,-1.39204
0.58767,-1.39203
0.58790,-1.39201
0.58818,-1.39200
0.58851,-1.39197
0.58887,-1.39195
0.58927,-1.39192
0.58970,-1.39190
0.59012,-1.39187
0.59052,-1.39184
0.59087,-1.39181
0.59117,-1.39179
0.59139,-1.39178
0.59154,-1.39177
0.59158,-1.39176
0.59136,-1.39178
0.59019,-1.39186
-0.56374,1.35818
-0.60776,1.36094
-0.61232,1.36107
-0.61374,1.36111
-0.61446,1.36112
-0.61492,1.36113
-0.61526,1.36114
-0.61554,1.36115
-0.61577,1.36115
-0.61597,1.36115
0.58701,-1.39207
0.58702,-1.39207
0.58702,-1.39207
0.58703,-1.39207
0.58704,-1.39207
0.58705,-1.39207
0.58707,-1.39207
0.58709,-1.39207
0.58712,-1.39206
0.58716,-1.39206
0.58722,-1.39206
0.58731,-1.39205
0.58742,-1.39205
0.58757,-1.39204
0.58778,-1.39202
0.58803,-1.39201
0.58833,-1.39199
0.58869,-1.39196
0.58910,-1.39194
0.58954,-1.39191
0.59000,-1.39187
0.59045,-1.39184
0.59086,-1.39181
0.59121,-1.39179
0.59150,-1.39177
0.59173,-1.39175
0.59191,-1.39174
0.59206,-1.39173
0.59216,-1.39172
0.59224,-1.39172
0.59226,-1.39171
0.59214,-1.39172
0.59110,-1.39180
-0.57766,1.35933
-0.61057,1.36102
-0.61333,1.36110
-0.61431,1.36112
-0.61485,1.36113
-0.61524,1.36114
-0.61554,1.36115
0.58702,-1.39207
0.58703,-1.39207
0.58703,-1.39207
0.58704,-1.39207
0.58705,-1.39207
0.58707,-1.39207
0.58709,-1.39207
0.58712,-1.39206
0.58715,-1.39206
0.58720,-1.39206
0.58727,-1.39205
0.58736,-1.39205
0.58749,-1.39204
0.58767,-1.39203
0.58789,-1.39202
0.58816,-1.39200
0.58849,-1.39198
0.58887,-1.39195
0.58929,-1.39192
0.58975,-1.39189
0.59022,-1.39186
0.59066,-1.39183
0.59105,-1.39180
0.59138,-1.39178
0.59165,-1.39176
0.59186,-1.39174
0.59203,-1.39173
0.59216,-1.39172
0.59227,-1.39171
0.59236,-1.39171
0.59243,-1.39170
0.59249,-1.39170
0.59253,-1.39169
0.59254,-1.39169
0.59243,-1.39170
0.59125,-1.39179
-0.59932,1.36061
-0.61230,1.36107
-0.61400,1.36111
-0.61472,1.36113
0.58703,-1.39207
0.58704,-1.39207
0.58705,-1.39207
0.58706,-1.39207
0.58707,-1.39207
0.58709,-1.39207
0.58711,-1.39206
0.58714,-1.39206
0.58718,-1.39206
0.58724,-1.39206
0.58732,-1.39205
0.58743,-1.39204
0.58757,-1.39204
0.58776,-1.39202
0.58800,-1.39201
0.58829,-1.39199
0.58864,-1.39197
0.58903,-1.39194
0.58946,-1.39191
0.58992,-1.39188
0.59038,-1.39185
0.59081,-1.39182
0.59118,-1.39179
0.59149,-1.39177
0.59173,-1.39175
0.59193,-1.39174
0.59208,-1.39173
0.59221,-1.39172
0.59231,-1.39171
0.59239,-1.39170
0.59246,-1.39170
0.59252,-1.39169
0.59258,-1.39169
0.59262,-1.39169
0.59266,-1.39168
0.59268,-1.39168
0.59268,-1.39168
0.59253,-1.39169
-0.23527,1.26521
-0.60885,1.36097
0.58704,-1.39207
0.58705,-1.39207
0.58706,-1.39207
0.58707,-1.39207
0.58709,-1.39207
0.58711,-1.39207
0.58713,-1.39206
0.58717,-1.39206
0.58722,-1.39206
0.58728,-1.39205
0.58737,-1.39205
0.58750,-1.39204
0.58766,-1.39203
0.58787,-1.39202
0.58812,-1.39200
0.58843,-1.39198
0.58878,-1.39196
0.58918,-1.39193
0.58961,-1.39190
0.59007,-1.39187
0.59052,-1.39184
0.59092,-1.39181
0.59127,-1.39179
0.59156,-1.39176
0.59179,-1.39175
0.59197,-1.39173
0.59212,-1.39172
0.59223,-1.39172
0.59233,-1.39171
0.59241,-1.39170
0.59247,-1.39170
0.59253,-1.39169
0.59258,-1.39169
0.59263,-1.39169
0.59267,-1.39168
0.59270,-1.39168
0.59273,-1.39168
0.59276,-1.39168
0.59277,-1.39168
0.59275,-1.39168
0.58705,-1.39207
0.58706,-1.39207
0.58707,-1.39207
0.58709,-1.39207
0.58710,-1.39207
0.58713,-1.39206
0.58716,-1.39206
0.58720,-1.39206
0.58725,-1.39206
0.58733,-1.39205
0.58743,-1.39204
0.58757,-1.39204
0.58775,-1.39202
0.58797,-1.39201
0.58824,-1.39199
0.58856,-1.39197
0.58892,-1.39195
0.58932,-1.39192
0.58975,-1.39189
0.59019,-1.39186
0.59062,-1.39183
0.59101,-1.39180
0.59134,-1.39178
0.59162,-1.39176
0.59183,-1.39174
0.59200,-1.39173
0.59214,-1.39172
0.59225,-1.39171
0.59234,-1.39171
0.59242,-1.39170
0.59248,-1.39170
0.59254,-1.39169
0.59258,-1.39169
0.59263,-1.39169
0.59266,-1.39168
0.59270,-1.39168
0.59273,-1.39168
0.59275,-1.39168
0.59278,-1.39168
0.59280,-1.39167
0.58706,-1.39207
0.58707,-1.39207
0.58709,-1.39207
0.58710,-1.39207
0.58712,-1.39206
0.58715,-1.39206
0.58718,-1.39206
0.58722,-1.39206
0.58729,-1.39205
0.58737,-1.39205
0.58749,-1.39204
0.58764,-1.39203
0.58784,-1.39202
0.58808,-1.39200
0.58836,-1.39198
0.58868,-1.39196
0.58905,-1.39194
0.58945,-1.39191
0.58987,-1.39188
0.59030,-1.39185
0.59072,-1.39182
0.59109,-1.39180
0.59140,-1.39178
0.59166,-1.39176
0.59187,-1.39174
0.59203,-1.39173
0.59216,-1.39172
0.59227,-1.39171
0.59235,-1.39171
0.59243,-1.39170
0.59249,-1.39170
0.59254,-1.39169
0.59259,-1.39169
0.59263,-1.39169
0.59266,-1.39168
0.59269,-1.39168
0.59272,-1.39168
0.59275,-1.39168
0.59277,-1.39168
0.59279,-1.39167
0.58707,-1.39207
0.58708,-1.39207
0.58710,-1.39207
0.58712,-1.39206
0.58714,-1.39206
0.58717,-1.39206
0.58720,-1.39206
0.58726,-1.39206
0.58733,-1.39205
0.58742,-1.39204
0.58756,-1.39204
0.58773,-1.39203
0.58794,-1.39201
0.58819,-1.39200
0.58848,-1.39198
0.58881,-1.39196
0.58917,-1.39193
0.58956,-1.39190
0.58998,-1.39188
0.59040,-1.39185
0.59079,-1.39182
0.59115,-1.39179
0.59145,-1.39177
0.59170,-1.39175
0.59189,-1.39174
0.59205,-1.39173
0.59218,-1.39172
0.59228,-1.39171
0.59236,-1.39171
0.59243,-1.39170
0.59249,-1.39170
0.59255,-1.39169
0.59259,-1.39169
0.59263,-1.39169
0.59266,-1.39168
0.59269,-1.39168
0.59272,-1.39168
0.59275,-1.39168
0.59277,-1.39168
0.59279,-1.39167
