-0.64209,1.36120
-0.64204,1.36120
-0.64198,1.36120
-0.64192,1.36120
-0.64184,1.36120
-0.64175,1.36120
-0.64164,1.36120
-0.64152,1.36121
-0.64136,1.36121
-0.64116,1.36121
-0.64092,1.36122
-0.64062,1.36122
-0.64023,1.36123
-0.63973,1.36123
-0.63910,1.36124
-0.63829,1.36125
-0.63729,1.36126
-0.63610,1.36128
-0.63473,1.36129
-0.63322,1.36130
-0.63165,1.36130
-0.63004,1.36130
-0.62842,1.36130
-0.62682,1.36129
-0.62527,1.36128
-0.62385,1.36127
-0.62265,1.36126
-0.62171,1.36125
-0.62101,1.36124
-0.62050,1.36123
-0.62013,1.36123
-0.61986,1.36122
-0.61965,1.36122
-0.61949,1.36122
-0.61936,1.36122
-0.61925,1.36121
-0.61916,1.36121
-0.61908,1.36121
-0.61900,1.36121
-0.61893,1.36121
-0.64213,1.36119
-0.64206,1.36120
-0.64200,1.36120
-0.64193,1.36120
-0.64185,1.36120
-0.64176,1.36120
-0.64165,1.36120
-0.64152,1.36121
-0.64136,1.36121
-0.64117,1.36121
-0.64092,1.36122
-0.64062,1.36122
-0.64023,1.36123
-0.63973,1.36123
-0.63908,1.36124
-0.63826,1.36125
-0.63723,1.36126
-0.63600,1.36128
-0.63457,1.36129
-0.63301,1.36130
-0.63137,1.36130
-0.62969,1.36130
-0.62801,1.36130
-0.62636,1.36129
-0.62481,1.36128
-0.62343,1.36127
-0.62230,1.36126
-0.62143,1.36125
-0.62080,1.36124
-0.62034,1.36123
-0.62000,1.36123
-0.61975,1.36122
-0.61955,1.36122
-0.61940,1.36122
-0.61928,1.36122
-0.61917,1.36121
-0.61908,1.36121
-0.61899,1.36121
-0.61892,1.36121
-0.61885,1.36121
-0.64222,1.36119
-0.64213,1.36119
-0.64205,1.36120
-0.64197,1.36120
-0.64188,1.36120
-0.64178,1.36120
-0.64166,1.36120
-0.64153,1.36121
-0.64137,1.36121
-0.64117,1.36121
-0.64093,1.36122
-0.64062,1.36122
-0.64023,1.36123
-0.63972,1.36123
-0.63906,1.36124
-0.63822,1.36125
-0.63716,1.36127
-0.63588,1.36128
-0.63440,1.36129
-0.63276,1.36130
-0.63105,1.36130
-0.62930,1.36130
-0.62756,1.36130
-0.62588,1.36129
-0.62434,1.36128
-0.62301,1.36126
-0.62196,1.36125
-0.62117,1.36124
-0.62060,1.36124
-0.62018,1.36123
-0.61987,1.36122
-0.61963,1.36122
-0.61945,1.36122
-0.61930,1.36122
-0.61918,1.36121
-0.61908,1.36121
-0.61899,1.36121
-0.61891,1.36121
-0.61883,1.36121
-0.61876,1.36121
-0.64242,1.36119
-0.64229,1.36119
-0.64217,1.36119
-0.64205,1.36120
-0.64194,1.36120
-0.64183,1.36120
-0.64170,1.36120
-0.64156,1.36120
-0.64139,1.36121
-0.64119,1.36121
-0.64094,1.36121
-0.64063,1.36122
-0.64023,1.36123
-0.63971,1.36123
-0.63904,1.36124
-0.63817,1.36125
-0.63707,1.36127
-0.63573,1.36128
-0.63418,1.36129
-0.63247,1.36130
-0.63068,1.36130
-0.62885,1.36130
-0.62706,1.36130
-0.62537,1.36129
-0.62386,1.36127
-0.62260,1.36126
-0.62164,1.36125
-0.62092,1.36124
-0.62040,1.36123
-0.62002,1.36123
-0.61973,1.36122
-0.61951,1.36122
-0.61934,1.36122
-0.61920,1.36121
-0.61908,1.36121
-0.61898,1.36121
-0.61889,1.36121
-0.61881,1.36121
-0.61874,1.36121
-0.61867,1.36121
-0.64228,1.36119
-0.64249,1.36119
-0.64237,1.36119
-0.64223,1.36119
-0.64208,1.36120
-0.64194,1.36120
-0.64178,1.36120
-0.64162,1.36120
-0.64144,1.36121
-0.64122,1.36121
-0.64096,1.36121
-0.64063,1.36122
-0.64022,1.36123
-0.63969,1.36123
-0.63899,1.36124
-0.63809,1.36125
-0.63694,1.36127
-0.63554,1.36128
-0.63391,1.36129
-0.63212,1.36130
-0.63024,1.36130
-0.62835,1.36130
-0.62652,1.36129
-0.62484,1.36128
-0.62338,1.36127
-0.62221,1.36126
-0.62133,1.36124
-0.62068,1.36124
-0.62021,1.36123
-0.61986,1.36122
-0.61959,1.36122
-0.61939,1.36122
-0.61922,1.36121
-0.61909,1.36121
-0.61897,1.36121
-0.61887,1.36121
-0.61879,1.36121
-0.61871,1.36121
-0.61864,1.36120
-0.61858,1.36120
0.56318,-1.39298
0.54425,-1.39284
0.47706,-1.38597
-0.64189,1.36120
-0.64218,1.36119
-0.64208,1.36120
-0.64192,1.36120
-0.64173,1.36120
-0.64152,1.36121
-0.64128,1.36121
-0.64099,1.36121
-0.64065,1.36122
-0.64021,1.36123
-0.63965,1.36123
-0.63892,1.36124
-0.63797,1.36126
-0.63676,1.36127
-0.63528,1.36128
-0.63357,1.36129
-0.63168,1.36130
-0.62972,1.36130
-0.62777,1.36130
-0.62593,1.36129
-0.62428,1.36128
-0.62291,1.36126
-0.62183,1.36125
-0.62103,1.36124
-0.62044,1.36123
-0.62001,1.36123
-0.61969,1.36122
-0.61944,1.36122
-0.61925,1.36121
-0.61909,1.36121
-0.61896,1.36121
-0.61885,1.36121
-0.61876,1.36121
-0.61868,1.36121
-0.61861,1.36120
-0.61854,1.36120
-0.61849,1.36120
0.57928,-1.39249
0.57528,-1.39266
0.56934,-1.39286
0.55989,-1.39301
0.54326,-1.39281
0.50250,-1.38975
-0.64000,1.36123
-0.64151,1.36121
-0.64150,1.36121
-0.64129,1.36121
-0.64099,1.36121
-0.64062,1.36122
-0.64015,1.36123
-0.63955,1.36124
-0.63877,1.36125
-0.63776,1.36126
-0.63647,1.36127
-0.63490,1.36129
-0.63308,1.36130
-0.63110,1.36130
-0.62907,1.36130
-0.62710,1.36130
-0.62529,1.36128
-0.62372,1.36127
-0.62244,1.36126
-0.62146,1.36125
-0.62074,1.36124
-0.62020,1.36123
-0.61981,1.36122
-0.61951,1.36122
-0.61928,1.36122
-0.61910,1.36121
-0.61895,1.36121
-0.61883,1.36121
-0.61873,1.36121
-0.61865,1.36121
-0.61857,1.36120
-0.61851,1.36120
-0.61845,1.36120
-0.61840,1.36120
0.58405,-1.39225
0.58236,-1.39234
0.58001,-1.39246
0.57693,-1.39260
0.57285,-1.39275
0.56724,-1.39291
0.55924,-1.39301
0.54736,-1.39291
0.52767,-1.39207
0.48386,-1.38712
-0.63685,1.36127
-0.63961,1.36124
-0.63955,1.36124
-0.63905,1.36124
-0.63828,1.36125
-0.63722,1.36126
-0.63587,1.36128
-0.63422,1.36129
-0.63232,1.36130
-0.63029,1.36130
-0.62826,1.36130
-0.62633,1.36129
-0.62461,1.36128
-0.62316,1.36127
-0.62200,1.36125
-0.62111,1.36124
-0.62045,1.36123
-0.61996,1.36123
-0.61959,1.36122
-0.61932,1.36122
-0.61910,1.36121
-0.61894,1.36121
-0.61880,1.36121
-0.61870,1.36121
-0.61861,1.36120
-0.61853,1.36120
-0.61846,1.36120
-0.61841,1.36120
-0.61835,1.36120
-0.61831,1.36120
0.58562,-1.39216
0.58494,-1.39220
0.58388,-1.39226
0.58236,-1.39234
0.58035,-1.39244
0.57781,-1.39256
0.57466,-1.39269
0.57070,-1.39282
0.56564,-1.39294
0.55911,-1.39301
0.55068,-1.39297
0.53971,-1.39269
0.52487,-1.39188
0.50314,-1.38982
0.46511,-1.38370
0.35089,-1.34683
-0.63254,1.36130
-0.63213,1.36130
-0.63073,1.36130
-0.62900,1.36130
-0.62720,1.36130
-0.62548,1.36129
-0.62394,1.36127
-0.62263,1.36126
-0.62158,1.36125
-0.62076,1.36124
-0.62015,1.36123
-0.61970,1.36122
-0.61936,1.36122
-0.61911,1.36121
-0.61892,1.36121
-0.61877,1.36121
-0.61865,1.36121
-0.61856,1.36120
-0.61848,1.36120
-0.61841,1.36120
-0.61835,1.36120
-0.61831,1.36120
-0.61826,1.36120
-0.61822,1.36120
0.58614,-1.39213
0.58583,-1.39214
0.58534,-1.39217
0.58459,-1.39222
0.58351,-1.39228
0.58205,-1.39236
0.58020,-1.39245
0.57792,-1.39256
0.57513,-1.39267
0.57171,-1.39279
0.56752,-1.39290
0.56236,-1.39299
0.55602,-1.39301
0.54819,-1.39293
0.53840,-1.39263
0.52574,-1.39194
0.50839,-1.39042
0.48230,-1.38686
0.43536,-1.37671
0.28274,-1.31274
-0.62598,1.36129
-0.62467,1.36128
-0.62336,1.36127
-0.62217,1.36126
-0.62118,1.36124
-0.62041,1.36123
-0.61983,1.36122
-0.61941,1.36122
-0.61911,1.36121
-0.61889,1.36121
-0.61872,1.36121
-0.61860,1.36120
-0.61850,1.36120
-0.61842,1.36120
-0.61835,1.36120
-0.61829,1.36120
-0.61825,1.36120
-0.61821,1.36120
-0.61817,1.36120
-0.61814,1.36120
0.58636,-1.39211
0.58618,-1.39212
0.58591,-1.39214
0.58550,-1.39216
0.58489,-1.39220
0.58402,-1.39225
0.58284,-1.39231
0.58132,-1.39239
0.57942,-1.39249
0.57707,-1.39259
0.57417,-1.39271
0.57058,-1.39282
0.56614,-1.39293
0.56063,-1.39300
0.55377,-1.39300
0.54517,-1.39286
0.53417,-1.39244
0.51978,-1.39149
0.50021,-1.38946
0.47174,-1.38500
0.42349,-1.37339
0.28723,-1.31524
-0.62325,1.36127
-0.62185,1.36125
-0.62081,1.36124
-0.62003,1.36123
-0.61948,1.36122
-0.61910,1.36121
-0.61884,1.36121
-0.61866,1.36121
-0.61852,1.36120
-0.61842,1.36120
-0.61834,1.36120
-0.61827,1.36120
-0.61822,1.36120
-0.61818,1.36120
-0.61814,1.36120
-0.61810,1.36120
-0.61807,1.36120
-0.61805,1.36119
0.58648,-1.39210
0.58637,-1.39211
0.58620,-1.39212
0.58594,-1.39214
0.58556,-1.39216
0.58499,-1.39219
0.58419,-1.39224
0.58310,-1.39230
0.58170,-1.39238
0.57992,-1.39246
0.57768,-1.39257
0.57487,-1.39268
0.57133,-1.39280
0.56685,-1.39291
0.56120,-1.39300
0.55407,-1.39300
0.54504,-1.39286
0.53357,-1.39241
0.51884,-1.39141
0.49957,-1.38938
0.47309,-1.38525
0.43211,-1.37583
0.34354,-1.34356
-0.62214,1.36125
-0.62043,1.36123
-0.61959,1.36122
-0.61908,1.36121
-0.61877,1.36121
-0.61856,1.36120
-0.61842,1.36120
-0.61831,1.36120
-0.61823,1.36120
-0.61817,1.36120
-0.61812,1.36120
-0.61808,1.36120
-0.61805,1.36119
-0.61802,1.36119
-0.61799,1.36119
-0.61797,1.36119
-0.61795,1.36119
0.58657,-1.39210
0.58649,-1.39210
0.58637,-1.39211
0.58619,-1.39212
0.58593,-1.39214
0.58554,-1.39216
0.58497,-1.39219
0.58416,-1.39224
0.58307,-1.39230
0.58164,-1.39238
0.57980,-1.39247
0.57746,-1.39258
0.57446,-1.39270
0.57063,-1.39282
0.56572,-1.39294
0.55943,-1.39301
0.55142,-1.39298
0.54129,-1.39274
0.52852,-1.39212
0.51239,-1.39083
0.49164,-1.38831
0.46330,-1.38333
0.41838,-1.37187
0.31061,-1.32770
-0.62003,1.36123
-0.61904,1.36121
-0.61863,1.36120
-0.61840,1.36120
-0.61825,1.36120
-0.61815,1.36120
-0.61808,1.36120
-0.61803,1.36119
-0.61799,1.36119
-0.61796,1.36119
-0.61793,1.36119
-0.61791,1.36119
-0.61789,1.36119
-0.61787,1.36119
-0.61786,1.36119
-0.61785,1.36119
0.58663,-1.39209
0.58657,-1.39210
0.58649,-1.39210
0.58636,-1.39211
0.58618,-1.39212
0.58591,-1.39214
0.58549,-1.39216
0.58488,-1.39220
0.58401,-1.39225
0.58282,-1.39232
0.58127,-1.39240
0.57924,-1.39250
0.57663,-1.39261
0.57325,-1.39274
0.56885,-1.39287
0.56315,-1.39298
0.55581,-1.39301
0.54646,-1.39289
0.53471,-1.39247
0.52005,-1.39151
0.50164,-1.38964
0.47762,-1.38607
0.44288,-1.37865
0.37800,-1.35798
-0.61892,1.36121
-0.61826,1.36120
-0.61804,1.36119
-0.61793,1.36119
-0.61787,1.36119
-0.61782,1.36119
-0.61780,1.36119
-0.61778,1.36119
-0.61776,1.36119
-0.61775,1.36119
-0.61775,1.36119
-0.61774,1.36119
-0.61774,1.36119
-0.61773,1.36119
-0.61773,1.36119
-0.61772,1.36119
0.58668,-1.39209
0.58664,-1.39209
0.58658,-1.39210
0.58649,-1.39210
0.58636,-1.39211
0.58616,-1.39212
0.58586,-1.39214
0.58540,-1.39217
0.58472,-1.39221
0.58375,-1.39226
0.58242,-1.39234
0.58065,-1.39243
0.57833,-1.39254
0.57530,-1.39266
0.57131,-1.39280
0.56608,-1.39293
0.55924,-1.39301
0.55043,-1.39297
0.53925,-1.39267
0.52528,-1.39191
0.50783,-1.39036
0.48536,-1.38736
0.45361,-1.38122
0.39716,-1.36498
0.14444,-1.21901
-0.61661,1.36117
-0.61701,1.36118
-0.61717,1.36118
-0.61727,1.36118
-0.61734,1.36118
-0.61739,1.36118
-0.61743,1.36118
-0.61746,1.36118
-0.61749,1.36118
-0.61751,1.36118
-0.61753,1.36119
-0.61754,1.36119
-0.61756,1.36119
-0.61757,1.36119
-0.61757,1.36119
0.58673,-1.39209
0.58669,-1.39209
0.58664,-1.39209
0.58658,-1.39210
0.58648,-1.39210
0.58635,-1.39211
0.58613,-1.39213
0.58580,-1.39215
0.58529,-1.39218
0.58451,-1.39222
0.58340,-1.39228
0.58186,-1.39237
0.57980,-1.39247
0.57707,-1.39259
0.57345,-1.39273
0.56863,-1.39287
0.56223,-1.39299
0.55382,-1.39300
0.54299,-1.39280
0.52927,-1.39217
0.51193,-1.39078
0.48935,-1.38797
0.45677,-1.38193
0.39501,-1.36423
-0.60316,1.36077
-0.61278,1.36108
-0.61474,1.36113
-0.61567,1.36115
-0.61620,1.36116
-0.61653,1.36117
-0.61675,1.36117
-0.61691,1.36117
-0.61703,1.36118
-0.61712,1.36118
-0.61719,1.36118
-0.61725,1.36118
-0.61730,1.36118
-0.61733,1.36118
-0.61736,1.36118
-0.61739,1.36118
0.58676,-1.39209
0.58673,-1.39209
0.58670,-1.39209
0.58665,-1.39209
0.58658,-1.39210
0.58648,-1.39210
0.58633,-1.39211
0.58610,-1.39213
0.58573,-1.39215
0.58514,-1.39218
0.58425,-1.39224
0.58294,-1.39231
0.58113,-1.39240
0.57868,-1.39252
0.57540,-1.39266
0.57097,-1.39281
0.56500,-1.39295
0.55698,-1.39302
0.54636,-1.39289
0.53255,-1.39236
0.51457,-1.39104
0.49018,-1.38809
0.45209,-1.38087
0.35676,-1.34937
-0.60267,1.36075
-0.60836,1.36096
-0.61128,1.36104
-0.61314,1.36109
-0.61435,1.36112
-0.61516,1.36114
-0.61571,1.36115
-0.61610,1.36116
-0.61637,1.36116
-0.61658,1.36117
-0.61674,1.36117
-0.61686,1.36117
-0.61696,1.36117
-0.61704,1.36118
-0.61710,1.36118
-0.61715,1.36118
0.58679,-1.39208
0.58677,-1.39209
0.58674,-1.39209
0.58671,-1.39209
0.58666,-1.39209
0.58659,-1.39210
0.58648,-1.39210
0.58632,-1.39211
0.58607,-1.39213
0.58565,-1.39215
0.58497,-1.39220
0.58391,-1.39226
0.58236,-1.39234
0.58019,-1.39245
0.57723,-1.39259
0.57319,-1.39274
0.56765,-1.39290
0.56002,-1.39301
0.54956,-1.39295
0.53531,-1.39250
0.51567,-1.39114
0.48640,-1.38752
0.42872,-1.37489
-0.59026,1.36016
-0.60120,1.36069
-0.60537,1.36086
-0.60820,1.36095
-0.61035,1.36102
-0.61201,1.36106
-0.61327,1.36109
-0.61421,1.36112
-0.61490,1.36113
-0.61542,1.36114
-0.61581,1.36115
-0.61610,1.36116
-0.61633,1.36116
-0.61651,1.36117
-0.61665,1.36117
-0.61676,1.36117
-0.61685,1.36117
0.58682,-1.39208
0.58680,-1.39208
0.58678,-1.39209
0.58675,-1.39209
0.58672,-1.39209
0.58666,-1.39209
0.58659,-1.39210
0.58648,-1.39210
0.58631,-1.39211
0.58603,-1.39213
0.58555,-1.39216
0.58474,-1.39221
0.58347,-1.39228
0.58160,-1.39238
0.57896,-1.39251
0.57529,-1.39266
0.57019,-1.39283
0.56296,-1.39298
0.55259,-1.39299
0.53741,-1.39259
0.51381,-1.39096
0.46787,-1.38425
-0.57625,1.35923
-0.59416,1.36037
-0.59981,1.36063
-0.60334,1.36078
-0.60595,1.36088
-0.60805,1.36095
-0.60980,1.36100
-0.61126,1.36104
-0.61245,1.36107
-0.61342,1.36110
-0.61418,1.36112
-0.61478,1.36113
-0.61525,1.36114
-0.61562,1.36115
-0.61591,1.36115
-0.61614,1.36116
-0.61632,1.36116
-0.61647,1.36116
0.58684,-1.39208
0.58683,-1.39208
0.58681,-1.39208
0.58679,-1.39208
0.58676,-1.39209
0.58673,-1.39209
0.58668,-1.39209
0.58660,-1.39210
0.58649,-1.39210
0.58631,-1.39211
0.58599,-1.39213
0.58543,-1.39217
0.58446,-1.39222
0.58290,-1.39231
0.58057,-1.39243
0.57725,-1.39259
0.57253,-1.39276
0.56567,-1.39294
0.55519,-1.39301
0.53757,-1.39260
0.49637,-1.38897
-0.55755,1.35759
-0.58427,1.35979
-0.59337,1.36033
-0.59837,1.36057
-0.60171,1.36071
-0.60423,1.36081
-0.60626,1.36089
-0.60798,1.36094
-0.60947,1.36099
-0.61076,1.36103
-0.61187,1.36106
-0.61280,1.36108
-0.61358,1.36110
-0.61423,1.36112
-0.61475,1.36113
-0.61517,1.36114
-0.61551,1.36115
-0.61578,1.36115
-0.61600,1.36116
0.58686,-1.39208
0.58685,-1.39208
0.58684,-1.39208
0.58682,-1.39208
0.58680,-1.39208
0.58678,-1.39209
0.58674,-1.39209
0.58669,-1.39209
0.58662,-1.39210
0.58650,-1.39210
0.58631,-1.39211
0.58595,-1.39214
0.58528,-1.39218
0.58406,-1.39225
0.58206,-1.39236
0.57901,-1.39251
0.57453,-1.39269
0.56765,-1.39290
0.55531,-1.39301
-0.21367,1.25459
-0.48065,1.34629
-0.56002,1.35783
-0.58221,1.35966
-0.59157,1.36023
-0.59678,1.36050
-0.60023,1.36065
-0.60278,1.36076
-0.60480,1.36083
-0.60650,1.36089
-0.60798,1.36094
-0.60928,1.36098
-0.61043,1.36102
-0.61145,1.36105
-0.61234,1.36107
-0.61311,1.36109
-0.61377,1.36111
-0.61432,1.36112
-0.61478,1.36113
-0.61515,1.36114
-0.61546,1.36114
0.58689,-1.39208
0.58688,-1.39208
0.58687,-1.39208
0.58685,-1.39208
0.58684,-1.39208
0.58682,-1.39208
0.58680,-1.39208
0.58676,-1.39209
0.58671,-1.39209
0.58664,-1.39209
0.58652,-1.39210
0.58631,-1.39211
0.58590,-1.39214
0.58505,-1.39219
0.58339,-1.39228
0.58048,-1.39244
0.57557,-1.39265
0.56225,-1.39299
-0.20015,1.24761
-0.33343,1.30591
-0.47528,1.34524
-0.55171,1.35698
-0.57807,1.35936
-0.58909,1.36009
-0.59500,1.36041
-0.59876,1.36059
-0.60145,1.36070
-0.60353,1.36079
-0.60525,1.36085
-0.60672,1.36090
-0.60802,1.36095
-0.60918,1.36098
-0.61023,1.36101
-0.61117,1.36104
-0.61201,1.36106
-0.61276,1.36108
-0.61341,1.36110
-0.61397,1.36111
-0.61445,1.36112
-0.61485,1.36113
0.58691,-1.39208
0.58690,-1.39208
0.58689,-1.39208
0.58688,-1.39208
0.58687,-1.39208
0.58686,-1.39208
0.58684,-1.39208
0.58682,-1.39208
0.58679,-1.39208
0.58674,-1.39209
0.58668,-1.39209
0.58656,-1.39210
0.58633,-1.39211
0.58581,-1.39214
0.58453,-1.39222
0.58131,-1.39240
0.04259,1.05905
-0.16093,1.22577
-0.23967,1.26730
-0.33332,1.30588
-0.45309,1.34056
-0.53836,1.35544
-0.57219,1.35891
-0.58595,1.35990
-0.59295,1.36030
-0.59721,1.36052
-0.60014,1.36065
-0.60236,1.36074
-0.60413,1.36081
-0.60563,1.36086
-0.60693,1.36091
-0.60809,1.36095
-0.60914,1.36098
-0.61010,1.36101
-0.61098,1.36103
-0.61178,1.36106
-0.61250,1.36107
-0.61314,1.36109
-0.61371,1.36110
-0.61419,1.36112
0.58693,-1.39208
0.58692,-1.39208
0.58692,-1.39208
0.58691,-1.39208
0.58690,-1.39208
0.58690,-1.39208
0.58688,-1.39208
0.58687,-1.39208
0.58685,-1.39208
0.58683,-1.39208
0.58679,-1.39209
0.58673,-1.39209
0.58661,-1.39210
0.58635,-1.39211
0.58546,-1.39217
0.13668,0.93428
-0.11938,1.19977
-0.18283,1.23827
-0.24198,1.26838
-0.31861,1.30051
-0.42451,1.33372
-0.51969,1.35291
-0.56417,1.35822
-0.58200,1.35964
-0.59057,1.36017
-0.59553,1.36044
-0.59881,1.36059
-0.60121,1.36069
-0.60309,1.36077
-0.60464,1.36083
-0.60596,1.36088
-0.60713,1.36092
-0.60819,1.36095
-0.60915,1.36098
-0.61004,1.36101
-0.61087,1.36103
-0.61163,1.36105
-0.61233,1.36107
-0.61295,1.36109
-0.61351,1.36110
0.58695,-1.39208
0.58694,-1.39208
0.58694,-1.39208
0.58694,-1.39208
0.58694,-1.39208
0.58693,-1.39208
0.58693,-1.39208
0.58692,-1.39208
0.58691,-1.39208
0.58690,-1.39208
0.58688,-1.39208
0.58686,-1.39208
0.58681,-1.39208
0.58671,-1.39209
0.58627,-1.39212
-0.05202,1.15006
-0.13109,1.20743
-0.18212,1.23788
-0.23312,1.26419
-0.29869,1.29285
-0.39230,1.32493
-0.49457,1.34885
-0.55309,1.35713
-0.57691,1.35928
-0.58771,1.36001
-0.59363,1.36034
-0.59739,1.36053
-0.60004,1.36064
-0.60207,1.36073
-0.60370,1.36079
-0.60507,1.36084
-0.60626,1.36089
-0.60732,1.36092
-0.60829,1.36095
-0.60919,1.36098
-0.61003,1.36101
-0.61081,1.36103
-0.61154,1.36105
-0.61221,1.36107
-0.61283,1.36108
0.58697,-1.39207
0.58697,-1.39207
0.58697,-1.39207
0.58697,-1.39207
0.58697,-1.39207
0.58697,-1.39207
0.58697,-1.39207
0.58697,-1.39207
0.58698,-1.39207
0.58698,-1.39207
0.58698,-1.39207
0.58699,-1.39207
0.58701,-1.39207
0.58708,-1.39207
0.58869,-1.39196
-0.04247,1.14212
-0.12076,1.20069
-0.17025,1.23119
-0.21744,1.25650
-0.27519,1.28320
-0.35722,1.31407
-0.46134,1.34236
-0.53699,1.35527
-0.56992,1.35872
-0.58408,1.35978
-0.59137,1.36022
-0.59579,1.36045
-0.59879,1.36059
-0.60101,1.36069
-0.60276,1.36076
-0.60421,1.36081
-0.60544,1.36086
-0.60653,1.36090
-0.60751,1.36093
-0.60841,1.36096
-0.60925,1.36098
-0.61004,1.36101
-0.61079,1.36103
-0.61149,1.36105
-0.61215,1.36107
0.58699,-1.39207
0.58699,-1.39207
0.58700,-1.39207
0.58700,-1.39207
0.58701,-1.39207
0.58702,-1.39207
0.58703,-1.39207
0.58704,-1.39207
0.58705,-1.39207
0.58708,-1.39207
0.58711,-1.39206
0.58717,-1.39206
0.58731,-1.39205
0.58772,-1.39203
0.59020,-1.39186
0.04689,1.05417
-0.09001,1.17936
-0.14737,1.21763
-0.19463,1.24468
-0.24718,1.27080
-0.31845,1.30045
-0.41771,1.33196
-0.51163,1.35169
-0.55929,1.35776
-0.57901,1.35943
-0.58845,1.36005
-0.59383,1.36035
-0.59733,1.36052
-0.59984,1.36064
-0.60177,1.36072
-0.60332,1.36078
-0.60462,1.36083
-0.60575,1.36087
-0.60676,1.36090
-0.60767,1.36093
-0.60852,1.36096
-0.60932,1.36099
-0.61008,1.36101
-0.61080,1.36103
-0.61149,1.36105
0.58702,-1.39207
0.58702,-1.39207
0.58703,-1.39207
0.58704,-1.39207
0.58706,-1.39207
0.58707,-1.39207
0.58709,-1.39207
0.58712,-1.39206
0.58715,-1.39206
0.58721,-1.39206
0.58730,-1.39205
0.58745,-1.39204
0.58778,-1.39202
0.58858,-1.39197
0.59073,-1.39182
0.59779,-1.39128
-0.00373,1.10723
-0.10529,1.19021
-0.16072,1.22565
-0.21179,1.25364
-0.27385,1.28263
-0.36147,1.31545
-0.46812,1.34379
-0.54012,1.35566
-0.57072,1.35879
-0.58410,1.35978
-0.59113,1.36020
-0.59544,1.36043
-0.59840,1.36057
-0.60060,1.36067
-0.60232,1.36074
-0.60374,1.36080
-0.60495,1.36084
-0.60600,1.36088
-0.60695,1.36091
-0.60782,1.36094
-0.60863,1.36096
-0.60940,1.36099
-0.61014,1.36101
-0.61084,1.36103
0.58705,-1.39207
0.58706,-1.39207
0.58707,-1.39207
0.58709,-1.39207
0.58711,-1.39206
0.58714,-1.39206
0.58717,-1.39206
0.58722,-1.39206
0.58729,-1.39205
0.58739,-1.39205
0.58756,-1.39204
0.58785,-1.39202
0.58840,-1.39198
0.58944,-1.39191
0.59135,-1.39178
0.59456,-1.39154
0.60065,-1.39103
0.01803,1.08555
-0.09995,1.18647
-0.16121,1.22594
-0.21888,1.25722
-0.29147,1.28995
-0.39303,1.32514
-0.49735,1.34934
-0.55329,1.35715
-0.57605,1.35921
-0.58662,1.35994
-0.59253,1.36028
-0.59632,1.36047
-0.59900,1.36060
-0.60103,1.36069
-0.60266,1.36075
-0.60401,1.36081
-0.60516,1.36085
-0.60618,1.36088
-0.60709,1.36091
-0.60794,1.36094
-0.60873,1.36097
-0.60948,1.36099
-0.61020,1.36101
0.58709,-1.39207
0.58710,-1.39207
0.58712,-1.39206
0.58715,-1.39206
0.58718,-1.39206
0.58722,-1.39206
0.58728,-1.39205
0.58736,-1.39205
0.58747,-1.39204
0.58764,-1.39203
0.58791,-1.39201
0.58835,-1.39199
0.58909,-1.39194
0.59028,-1.39186
0.59210,-1.39173
0.59461,-1.39154
0.59767,-1.39129
0.60128,-1.39097
0.62000,-1.38891
-0.05146,1.14960
-0.13530,1.21011
-0.20193,1.24855
-0.28151,1.28586
-0.39134,1.32465
-0.50013,1.34981
-0.55488,1.35732
-0.57667,1.35926
-0.58686,1.35996
-0.59263,1.36029
-0.59636,1.36048
-0.59903,1.36060
-0.60106,1.36069
-0.60270,1.36075
-0.60405,1.36081
-0.60522,1.36085
-0.60624,1.36089
-0.60716,1.36092
-0.60800,1.36094
-0.60880,1.36097
-0.60955,1.36099
0.58713,-1.39206
0.58716,-1.39206
0.58719,-1.39206
0.58722,-1.39206
0.58727,-1.39205
0.58733,-1.39205
0.58742,-1.39205
0.58753,-1.39204
0.58770,-1.39203
0.58795,-1.39201
0.58833,-1.39199
0.58892,-1.39195
0.58981,-1.39189
0.59114,-1.39180
0.59300,-1.39166
0.59541,-1.39147
0.59823,-1.39124
0.60119,-1.39098
0.60399,-1.39071
0.60639,-1.39048
0.60930,-1.39017
0.03024,1.07265
-0.11036,1.19370
-0.19997,1.24752
-0.30768,1.29636
-0.44509,1.33873
-0.53623,1.35517
-0.57008,1.35874
-0.58382,1.35976
-0.59090,1.36019
-0.59525,1.36042
-0.59826,1.36057
-0.60051,1.36066
-0.60230,1.36074
-0.60377,1.36080
-0.60503,1.36084
-0.60612,1.36088
-0.60710,1.36091
-0.60799,1.36094
-0.60881,1.36097
0.58719,-1.39206
0.58722,-1.39206
0.58726,-1.39206
0.58731,-1.39205
0.58738,-1.39205
0.58747,-1.39204
0.58759,-1.39203
0.58775,-1.39202
0.58798,-1.39201
0.58831,-1.39199
0.58880,-1.39196
0.58952,-1.39191
0.59057,-1.39184
0.59204,-1.39173
0.59403,-1.39158
0.59657,-1.39138
0.59958,-1.39112
0.60293,-1.39082
0.60650,-1.39047
0.61015,-1.39008
0.61371,-1.38968
0.61702,-1.38929
0.61974,-1.38895
0.62131,-1.38874
0.62042,-1.38886
0.31786,0.57568
-0.16853,1.23020
-0.36907,1.31789
-0.52592,1.35380
-0.57070,1.35879
-0.58523,1.35985
-0.59210,1.36026
-0.59622,1.36047
-0.59908,1.36060
-0.60125,1.36070
-0.60300,1.36077
-0.60446,1.36082
-0.60572,1.36087
-0.60683,1.36091
-0.60782,1.36094
0.58726,-1.39206
0.58730,-1.39205
0.58736,-1.39205
0.58742,-1.39204
0.58751,-1.39204
0.58763,-1.39203
0.58779,-1.39202
0.58800,-1.39201
0.58829,-1.39199
0.58872,-1.39196
0.58931,-1.39192
0.59017,-1.39186
0.59136,-1.39178
0.59301,-1.39166
0.59519,-1.39149
0.59794,-1.39126
0.60124,-1.39097
0.60505,-1.39061
0.60930,-1.39017
0.61391,-1.38966
0.61872,-1.38908
0.62349,-1.38845
0.62796,-1.38783
0.63187,-1.38726
0.63510,-1.38677
0.63756,-1.38638
0.63916,-1.38611
0.63957,-1.38605
0.63714,-1.38644
0.62427,-1.38835
-0.37490,1.31971
-0.55490,1.35732
-0.58243,1.35967
-0.59147,1.36022
-0.59613,1.36046
-0.59919,1.36061
-0.60147,1.36070
-0.60331,1.36078
-0.60486,1.36084
-0.60621,1.36088
0.58734,-1.39205
0.58740,-1.39205
0.58747,-1.39204
0.58756,-1.39204
0.58767,-1.39203
0.58782,-1.39202
0.58801,-1.39201
0.58828,-1.39199
0.58864,-1.39197
0.58915,-1.39193
0.58985,-1.39188
0.59084,-1.39182
0.59221,-1.39172
0.59405,-1.39158
0.59645,-1.39139
0.59943,-1.39114
0.60302,-1.39081
0.60718,-1.39040
0.61186,-1.38989
0.61693,-1.38930
0.62214,-1.38863
0.62718,-1.38795
0.63171,-1.38728
0.63556,-1.38669
0.63870,-1.38619
0.64119,-1.38578
0.64315,-1.38545
0.64468,-1.38518
0.64583,-1.38498
0.64661,-1.38484
0.64681,-1.38481
0.64554,-1.38503
0.63440,-1.38687
-0.41974,1.33249
-0.57156,1.35886
-0.58884,1.36007
-0.59516,1.36042
-0.59876,1.36059
-0.60131,1.36070
-0.60334,1.36078
0.58743,-1.39204
0.58751,-1.39204
0.58759,-1.39203
0.58770,-1.39203
0.58784,-1.39202
0.58802,-1.39201
0.58826,-1.39199
0.58857,-1.39197
0.58900,-1.39194
0.58960,-1.39190
0.59042,-1.39185
0.59156,-1.39176
0.59311,-1.39165
0.59516,-1.39149
0.59777,-1.39128
0.60099,-1.39100
0.60481,-1.39063
0.60921,-1.39018
0.61411,-1.38963
0.61934,-1.38900
0.62460,-1.38830
0.62954,-1.38761
0.63386,-1.38696
0.63744,-1.38639
0.64031,-1.38593
0.64257,-1.38554
0.64436,-1.38524
0.64579,-1.38499
0.64694,-1.38478
0.64789,-1.38461
0.64868,-1.38447
0.64930,-1.38436
0.64973,-1.38428
0.64978,-1.38427
0.64861,-1.38449
0.63599,-1.38663
-0.50978,1.35140
-0.58230,1.35966
-0.59316,1.36031
-0.59786,1.36055
0.58754,-1.39204
0.58763,-1.39203
0.58774,-1.39203
0.58787,-1.39202
0.58803,-1.39201
0.58824,-1.39199
0.58851,-1.39197
0.58888,-1.39195
0.58938,-1.39192
0.59007,-1.39187
0.59102,-1.39180
0.59232,-1.39171
0.59406,-1.39158
0.59632,-1.39140
0.59914,-1.39116
0.60256,-1.39085
0.60655,-1.39046
0.61109,-1.38998
0.61607,-1.38940
0.62130,-1.38875
0.62645,-1.38805
0.63119,-1.38736
0.63526,-1.38674
0.63859,-1.38621
0.64124,-1.38577
0.64332,-1.38542
0.64496,-1.38513
0.64627,-1.38490
0.64734,-1.38471
0.64823,-1.38455
0.64898,-1.38442
0.64963,-1.38430
0.65019,-1.38420
0.65068,-1.38411
0.65108,-1.38403
0.65133,-1.38398
0.65125,-1.38400
0.64971,-1.38428
0.27024,0.68449
-0.56126,1.35795
0.58767,-1.39203
0.58777,-1.39202
0.58789,-1.39202
0.58804,-1.39201
0.58823,-1.39199
0.58847,-1.39198
0.58878,-1.39196
0.58921,-1.39193
0.58978,-1.39189
0.59057,-1.39183
0.59166,-1.39176
0.59313,-1.39165
0.59506,-1.39150
0.59752,-1.39130
0.60054,-1.39104
0.60411,-1.39070
0.60822,-1.39029
0.61281,-1.38978
0.61779,-1.38919
0.62293,-1.38853
0.62791,-1.38784
0.63242,-1.38718
0.63626,-1.38658
0.63938,-1.38608
0.64185,-1.38567
0.64379,-1.38534
0.64533,-1.38507
0.64656,-1.38485
0.64757,-1.38467
0.64840,-1.38452
0.64911,-1.38439
0.64972,-1.38428
0.65024,-1.38419
0.65071,-1.38410
0.65113,-1.38402
0.65151,-1.38395
0.65184,-1.38389
0.65212,-1.38384
0.65227,-1.38381
0.65200,-1.38386
0.58780,-1.39202
0.58791,-1.39201
0.58805,-1.39200
0.58821,-1.39199
0.58843,-1.39198
0.58870,-1.39196
0.58906,-1.39194
0.58954,-1.39191
0.59020,-1.39186
0.59110,-1.39180
0.59234,-1.39171
0.59398,-1.39158
0.59612,-1.39142
0.59877,-1.39119
0.60194,-1.39091
0.60563,-1.39055
0.60980,-1.39012
0.61441,-1.38960
0.61932,-1.38900
0.62432,-1.38834
0.62911,-1.38767
0.63340,-1.38703
0.63702,-1.38646
0.63996,-1.38598
0.64229,-1.38559
0.64413,-1.38528
0.64559,-1.38502
0.64676,-1.38482
0.64772,-1.38464
0.64852,-1.38450
0.64920,-1.38438
0.64978,-1.38427
0.65028,-1.38418
0.65072,-1.38410
0.65111,-1.38403
0.65145,-1.38396
0.65177,-1.38390
0.65206,-1.38385
0.65233,-1.38380
0.65258,-1.38375
0.58793,-1.39201
0.58806,-1.39200
0.58821,-1.39199
0.58839,-1.39198
0.58863,-1.39197
0.58893,-1.39195
0.58934,-1.39192
0.58988,-1.39188
0.59064,-1.39183
0.59167,-1.39176
0.59306,-1.39165
0.59489,-1.39151
0.59722,-1.39133
0.60004,-1.39108
0.60334,-1.39078
0.60711,-1.39040
0.61130,-1.38995
0.61587,-1.38943
0.62069,-1.38882
0.62554,-1.38818
0.63012,-1.38752
0.63420,-1.38690
0.63764,-1.38636
0.64042,-1.38591
0.64264,-1.38553
0.64439,-1.38523
0.64579,-1.38499
0.64692,-1.38479
0.64784,-1.38462
0.64862,-1.38448
0.64927,-1.38436
0.64983,-1.38426
0.65031,-1.38417
0.65074,-1.38410
0.65111,-1.38403
0.65143,-1.38397
0.65173,-1.38391
0.65199,-1.38386
0.65223,-1.38382
0.65246,-1.38377
0.58807,-1.39200
0.58820,-1.39199
0.58837,-1.39198
0.58857,-1.39197
0.58883,-1.39195
0.58917,-1.39193
0.58962,-1.39190
0.59025,-1.39186
0.59110,-1.39180
0.59227,-1.39171
0.59383,-1.39160
0.59585,-1.39144
0.59836,-1.39123
0.60133,-1.39097
0.60473,-1.39064
0.60854,-1.39025
0.61272,-1.38979
0.61723,-1.38926
0.62193,-1.38866
0.62661,-1.38803
0.63100,-1.38739
0.63489,-1.38680
0.63816,-1.38628
0.64081,-1.38584
0.64293,-1.38548
0.64461,-1.38519
0.64595,-1.38496
0.64705,-1.38477
0.64794,-1.38460
0.64870,-1.38447
0.64933,-1.38435
0.64988,-1.38425
0.65035,-1.38417
0.65076,-1.38409
0.65112,-1.38402
0.65144,-1.38397
0.65172,-1.38391
0.65196,-1.38387
0.65218,-1.38383
0.65239,-1.38379
