-1.48975,0.48284
-1.48946,0.48362
-1.48914,0.48449
-1.48878,0.48550
-1.48835,0.48667
-1.48783,0.48807
-1.48722,0.48975
-1.48647,0.49179
-1.48555,0.49430
-1.48440,0.49741
-1.48295,0.50134
-1.48110,0.50635
-1.47869,0.51283
-1.47553,0.52132
-1.47133,0.53250
-1.46575,0.54725
-1.45838,0.56656
-1.44876,0.59141
-1.43648,0.62263
-1.42108,0.66086
-1.40200,0.70677
-1.37823,0.76138
-1.34804,0.82611
-1.30873,0.90197
-1.25704,0.98724
-1.19144,1.07489
-1.11568,1.15431
-1.03910,1.21743
-0.97128,1.26236
-0.91677,1.29205
-0.87519,1.31110
-0.84396,1.32337
-0.82031,1.33151
-0.80199,1.33713
-0.78735,1.34119
-0.77526,1.34425
-0.76493,1.34666
-0.75583,1.34862
-0.74762,1.35027
-0.74004,1.35169
-1.48996,0.48226
-1.48961,0.48321
-1.48925,0.48420
-1.48885,0.48529
-1.48840,0.48652
-1.48787,0.48796
-1.48725,0.48967
-1.48650,0.49172
-1.48557,0.49423
-1.48442,0.49735
-1.48298,0.50127
-1.48112,0.50629
-1.47870,0.51280
-1.47551,0.52136
-1.47125,0.53272
-1.46554,0.54781
-1.45793,0.56772
-1.44792,0.59356
-1.43502,0.62629
-1.41868,0.66672
-1.39819,0.71573
-1.37232,0.77449
-1.33901,0.84441
-1.29524,0.92576
-1.23797,1.01488
-1.16715,1.10255
-1.08886,1.17810
-1.01345,1.23552
-0.94917,1.27506
-0.89861,1.30075
-0.86029,1.31717
-0.83139,1.32782
-0.80929,1.33496
-0.79193,1.33996
-0.77786,1.34361
-0.76608,1.34640
-0.75591,1.34861
-0.74690,1.35041
-0.73874,1.35192
-0.73124,1.35321
-1.49049,0.48080
-1.49000,0.48214
-1.48954,0.48342
-1.48906,0.48471
-1.48856,0.48610
-1.48799,0.48764
-1.48734,0.48943
-1.48656,0.49154
-1.48563,0.49409
-1.48447,0.49723
-1.48301,0.50118
-1.48114,0.50623
-1.47870,0.51280
-1.47547,0.52148
-1.47112,0.53305
-1.46526,0.54855
-1.45737,0.56917
-1.44691,0.59616
-1.43328,0.63065
-1.41584,0.67364
-1.39369,0.72620
-1.36533,0.78970
-1.32835,0.86532
-1.27949,0.95213
-1.21631,1.04406
-1.14074,1.13018
-1.06110,1.20077
-0.98786,1.25222
-0.92743,1.28667
-0.88064,1.30877
-0.84526,1.32289
-0.81841,1.33212
-0.79763,1.33838
-0.78111,1.34280
-0.76755,1.34607
-0.75610,1.34857
-0.74615,1.35056
-0.73732,1.35217
-0.72934,1.35352
-0.72205,1.35465
-1.49159,0.47777
-1.49086,0.47979
-1.49019,0.48162
-1.48956,0.48335
-1.48893,0.48506
-1.48828,0.48686
-1.48755,0.48883
-1.48673,0.49109
-1.48575,0.49376
-1.48455,0.49700
-1.48307,0.50103
-1.48117,0.50616
-1.47869,0.51285
-1.47538,0.52170
-1.47093,0.53357
-1.46487,0.54958
-1.45665,0.57105
-1.44564,0.59941
-1.43115,0.63597
-1.41240,0.68197
-1.38826,0.73870
-1.35694,0.80760
-1.31562,0.88937
-1.26102,0.98122
-1.19179,1.07447
-1.11231,1.15740
-1.03256,1.22217
-0.96229,1.26763
-0.90582,1.29737
-0.86256,1.31627
-0.82980,1.32836
-0.80474,1.33632
-0.78516,1.34176
-0.76942,1.34564
-0.75640,1.34851
-0.74534,1.35071
-0.73574,1.35245
-0.72723,1.35385
-0.71960,1.35500
-0.71267,1.35596
-1.49083,0.47985
-1.49199,0.47669
-1.49133,0.47849
-1.49052,0.48071
-1.48971,0.48295
-1.48888,0.48520
-1.48802,0.48755
-1.48708,0.49012
-1.48601,0.49304
-1.48474,0.49649
-1.48318,0.50072
-1.48121,0.50604
-1.47865,0.51294
-1.47524,0.52207
-1.47063,0.53437
-1.46431,0.55105
-1.45567,0.57361
-1.44398,0.60364
-1.42843,0.64273
-1.40808,0.69233
-1.38153,0.75398
-1.34662,0.82904
-1.30020,0.91714
-1.23928,1.01304
-1.16425,1.10571
-1.08198,1.18389
-1.00337,1.24226
-0.93661,1.28188
-0.88405,1.30729
-0.84402,1.32335
-0.81361,1.33363
-0.79020,1.34043
-0.77175,1.34509
-0.75684,1.34842
-0.74446,1.35088
-0.73396,1.35275
-0.72486,1.35422
-0.71686,1.35539
-0.70974,1.35635
-0.70334,1.35713
-0.20794,-0.82887
-0.27103,-0.72498
-0.37672,-0.50867
-1.48860,0.48595
-1.49029,0.48135
-1.48971,0.48294
-1.48878,0.48548
-1.48771,0.48842
-1.48649,0.49174
-1.48508,0.49557
-1.48339,0.50017
-1.48128,0.50586
-1.47857,0.51315
-1.47498,0.52277
-1.47012,0.53571
-1.46344,0.55333
-1.45424,0.57731
-1.44167,0.60951
-1.42479,0.65175
-1.40241,0.70579
-1.37287,0.77328
-1.33358,0.85514
-1.28128,0.94922
-1.21373,1.04737
-1.13362,1.13723
-1.04996,1.20934
-0.97351,1.26102
-0.91056,1.29509
-0.86173,1.31660
-0.82467,1.33008
-0.79646,1.33871
-0.77464,1.34440
-0.75741,1.34830
-0.74346,1.35106
-0.73191,1.35309
-0.72216,1.35463
-0.71376,1.35582
-0.70644,1.35676
-0.69997,1.35751
-0.69422,1.35812
-0.08594,-0.99312
-0.13299,-0.93451
-0.17648,-0.87528
-0.22167,-0.80757
-0.27355,-0.72048
-0.34740,-0.57512
-1.47715,0.51674
-1.48645,0.49183
-1.48636,0.49209
-1.48514,0.49540
-1.48340,0.50013
-1.48114,0.50624
-1.47822,0.51411
-1.47435,0.52447
-1.46910,0.53840
-1.46188,0.55741
-1.45189,0.58337
-1.43814,0.61844
-1.41949,0.66475
-1.39451,0.72429
-1.36120,0.79857
-1.31670,0.88737
-1.25791,0.98593
-1.18403,1.08357
-1.10011,1.16835
-1.01647,1.23346
-0.94289,1.27850
-0.88376,1.30742
-0.83845,1.32536
-0.80420,1.33648
-0.77817,1.34354
-0.75809,1.34815
-0.74226,1.35128
-0.72952,1.35349
-0.71903,1.35509
-0.71022,1.35628
-0.70270,1.35720
-0.69618,1.35792
-0.69048,1.35849
-0.68543,1.35895
0.05392,-1.14098
-0.01989,-1.06740
-0.07402,-1.00717
-0.11641,-0.95576
-0.15314,-0.90773
-0.18827,-0.85827
-0.22419,-0.80358
-0.26271,-0.73959
-0.30760,-0.65696
-0.36965,-0.52523
-1.45411,0.57523
-1.47473,0.52343
-1.47435,0.52445
-1.47103,0.53329
-1.46564,0.54753
-1.45784,0.56795
-1.44684,0.59635
-1.43153,0.63503
-1.41058,0.68633
-1.38235,0.75214
-1.34459,0.83317
-1.29442,0.92718
-1.22939,1.02671
-1.15042,1.12033
-1.06429,1.19826
-0.98166,1.25607
-0.91116,1.29480
-0.85570,1.31896
-0.81377,1.33358
-0.78241,1.34247
-0.75880,1.34800
-0.74073,1.35156
-0.72661,1.35395
-0.71533,1.35561
-0.70610,1.35680
-0.69840,1.35768
-0.69187,1.35835
-0.68623,1.35888
-0.68132,1.35929
-0.67700,1.35962
0.22097,-1.27477
0.12626,-1.20439
0.04361,-1.13126
-0.01991,-1.06738
-0.06798,-1.01418
-0.10613,-0.96860
-0.13856,-0.92721
-0.16808,-0.88714
-0.19647,-0.84617
-0.22469,-0.80279
-0.25313,-0.75607
-0.28221,-0.70485
-0.31279,-0.64677
-0.34655,-0.57696
-0.38805,-0.48128
-0.45950,-0.27988
-1.41305,0.67993
-1.40816,0.69209
-1.38905,0.73687
-1.35973,0.80170
-1.31918,0.88276
-1.26519,0.97483
-1.19620,1.06920
-1.11424,1.15563
-1.02699,1.22615
-0.94543,1.27712
-0.87771,1.31003
-0.82578,1.32972
-0.78745,1.34116
-0.75938,1.34788
-0.73863,1.35194
-0.72296,1.35451
-0.71084,1.35620
-0.70121,1.35737
-0.69338,1.35821
-0.68686,1.35882
-0.68135,1.35929
-0.67661,1.35965
-0.67249,1.35993
-0.66888,1.36016
0.33431,-1.33932
0.26065,-1.29990
0.17500,-1.24241
0.09253,-1.17587
0.02423,-1.11250
-0.02889,-1.05777
-0.07059,-1.01116
-0.10480,-0.97025
-0.13440,-0.93267
-0.16132,-0.89654
-0.18677,-0.86046
-0.21150,-0.82341
-0.23594,-0.78468
-0.26040,-0.74360
-0.28527,-0.69924
-0.31120,-0.64989
-0.33928,-0.59254
-0.37131,-0.52135
-0.41172,-0.42047
-0.48834,-0.17906
-1.28296,0.94619
-1.23198,1.02315
-1.16285,1.10720
-1.07867,1.18664
-0.98899,1.25151
-0.90697,1.29682
-0.84147,1.32427
-0.79349,1.33953
-0.75956,1.34784
-0.73553,1.35248
-0.71814,1.35521
-0.70518,1.35691
-0.69522,1.35802
-0.68733,1.35878
-0.68091,1.35932
-0.67558,1.35972
-0.67107,1.36002
-0.66720,1.36026
-0.66384,1.36044
-0.66090,1.36059
0.39648,-1.36474
0.34624,-1.34477
0.27936,-1.31082
0.20023,-1.26059
0.12073,-1.19984
0.05173,-1.13893
-0.00368,-1.08437
-0.04773,-1.03713
-0.08386,-0.99560
-0.11487,-0.95770
-0.14275,-0.92167
-0.16882,-0.88610
-0.19395,-0.84990
-0.21870,-0.81223
-0.24348,-0.77229
-0.26864,-0.72920
-0.29457,-0.68191
-0.32166,-0.62904
-0.35040,-0.56856
-0.38190,-0.49622
-0.41979,-0.39844
-0.48601,-0.18549
-1.15635,1.11387
-1.05141,1.20822
-0.95038,1.27439
-0.86421,1.31561
-0.80125,1.33734
-0.75888,1.34798
-0.73070,1.35330
-0.71144,1.35613
-0.69774,1.35775
-0.68758,1.35876
-0.67978,1.35941
-0.67360,1.35986
-0.66856,1.36018
-0.66437,1.36041
-0.66083,1.36059
-0.65778,1.36072
-0.65514,1.36083
-0.65284,1.36091
0.43459,-1.37650
0.39931,-1.36572
0.35024,-1.34655
0.28544,-1.31424
0.20882,-1.26655
0.13112,-1.20835
0.06256,-1.14900
0.00661,-1.09490
-0.03842,-1.04742
-0.07563,-1.00529
-0.10774,-0.96661
-0.13673,-0.92962
-0.16395,-0.89289
-0.19031,-0.85527
-0.21638,-0.81586
-0.24253,-0.77386
-0.26897,-0.72861
-0.29585,-0.67949
-0.32322,-0.62588
-0.35122,-0.56676
-0.38060,-0.49933
-0.41397,-0.41434
-0.46233,-0.26859
-1.07565,1.18757
-0.90969,1.29549
-0.81380,1.33357
-0.75668,1.34845
-0.72276,1.35454
-0.70152,1.35734
-0.68733,1.35878
-0.67730,1.35960
-0.66986,1.36010
-0.66415,1.36042
-0.65961,1.36064
-0.65592,1.36080
-0.65284,1.36091
-0.65024,1.36100
-0.64801,1.36106
-0.64608,1.36111
-0.64440,1.36115
0.46121,-1.38289
0.43554,-1.37676
0.39956,-1.36581
0.34959,-1.34626
0.28388,-1.31337
0.20678,-1.26515
0.12915,-1.20675
0.06090,-1.14747
0.00509,-1.09336
-0.04007,-1.04561
-0.07769,-1.00288
-0.11043,-0.96326
-0.14026,-0.92497
-0.16852,-0.88653
-0.19608,-0.84675
-0.22346,-0.80474
-0.25091,-0.75983
-0.27845,-0.71167
-0.30598,-0.66009
-0.33340,-0.60491
-0.36092,-0.54517
-0.38964,-0.47729
-0.42305,-0.38927
-0.47620,-0.21968
-0.86388,1.31546
-0.75223,1.34936
-0.70830,1.35653
-0.68528,1.35896
-0.67140,1.36000
-0.66223,1.36052
-0.65578,1.36081
-0.65104,1.36097
-0.64742,1.36108
-0.64458,1.36115
-0.64229,1.36119
-0.64039,1.36122
-0.63879,1.36125
-0.63742,1.36126
-0.63624,1.36127
-0.63520,1.36128
0.48133,-1.38670
0.46225,-1.38311
0.43569,-1.37680
0.39822,-1.36535
0.34598,-1.34466
0.27745,-1.30974
0.19794,-1.25899
0.11929,-1.19864
0.05117,-1.13841
-0.00413,-1.08390
-0.04896,-1.03576
-0.08657,-0.99237
-0.11966,-0.95165
-0.15015,-0.91176
-0.17936,-0.87117
-0.20806,-0.82868
-0.23665,-0.78352
-0.26517,-0.73530
-0.29343,-0.68406
-0.32121,-0.62994
-0.34854,-0.57263
-0.37613,-0.51000
-0.40622,-0.43500
-0.44588,-0.32169
-0.64835,0.66290
-0.67201,1.35995
-0.65215,1.36094
-0.64239,1.36119
-0.63673,1.36127
-0.63318,1.36130
-0.63084,1.36130
-0.62924,1.36130
-0.62811,1.36130
-0.62729,1.36130
-0.62667,1.36129
-0.62617,1.36129
-0.62576,1.36129
-0.62539,1.36129
-0.62507,1.36128
-0.62476,1.36128
0.49727,-1.38909
0.48285,-1.38695
0.46311,-1.38329
0.43538,-1.37671
0.39585,-1.36452
0.34033,-1.34211
0.26762,-1.30404
0.18458,-1.24944
0.10446,-1.18616
0.03660,-1.12454
-0.01790,-1.06951
-0.06210,-1.02093
-0.09951,-0.97674
-0.13286,-0.93468
-0.16404,-0.89277
-0.19426,-0.84945
-0.22416,-0.80362
-0.25390,-0.75476
-0.28329,-0.70286
-0.31204,-0.64825
-0.34007,-0.59085
-0.36801,-0.52898
-0.39785,-0.45666
-0.43565,-0.35280
-0.52864,0.04497
-0.54405,1.35611
-0.57020,1.35875
-0.58212,1.35965
-0.58945,1.36011
-0.59456,1.36039
-0.59842,1.36057
-0.60145,1.36070
-0.60392,1.36080
-0.60595,1.36088
-0.60764,1.36093
-0.60904,1.36098
-0.61020,1.36101
-0.61115,1.36104
-0.61192,1.36106
-0.61255,1.36108
0.51029,-1.39062
0.49923,-1.38934
0.48443,-1.38721
0.46397,-1.38347
0.43485,-1.37657
0.39280,-1.36345
0.33318,-1.33879
0.25527,-1.29665
0.16805,-1.23722
0.08650,-1.17058
0.01921,-1.10755
-0.03421,-1.05202
-0.07765,-1.00292
-0.11487,-0.95770
-0.14859,-0.91386
-0.18065,-0.86931
-0.21209,-0.82251
-0.24332,-0.77255
-0.27424,-0.71926
-0.30453,-0.66290
-0.33409,-0.60346
-0.36357,-0.53917
-0.39525,-0.46326
-0.43682,-0.34923
-0.19905,1.24156
-0.37950,1.32112
-0.44829,1.33947
-0.49111,1.34823
-0.51946,1.35288
-0.53906,1.35553
-0.55319,1.35714
-0.56375,1.35818
-0.57188,1.35889
-0.57829,1.35938
-0.58343,1.35974
-0.58759,1.36000
-0.59099,1.36020
-0.59378,1.36035
-0.59607,1.36046
-0.59795,1.36055
0.52118,-1.39161
0.51261,-1.39085
0.50139,-1.38961
0.48621,-1.38749
0.46498,-1.38367
0.43434,-1.37643
0.38938,-1.36223
0.32491,-1.33483
0.24091,-1.28773
0.14921,-1.22276
0.06655,-1.15266
0.00020,-1.08836
-0.05200,-1.03237
-0.09472,-0.98257
-0.13191,-0.93591
-0.16630,-0.88963
-0.19956,-0.84155
-0.23256,-0.79018
-0.26544,-0.73483
-0.29797,-0.67548
-0.33007,-0.61183
-0.36261,-0.54133
-0.39908,-0.45351
-0.45598,-0.28854
-0.19052,1.24245
-0.27753,1.28419
-0.33899,1.30787
-0.39046,1.32440
-0.43293,1.33583
-0.46677,1.34351
-0.49316,1.34860
-0.51365,1.35200
-0.52964,1.35431
-0.54226,1.35591
-0.55232,1.35705
-0.56043,1.35787
-0.56700,1.35847
-0.57237,1.35893
-0.57677,1.35927
-0.58039,1.35953
0.53050,-1.39224
0.52378,-1.39180
0.51519,-1.39109
0.50385,-1.38991
0.48835,-1.38782
0.46638,-1.38396
0.43414,-1.37638
0.38597,-1.36098
0.31587,-1.33037
0.22491,-1.27739
0.12859,-1.20629
0.04523,-1.13280
-0.01988,-1.06741
-0.07083,-1.01088
-0.11303,-0.96001
-0.15055,-0.91123
-0.18607,-0.86148
-0.22114,-0.80839
-0.25647,-0.75037
-0.29213,-0.68649
-0.32834,-0.61539
-0.36687,-0.53160
-0.41625,-0.40800
-0.05457,1.15191
-0.17183,1.23208
-0.22816,1.26179
-0.27459,1.28294
-0.31744,1.30007
-0.35770,1.31422
-0.39464,1.32561
-0.42733,1.33443
-0.45534,1.34106
-0.47877,1.34592
-0.49811,1.34947
-0.51398,1.35205
-0.52698,1.35395
-0.53763,1.35535
-0.54636,1.35639
-0.55355,1.35718
-0.55947,1.35778
0.53863,-1.39264
0.53333,-1.39240
0.52670,-1.39201
0.51816,-1.39136
0.50678,-1.39024
0.49107,-1.38823
0.46846,-1.38437
0.43467,-1.37652
0.38301,-1.35988
0.30646,-1.32556
0.20751,-1.26565
0.10639,-1.18781
0.02274,-1.11104
-0.04096,-1.04463
-0.09082,-0.98728
-0.13288,-0.93465
-0.17135,-0.88255
-0.20892,-0.82738
-0.24728,-0.76594
-0.28751,-0.69509
-0.33123,-0.60941
-0.38550,-0.48740
0.07066,1.02510
-0.09325,1.18170
-0.15516,1.22234
-0.19936,1.24720
-0.23698,1.26602
-0.27189,1.28179
-0.30563,1.29557
-0.33846,1.30769
-0.36999,1.31818
-0.39951,1.32700
-0.42639,1.33420
-0.45023,1.33991
-0.47093,1.34436
-0.48862,1.34778
-0.50357,1.35039
-0.51611,1.35238
-0.52658,1.35389
-0.53529,1.35505
0.54588,-1.39288
0.54168,-1.39276
0.53655,-1.39255
0.53009,-1.39222
0.52170,-1.39165
0.51042,-1.39063
0.49467,-1.38874
0.47165,-1.38498
0.43647,-1.37700
0.38113,-1.35917
0.29699,-1.32056
0.18852,-1.25228
0.08227,-1.16684
-0.00136,-1.08676
-0.06364,-1.01916
-0.11280,-0.96030
-0.15551,-0.90450
-0.19632,-0.84639
-0.23878,-0.78004
-0.28714,-0.69577
-0.35517,-0.55787
0.20376,0.81951
0.00158,1.10208
-0.08527,1.17590
-0.13853,1.21215
-0.17826,1.23572
-0.21162,1.25355
-0.24186,1.26833
-0.27067,1.28126
-0.29885,1.29291
-0.32666,1.30348
-0.35392,1.31297
-0.38023,1.32135
-0.40511,1.32856
-0.42808,1.33462
-0.44883,1.33959
-0.46719,1.34359
-0.48317,1.34677
-0.49690,1.34926
-0.50857,1.35121
0.55248,-1.39299
0.54918,-1.39295
0.54523,-1.39286
0.54035,-1.39271
0.53416,-1.39244
0.52606,-1.39196
0.51509,-1.39108
0.49957,-1.38938
0.47651,-1.38587
0.44028,-1.37799
0.38102,-1.35913
0.28741,-1.31534
0.16669,-1.23620
0.05463,-1.14165
-0.02877,-1.05791
-0.08999,-0.98827
-0.13972,-0.92568
-0.18608,-0.86145
-0.23835,-0.78072
0.48743,0.11498
0.39716,0.37481
0.18896,0.84683
0.01997,1.08353
-0.06719,1.16219
-0.12097,1.20083
-0.16011,1.22529
-0.19191,1.24323
-0.21983,1.25769
-0.24570,1.27011
-0.27058,1.28122
-0.29502,1.29138
-0.31927,1.30076
-0.34331,1.30938
-0.36694,1.31721
-0.38979,1.32420
-0.41148,1.33030
-0.43163,1.33551
-0.44995,1.33985
-0.46629,1.34341
-0.48062,1.34628
0.55862,-1.39301
0.55610,-1.39301
0.55311,-1.39300
0.54948,-1.39295
0.54497,-1.39285
0.53921,-1.39267
0.53161,-1.39231
0.52122,-1.39161
0.50634,-1.39019
0.48375,-1.38710
0.44695,-1.37966
0.38321,-1.35995
0.27621,-1.30903
0.13790,-1.21382
0.01871,-1.10704
-0.06536,-1.01720
-0.13028,-0.93802
-0.21152,-0.82231
0.49135,0.10772
0.46309,0.19086
0.40198,0.36194
0.23537,0.75795
0.05579,1.04386
-0.04319,1.14273
-0.10195,1.18788
-0.14289,1.21487
-0.17490,1.23383
-0.20202,1.24859
-0.22639,1.26093
-0.24924,1.27174
-0.27131,1.28154
-0.29306,1.29059
-0.31472,1.29905
-0.33634,1.30695
-0.35784,1.31427
-0.37895,1.32096
-0.39936,1.32696
-0.41869,1.33222
-0.43662,1.33673
-0.45292,1.34052
0.56450,-1.39296
0.56266,-1.39298
0.56051,-1.39300
0.55793,-1.39301
0.55477,-1.39301
0.55080,-1.39297
0.54568,-1.39287
0.53887,-1.39265
0.52946,-1.39218
0.51575,-1.39114
0.49432,-1.38869
0.45750,-1.38209
0.38770,-1.36161
0.25722,-1.29784
0.08759,-1.17154
-0.04789,-1.03696
0.52456,-0.03952
0.49892,0.08563
0.48375,0.13055
0.46313,0.19078
0.41812,0.31800
0.29145,0.63719
0.10368,0.98258
-0.01379,1.11673
-0.08098,1.17272
-0.12560,1.20387
-0.15907,1.22467
-0.18645,1.24026
-0.21031,1.25288
-0.23208,1.26368
-0.25265,1.27330
-0.27262,1.28210
-0.29234,1.29031
-0.31207,1.29804
-0.33188,1.30536
-0.35173,1.31224
-0.37144,1.31863
-0.39072,1.32447
-0.40925,1.32970
-0.42668,1.33427
0.57028,-1.39283
0.56910,-1.39286
0.56772,-1.39290
0.56608,-1.39293
0.56408,-1.39296
0.56160,-1.39299
0.55844,-1.39301
0.55431,-1.39301
0.54873,-1.39294
0.54088,-1.39273
0.52914,-1.39216
0.50994,-1.39058
0.47401,-1.38542
0.39277,-1.36344
0.19273,-1.25529
0.51958,-0.11913
0.50686,0.06233
0.49482,0.09797
0.48330,0.13192
0.46674,0.18033
0.43323,0.27606
0.34230,0.51629
0.16215,0.89337
0.02182,1.08160
-0.05743,1.15445
-0.10752,1.19175
-0.14355,1.21528
-0.17201,1.23219
-0.19606,1.24545
-0.21744,1.25650
-0.23719,1.26613
-0.25599,1.27480
-0.27431,1.28282
-0.29249,1.29037
-0.31075,1.29754
-0.32919,1.30439
-0.34779,1.31091
-0.36640,1.31704
-0.38478,1.32272
-0.40260,1.32787
0.57616,-1.39263
0.57564,-1.39265
0.57503,-1.39267
0.57430,-1.39270
0.57341,-1.39273
0.57230,-1.39277
0.57088,-1.39281
0.56902,-1.39286
0.56652,-1.39292
0.56305,-1.39298
0.55801,-1.39301
0.55016,-1.39296
0.53636,-1.39254
0.50595,-1.39014
0.37138,-1.35515
0.52005,0.02394
0.50471,0.06894
0.49497,0.09757
0.48507,0.12673
0.47135,0.16693
0.44592,0.24023
0.38242,0.41395
0.22834,0.77209
0.06559,1.03213
-0.03012,1.13148
-0.08785,1.17779
-0.12759,1.20516
-0.15788,1.22397
-0.18273,1.23821
-0.20427,1.24977
-0.22370,1.25961
-0.24184,1.26832
-0.25922,1.27625
-0.27626,1.28365
-0.29324,1.29067
-0.31039,1.29740
-0.32780,1.30389
-0.34546,1.31011
-0.36324,1.31603
-0.38090,1.32155
0.58234,-1.39234
0.58252,-1.39233
0.58274,-1.39232
0.58298,-1.39231
0.58326,-1.39229
0.58358,-1.39227
0.58395,-1.39225
0.58438,-1.39223
0.58494,-1.39220
0.58571,-1.39215
0.58693,-1.39208
0.58920,-1.39193
0.59446,-1.39155
0.61277,-1.38978
0.87710,-1.29947
0.52233,0.01848
0.50673,0.06315
0.49725,0.09090
0.48816,0.11765
0.47647,0.15197
0.45680,0.20909
0.41271,0.33284
0.29615,0.62645
0.12105,0.95781
0.00327,1.10043
-0.06529,1.16070
-0.11026,1.19363
-0.14327,1.21511
-0.16954,1.23078
-0.19172,1.24312
-0.21130,1.25339
-0.22920,1.26230
-0.24605,1.27027
-0.26231,1.27762
-0.27834,1.28453
-0.29442,1.29114
-0.31073,1.29753
-0.32737,1.30374
-0.34434,1.30973
-0.36150,1.31546
0.58904,-1.39194
0.59003,-1.39187
0.59119,-1.39179
0.59255,-1.39169
0.59418,-1.39157
0.59617,-1.39141
0.59866,-1.39120
0.60187,-1.39092
0.60619,-1.39050
0.61232,-1.38984
0.62175,-1.38869
0.63790,-1.38632
0.67028,-1.38014
0.75182,-1.35677
0.98503,-1.23285
0.54406,-0.03596
0.51276,0.04583
0.50164,0.07808
0.49259,0.10464
0.48226,0.13500
0.46678,0.18022
0.43620,0.26771
0.35775,0.47759
0.19347,0.83866
0.04779,1.05315
-0.03711,1.13756
-0.08992,1.17930
-0.12699,1.20478
-0.15551,1.22255
-0.17893,1.23610
-0.19914,1.24708
-0.21723,1.25639
-0.23394,1.26458
-0.24979,1.27199
-0.26519,1.27888
-0.28046,1.28542
-0.29587,1.29172
-0.31157,1.29786
-0.32767,1.30384
-0.34415,1.30966
0.59654,-1.39138
0.59849,-1.39122
0.60077,-1.39102
0.60350,-1.39076
0.60681,-1.39043
0.61092,-1.39000
0.61615,-1.38939
0.62304,-1.38852
0.63249,-1.38717
0.64617,-1.38492
0.66724,-1.38080
0.70213,-1.37230
0.76321,-1.35268
0.86676,-1.30640
1.01093,-1.21348
1.18275,-1.04240
0.53130,-0.00436
0.50978,0.05447
0.49909,0.08556
0.48927,0.11441
0.47675,0.15114
0.45560,0.21255
0.40777,0.34629
0.28519,0.65135
0.11505,0.96652
0.00311,1.10058
-0.06291,1.15883
-0.10666,1.19116
-0.13888,1.21237
-0.16450,1.22786
-0.18603,1.24003
-0.20488,1.25009
-0.22194,1.25874
-0.23781,1.26642
-0.25296,1.27344
-0.26776,1.28000
-0.28251,1.28628
-0.29746,1.29236
-0.31276,1.29831
-0.32850,1.30415
0.60514,-1.39060
0.60825,-1.39028
0.61194,-1.38988
0.61638,-1.38936
0.62182,-1.38868
0.62867,-1.38773
0.63750,-1.38638
0.64928,-1.38436
0.66553,-1.38117
0.68883,-1.37578
0.72330,-1.36617
0.77466,-1.34836
0.84763,-1.31617
0.93920,-1.26420
1.03649,-1.19295
1.12706,-1.10749
1.21854,-0.99508
0.53682,-0.01757
0.51086,0.05147
0.49900,0.08584
0.48789,0.11848
0.47296,0.16225
0.44567,0.24095
0.37898,0.42296
0.22729,0.77416
0.07270,1.02336
-0.02000,1.12243
-0.07676,1.16954
-0.11595,1.19748
-0.14568,1.21659
-0.16980,1.23093
-0.19035,1.24238
-0.20852,1.25197
-0.22506,1.26028
-0.24052,1.26770
-0.25533,1.27451
-0.26983,1.28090
-0.28432,1.28703
-0.29904,1.29299
-0.31414,1.29883
0.61520,-1.38951
0.61975,-1.38894
0.62517,-1.38823
0.63175,-1.38728
0.63988,-1.38600
0.65017,-1.38420
0.66350,-1.38159
0.68120,-1.37765
0.70524,-1.37145
0.73827,-1.36140
0.78330,-1.34496
0.84213,-1.31888
0.91286,-1.28053
0.98919,-1.22988
1.06313,-1.17000
1.12819,-1.10629
1.18125,-1.04481
1.22541,-0.98580
1.20309,-0.70572
0.52080,0.02383
0.50399,0.07133
0.49119,0.10879
0.47513,0.15592
0.44625,0.23929
0.37534,0.43243
0.21881,0.79086
0.06758,1.02969
-0.02221,1.12444
-0.07773,1.17027
-0.11643,1.19780
-0.14602,1.21680
-0.17017,1.23114
-0.19084,1.24265
-0.20917,1.25230
-0.22588,1.26068
-0.24149,1.26815
-0.25643,1.27500
-0.27103,1.28142
-0.28560,1.28756
-0.30037,1.29351
0.62711,-1.38795
0.63340,-1.38703
0.64093,-1.38582
0.65009,-1.38421
0.66143,-1.38202
0.67574,-1.37892
0.69410,-1.37444
0.71797,-1.36778
0.74915,-1.35771
0.78940,-1.34250
0.83957,-1.32012
0.89857,-1.28891
0.96300,-1.24843
1.02824,-1.19974
1.08980,-1.14528
1.14411,-1.08883
1.18913,-1.03485
1.22454,-0.98712
1.25113,-0.94796
1.27025,-0.91794
1.28959,-0.88464
0.54054,-0.02499
0.50889,0.05736
0.49159,0.10768
0.46932,0.17289
0.42286,0.30494
0.29865,0.62069
0.11988,0.95952
0.00559,1.09813
-0.06068,1.15706
-0.10464,1.18976
-0.13728,1.21136
-0.16348,1.22727
-0.18570,1.23985
-0.20530,1.25030
-0.22311,1.25932
-0.23968,1.26730
-0.25543,1.27455
-0.27071,1.28128
-0.28584,1.28765
0.64122,-1.38577
0.64956,-1.38431
0.65952,-1.38240
0.67160,-1.37985
0.68645,-1.37638
0.70492,-1.37154
0.72811,-1.36467
0.75725,-1.35485
0.79351,-1.34081
0.83746,-1.32114
0.88852,-1.29461
0.94475,-1.26061
1.00333,-1.21933
1.06120,-1.17172
1.11562,-1.11954
1.16440,-1.06538
1.20642,-1.01215
1.24173,-0.96215
1.27109,-0.91665
1.29545,-0.87615
1.31554,-0.84089
1.33170,-0.81134
1.34368,-0.78879
1.35013,-0.77641
1.34646,-0.78335
0.73186,-0.26496
0.49768,0.08997
0.45338,0.21893
0.32807,0.55114
0.11520,0.96631
-0.00715,1.11049
-0.07249,1.16628
-0.11493,1.19680
-0.14662,1.21717
-0.17247,1.23245
-0.19481,1.24478
-0.21489,1.25521
-0.23344,1.26434
-0.25094,1.27252
-0.26774,1.27999
0.65778,-1.38275
0.66836,-1.38056
0.68093,-1.37771
0.69600,-1.37394
0.71423,-1.36888
0.73643,-1.36200
0.76349,-1.35258
0.79624,-1.33967
0.83520,-1.32222
0.88018,-1.29922
0.93010,-1.26998
0.98317,-1.23426
1.03724,-1.19233
1.09015,-1.14495
1.13994,-1.09348
1.18514,-1.03991
1.22508,-0.98635
1.25990,-0.93442
1.29019,-0.88511
1.31654,-0.83910
1.33931,-0.79709
1.35862,-0.75995
1.37450,-0.72840
1.38711,-0.70276
1.39674,-0.68284
1.40371,-0.66826
1.40810,-0.65898
1.40919,-0.65666
1.40254,-0.67069
1.30328,-0.72225
0.45162,0.22401
0.21871,0.79106
0.01804,1.08554
-0.06621,1.16142
-0.11395,1.19614
-0.14785,1.21793
-0.17522,1.23401
-0.19902,1.24702
-0.22070,1.25812
-0.24100,1.26792
0.67676,-1.37869
0.68962,-1.37559
0.70468,-1.37160
0.72244,-1.36643
0.74350,-1.35965
0.76851,-1.35070
0.79812,-1.33888
0.83282,-1.32335
0.87272,-1.30325
0.91735,-1.27783
0.96560,-1.24664
1.01596,-1.20956
1.06667,-1.16682
1.11601,-1.11913
1.16238,-1.06777
1.20469,-1.01447
1.24251,-0.96099
1.27598,-0.90872
1.30549,-0.85874
1.33130,-0.81210
1.35344,-0.77005
1.37184,-0.73374
1.38661,-0.70379
1.39809,-0.68003
1.40685,-0.66164
1.41348,-0.64756
1.41850,-0.63679
1.42232,-0.62857
1.42515,-0.62245
1.42701,-0.61839
1.42750,-0.61732
1.42444,-0.62397
1.39467,-0.68702
0.43534,0.27015
0.10859,0.97573
-0.04076,1.14068
-0.10367,1.18909
-0.14291,1.21488
-0.17323,1.23289
-0.19945,1.24724
0.69783,-1.37346
0.71272,-1.36932
0.72988,-1.36412
0.74972,-1.35751
0.77277,-1.34908
0.79953,-1.33828
0.83050,-1.32444
0.86597,-1.30682
0.90589,-1.28466
0.94970,-1.25737
0.99640,-1.22455
1.04461,-1.18614
1.09275,-1.14243
1.13926,-1.09424
1.18276,-1.04292
1.22240,-0.99014
1.25796,-0.93745
1.28960,-0.88611
1.31758,-0.83722
1.34199,-0.79201
1.36273,-0.75185
1.37972,-0.71785
1.39312,-0.69037
1.40339,-0.66892
1.41116,-0.65249
1.41703,-0.63995
1.42153,-0.63028
1.42503,-0.62269
1.42782,-0.61663
1.43008,-0.61170
1.43192,-0.60767
1.43338,-0.60448
1.43436,-0.60232
1.43447,-0.60208
1.43176,-0.60803
1.39925,-0.67748
0.36089,0.46961
0.01918,1.08435
-0.08312,1.17431
-0.13283,1.20854
0.72028,-1.36709
0.73674,-1.36190
0.75537,-1.35552
0.77657,-1.34762
0.80076,-1.33776
0.82842,-1.32542
0.85995,-1.30994
0.89558,-1.29063
0.93518,-1.26677
0.97820,-1.23783
1.02364,-1.20346
1.07014,-1.16368
1.11618,-1.11896
1.16022,-1.07032
1.20109,-1.01927
1.23817,-0.96741
1.27142,-0.91612
1.30105,-0.86649
1.32728,-0.81953
1.35010,-0.77651
1.36935,-0.73873
1.38498,-0.70712
1.39722,-0.68185
1.40655,-0.66227
1.41359,-0.64732
1.41891,-0.63591
1.42300,-0.62709
1.42620,-0.62015
1.42877,-0.61456
1.43087,-0.60997
1.43263,-0.60612
1.43413,-0.60283
1.43543,-0.59998
1.43654,-0.59754
1.43744,-0.59554
1.43803,-0.59425
1.43783,-0.59469
1.43432,-0.60240
0.68487,-0.21353
0.18125,0.86060
0.74316,-1.35976
0.76061,-1.35363
0.78009,-1.34623
0.80198,-1.33724
0.82670,-1.32622
0.85471,-1.31262
0.88641,-1.29579
0.92198,-1.27501
0.96128,-1.24960
1.00369,-1.21905
1.04816,-1.18310
1.09326,-1.14194
1.13741,-1.09628
1.17916,-1.04742
1.21752,-0.99697
1.25213,-0.94644
1.28312,-0.89697
1.31076,-0.84943
1.33524,-0.80475
1.35649,-0.76411
1.37435,-0.72870
1.38880,-0.69930
1.40007,-0.67589
1.40867,-0.65778
1.41517,-0.64394
1.42011,-0.63334
1.42391,-0.62512
1.42690,-0.61863
1.42931,-0.61339
1.43128,-0.60909
1.43293,-0.60547
1.43433,-0.60239
1.43555,-0.59971
1.43662,-0.59736
1.43757,-0.59527
1.43842,-0.59339
1.43917,-0.59172
1.43979,-0.59035
1.44012,-0.58962
1.43953,-0.59093
0.76555,-1.35181
0.78346,-1.34490
0.80327,-1.33669
0.82539,-1.32683
0.85027,-1.31486
0.87839,-1.30019
0.91016,-1.28214
0.94573,-1.25998
0.98488,-1.23302
1.02691,-1.20082
1.07061,-1.16326
1.11444,-1.12075
1.15679,-1.07433
1.19631,-1.02556
1.23225,-0.97608
1.26449,-0.92719
1.29333,-0.87977
1.31909,-0.83449
1.34191,-0.79216
1.36171,-0.75386
1.37833,-0.72067
1.39174,-0.69322
1.40222,-0.67138
1.41023,-0.65447
1.41631,-0.64150
1.42095,-0.63151
1.42455,-0.62374
1.42739,-0.61757
1.42968,-0.61258
1.43156,-0.60847
1.43314,-0.60501
1.43447,-0.60208
1.43563,-0.59954
1.43663,-0.59733
1.43751,-0.59539
1.43830,-0.59365
1.43901,-0.59207
1.43967,-0.59063
1.44027,-0.58928
1.44083,-0.58805
0.78671,-1.34359
0.80467,-1.33609
0.82449,-1.32724
0.84660,-1.31668
0.87151,-1.30389
0.89973,-1.28824
0.93165,-1.26900
0.96738,-1.24542
1.00658,-1.21685
1.04838,-1.18292
1.09142,-1.14372
1.13402,-1.09999
1.17456,-1.05310
1.21186,-1.00477
1.24545,-0.95658
1.27547,-0.90956
1.30231,-0.86430
1.32632,-0.82130
1.34763,-0.78126
1.36611,-0.74517
1.38161,-0.71401
1.39414,-0.68826
1.40394,-0.66777
1.41146,-0.65185
1.41720,-0.63959
1.42161,-0.63010
1.42504,-0.62268
1.42776,-0.61676
1.42997,-0.61195
1.43178,-0.60798
1.43330,-0.60464
1.43460,-0.60180
1.43571,-0.59936
1.43667,-0.59724
1.43751,-0.59539
1.43825,-0.59375
1.43891,-0.59230
1.43950,-0.59099
1.44004,-0.58979
1.44055,-0.58867
0.80619,-1.33543
0.82399,-1.32747
0.84367,-1.31813
0.86572,-1.30695
0.89070,-1.29339
0.91912,-1.27675
0.95136,-1.25627
0.98743,-1.23117
1.02685,-1.20087
1.06853,-1.16514
1.11092,-1.12436
1.15222,-1.07962
1.19088,-1.03259
1.22598,-0.98507
1.25732,-0.93843
1.28525,-0.89341
1.31025,-0.85034
1.33266,-0.80956
1.35259,-0.77170
1.36988,-0.73766
1.38440,-0.70831
1.39615,-0.68408
1.40537,-0.66475
1.41248,-0.64968
1.41793,-0.63801
1.42214,-0.62894
1.42544,-0.62180
1.42807,-0.61609
1.43020,-0.61144
1.43197,-0.60758
1.43345,-0.60433
1.43471,-0.60156
1.43579,-0.59918
1.43673,-0.59712
1.43754,-0.59532
1.43826,-0.59374
1.43889,-0.59235
1.43944,-0.59112
1.43994,-0.59002
1.44039,-0.58903
