-0.62508,1.36128
-0.62507,1.36128
-0.62505,1.36128
-0.62503,1.36128
-0.62501,1.36128
-0.62498,1.36128
-0.62495,1.36128
-0.62491,1.36128
-0.62486,1.36128
-0.62481,1.36128
-0.62473,1.36128
-0.62464,1.36128
-0.62453,1.36128
-0.62438,1.36128
-0.62419,1.36128
-0.62395,1.36127
-0.62365,1.36127
-0.62329,1.36127
-0.62288,1.36126
-0.62242,1.36126
-0.62195,1.36125
-0.62146,1.36125
-0.62097,1.36124
-0.62047,1.36123
-0.62000,1.36123
-0.61956,1.36122
-0.61919,1.36121
-0.61890,1.36121
-0.61869,1.36121
-0.61853,1.36120
-0.61841,1.36120
-0.61833,1.36120
-0.61826,1.36120
-0.61821,1.36120
-0.61817,1.36120
-0.61814,1.36120
-0.61811,1.36120
-0.61809,1.36120
-0.61806,1.36119
-0.61804,1.36119
-0.62509,1.36128
-0.62507,1.36128
-0.62505,1.36128
-0.62503,1.36128
-0.62501,1.36128
-0.62498,1.36128
-0.62495,1.36128
-0.62491,1.36128
-0.62487,1.36128
-0.62481,1.36128
-0.62474,1.36128
-0.62464,1.36128
-0.62453,1.36128
-0.62438,1.36128
-0.62419,1.36128
-0.62394,1.36127
-0.62363,1.36127
-0.62326,1.36127
-0.62283,1.36126
-0.62236,1.36126
-0.62186,1.36125
-0.62135,1.36125
-0.62084,1.36124
-0.62034,1.36123
-0.61986,1.36122
-0.61943,1.36122
-0.61908,1.36121
-0.61882,1.36121
-0.61862,1.36120
-0.61848,1.36120
-0.61837,1.36120
-0.61829,1.36120
-0.61823,1.36120
-0.61819,1.36120
-0.61815,1.36120
-0.61811,1.36120
-0.61809,1.36120
-0.61806,1.36119
-0.61804,1.36119
-0.61801,1.36119
-0.62512,1.36128
-0.62509,1.36128
-0.62507,1.36128
-0.62505,1.36128
-0.62502,1.36128
-0.62499,1.36128
-0.62496,1.36128
-0.62492,1.36128
-0.62487,1.36128
-0.62481,1.36128
-0.62474,1.36128
-0.62465,1.36128
-0.62453,1.36128
-0.62438,1.36128
-0.62418,1.36128
-0.62393,1.36127
-0.62361,1.36127
-0.62323,1.36127
-0.62278,1.36126
-0.62229,1.36126
-0.62176,1.36125
-0.62123,1.36124
-0.62070,1.36124
-0.62019,1.36123
-0.61971,1.36122
-0.61931,1.36122
-0.61898,1.36121
-0.61874,1.36121
-0.61856,1.36120
-0.61843,1.36120
-0.61833,1.36120
-0.61826,1.36120
-0.61820,1.36120
-0.61816,1.36120
-0.61812,1.36120
-0.61809,1.36120
-0.61806,1.36119
-0.61803,1.36119
-0.61801,1.36119
-0.61799,1.36119
-0.62518,1.36128
-0.62514,1.36128
-0.62510,1.36128
-0.62507,1.36128
-0.62504,1.36128
-0.62500,1.36128
-0.62497,1.36128
-0.62492,1.36128
-0.62487,1.36128
-0.62481,1.36128
-0.62474,1.36128
-0.62465,1.36128
-0.62453,1.36128
-0.62437,1.36128
-0.62417,1.36128
-0.62391,1.36127
-0.62358,1.36127
-0.62318,1.36127
-0.62271,1.36126
-0.62220,1.36126
-0.62165,1.36125
-0.62110,1.36124
-0.62055,1.36123
-0.62003,1.36123
-0.61957,1.36122
-0.61918,1.36121
-0.61888,1.36121
-0.61866,1.36121
-0.61850,1.36120
-0.61838,1.36120
-0.61829,1.36120
-0.61822,1.36120
-0.61817,1.36120
-0.61812,1.36120
-0.61809,1.36120
-0.61806,1.36119
-0.61803,1.36119
-0.61800,1.36119
-0.61798,1.36119
-0.61796,1.36119
-0.62514,1.36128
-0.62520,1.36128
-0.62517,1.36128
-0.62512,1.36128
-0.62508,1.36128
-0.62504,1.36128
-0.62499,1.36128
-0.62494,1.36128
-0.62489,1.36128
-0.62482,1.36128
-0.62475,1.36128
-0.62465,1.36128
-0.62453,1.36128
-0.62437,1.36128
-0.62416,1.36128
-0.62389,1.36127
-0.62355,1.36127
-0.62312,1.36127
-0.62263,1.36126
-0.62209,1.36125
-0.62152,1.36125
-0.62094,1.36124
-0.62039,1.36123
-0.61987,1.36122
-0.61942,1.36122
-0.61906,1.36121
-0.61878,1.36121
-0.61858,1.36120
-0.61844,1.36120
-0.61833,1.36120
-0.61825,1.36120
-0.61818,1.36120
-0.61813,1.36120
-0.61809,1.36120
-0.61805,1.36119
-0.61802,1.36119
-0.61800,1.36119
-0.61797,1.36119
-0.61795,1.36119
-0.61793,1.36119
0.58172,-1.39237
0.57764,-1.39257
0.56348,-1.39297
-0.62502,1.36128
-0.62511,1.36128
-0.62508,1.36128
-0.62503,1.36128
-0.62497,1.36128
-0.62491,1.36128
-0.62484,1.36128
-0.62476,1.36128
-0.62465,1.36128
-0.62452,1.36128
-0.62435,1.36128
-0.62414,1.36128
-0.62385,1.36127
-0.62349,1.36127
-0.62305,1.36127
-0.62253,1.36126
-0.62196,1.36125
-0.62136,1.36125
-0.62077,1.36124
-0.62020,1.36123
-0.61970,1.36122
-0.61927,1.36122
-0.61894,1.36121
-0.61869,1.36121
-0.61851,1.36120
-0.61838,1.36120
-0.61828,1.36120
-0.61820,1.36120
-0.61814,1.36120
-0.61809,1.36120
-0.61805,1.36119
-0.61802,1.36119
-0.61799,1.36119
-0.61796,1.36119
-0.61794,1.36119
-0.61792,1.36119
-0.61790,1.36119
0.58526,-1.39218
0.58438,-1.39223
0.58307,-1.39230
0.58101,-1.39241
0.57743,-1.39258
0.56882,-1.39287
-0.62446,1.36128
-0.62491,1.36128
-0.62491,1.36128
-0.62484,1.36128
-0.62476,1.36128
-0.62465,1.36128
-0.62450,1.36128
-0.62433,1.36128
-0.62409,1.36128
-0.62379,1.36127
-0.62340,1.36127
-0.62293,1.36126
-0.62238,1.36126
-0.62178,1.36125
-0.62117,1.36124
-0.62056,1.36123
-0.62001,1.36123
-0.61952,1.36122
-0.61913,1.36121
-0.61883,1.36121
-0.61860,1.36120
-0.61844,1.36120
-0.61831,1.36120
-0.61822,1.36120
-0.61815,1.36120
-0.61809,1.36120
-0.61805,1.36119
-0.61801,1.36119
-0.61798,1.36119
-0.61795,1.36119
-0.61793,1.36119
-0.61791,1.36119
-0.61789,1.36119
-0.61787,1.36119
0.58633,-1.39211
0.58595,-1.39214
0.58543,-1.39217
0.58474,-1.39221
0.58384,-1.39226
0.58261,-1.39233
0.58086,-1.39242
0.57830,-1.39254
0.57411,-1.39271
0.56491,-1.39295
-0.62352,1.36127
-0.62434,1.36128
-0.62433,1.36128
-0.62418,1.36128
-0.62394,1.36127
-0.62363,1.36127
-0.62322,1.36127
-0.62272,1.36126
-0.62215,1.36126
-0.62154,1.36125
-0.62092,1.36124
-0.62033,1.36123
-0.61980,1.36122
-0.61935,1.36122
-0.61899,1.36121
-0.61872,1.36121
-0.61851,1.36120
-0.61836,1.36120
-0.61825,1.36120
-0.61816,1.36120
-0.61809,1.36120
-0.61804,1.36119
-0.61800,1.36119
-0.61797,1.36119
-0.61794,1.36119
-0.61792,1.36119
-0.61789,1.36119
-0.61788,1.36119
-0.61786,1.36119
-0.61785,1.36119
0.58668,-1.39209
0.58653,-1.39210
0.58629,-1.39212
0.58595,-1.39214
0.58550,-1.39216
0.58494,-1.39220
0.58424,-1.39224
0.58337,-1.39229
0.58226,-1.39235
0.58084,-1.39242
0.57902,-1.39251
0.57667,-1.39261
0.57352,-1.39273
0.56895,-1.39287
0.56097,-1.39300
0.53527,-1.39250
-0.62222,1.36126
-0.62209,1.36125
-0.62167,1.36125
-0.62114,1.36124
-0.62059,1.36124
-0.62007,1.36123
-0.61959,1.36122
-0.61919,1.36121
-0.61886,1.36121
-0.61861,1.36120
-0.61842,1.36120
-0.61828,1.36120
-0.61817,1.36120
-0.61810,1.36120
-0.61804,1.36119
-0.61799,1.36119
-0.61795,1.36119
-0.61792,1.36119
-0.61790,1.36119
-0.61788,1.36119
-0.61786,1.36119
-0.61785,1.36119
-0.61783,1.36119
-0.61782,1.36119
0.58679,-1.39208
0.58672,-1.39209
0.58661,-1.39210
0.58645,-1.39211
0.58620,-1.39212
0.58588,-1.39214
0.58547,-1.39217
0.58496,-1.39220
0.58434,-1.39223
0.58359,-1.39227
0.58267,-1.39232
0.58154,-1.39238
0.58017,-1.39245
0.57848,-1.39253
0.57639,-1.39262
0.57370,-1.39272
0.57005,-1.39284
0.56458,-1.39296
0.55463,-1.39301
0.51666,-1.39123
-0.62022,1.36123
-0.61982,1.36122
-0.61941,1.36122
-0.61905,1.36121
-0.61874,1.36121
-0.61850,1.36120
-0.61832,1.36120
-0.61819,1.36120
-0.61810,1.36120
-0.61803,1.36119
-0.61798,1.36119
-0.61794,1.36119
-0.61791,1.36119
-0.61788,1.36119
-0.61786,1.36119
-0.61784,1.36119
-0.61783,1.36119
-0.61781,1.36119
-0.61780,1.36119
-0.61779,1.36119
0.58684,-1.39208
0.58680,-1.39208
0.58674,-1.39209
0.58665,-1.39209
0.58651,-1.39210
0.58632,-1.39211
0.58606,-1.39213
0.58572,-1.39215
0.58529,-1.39218
0.58477,-1.39221
0.58413,-1.39224
0.58334,-1.39229
0.58237,-1.39234
0.58117,-1.39240
0.57968,-1.39248
0.57783,-1.39256
0.57549,-1.39266
0.57245,-1.39277
0.56833,-1.39288
0.56236,-1.39299
0.55206,-1.39299
0.51801,-1.39134
-0.61938,1.36122
-0.61895,1.36121
-0.61862,1.36120
-0.61838,1.36120
-0.61821,1.36120
-0.61809,1.36120
-0.61801,1.36119
-0.61796,1.36119
-0.61791,1.36119
-0.61788,1.36119
-0.61786,1.36119
-0.61784,1.36119
-0.61782,1.36119
-0.61780,1.36119
-0.61779,1.36119
-0.61778,1.36119
-0.61777,1.36119
-0.61777,1.36119
0.58687,-1.39208
0.58685,-1.39208
0.58681,-1.39208
0.58675,-1.39209
0.58666,-1.39209
0.58654,-1.39210
0.58636,-1.39211
0.58611,-1.39213
0.58580,-1.39215
0.58541,-1.39217
0.58491,-1.39220
0.58429,-1.39223
0.58351,-1.39228
0.58252,-1.39233
0.58129,-1.39240
0.57975,-1.39247
0.57781,-1.39256
0.57536,-1.39266
0.57225,-1.39277
0.56820,-1.39288
0.56265,-1.39298
0.55393,-1.39300
0.53343,-1.39240
-0.61904,1.36121
-0.61851,1.36120
-0.61825,1.36120
-0.61809,1.36120
-0.61799,1.36119
-0.61792,1.36119
-0.61788,1.36119
-0.61785,1.36119
-0.61782,1.36119
-0.61780,1.36119
-0.61779,1.36119
-0.61778,1.36119
-0.61777,1.36119
-0.61776,1.36119
-0.61775,1.36119
-0.61774,1.36119
-0.61774,1.36119
0.58689,-1.39208
0.58687,-1.39208
0.58685,-1.39208
0.58681,-1.39208
0.58675,-1.39209
0.58666,-1.39209
0.58653,-1.39210
0.58635,-1.39211
0.58611,-1.39213
0.58579,-1.39215
0.58538,-1.39217
0.58486,-1.39220
0.58420,-1.39224
0.58335,-1.39229
0.58228,-1.39235
0.58091,-1.39242
0.57918,-1.39250
0.57700,-1.39260
0.57429,-1.39270
0.57089,-1.39281
0.56654,-1.39292
0.56059,-1.39300
0.55094,-1.39297
0.52473,-1.39187
-0.61838,1.36120
-0.61808,1.36120
-0.61795,1.36119
-0.61787,1.36119
-0.61783,1.36119
-0.61780,1.36119
-0.61778,1.36119
-0.61776,1.36119
-0.61775,1.36119
-0.61774,1.36119
-0.61773,1.36119
-0.61772,1.36119
-0.61772,1.36119
-0.61771,1.36119
-0.61771,1.36119
-0.61770,1.36119
0.58691,-1.39208
0.58689,-1.39208
0.58687,-1.39208
0.58684,-1.39208
0.58680,-1.39208
0.58674,-1.39209
0.58665,-1.39209
0.58651,-1.39210
0.58632,-1.39211
0.58605,-1.39213
0.58570,-1.39215
0.58525,-1.39218
0.58468,-1.39221
0.58393,-1.39225
0.58296,-1.39231
0.58172,-1.39237
0.58012,-1.39245
0.57811,-1.39255
0.57560,-1.39265
0.57250,-1.39276
0.56863,-1.39287
0.56360,-1.39297
0.55625,-1.39301
0.54180,-1.39276
-0.61804,1.36119
-0.61783,1.36119
-0.61776,1.36119
-0.61773,1.36119
-0.61771,1.36119
-0.61770,1.36119
-0.61769,1.36119
-0.61768,1.36119
-0.61768,1.36119
-0.61767,1.36119
-0.61767,1.36119
-0.61767,1.36119
-0.61767,1.36119
-0.61767,1.36119
-0.61767,1.36119
-0.61766,1.36119
0.58692,-1.39208
0.58691,-1.39208
0.58689,-1.39208
0.58687,-1.39208
0.58684,-1.39208
0.58680,-1.39208
0.58673,-1.39209
0.58663,-1.39209
0.58648,-1.39210
0.58626,-1.39212
0.58596,-1.39214
0.58557,-1.39216
0.58505,-1.39219
0.58438,-1.39223
0.58350,-1.39228
0.58235,-1.39234
0.58087,-1.39242
0.57896,-1.39251
0.57657,-1.39261
0.57361,-1.39273
0.56993,-1.39284
0.56522,-1.39295
0.55853,-1.39301
0.54621,-1.39289
0.45892,-1.38240
-0.61732,1.36118
-0.61744,1.36118
-0.61749,1.36118
-0.61752,1.36119
-0.61755,1.36119
-0.61756,1.36119
-0.61757,1.36119
-0.61758,1.36119
-0.61759,1.36119
-0.61760,1.36119
-0.61760,1.36119
-0.61761,1.36119
-0.61761,1.36119
-0.61761,1.36119
-0.61762,1.36119
0.58693,-1.39208
0.58692,-1.39208
0.58691,-1.39208
0.58689,-1.39208
0.58687,-1.39208
0.58684,-1.39208
0.58679,-1.39208
0.58672,-1.39209
0.58660,-1.39210
0.58643,-1.39211
0.58618,-1.39212
0.58584,-1.39214
0.58538,-1.39217
0.58477,-1.39221
0.58397,-1.39225
0.58291,-1.39231
0.58151,-1.39238
0.57969,-1.39247
0.57737,-1.39258
0.57445,-1.39270
0.57079,-1.39282
0.56606,-1.39293
0.55920,-1.39301
0.54572,-1.39287
-0.61305,1.36109
-0.61611,1.36116
-0.61673,1.36117
-0.61702,1.36118
-0.61719,1.36118
-0.61729,1.36118
-0.61736,1.36118
-0.61741,1.36118
-0.61745,1.36118
-0.61748,1.36118
-0.61750,1.36118
-0.61752,1.36119
-0.61753,1.36119
-0.61754,1.36119
-0.61755,1.36119
-0.61756,1.36119
0.58693,-1.39208
0.58693,-1.39208
0.58692,-1.39208
0.58691,-1.39208
0.58689,-1.39208
0.58687,-1.39208
0.58684,-1.39208
0.58679,-1.39209
0.58670,-1.39209
0.58657,-1.39210
0.58637,-1.39211
0.58608,-1.39213
0.58567,-1.39215
0.58513,-1.39219
0.58440,-1.39223
0.58343,-1.39228
0.58212,-1.39235
0.58037,-1.39244
0.57809,-1.39255
0.57514,-1.39267
0.57135,-1.39280
0.56623,-1.39293
0.55821,-1.39301
0.53672,-1.39256
-0.61289,1.36108
-0.61471,1.36113
-0.61564,1.36115
-0.61623,1.36116
-0.61661,1.36117
-0.61686,1.36117
-0.61703,1.36118
-0.61716,1.36118
-0.61724,1.36118
-0.61731,1.36118
-0.61736,1.36118
-0.61740,1.36118
-0.61743,1.36118
-0.61745,1.36118
-0.61747,1.36118
-0.61749,1.36118
0.58694,-1.39208
0.58694,-1.39208
0.58693,-1.39208
0.58692,-1.39208
0.58691,-1.39208
0.58689,-1.39208
0.58687,-1.39208
0.58684,-1.39208
0.58678,-1.39209
0.58668,-1.39209
0.58653,-1.39210
0.58629,-1.39212
0.58595,-1.39214
0.58547,-1.39217
0.58481,-1.39220
0.58392,-1.39226
0.58270,-1.39232
0.58103,-1.39241
0.57877,-1.39252
0.57573,-1.39265
0.57158,-1.39279
0.56544,-1.39294
0.55320,-1.39300
-0.60883,1.36097
-0.61241,1.36107
-0.61376,1.36111
-0.61466,1.36113
-0.61534,1.36114
-0.61587,1.36115
-0.61627,1.36116
-0.61656,1.36117
-0.61678,1.36117
-0.61694,1.36117
-0.61706,1.36118
-0.61716,1.36118
-0.61723,1.36118
-0.61728,1.36118
-0.61733,1.36118
-0.61736,1.36118
-0.61739,1.36118
0.58695,-1.39208
0.58694,-1.39208
0.58694,-1.39208
0.58693,-1.39208
0.58692,-1.39208
0.58691,-1.39208
0.58690,-1.39208
0.58687,-1.39208
0.58683,-1.39208
0.58677,-1.39209
0.58666,-1.39209
0.58648,-1.39210
0.58620,-1.39212
0.58578,-1.39215
0.58519,-1.39218
0.58438,-1.39223
0.58325,-1.39229
0.58167,-1.39238
0.57943,-1.39249
0.57618,-1.39263
0.57119,-1.39280
0.56155,-1.39299
-0.60410,1.36081
-0.61011,1.36101
-0.61196,1.36106
-0.61310,1.36109
-0.61394,1.36111
-0.61461,1.36113
-0.61517,1.36114
-0.61563,1.36115
-0.61601,1.36116
-0.61631,1.36116
-0.61655,1.36117
-0.61674,1.36117
-0.61689,1.36117
-0.61701,1.36118
-0.61710,1.36118
-0.61717,1.36118
-0.61723,1.36118
-0.61727,1.36118
0.58695,-1.39207
0.58695,-1.39207
0.58695,-1.39208
0.58694,-1.39208
0.58693,-1.39208
0.58693,-1.39208
0.58691,-1.39208
0.58690,-1.39208
0.58687,-1.39208
0.58683,-1.39208
0.58676,-1.39209
0.58663,-1.39209
0.58642,-1.39211
0.58607,-1.39213
0.58555,-1.39216
0.58481,-1.39220
0.58377,-1.39226
0.58226,-1.39235
0.57999,-1.39246
0.57621,-1.39263
0.56753,-1.39290
-0.59752,1.36053
-0.60682,1.36091
-0.60986,1.36100
-0.61149,1.36105
-0.61258,1.36108
-0.61339,1.36110
-0.61404,1.36111
-0.61459,1.36112
-0.61507,1.36114
-0.61547,1.36114
-0.61582,1.36115
-0.61612,1.36116
-0.61637,1.36116
-0.61657,1.36117
-0.61673,1.36117
-0.61687,1.36117
-0.61697,1.36117
-0.61706,1.36118
-0.61713,1.36118
0.58696,-1.39207
0.58695,-1.39207
0.58695,-1.39207
0.58695,-1.39208
0.58694,-1.39208
0.58694,-1.39208
0.58693,-1.39208
0.58692,-1.39208
0.58690,-1.39208
0.58688,-1.39208
0.58683,-1.39208
0.58675,-1.39209
0.58660,-1.39210
0.58633,-1.39211
0.58588,-1.39214
0.58520,-1.39218
0.58421,-1.39224
0.58270,-1.39232
0.58001,-1.39246
-0.40017,1.32718
-0.56671,1.35845
-0.59841,1.36057
-0.60613,1.36088
-0.60926,1.36098
-0.61098,1.36103
-0.61210,1.36106
-0.61292,1.36109
-0.61357,1.36110
-0.61412,1.36111
-0.61459,1.36112
-0.61500,1.36113
-0.61537,1.36114
-0.61569,1.36115
-0.61598,1.36115
-0.61622,1.36116
-0.61642,1.36116
-0.61660,1.36117
-0.61674,1.36117
-0.61686,1.36117
-0.61696,1.36117
0.58696,-1.39207
0.58696,-1.39207
0.58696,-1.39207
0.58695,-1.39207
0.58695,-1.39207
0.58695,-1.39208
0.58694,-1.39208
0.58693,-1.39208
0.58692,-1.39208
0.58691,-1.39208
0.58688,-1.39208
0.58683,-1.39208
0.58674,-1.39209
0.58655,-1.39210
0.58618,-1.39212
0.58553,-1.39216
0.58444,-1.39223
0.58152,-1.39238
-0.39003,1.32427
-0.48584,1.34727
-0.56430,1.35823
-0.59540,1.36043
-0.60472,1.36083
-0.60844,1.36096
-0.61039,1.36102
-0.61162,1.36105
-0.61249,1.36107
-0.61317,1.36109
-0.61372,1.36110
-0.61419,1.36112
-0.61460,1.36113
-0.61497,1.36113
-0.61530,1.36114
-0.61560,1.36115
-0.61587,1.36115
-0.61611,1.36116
-0.61631,1.36116
-0.61649,1.36117
-0.61664,1.36117
-0.61676,1.36117
0.58697,-1.39207
0.58696,-1.39207
0.58696,-1.39207
0.58696,-1.39207
0.58696,-1.39207
0.58696,-1.39207
0.58695,-1.39207
0.58695,-1.39208
0.58694,-1.39208
0.58693,-1.39208
0.58691,-1.39208
0.58689,-1.39208
0.58684,-1.39208
0.58672,-1.39209
0.58643,-1.39211
0.58572,-1.39215
-0.22635,1.26091
-0.36077,1.31523
-0.41959,1.33245
-0.48577,1.34726
-0.55394,1.35722
-0.59043,1.36017
-0.60269,1.36075
-0.60739,1.36092
-0.60972,1.36100
-0.61111,1.36104
-0.61207,1.36106
-0.61279,1.36108
-0.61336,1.36110
-0.61384,1.36111
-0.61426,1.36112
-0.61463,1.36113
-0.61496,1.36113
-0.61527,1.36114
-0.61554,1.36115
-0.61580,1.36115
-0.61603,1.36116
-0.61623,1.36116
-0.61640,1.36116
-0.61656,1.36117
0.58697,-1.39207
0.58697,-1.39207
0.58697,-1.39207
0.58697,-1.39207
0.58697,-1.39207
0.58696,-1.39207
0.58696,-1.39207
0.58696,-1.39207
0.58695,-1.39207
0.58695,-1.39208
0.58694,-1.39208
0.58693,-1.39208
0.58690,-1.39208
0.58684,-1.39208
0.58664,-1.39209
-0.17143,1.23186
-0.33059,1.30490
-0.37706,1.32038
-0.42131,1.33290
-0.47598,1.34538
-0.53958,1.35559
-0.58317,1.35972
-0.59988,1.36064
-0.60606,1.36088
-0.60893,1.36097
-0.61056,1.36102
-0.61164,1.36105
-0.61242,1.36107
-0.61302,1.36109
-0.61352,1.36110
-0.61395,1.36111
-0.61432,1.36112
-0.61466,1.36113
-0.61496,1.36113
-0.61525,1.36114
-0.61551,1.36115
-0.61575,1.36115
-0.61597,1.36115
-0.61617,1.36116
-0.61634,1.36116
0.58698,-1.39207
0.58697,-1.39207
0.58697,-1.39207
0.58697,-1.39207
0.58697,-1.39207
0.58697,-1.39207
0.58697,-1.39207
0.58697,-1.39207
0.58697,-1.39207
0.58696,-1.39207
0.58696,-1.39207
0.58696,-1.39207
0.58694,-1.39208
0.58692,-1.39208
0.58682,-1.39208
-0.28463,1.28715
-0.33899,1.30787
-0.37653,1.32021
-0.41473,1.33117
-0.46231,1.34257
-0.52197,1.35324
-0.57280,1.35896
-0.59590,1.36045
-0.60432,1.36082
-0.60798,1.36094
-0.60994,1.36100
-0.61117,1.36104
-0.61204,1.36106
-0.61269,1.36108
-0.61322,1.36109
-0.61366,1.36110
-0.61404,1.36111
-0.61438,1.36112
-0.61469,1.36113
-0.61498,1.36113
-0.61524,1.36114
-0.61549,1.36114
-0.61572,1.36115
-0.61593,1.36115
-0.61613,1.36116
0.58698,-1.39207
0.58698,-1.39207
0.58698,-1.39207
0.58698,-1.39207
0.58698,-1.39207
0.58698,-1.39207
0.58698,-1.39207
0.58698,-1.39207
0.58698,-1.39207
0.58698,-1.39207
0.58698,-1.39207
0.58699,-1.39207
0.58699,-1.39207
0.58700,-1.39207
0.58737,-1.39205
-0.27843,1.28457
-0.33158,1.30525
-0.36768,1.31745
-0.40300,1.32798
-0.44564,1.33886
-0.50104,1.34997
-0.55787,1.35762
-0.58991,1.36014
-0.60191,1.36072
-0.60676,1.36090
-0.60920,1.36098
-0.61065,1.36102
-0.61163,1.36105
-0.61235,1.36107
-0.61292,1.36108
-0.61338,1.36110
-0.61378,1.36111
-0.61413,1.36111
-0.61444,1.36112
-0.61473,1.36113
-0.61499,1.36113
-0.61525,1.36114
-0.61548,1.36114
-0.61571,1.36115
-0.61591,1.36115
0.58699,-1.39207
0.58699,-1.39207
0.58699,-1.39207
0.58699,-1.39207
0.58699,-1.39207
0.58699,-1.39207
0.58699,-1.39207
0.58700,-1.39207
0.58700,-1.39207
0.58700,-1.39207
0.58701,-1.39207
0.58703,-1.39207
0.58706,-1.39207
0.58715,-1.39206
0.58771,-1.39203
-0.22382,1.25967
-0.31006,1.29728
-0.35080,1.31193
-0.38588,1.32305
-0.42517,1.33389
-0.47587,1.34535
-0.53599,1.35514
-0.57992,1.35950
-0.59814,1.36056
-0.60504,1.36084
-0.60822,1.36095
-0.61001,1.36101
-0.61116,1.36104
-0.61197,1.36106
-0.61260,1.36108
-0.61310,1.36109
-0.61352,1.36110
-0.61388,1.36111
-0.61420,1.36112
-0.61449,1.36112
-0.61476,1.36113
-0.61502,1.36113
-0.61526,1.36114
-0.61549,1.36114
-0.61570,1.36115
0.58699,-1.39207
0.58699,-1.39207
0.58699,-1.39207
0.58700,-1.39207
0.58700,-1.39207
0.58700,-1.39207
0.58701,-1.39207
0.58701,-1.39207
0.58702,-1.39207
0.58703,-1.39207
0.58705,-1.39207
0.58709,-1.39207
0.58716,-1.39206
0.58734,-1.39205
0.58783,-1.39202
0.58943,-1.39191
-0.25411,1.27395
-0.32065,1.30127
-0.36062,1.31518
-0.39876,1.32679
-0.44467,1.33864
-0.50367,1.35041
-0.56103,1.35793
-0.59110,1.36020
-0.60218,1.36073
-0.60677,1.36090
-0.60912,1.36098
-0.61054,1.36102
-0.61150,1.36105
-0.61222,1.36107
-0.61278,1.36108
-0.61323,1.36109
-0.61362,1.36110
-0.61396,1.36111
-0.61426,1.36112
-0.61454,1.36112
-0.61480,1.36113
-0.61504,1.36113
-0.61528,1.36114
-0.61550,1.36114
0.58700,-1.39207
0.58700,-1.39207
0.58700,-1.39207
0.58701,-1.39207
0.58701,-1.39207
0.58702,-1.39207
0.58703,-1.39207
0.58704,-1.39207
0.58705,-1.39207
0.58708,-1.39207
0.58711,-1.39206
0.58718,-1.39206
0.58730,-1.39205
0.58754,-1.39204
0.58797,-1.39201
0.58869,-1.39196
0.59008,-1.39187
-0.24092,1.26788
-0.31692,1.29988
-0.36098,1.31530
-0.40408,1.32828
-0.45725,1.34148
-0.52239,1.35330
-0.57398,1.35905
-0.59598,1.36046
-0.60403,1.36081
-0.60761,1.36093
-0.60958,1.36099
-0.61082,1.36103
-0.61170,1.36105
-0.61236,1.36107
-0.61288,1.36108
-0.61332,1.36109
-0.61369,1.36110
-0.61401,1.36111
-0.61431,1.36112
-0.61458,1.36112
-0.61483,1.36113
-0.61507,1.36114
-0.61530,1.36114
0.58701,-1.39207
0.58701,-1.39207
0.58702,-1.39207
0.58702,-1.39207
0.58703,-1.39207
0.58704,-1.39207
0.58705,-1.39207
0.58707,-1.39207
0.58709,-1.39207
0.58713,-1.39206
0.58719,-1.39206
0.58729,-1.39205
0.58746,-1.39204
0.58773,-1.39203
0.58814,-1.39200
0.58871,-1.39196
0.58940,-1.39192
0.59023,-1.39186
0.59460,-1.39154
-0.28426,1.28700
-0.34202,1.30893
-0.39136,1.32466
-0.45017,1.33990
-0.52143,1.35316
-0.57515,1.35915
-0.59655,1.36049
-0.60424,1.36081
-0.60769,1.36093
-0.60961,1.36099
-0.61084,1.36103
-0.61171,1.36105
-0.61237,1.36107
-0.61290,1.36108
-0.61333,1.36110
-0.61371,1.36110
-0.61403,1.36111
-0.61433,1.36112
-0.61460,1.36113
-0.61485,1.36113
-0.61509,1.36114
0.58702,-1.39207
0.58702,-1.39207
0.58703,-1.39207
0.58704,-1.39207
0.58705,-1.39207
0.58706,-1.39207
0.58708,-1.39207
0.58711,-1.39207
0.58714,-1.39206
0.58720,-1.39206
0.58729,-1.39205
0.58742,-1.39205
0.58762,-1.39203
0.58792,-1.39201
0.58834,-1.39199
0.58889,-1.39195
0.58953,-1.39191
0.59021,-1.39186
0.59085,-1.39182
0.59141,-1.39178
0.59208,-1.39173
-0.23364,1.26443
-0.32421,1.30258
-0.38989,1.32423
-0.46853,1.34387
-0.55003,1.35680
-0.58962,1.36012
-0.60196,1.36072
-0.60667,1.36090
-0.60904,1.36098
-0.61047,1.36102
-0.61146,1.36105
-0.61219,1.36107
-0.61277,1.36108
-0.61324,1.36109
-0.61365,1.36110
-0.61400,1.36111
-0.61431,1.36112
-0.61459,1.36112
-0.61485,1.36113
0.58703,-1.39207
0.58704,-1.39207
0.58705,-1.39207
0.58706,-1.39207
0.58707,-1.39207
0.58709,-1.39207
0.58712,-1.39206
0.58716,-1.39206
0.58721,-1.39206
0.58728,-1.39205
0.58739,-1.39205
0.58756,-1.39204
0.58779,-1.39202
0.58812,-1.39200
0.58858,-1.39197
0.58915,-1.39193
0.58984,-1.39189
0.59061,-1.39183
0.59143,-1.39177
0.59228,-1.39171
0.59311,-1.39165
0.59389,-1.39159
0.59454,-1.39154
0.59491,-1.39151
0.59470,-1.39153
-0.02499,1.12694
-0.36640,1.31704
-0.50831,1.35117
-0.58563,1.35988
-0.60217,1.36073
-0.60715,1.36092
-0.60944,1.36099
-0.61079,1.36103
-0.61173,1.36105
-0.61243,1.36107
-0.61299,1.36109
-0.61346,1.36110
-0.61387,1.36111
-0.61422,1.36112
-0.61454,1.36112
0.58704,-1.39207
0.58705,-1.39207
0.58707,-1.39207
0.58708,-1.39207
0.58710,-1.39207
0.58713,-1.39206
0.58716,-1.39206
0.58721,-1.39206
0.58728,-1.39205
0.58737,-1.39205
0.58751,-1.39204
0.58770,-1.39203
0.58797,-1.39201
0.58834,-1.39199
0.58884,-1.39195
0.58946,-1.39191
0.59022,-1.39186
0.59110,-1.39180
0.59208,-1.39173
0.59316,-1.39165
0.59429,-1.39156
0.59543,-1.39147
0.59650,-1.39138
0.59745,-1.39131
0.59823,-1.39124
0.59883,-1.39119
0.59923,-1.39115
0.59933,-1.39114
0.59873,-1.39120
0.59561,-1.39146
-0.51182,1.35172
-0.59656,1.36049
-0.60620,1.36088
-0.60923,1.36098
-0.61076,1.36103
-0.61176,1.36105
-0.61250,1.36107
-0.61309,1.36109
-0.61359,1.36110
-0.61402,1.36111
0.58706,-1.39207
0.58708,-1.39207
0.58709,-1.39207
0.58711,-1.39206
0.58714,-1.39206
0.58717,-1.39206
0.58721,-1.39206
0.58727,-1.39205
0.58736,-1.39205
0.58747,-1.39204
0.58763,-1.39203
0.58785,-1.39202
0.58816,-1.39200
0.58858,-1.39197
0.58912,-1.39193
0.58981,-1.39189
0.59063,-1.39183
0.59159,-1.39176
0.59268,-1.39168
0.59387,-1.39159
0.59511,-1.39150
0.59631,-1.39140
0.59741,-1.39131
0.59835,-1.39123
0.59912,-1.39116
0.59973,-1.39111
0.60022,-1.39107
0.60060,-1.39103
0.60089,-1.39101
0.60108,-1.39099
0.60113,-1.39098
0.60081,-1.39101
0.59806,-1.39125
-0.53707,1.35528
-0.60247,1.36075
-0.60835,1.36096
-0.61044,1.36102
-0.61162,1.36105
-0.61245,1.36107
-0.61310,1.36109
0.58708,-1.39207
0.58710,-1.39207
0.58712,-1.39206
0.58715,-1.39206
0.58718,-1.39206
0.58722,-1.39206
0.58727,-1.39205
0.58734,-1.39205
0.58744,-1.39204
0.58757,-1.39204
0.58776,-1.39202
0.58802,-1.39201
0.58837,-1.39198
0.58883,-1.39195
0.58943,-1.39191
0.59016,-1.39186
0.59104,-1.39180
0.59206,-1.39173
0.59321,-1.39164
0.59444,-1.39155
0.59569,-1.39145
0.59688,-1.39135
0.59793,-1.39127
0.59881,-1.39119
0.59951,-1.39113
0.60007,-1.39108
0.60052,-1.39104
0.60087,-1.39101
0.60116,-1.39098
0.60140,-1.39096
0.60160,-1.39094
0.60176,-1.39093
0.60186,-1.39092
0.60188,-1.39091
0.60158,-1.39094
0.59845,-1.39122
-0.57917,1.35944
-0.60616,1.36088
-0.60979,1.36100
-0.61133,1.36104
0.58711,-1.39206
0.58713,-1.39206
0.58715,-1.39206
0.58718,-1.39206
0.58722,-1.39206
0.58727,-1.39206
0.58733,-1.39205
0.58741,-1.39205
0.58752,-1.39204
0.58768,-1.39203
0.58789,-1.39201
0.58819,-1.39200
0.58858,-1.39197
0.58909,-1.39194
0.58974,-1.39189
0.59052,-1.39184
0.59144,-1.39177
0.59250,-1.39170
0.59367,-1.39161
0.59491,-1.39151
0.59614,-1.39141
0.59728,-1.39132
0.59827,-1.39124
0.59909,-1.39117
0.59974,-1.39111
0.60026,-1.39106
0.60067,-1.39103
0.60100,-1.39100
0.60126,-1.39097
0.60149,-1.39095
0.60168,-1.39093
0.60184,-1.39092
0.60198,-1.39091
0.60210,-1.39089
0.60220,-1.39088
0.60227,-1.39088
0.60225,-1.39088
0.60186,-1.39092
-0.07700,1.16972
-0.59885,1.36059
0.58714,-1.39206
0.58716,-1.39206
0.58719,-1.39206
0.58722,-1.39206
0.58726,-1.39206
0.58732,-1.39205
0.58739,-1.39205
0.58748,-1.39204
0.58761,-1.39203
0.58779,-1.39202
0.58804,-1.39201
0.58837,-1.39198
0.58881,-1.39196
0.58937,-1.39192
0.59006,-1.39187
0.59088,-1.39181
0.59183,-1.39175
0.59290,-1.39167
0.59407,-1.39158
0.59529,-1.39148
0.59649,-1.39139
0.59758,-1.39129
0.59852,-1.39122
0.59928,-1.39115
0.59989,-1.39109
0.60038,-1.39105
0.60076,-1.39102
0.60107,-1.39099
0.60132,-1.39097
0.60153,-1.39095
0.60171,-1.39093
0.60186,-1.39092
0.60199,-1.39090
0.60211,-1.39089
0.60222,-1.39088
0.60231,-1.39087
0.60240,-1.39087
0.60247,-1.39086
0.60251,-1.39086
0.60244,-1.39086
0.58717,-1.39206
0.58719,-1.39206
0.58722,-1.39206
0.58726,-1.39206
0.58731,-1.39205
0.58737,-1.39205
0.58745,-1.39204
0.58756,-1.39204
0.58771,-1.39203
0.58791,-1.39201
0.58819,-1.39200
0.58856,-1.39197
0.58905,-1.39194
0.58965,-1.39190
0.59038,-1.39185
0.59123,-1.39179
0.59220,-1.39172
0.59328,-1.39164
0.59444,-1.39155
0.59563,-1.39146
0.59678,-1.39136
0.59782,-1.39127
0.59870,-1.39120
0.59943,-1.39114
0.60000,-1.39109
0.60046,-1.39104
0.60082,-1.39101
0.60112,-1.39098
0.60136,-1.39096
0.60156,-1.39094
0.60173,-1.39093
0.60188,-1.39091
0.60200,-1.39090
0.60211,-1.39089
0.60221,-1.39088
0.60230,-1.39088
0.60238,-1.39087
0.60245,-1.39086
0.60252,-1.39085
0.60259,-1.39085
0.58720,-1.39206
0.58723,-1.39206
0.58726,-1.39206
0.58730,-1.39205
0.58735,-1.39205
0.58742,-1.39205
0.58751,-1.39204
0.58764,-1.39203
0.58781,-1.39202
0.58804,-1.39201
0.58835,-1.39199
0.58877,-1.39196
0.58930,-1.39192
0.58994,-1.39188
0.59070,-1.39183
0.59157,-1.39176
0.59255,-1.39169
0.59362,-1.39161
0.59476,-1.39152
0.59592,-1.39143
0.59702,-1.39134
0.59801,-1.39126
0.59885,-1.39119
0.59954,-1.39113
0.60009,-1.39108
0.60053,-1.39104
0.60087,-1.39101
0.60116,-1.39098
0.60139,-1.39096
0.60158,-1.39094
0.60175,-1.39093
0.60189,-1.39091
0.60201,-1.39090
0.60212,-1.39089
0.60221,-1.39088
0.60230,-1.39088
0.60237,-1.39087
0.60244,-1.39086
0.60250,-1.39086
0.60255,-1.39085
0.58723,-1.39206
0.58726,-1.39206
0.58729,-1.39205
0.58734,-1.39205
0.58740,-1.39205
0.58747,-1.39204
0.58758,-1.39204
0.58772,-1.39203
0.58791,-1.39201
0.58818,-1.39200
0.58853,-1.39197
0.58899,-1.39194
0.58956,-1.39190
0.59024,-1.39186
0.59102,-1.39180
0.59191,-1.39174
0.59288,-1.39167
0.59394,-1.39159
0.59505,-1.39150
0.59617,-1.39141
0.59724,-1.39132
0.59818,-1.39124
0.59898,-1.39117
0.59964,-1.39112
0.60016,-1.39107
0.60058,-1.39103
0.60092,-1.39100
0.60119,-1.39098
0.60141,-1.39096
0.60160,-1.39094
0.60176,-1.39093
0.60190,-1.39091
0.60202,-1.39090
0.60212,-1.39089
0.60222,-1.39088
0.60230,-1.39088
0.60237,-1.39087
0.60243,-1.39086
0.60249,-1.39086
0.60254,-1.39085
