-1.59342,0.13752
-1.59318,0.13867
-1.59291,0.13996
-1.59259,0.14143
-1.59222,0.14315
-1.59178,0.14519
-1.59125,0.14763
-1.59060,0.15057
-1.58980,0.15417
-1.58880,0.15861
-1.58755,0.16415
-1.58594,0.17113
-1.58385,0.18002
-1.58110,0.19141
-1.57747,0.20603
-1.57268,0.22465
-1.56640,0.24798
-1.55837,0.27639
-1.54840,0.30982
-1.53642,0.34793
-1.52235,0.39048
-1.50594,0.43791
-1.48656,0.49171
-1.46307,0.55448
-1.43387,0.62940
-1.39727,0.71812
-1.35253,0.81710
-1.30105,0.91592
-1.24654,1.00297
-1.19349,1.07271
-1.14520,1.12594
-1.10307,1.16599
-1.06706,1.19630
-1.03638,1.21966
-1.00995,1.23812
-0.98674,1.25315
-0.96593,1.26574
-0.94683,1.27656
-0.92898,1.28608
-0.91203,1.29458
-1.59359,0.13665
-1.59330,0.13805
-1.59299,0.13952
-1.59265,0.14112
-1.59226,0.14293
-1.59181,0.14503
-1.59127,0.14751
-1.59061,0.15048
-1.58982,0.15408
-1.58882,0.15852
-1.58757,0.16406
-1.58595,0.17105
-1.58386,0.17997
-1.58109,0.19147
-1.57740,0.20631
-1.57249,0.22534
-1.56602,0.24934
-1.55767,0.27876
-1.54724,0.31360
-1.53460,0.35354
-1.51964,0.39846
-1.50202,0.44895
-1.48101,0.50675
-1.45532,0.57468
-1.42327,0.65569
-1.38336,0.75008
-1.33542,0.85178
-1.28164,0.94888
-1.22621,1.03126
-1.17336,1.09594
-1.12580,1.14503
-1.08442,1.18209
-1.04891,1.21036
-1.01839,1.23236
-0.99183,1.24993
-0.96829,1.26434
-0.94700,1.27646
-0.92740,1.28688
-0.90908,1.29600
-0.89178,1.30405
-1.59399,0.13448
-1.59359,0.13647
-1.59320,0.13836
-1.59281,0.14027
-1.59238,0.14230
-1.59189,0.14456
-1.59133,0.14715
-1.59066,0.15021
-1.58985,0.15387
-1.58885,0.15836
-1.58759,0.16393
-1.58597,0.17097
-1.58385,0.17998
-1.58104,0.19162
-1.57729,0.20674
-1.57224,0.22626
-1.56554,0.25104
-1.55683,0.28162
-1.54585,0.31805
-1.53246,0.36008
-1.51647,0.40767
-1.49747,0.46164
-1.47458,0.52397
-1.44640,0.59762
-1.41121,0.68501
-1.36781,0.78455
-1.31671,0.88758
-1.26085,0.98171
-1.20466,1.05906
-1.15198,1.11893
-1.10492,1.16430
-1.06398,1.19871
-1.02868,1.22515
-0.99811,1.24589
-0.97129,1.26254
-0.94738,1.27623
-0.92573,1.28773
-0.90583,1.29754
-0.88735,1.30602
-0.87005,1.31340
-1.59465,0.12987
-1.59417,0.13293
-1.59367,0.13568
-1.59317,0.13824
-1.59265,0.14077
-1.59210,0.14341
-1.59149,0.14629
-1.59078,0.14956
-1.58994,0.15340
-1.58891,0.15802
-1.58762,0.16371
-1.58597,0.17087
-1.58382,0.18003
-1.58096,0.19191
-1.57711,0.20740
-1.57190,0.22752
-1.56492,0.25323
-1.55578,0.28517
-1.54416,0.32344
-1.52989,0.36786
-1.51270,0.41852
-1.49210,0.47645
-1.46706,0.54391
-1.43605,0.62382
-1.39743,0.71764
-1.35040,0.82144
-1.29620,0.92430
-1.23842,1.01445
-1.18150,1.08668
-1.12881,1.14210
-1.08195,1.18411
-1.04114,1.21611
-1.00581,1.24082
-0.97506,1.26026
-0.94803,1.27586
-0.92393,1.28863
-0.90219,1.29924
-0.88238,1.30818
-0.86418,1.31578
-0.84738,1.32227
-1.58002,0.12907
-1.59325,0.12776
-1.59398,0.13082
-1.59366,0.13424
-1.59312,0.13760
-1.59250,0.14094
-1.59180,0.14439
-1.59102,0.14813
-1.59011,0.15235
-1.58903,0.15729
-1.58768,0.16326
-1.58598,0.17069
-1.58376,0.18015
-1.58081,0.19240
-1.57682,0.20842
-1.57139,0.22932
-1.56407,0.25619
-1.55440,0.28975
-1.54202,0.33019
-1.52669,0.37740
-1.50810,0.43161
-1.48562,0.49409
-1.45811,0.56729
-1.42395,0.65388
-1.38163,0.75386
-1.33084,0.86063
-1.27359,0.96179
-1.21392,1.04729
-1.15613,1.11453
-1.10312,1.16585
-1.05612,1.20479
-1.01520,1.23449
-0.97975,1.25739
-0.94895,1.27533
-0.92196,1.28961
-0.89808,1.30114
-0.87676,1.31058
-0.85756,1.31838
-0.84018,1.32488
-0.82437,1.33033
-0.32095,-0.63237
-0.38910,-0.48639
-0.52176,-0.21615
-1.57378,0.13678
-1.59095,0.13449
-1.59222,0.13733
-1.59195,0.14122
-1.59125,0.14558
-1.59032,0.15042
-1.58917,0.15593
-1.58774,0.16245
-1.58594,0.17040
-1.58361,0.18041
-1.58051,0.19329
-1.57632,0.21011
-1.57059,0.23209
-1.56281,0.26044
-1.55247,0.29601
-1.53915,0.33907
-1.52254,0.38956
-1.50228,0.44789
-1.47763,0.51554
-1.44731,0.59502
-1.40969,0.68842
-1.36344,0.79376
-1.30880,0.90187
-1.24843,1.00002
-1.18669,1.08057
-1.12768,1.14310
-1.07395,1.19063
-1.02655,1.22657
-0.98549,1.25382
-0.95015,1.27464
-0.91971,1.29071
-0.89334,1.30329
-0.87030,1.31326
-0.85003,1.32125
-0.83205,1.32772
-0.81601,1.33302
-0.80162,1.33737
-0.19529,-0.84825
-0.24038,-0.77794
-0.28635,-0.69824
-0.33595,-0.60186
-0.39153,-0.48017
-0.47312,-0.29394
-1.45664,0.14543
-1.58249,0.14831
-1.58781,0.15024
-1.58806,0.15535
-1.58705,0.16220
-1.58534,0.17079
-1.58294,0.18160
-1.57967,0.19545
-1.57519,0.21346
-1.56905,0.23696
-1.56066,0.26728
-1.54945,0.30537
-1.53495,0.35157
-1.51680,0.40591
-1.49459,0.46891
-1.46748,0.54216
-1.43413,0.62809
-1.39285,0.72781
-1.34253,0.83713
-1.28384,0.94489
-1.22002,1.03917
-1.15572,1.11482
-1.09493,1.17293
-1.04015,1.21672
-0.99239,1.24944
-0.95158,1.27381
-0.91701,1.29203
-0.88773,1.30578
-0.86279,1.31628
-0.84136,1.32442
-0.82278,1.33082
-0.80655,1.33591
-0.79224,1.34000
-0.77957,1.34332
-0.09009,-0.98832
-0.14115,-0.92400
-0.18475,-0.86366
-0.22384,-0.80453
-0.26124,-0.74276
-0.29919,-0.67423
-0.33859,-0.59609
-0.37983,-0.50613
-0.42637,-0.39594
-0.50158,-0.23288
-1.25034,0.13885
-1.55695,0.18702
-1.57253,0.19324
-1.57328,0.20583
-1.57004,0.22420
-1.56410,0.24901
-1.55535,0.28135
-1.54333,0.32210
-1.52761,0.37156
-1.50789,0.42976
-1.48373,0.49724
-1.45426,0.57565
-1.41800,0.66714
-1.37316,0.77173
-1.31858,0.88325
-1.25532,0.98943
-1.18722,1.07964
-1.11943,1.15071
-1.05631,1.20446
-1.00053,1.24412
-0.95307,1.27292
-0.91355,1.29369
-0.88089,1.30874
-0.85383,1.31976
-0.83121,1.32797
-0.81209,1.33420
-0.79573,1.33901
-0.78159,1.34279
-0.76925,1.34579
-0.75842,1.34821
0.01467,-1.10315
-0.04485,-1.04047
-0.09680,-0.98020
-0.14115,-0.92397
-0.17954,-0.87114
-0.21392,-0.81998
-0.24602,-0.76848
-0.27715,-0.71466
-0.30810,-0.65697
-0.33896,-0.59488
-0.36937,-0.52879
-0.39936,-0.45860
-0.42999,-0.38211
-0.46466,-0.29353
-0.51769,-0.17617
-0.72347,0.03479
-1.36946,0.30543
-1.49576,0.36588
-1.50192,0.41273
-1.48823,0.46942
-1.46583,0.53708
-1.43624,0.61705
-1.39848,0.71111
-1.35061,0.81835
-1.29133,0.93095
-1.22213,1.03556
-1.14803,1.12230
-1.07553,1.18896
-1.00999,1.23773
-0.95428,1.27216
-0.90875,1.29596
-0.87220,1.31237
-0.84286,1.32382
-0.81907,1.33197
-0.79951,1.33792
-0.78316,1.34236
-0.76931,1.34576
-0.75742,1.34840
-0.74712,1.35048
-0.73812,1.35215
0.10160,-1.18383
0.04201,-1.12985
-0.01478,-1.07291
-0.06564,-1.01700
-0.10973,-0.96427
-0.14794,-0.91490
-0.18176,-0.86792
-0.21263,-0.82192
-0.24172,-0.77552
-0.26983,-0.72754
-0.29737,-0.67724
-0.32442,-0.62433
-0.35085,-0.56895
-0.37650,-0.51124
-0.40154,-0.45067
-0.42658,-0.38540
-0.45293,-0.31159
-0.48375,-0.22154
-0.53209,-0.09527
-0.72915,0.15739
-1.33229,0.54286
-1.39998,0.65477
-1.37394,0.75210
-1.32547,0.86283
-1.26013,0.97881
-1.18189,1.08420
-1.09896,1.16845
-1.02098,1.22989
-0.95458,1.27180
-0.90162,1.29923
-0.86061,1.31700
-0.82891,1.32866
-0.80411,1.33653
-0.78433,1.34202
-0.76822,1.34597
-0.75486,1.34890
-0.74358,1.35113
-0.73395,1.35285
-0.72562,1.35421
-0.71839,1.35530
0.16823,-1.23748
0.11289,-1.19341
0.05584,-1.14288
0.00117,-1.08946
-0.04823,-1.03669
-0.09148,-0.98659
-0.12922,-0.93953
-0.16273,-0.89474
-0.19336,-0.85096
-0.22226,-0.80685
-0.25026,-0.76121
-0.27783,-0.71315
-0.30515,-0.66219
-0.33213,-0.60822
-0.35862,-0.55129
-0.38455,-0.49121
-0.41001,-0.42726
-0.43532,-0.35793
-0.46122,-0.28037
-0.48995,-0.18842
-0.53125,-0.06433
-0.67070,0.17490
-1.23958,0.68926
-1.29210,0.88742
-1.22238,1.02482
-1.12924,1.13759
-1.03438,1.21930
-0.95298,1.27223
-0.89036,1.30416
-0.84427,1.32308
-0.81038,1.33455
-0.78495,1.34178
-0.76537,1.34657
-0.74989,1.34986
-0.73733,1.35222
-0.72695,1.35396
-0.71820,1.35529
-0.71074,1.35631
-0.70431,1.35712
-0.69873,1.35776
0.22190,-1.27552
0.17181,-1.24015
0.11682,-1.19669
0.06049,-1.14719
0.00673,-1.09511
-0.04185,-1.04374
-0.08450,-0.99493
-0.12189,-0.94892
-0.15530,-0.90490
-0.18608,-0.86159
-0.21538,-0.81757
-0.24404,-0.77155
-0.27256,-0.72249
-0.30111,-0.66980
-0.32953,-0.61338
-0.35750,-0.55345
-0.38470,-0.49031
-0.41093,-0.42391
-0.43622,-0.35364
-0.46097,-0.27774
-0.48665,-0.19173
-0.51848,-0.08293
-0.58760,0.09791
-1.00846,0.64619
-1.16369,1.05658
-1.05283,1.19849
-0.94770,1.27333
-0.87143,1.31166
-0.81972,1.33123
-0.78428,1.34175
-0.75912,1.34781
-0.74056,1.35154
-0.72638,1.35398
-0.71521,1.35564
-0.70619,1.35683
-0.69873,1.35771
-0.69246,1.35837
-0.68712,1.35889
-0.68251,1.35929
-0.67851,1.35962
0.26778,-1.30427
0.22341,-1.27651
0.17214,-1.24039
0.11618,-1.19615
0.05930,-1.14607
0.00541,-1.09376
-0.04304,-1.04241
-0.08555,-0.99366
-0.12295,-0.94755
-0.15659,-0.90312
-0.18787,-0.85895
-0.21794,-0.81354
-0.24764,-0.76549
-0.27743,-0.71370
-0.30736,-0.65763
-0.33712,-0.59740
-0.36617,-0.53364
-0.39398,-0.46710
-0.42024,-0.39817
-0.44495,-0.32646
-0.46870,-0.24995
-0.49317,-0.16307
-0.52383,-0.04964
-0.59286,0.15836
-0.96307,0.91104
-0.93221,1.26374
-0.83567,1.32239
-0.77894,1.34199
-0.74431,1.35031
-0.72162,1.35441
-0.70585,1.35668
-0.69437,1.35803
-0.68570,1.35890
-0.67894,1.35949
-0.67352,1.35990
-0.66907,1.36020
-0.66533,1.36043
-0.66215,1.36061
-0.65939,1.36075
-0.65699,1.36086
0.30811,-1.32656
0.26974,-1.30541
0.22366,-1.27666
0.17044,-1.23911
0.11265,-1.19318
0.05440,-1.14151
-0.00027,-1.08795
-0.04909,-1.03568
-0.09182,-0.98614
-0.12952,-0.93908
-0.16368,-0.89334
-0.19575,-0.84733
-0.22689,-0.79939
-0.25790,-0.74804
-0.28912,-0.69225
-0.32041,-0.63174
-0.35118,-0.56709
-0.38069,-0.49945
-0.40834,-0.42988
-0.43393,-0.35872
-0.45774,-0.28492
-0.48081,-0.20474
-0.50561,-0.10803
-0.54015,0.03888
-0.64481,0.48178
-0.74035,1.30979
-0.69665,1.35265
-0.67367,1.35830
-0.66052,1.35995
-0.65235,1.36061
-0.64700,1.36093
-0.64337,1.36109
-0.64082,1.36119
-0.63898,1.36125
-0.63758,1.36129
-0.63647,1.36132
-0.63554,1.36135
-0.63473,1.36137
-0.63400,1.36138
-0.63332,1.36140
0.34384,-1.34385
0.31137,-1.32822
0.27139,-1.30636
0.22316,-1.27633
0.16746,-1.23686
0.10724,-1.18861
0.04711,-1.13464
-0.00875,-1.07918
-0.05821,-1.02541
-0.10139,-0.97450
-0.13959,-0.92591
-0.17449,-0.87817
-0.20758,-0.82948
-0.24005,-0.77802
-0.27259,-0.72228
-0.30533,-0.66145
-0.33780,-0.59577
-0.36915,-0.52647
-0.39853,-0.45509
-0.42551,-0.38252
-0.45022,-0.30818
-0.47349,-0.22887
-0.49704,-0.13561
-0.52410,0.00043
-0.54431,0.38225
-0.48494,1.30621
-0.52393,1.34888
-0.54558,1.35492
-0.55958,1.35720
-0.56964,1.35841
-0.57735,1.35916
-0.58351,1.35967
-0.58858,1.36003
-0.59279,1.36030
-0.59632,1.36051
-0.59925,1.36066
-0.60169,1.36078
-0.60370,1.36087
-0.60535,1.36095
-0.60669,1.36100
0.37550,-1.35717
0.34848,-1.34591
0.31481,-1.32996
0.27302,-1.30730
0.22232,-1.27576
0.16368,-1.23399
0.10058,-1.18290
0.03819,-1.12613
-0.01908,-1.06832
-0.06935,-1.01264
-0.11311,-0.95996
-0.15198,-0.90934
-0.18781,-0.85897
-0.22219,-0.80679
-0.25623,-0.75082
-0.29048,-0.68961
-0.32472,-0.62284
-0.35811,-0.55149
-0.38959,-0.47733
-0.41849,-0.40171
-0.44479,-0.32430
-0.46921,-0.24171
-0.49312,-0.14361
-0.51592,0.00723
-0.39754,0.59519
-0.26303,1.25922
-0.34203,1.30594
-0.39854,1.32571
-0.43961,1.33699
-0.47021,1.34398
-0.49358,1.34855
-0.51184,1.35166
-0.52642,1.35385
-0.53824,1.35543
-0.54793,1.35660
-0.55592,1.35747
-0.56255,1.35814
-0.56805,1.35864
-0.57261,1.35904
-0.57640,1.35934
0.40360,-1.36733
0.38137,-1.35941
0.35363,-1.34815
0.31871,-1.33190
0.27497,-1.30841
0.22152,-1.27521
0.15953,-1.23082
0.09312,-1.17644
0.02816,-1.11640
-0.03071,-1.05585
-0.08192,-0.99793
-0.12640,-0.94307
-0.16612,-0.88990
-0.20313,-0.83620
-0.23906,-0.77958
-0.27496,-0.71794
-0.31105,-0.65013
-0.34668,-0.57650
-0.38072,-0.49868
-0.41219,-0.41827
-0.44088,-0.33494
-0.46738,-0.24412
-0.49216,-0.12985
-0.49341,0.09211
-0.06619,1.04876
-0.13508,1.20355
-0.20872,1.25044
-0.27002,1.28032
-0.32186,1.30139
-0.36526,1.31650
-0.40120,1.32738
-0.43081,1.33526
-0.45520,1.34102
-0.47537,1.34527
-0.49209,1.34845
-0.50600,1.35084
-0.51761,1.35267
-0.52730,1.35407
-0.53540,1.35516
-0.54216,1.35600
0.42863,-1.37504
0.41048,-1.36957
0.38797,-1.36185
0.35958,-1.35068
0.32345,-1.33422
0.27767,-1.30995
0.22121,-1.27500
0.15545,-1.22767
0.08525,-1.16951
0.01734,-1.10571
-0.04337,-1.04200
-0.09567,-0.98143
-0.14105,-0.92393
-0.18186,-0.86755
-0.22036,-0.80957
-0.25822,-0.74726
-0.29627,-0.67849
-0.33435,-0.60250
-0.37142,-0.52017
-0.40630,-0.43277
-0.43843,-0.33918
-0.46777,-0.23066
-0.48561,-0.06561
-0.07136,0.67580
0.00738,1.08374
-0.06833,1.16077
-0.12902,1.20526
-0.18220,1.23752
-0.23063,1.26278
-0.27488,1.28295
-0.31481,1.29902
-0.35026,1.31172
-0.38130,1.32167
-0.40819,1.32943
-0.43130,1.33546
-0.45104,1.34015
-0.46785,1.34380
-0.48210,1.34664
-0.49416,1.34887
-0.50433,1.35062
0.45109,-1.38082
0.43638,-1.37714
0.41831,-1.37199
0.39567,-1.36459
0.36678,-1.35364
0.32955,-1.33716
0.28175,-1.31224
0.22205,-1.27554
0.15199,-1.22496
0.07732,-1.16244
0.00591,-1.09420
-0.05699,-1.02673
-0.11066,-0.96294
-0.15722,-0.90210
-0.19949,-0.84153
-0.23994,-0.77790
-0.28020,-0.70802
-0.32088,-0.62962
-0.36145,-0.54177
-0.40070,-0.44378
-0.43709,-0.33002
-0.45939,-0.16700
-0.01913,0.46118
0.12115,0.93837
0.03653,1.06285
-0.02741,1.12814
-0.07949,1.17117
-0.12532,1.20346
-0.16762,1.22954
-0.20751,1.25138
-0.24527,1.26988
-0.28073,1.28552
-0.31362,1.29864
-0.34366,1.30953
-0.37074,1.31846
-0.39482,1.32572
-0.41601,1.33158
-0.43446,1.33628
-0.45041,1.34005
-0.46410,1.34305
0.47146,-1.38513
0.45963,-1.38272
0.44529,-1.37940
0.42751,-1.37468
0.40497,-1.36773
0.37586,-1.35724
0.33779,-1.34101
0.28810,-1.31576
0.22493,-1.27742
0.14982,-1.22325
0.06963,-1.15546
-0.00622,-1.08171
-0.07194,-1.00953
-0.12743,-0.94158
-0.17564,-0.87622
-0.21993,-0.80977
-0.26300,-0.73795
-0.30645,-0.65645
-0.35045,-0.56066
-0.39167,-0.44096
-0.36973,-0.23490
0.28120,0.39854
0.23864,0.73200
0.13923,0.92685
0.06227,1.03510
0.00340,1.09987
-0.04446,1.14358
-0.08593,1.17626
-0.12368,1.20255
-0.15921,1.22472
-0.19324,1.24393
-0.22603,1.26075
-0.25752,1.27551
-0.28750,1.28837
-0.31570,1.29947
-0.34186,1.30893
-0.36576,1.31690
-0.38729,1.32354
-0.40644,1.32902
-0.42328,1.33350
0.49017,-1.38828
0.48081,-1.38679
0.46961,-1.38474
0.45588,-1.38187
0.43868,-1.37769
0.41661,-1.37142
0.38773,-1.36169
0.34931,-1.34617
0.29802,-1.32112
0.23111,-1.28143
0.14972,-1.22312
0.06210,-1.14850
-0.01983,-1.06732
-0.08942,-0.98869
-0.14751,-0.91477
-0.19822,-0.84228
-0.24547,-0.76537
-0.29066,-0.67522
-0.30658,-0.54011
0.30748,-0.03463
0.42900,0.22517
0.36327,0.44958
0.26210,0.69828
0.16496,0.88747
0.08875,1.00232
0.03037,1.07230
-0.01634,1.11897
-0.05587,1.15313
-0.09103,1.18007
-0.12354,1.20251
-0.15443,1.22191
-0.18427,1.23907
-0.21331,1.25444
-0.24159,1.26824
-0.26899,1.28058
-0.29526,1.29154
-0.32011,1.30114
-0.34329,1.30945
-0.36456,1.31654
-0.38379,1.32252
0.50766,-1.39053
0.50048,-1.38967
0.49196,-1.38851
0.48165,-1.38689
0.46889,-1.38456
0.45270,-1.38110
0.43168,-1.37576
0.40372,-1.36723
0.36572,-1.35309
0.31338,-1.32905
0.24231,-1.28851
0.15232,-1.22501
0.05365,-1.14044
-0.03737,-1.04801
-0.11280,-0.95897
-0.17520,-0.87275
-0.22572,-0.77461
0.01928,-0.44747
0.48296,-0.00383
0.48193,0.10533
0.44790,0.22437
0.38526,0.40268
0.29276,0.63277
0.19597,0.83356
0.11681,0.96378
0.05617,1.04332
0.00853,1.09517
-0.03080,1.13205
-0.06489,1.16038
-0.09570,1.18347
-0.12447,1.20315
-0.15197,1.22045
-0.17870,1.23600
-0.20492,1.25015
-0.23070,1.26307
-0.25597,1.27485
-0.28052,1.28551
-0.30408,1.29505
-0.32637,1.30346
-0.34710,1.31078
0.52437,-1.39204
0.51916,-1.39161
0.51304,-1.39104
0.50569,-1.39025
0.49669,-1.38911
0.48540,-1.38744
0.47090,-1.38487
0.45178,-1.38080
0.42583,-1.37400
0.38948,-1.36213
0.33707,-1.34038
0.26109,-1.29980
0.15781,-1.22880
0.04024,-1.12672
-0.06658,-1.01150
-0.14598,-0.88163
0.32628,-0.30030
0.51230,-0.03387
0.50696,0.03937
0.48862,0.10751
0.45837,0.20091
0.40656,0.34804
0.32518,0.55752
0.22993,0.76866
0.14664,0.91857
0.08205,1.01147
0.03201,1.07073
-0.00837,1.11166
-0.04252,1.14218
-0.07266,1.16643
-0.10021,1.18669
-0.12614,1.20425
-0.15108,1.21993
-0.17546,1.23419
-0.19953,1.24734
-0.22338,1.25951
-0.24696,1.27076
-0.27010,1.28109
-0.29253,1.29047
-0.31395,1.29886
0.54074,-1.39291
0.53741,-1.39276
0.53351,-1.39256
0.52886,-1.39227
0.52320,-1.39185
0.51615,-1.39124
0.50716,-1.39030
0.49540,-1.38880
0.47957,-1.38629
0.45744,-1.38185
0.42504,-1.37342
0.37485,-1.35601
0.29338,-1.31715
0.16533,-1.23136
0.00854,-1.07183
0.35270,-0.39088
0.52925,-0.07587
0.52372,-0.00740
0.51084,0.04265
0.49363,0.09796
0.46800,0.17515
0.42551,0.29698
0.35599,0.48182
0.26518,0.69543
0.17827,0.86582
0.10879,0.97545
0.05524,1.04453
0.01282,1.09091
-0.02225,1.12450
-0.05251,1.15049
-0.07959,1.17170
-0.10460,1.18976
-0.12830,1.20567
-0.15126,1.22005
-0.17384,1.23329
-0.19628,1.24562
-0.21866,1.25717
-0.24094,1.26797
-0.26295,1.27798
-0.28444,1.28717
0.55723,-1.39320
0.55577,-1.39318
0.55407,-1.39315
0.55204,-1.39310
0.54955,-1.39304
0.54643,-1.39294
0.54243,-1.39278
0.53718,-1.39252
0.53011,-1.39206
0.52028,-1.39121
0.50598,-1.38953
0.48371,-1.38583
0.44527,-1.37615
0.36792,-1.34164
0.28089,-0.99774
0.55158,-0.15916
0.54163,-0.05751
0.52818,-0.00658
0.51477,0.03637
0.49900,0.08445
0.47701,0.14997
0.44198,0.25134
0.38385,0.41025
0.30052,0.61646
0.21179,0.80447
0.13709,0.93369
0.07912,1.01530
0.03381,1.06882
-0.00293,1.10650
-0.03397,1.13488
-0.06118,1.15749
-0.08583,1.17635
-0.10882,1.19269
-0.13078,1.20728
-0.15220,1.22062
-0.17340,1.23304
-0.19460,1.24473
-0.21586,1.25578
-0.23715,1.26619
-0.25830,1.27593
0.57432,-1.39288
0.57484,-1.39284
0.57542,-1.39280
0.57609,-1.39275
0.57685,-1.39268
0.57772,-1.39261
0.57872,-1.39252
0.57991,-1.39239
0.58141,-1.39222
0.58350,-1.39193
0.58679,-1.39142
0.59286,-1.39027
0.60664,-1.38672
0.65074,-1.36590
0.75210,-0.78918
0.58549,-0.16025
0.55179,-0.06631
0.53425,-0.01662
0.52008,0.02427
0.50514,0.06806
0.48583,0.12495
0.45669,0.20982
0.40885,0.34368
0.33540,0.53352
0.24771,0.73273
0.16802,0.88358
0.10479,0.98111
0.05566,1.04406
0.01647,1.08720
-0.01599,1.11881
-0.04391,1.14338
-0.06872,1.16342
-0.09145,1.18046
-0.11284,1.19543
-0.13343,1.20898
-0.15366,1.22150
-0.17381,1.23328
-0.19408,1.24446
-0.21452,1.25511
-0.23507,1.26521
0.59254,-1.39187
0.59521,-1.39165
0.59830,-1.39137
0.60192,-1.39102
0.60624,-1.39057
0.61148,-1.38998
0.61797,-1.38917
0.62623,-1.38802
0.63717,-1.38630
0.65237,-1.38351
0.67489,-1.37859
0.71108,-1.36876
0.77523,-1.34563
0.89869,-1.27889
1.07192,-1.00644
0.66686,-0.25263
0.57211,-0.09810
0.54476,-0.03766
0.52791,0.00563
0.51276,0.04771
0.49523,0.09838
0.47072,0.16982
0.43192,0.28039
0.37001,0.44666
0.28720,0.64709
0.20360,0.82010
0.13419,0.93821
0.08002,1.01418
0.03736,1.06495
0.00264,1.10110
-0.02665,1.12846
-0.05220,1.15026
-0.07517,1.16839
-0.09642,1.18403
-0.11657,1.19795
-0.13612,1.21069
-0.15546,1.22259
-0.17484,1.23387
-0.19444,1.24466
-0.21428,1.25499
0.61244,-1.39000
0.61752,-1.38938
0.62343,-1.38859
0.63040,-1.38759
0.63876,-1.38626
0.64897,-1.38447
0.66169,-1.38198
0.67798,-1.37837
0.69946,-1.37293
0.72877,-1.36427
0.77021,-1.34970
0.83028,-1.32385
0.91676,-1.27661
1.03226,-1.19161
1.15949,-1.04389
1.09071,-0.68332
0.64326,-0.19151
0.56798,-0.07965
0.54136,-0.02420
0.52356,0.02031
0.50645,0.06743
0.48536,0.12809
0.45441,0.21732
0.40507,0.35443
0.33215,0.54171
0.24761,0.73308
0.17119,0.87826
0.11009,0.97372
0.06225,1.03625
0.02396,1.07943
-0.00773,1.11110
-0.03483,1.13565
-0.05873,1.15555
-0.08041,1.17234
-0.10060,1.18699
-0.11989,1.20017
-0.13872,1.21233
-0.15744,1.22377
-0.17630,1.23470
-0.19544,1.24520
0.63457,-1.38701
0.64239,-1.38572
0.65149,-1.38408
0.66226,-1.38195
0.67516,-1.37914
0.69091,-1.37532
0.71047,-1.37000
0.73522,-1.36239
0.76709,-1.35118
0.80864,-1.33423
0.86277,-1.30824
0.93160,-1.26856
1.01416,-1.20998
1.10448,-1.12848
1.19203,-1.02360
1.25919,-0.89655
1.14356,-0.64535
0.67191,-0.20776
0.57506,-0.08383
0.54312,-0.02305
0.52250,0.02640
0.50270,0.08009
0.47789,0.15087
0.44106,0.25580
0.38377,0.41143
0.30572,0.60490
0.22337,0.78225
0.15259,0.90931
0.09645,0.99263
0.05208,1.04830
0.01611,1.08761
-0.01400,1.11700
-0.03998,1.14008
-0.06304,1.15899
-0.08406,1.17506
-0.10371,1.18918
-0.12255,1.20194
-0.14100,1.21376
-0.15940,1.22494
-0.17799,1.23565
0.65944,-1.38258
0.67031,-1.38028
0.68295,-1.37735
0.69784,-1.37356
0.71560,-1.36857
0.73706,-1.36186
0.76327,-1.35270
0.79557,-1.33996
0.83543,-1.32209
0.88418,-1.29695
0.94229,-1.26205
1.00864,-1.21495
1.08005,-1.15394
1.15175,-1.07893
1.21820,-0.99321
1.27389,-0.90436
1.31209,-0.81861
1.28931,-0.71060
0.87744,-0.36728
0.61812,-0.13267
0.55874,-0.04639
0.52997,0.01333
0.50632,0.07348
0.47893,0.14983
0.43980,0.26031
0.38063,0.42014
0.30221,0.61328
0.22095,0.78713
0.15128,0.91148
0.09576,0.99360
0.05158,1.04890
0.01557,1.08818
-0.01470,1.11766
-0.04088,1.14086
-0.06415,1.15988
-0.08536,1.17603
-0.10516,1.19019
-0.12410,1.20296
-0.14261,1.21477
-0.16105,1.22592
0.68740,-1.37629
0.70152,-1.37261
0.71785,-1.36794
0.73691,-1.36195
0.75933,-1.35419
0.78590,-1.34399
0.81750,-1.33049
0.85499,-1.31251
0.89903,-1.28866
0.94965,-1.25737
1.00601,-1.21719
1.06627,-1.16700
1.12785,-1.10632
1.18773,-1.03600
1.24272,-0.95943
1.29016,-0.88259
1.32855,-0.81156
1.35698,-0.74976
1.37184,-0.69661
1.34939,-0.63965
1.12201,-0.48241
0.71093,-0.19994
0.58228,-0.06763
0.53499,0.01323
0.50165,0.09230
0.46424,0.19428
0.41066,0.34157
0.33521,0.53529
0.25023,0.72807
0.17420,0.87330
0.11309,0.96959
0.06469,1.03339
0.02551,1.07785
-0.00723,1.11068
-0.03541,1.13619
-0.06034,1.15687
-0.08291,1.17423
-0.10384,1.18928
-0.12368,1.20269
-0.14291,1.21496
0.71848,-1.36778
0.73583,-1.36234
0.75565,-1.35555
0.77841,-1.34701
0.80466,-1.33619
0.83497,-1.32241
0.86988,-1.30483
0.90973,-1.28245
0.95455,-1.25418
1.00380,-1.21898
1.05640,-1.17593
1.11082,-1.12438
1.16523,-1.06421
1.21760,-0.99654
1.26590,-0.92439
1.30865,-0.85213
1.34541,-0.78366
1.37659,-0.72106
1.40292,-0.66477
1.42503,-0.61453
1.44316,-0.57014
1.45695,-0.53193
1.46459,-0.50111
1.45893,-0.47961
1.39413,-0.46047
0.88764,-0.25870
0.55946,-0.00934
0.48844,0.13512
0.42218,0.31251
0.33282,0.54177
0.23741,0.75471
0.15852,0.89985
0.09801,0.99063
0.05071,1.04998
0.01219,1.09167
-0.02041,1.12293
-0.04891,1.14761
-0.07448,1.16790
-0.09792,1.18513
-0.11985,1.20017
0.75225,-1.35678
0.77244,-1.34935
0.79512,-1.34027
0.82064,-1.32913
0.84938,-1.31541
0.88168,-1.29850
0.91779,-1.27765
0.95777,-1.25206
1.00139,-1.22086
1.04809,-1.18321
1.09694,-1.13837
1.14676,-1.08584
1.19614,-1.02572
1.24352,-0.95934
1.28748,-0.88942
1.32716,-0.81931
1.36252,-0.75158
1.39407,-0.68736
1.42248,-0.62679
1.44820,-0.56982
1.47130,-0.51686
1.49151,-0.46889
1.50854,-0.42710
1.52224,-0.39230
1.53273,-0.36469
1.54021,-0.34408
1.54456,-0.33068
1.54419,-0.32671
1.52754,-0.34282
0.98102,-0.25642
0.48940,0.14009
0.38165,0.42067
0.26230,0.70315
0.16700,0.88580
0.09947,0.98869
0.04887,1.05212
0.00815,1.09575
-0.02645,1.12836
-0.05699,1.15421
-0.08469,1.17557
0.78776,-1.34332
0.81006,-1.33388
0.83461,-1.32263
0.86166,-1.30919
0.89144,-1.29309
0.92416,-1.27378
0.95997,-1.25060
0.99884,-1.22282
1.04058,-1.18963
1.08470,-1.15023
1.13047,-1.10391
1.17687,-1.05030
1.22265,-0.98981
1.26648,-0.92401
1.30728,-0.85551
1.34455,-0.78698
1.37842,-0.72022
1.40935,-0.65596
1.43772,-0.59444
1.46359,-0.53616
1.48662,-0.48231
1.50630,-0.43451
1.52237,-0.39399
1.53500,-0.36107
1.54468,-0.33508
1.55203,-0.31486
1.55760,-0.29920
1.56180,-0.28712
1.56487,-0.27803
1.56679,-0.27194
1.56690,-0.27018
1.56144,-0.27926
1.45325,-0.33746
0.47735,0.17398
0.32940,0.55114
0.19951,0.82848
0.11456,0.96762
0.05629,1.04351
0.01108,1.09282
-0.02705,1.12891
0.82365,-1.32778
0.84710,-1.31658
0.87244,-1.30354
0.89984,-1.28832
0.92950,-1.27049
0.96162,-1.24950
0.99634,-1.22472
1.03371,-1.19538
1.07359,-1.16064
1.11558,-1.11968
1.15900,-1.07185
1.20286,-1.01700
1.24593,-0.95594
1.28701,-0.89053
1.32525,-0.82330
1.36039,-0.75645
1.39266,-0.69127
1.42241,-0.62825
1.44985,-0.56776
1.47477,-0.51068
1.49664,-0.45859
1.51498,-0.41320
1.52964,-0.37554
1.54098,-0.34548
1.54958,-0.32203
1.55610,-0.30387
1.56109,-0.28970
1.56499,-0.27849
1.56809,-0.26946
1.57059,-0.26207
1.57261,-0.25600
1.57418,-0.25116
1.57518,-0.24785
1.57502,-0.24737
1.57059,-0.25583
1.45162,-0.32146
0.43726,0.27835
0.26351,0.70099
0.14395,0.92351
0.07140,1.02526
0.85847,-1.31087
0.88213,-1.29831
0.90731,-1.28398
0.93421,-1.26754
0.96305,-1.24855
0.99409,-1.22642
1.02752,-1.20046
1.06347,-1.16984
1.10183,-1.13365
1.14222,-1.09108
1.18390,-1.04161
1.22580,-0.98545
1.26669,-0.92381
1.30546,-0.85890
1.34147,-0.79311
1.37462,-0.72823
1.40522,-0.66512
1.43356,-0.60410
1.45969,-0.54562
1.48329,-0.49077
1.50379,-0.44124
1.52076,-0.39863
1.53420,-0.36369
1.54451,-0.33604
1.55231,-0.31458
1.55822,-0.29798
1.56277,-0.28501
1.56633,-0.27472
1.56918,-0.26639
1.57152,-0.25950
1.57347,-0.25368
1.57514,-0.24870
1.57656,-0.24437
1.57778,-0.24064
1.57875,-0.23757
1.57931,-0.23556
1.57881,-0.23613
1.57318,-0.24723
0.91876,-0.19468
0.36659,0.46082
0.89100,-1.29339
0.91413,-1.27994
0.93854,-1.26480
0.96446,-1.24760
0.99221,-1.22783
1.02209,-1.20486
1.05438,-1.17789
1.08921,-1.14601
1.12647,-1.10828
1.16572,-1.06395
1.20609,-1.01274
1.24641,-0.95528
1.28542,-0.89327
1.32213,-0.82911
1.35609,-0.76502
1.38736,-0.70237
1.41629,-0.64163
1.44314,-0.58300
1.46786,-0.52695
1.49007,-0.47468
1.50922,-0.42786
1.52496,-0.38790
1.53736,-0.35533
1.54687,-0.32964
1.55408,-0.30969
1.55956,-0.29422
1.56379,-0.28211
1.56712,-0.27247
1.56979,-0.26464
1.57199,-0.25817
1.57382,-0.25271
1.57538,-0.24804
1.57674,-0.24397
1.57792,-0.24039
1.57897,-0.23718
1.57991,-0.23430
1.58072,-0.23173
1.58137,-0.22961
1.58164,-0.22845
1.58063,-0.23033
0.92046,-1.27613
0.94262,-1.26218
0.96596,-1.24658
0.99078,-1.22890
1.01745,-1.20856
1.04635,-1.18483
1.07778,-1.15683
1.11186,-1.12357
1.14842,-1.08413
1.18688,-1.03787
1.22624,-0.98487
1.26518,-0.92626
1.30247,-0.86418
1.33727,-0.80112
1.36930,-0.73899
1.39879,-0.67872
1.42610,-0.62051
1.45146,-0.56440
1.47478,-0.51092
1.49564,-0.46127
1.51354,-0.41706
1.52820,-0.37951
1.53974,-0.34899
1.54860,-0.32489
1.55535,-0.30614
1.56051,-0.29154
1.56451,-0.28006
1.56767,-0.27089
1.57021,-0.26343
1.57231,-0.25724
1.57406,-0.25203
1.57555,-0.24757
1.57683,-0.24372
1.57795,-0.24035
1.57893,-0.23737
1.57980,-0.23471
1.58059,-0.23229
1.58131,-0.23006
1.58197,-0.22799
1.58257,-0.22609
0.94654,-1.25964
0.96758,-1.24548
0.98981,-1.22963
1.01361,-1.21160
1.03940,-1.19073
1.06759,-1.16619
1.09850,-1.13701
1.13218,-1.10217
1.16837,-1.06080
1.20630,-1.01249
1.24479,-0.95775
1.28246,-0.89825
1.31810,-0.83647
1.35106,-0.77483
1.38128,-0.71487
1.40907,-0.65709
1.43484,-0.60143
1.45877,-0.54786
1.48075,-0.49692
1.50035,-0.44981
1.51712,-0.40802
1.53083,-0.37264
1.54164,-0.34388
1.54997,-0.32113
1.55634,-0.30336
1.56124,-0.28947
1.56505,-0.27849
1.56808,-0.26968
1.57053,-0.26249
1.57256,-0.25651
1.57425,-0.25147
1.57569,-0.24716
1.57693,-0.24344
1.57800,-0.24021
1.57893,-0.23737
1.57976,-0.23487
1.58049,-0.23264
1.58114,-0.23063
1.58174,-0.22879
1.58230,-0.22706
0.96932,-1.24428
0.98926,-1.23005
1.01050,-1.21403
1.03349,-1.19565
1.05867,-1.17417
1.08648,-1.14867
1.11719,-1.11811
1.15079,-1.08146
1.18684,-1.03795
1.22439,-0.98752
1.26208,-0.93120
1.29847,-0.87116
1.33249,-0.81009
1.36368,-0.75018
1.39217,-0.69254
1.41836,-0.63728
1.44266,-0.58415
1.46525,-0.53306
1.48597,-0.48456
1.50441,-0.43984
1.52017,-0.40027
1.53305,-0.36681
1.54323,-0.33959
1.55111,-0.31800
1.55716,-0.30106
1.56184,-0.28775
1.56550,-0.27719
1.56842,-0.26869
1.57080,-0.26171
1.57276,-0.25590
1.57441,-0.25099
1.57581,-0.24679
1.57702,-0.24317
1.57806,-0.24002
1.57897,-0.23727
1.57976,-0.23485
1.58046,-0.23273
1.58108,-0.23084
1.58163,-0.22914
1.58213,-0.22761
