-1.64316,-0.30745
-1.64379,-0.30451
-1.64422,-0.30128
-1.64451,-0.29761
-1.64470,-0.29338
-1.64483,-0.28842
-1.64490,-0.28254
-1.64491,-0.27552
-1.64488,-0.26705
-1.64479,-0.25676
-1.64460,-0.24416
-1.64426,-0.22862
-1.64367,-0.20932
-1.64269,-0.18532
-1.64111,-0.15559
-1.63861,-0.11919
-1.63482,-0.07563
-1.62934,-0.02513
-1.62180,0.03112
-1.61196,0.09138
-1.59973,0.15396
-1.58501,0.21802
-1.56764,0.28392
-1.54729,0.35302
-1.52351,0.42710
-1.49602,0.50737
-1.46500,0.59333
-1.43132,0.68198
-1.39633,0.76834
-1.36154,0.84735
-1.32821,0.91581
-1.29717,0.97302
-1.26872,1.02001
-1.24274,1.05866
-1.21884,1.09087
-1.19653,1.11830
-1.17533,1.14224
-1.15482,1.16365
-1.13465,1.18322
-1.11457,1.20144
-1.63773,-0.31022
-1.63964,-0.30650
-1.64097,-0.30272
-1.64190,-0.29867
-1.64256,-0.29416
-1.64302,-0.28901
-1.64335,-0.28301
-1.64356,-0.27591
-1.64368,-0.26741
-1.64369,-0.25711
-1.64358,-0.24450
-1.64330,-0.22893
-1.64274,-0.20954
-1.64177,-0.18533
-1.64015,-0.15517
-1.63756,-0.11804
-1.63360,-0.07333
-1.62781,-0.02125
-1.61979,0.03702
-1.60928,0.09962
-1.59614,0.16480
-1.58029,0.23173
-1.56156,0.30078
-1.53963,0.37335
-1.51413,0.45108
-1.48495,0.53478
-1.45245,0.62325
-1.41763,0.71285
-1.38186,0.79841
-1.34653,0.87538
-1.31276,0.94137
-1.28120,0.99630
-1.25206,1.04157
-1.22515,1.07908
-1.20008,1.11066
-1.17641,1.13782
-1.15370,1.16173
-1.13161,1.18322
-1.10987,1.20289
-1.08830,1.22116
-1.62250,-0.31737
-1.62875,-0.31167
-1.63287,-0.30651
-1.63568,-0.30147
-1.63764,-0.29626
-1.63904,-0.29061
-1.64005,-0.28424
-1.64076,-0.27688
-1.64125,-0.26819
-1.64153,-0.25775
-1.64163,-0.24504
-1.64148,-0.22934
-1.64102,-0.20978
-1.64010,-0.18526
-1.63847,-0.15457
-1.63580,-0.11657
-1.63165,-0.07055
-1.62552,-0.01668
-1.61698,0.04382
-1.60571,0.10899
-1.59157,0.17700
-1.57447,0.24699
-1.55427,0.31939
-1.53069,0.39558
-1.50345,0.47700
-1.47260,0.56398
-1.43866,0.65464
-1.40271,0.74479
-1.36605,0.82931
-1.32997,0.90425
-1.29542,0.96798
-1.26296,1.02096
-1.23271,1.06480
-1.20448,1.10139
-1.17792,1.13244
-1.15265,1.15932
-1.12832,1.18308
-1.10466,1.20445
-1.08149,1.22394
-1.05871,1.24190
-1.56758,-0.33551
-1.59346,-0.32462
-1.60880,-0.31594
-1.61844,-0.30845
-1.62478,-0.30148
-1.62910,-0.29455
-1.63212,-0.28725
-1.63426,-0.27919
-1.63577,-0.26998
-1.63681,-0.25913
-1.63744,-0.24608
-1.63769,-0.23007
-1.63750,-0.21015
-1.63674,-0.18516
-1.63519,-0.15376
-1.63249,-0.11471
-1.62817,-0.06717
-1.62171,-0.01127
-1.61260,0.05173
-1.60052,0.11973
-1.58531,0.19081
-1.56691,0.26407
-1.54519,0.33999
-1.51995,0.41988
-1.49102,0.50497
-1.45858,0.59505
-1.42325,0.68759
-1.38610,0.77801
-1.34837,0.86139
-1.31119,0.93442
-1.27544,0.99616
-1.24161,1.04749
-1.20982,1.09011
-1.17993,1.12586
-1.15165,1.15634
-1.12469,1.18279
-1.09880,1.20613
-1.07379,1.22700
-1.04957,1.24588
-1.02609,1.26306
-1.30416,-0.39085
-1.43910,-0.36018
-1.51476,-0.34025
-1.55781,-0.32582
-1.58343,-0.31425
-1.59945,-0.30411
-1.60991,-0.29447
-1.61696,-0.28468
-1.62182,-0.27415
-1.62519,-0.26227
-1.62747,-0.24838
-1.62888,-0.23164
-1.62952,-0.21101
-1.62933,-0.18523
-1.62815,-0.15284
-1.62563,-0.11243
-1.62130,-0.06308
-1.61460,-0.00482
-1.60501,0.06098
-1.59218,0.13210
-1.57597,0.20648
-1.55634,0.28320
-1.53323,0.36273
-1.50651,0.44636
-1.47610,0.53502
-1.44224,0.62801
-1.40558,0.72221
-1.36712,0.81277
-1.32799,0.89508
-1.28926,0.96644
-1.25179,1.02648
-1.21612,1.07635
-1.18242,1.11781
-1.15064,1.15264
-1.12060,1.18231
-1.09211,1.20795
-1.06500,1.23041
-1.03916,1.25029
-1.01451,1.26802
-0.99102,1.28393
-0.62174,-0.56435
-0.85775,-0.48366
-1.10104,-0.42096
-1.28857,-0.37813
-1.41063,-0.34945
-1.48546,-0.32888
-1.53137,-0.31252
-1.56026,-0.29810
-1.57900,-0.28421
-1.59146,-0.26979
-1.59986,-0.25389
-1.60547,-0.23549
-1.60904,-0.21339
-1.61092,-0.18618
-1.61119,-0.15224
-1.60968,-0.11000
-1.60602,-0.05837
-1.59968,0.00264
-1.59015,0.07162
-1.57711,0.14616
-1.56044,0.22405
-1.54017,0.30434
-1.51629,0.38752
-1.48870,0.47482
-1.45737,0.56696
-1.42250,0.66276
-1.38464,0.75859
-1.34468,0.84942
-1.30372,0.93091
-1.26289,1.00091
-1.22318,1.05944
-1.18526,1.10787
-1.14946,1.14802
-1.11584,1.18157
-1.08433,1.20994
-1.05482,1.23421
-1.02716,1.25519
-1.00124,1.27350
-0.97698,1.28957
-0.95431,1.30376
-0.32303,-0.76403
-0.39670,-0.68488
-0.49938,-0.60689
-0.65063,-0.53195
-0.84553,-0.46462
-1.04581,-0.40980
-1.21272,-0.36834
-1.33379,-0.33712
-1.41577,-0.31210
-1.47006,-0.29006
-1.50605,-0.26868
-1.53010,-0.24611
-1.54622,-0.22066
-1.55688,-0.19056
-1.56349,-0.15393
-1.56677,-0.10894
-1.56689,-0.05433
-1.56368,0.01002
-1.55680,0.08263
-1.54601,0.16094
-1.53124,0.24256
-1.51255,0.32649
-1.48995,0.41330
-1.46331,0.50426
-1.43248,0.59995
-1.39748,0.69879
-1.35875,0.79667
-1.31712,0.88829
-1.27386,0.96944
-1.23038,1.03834
-1.18802,1.09537
-1.14772,1.14212
-1.10999,1.18045
-1.07502,1.21209
-1.04278,1.23846
-1.01312,1.26066
-0.98586,1.27954
-0.96082,1.29574
-0.93784,1.30973
-0.91679,1.32190
-0.19516,-0.91782
-0.24965,-0.84865
-0.30313,-0.77872
-0.35890,-0.70919
-0.42436,-0.64082
-0.51044,-0.57431
-0.62604,-0.51076
-0.76858,-0.45209
-0.92088,-0.40028
-1.06141,-0.35581
-1.17690,-0.31719
-1.26494,-0.28184
-1.32945,-0.24687
-1.37604,-0.20947
-1.40974,-0.16699
-1.43426,-0.11703
-1.45200,-0.05784
-1.46416,0.01101
-1.47108,0.08819
-1.47267,0.17108
-1.46877,0.25715
-1.45936,0.34534
-1.44439,0.43634
-1.42366,0.53161
-1.39688,0.63174
-1.36391,0.73483
-1.32520,0.83607
-1.28194,0.92959
-1.23600,1.01106
-1.18957,1.07901
-1.14455,1.13424
-1.10228,1.17863
-1.06343,1.21432
-1.02816,1.24318
-0.99636,1.26675
-0.96773,1.28620
-0.94198,1.30245
-0.91880,1.31617
-0.89792,1.32786
-0.87912,1.33792
-0.10034,-1.02349
-0.14962,-0.96644
-0.19823,-0.90671
-0.24527,-0.84559
-0.29071,-0.78397
-0.33570,-0.72241
-0.38273,-0.66132
-0.43570,-0.60110
-0.49905,-0.54216
-0.57572,-0.48496
-0.66470,-0.42992
-0.76043,-0.37707
-0.85528,-0.32570
-0.94311,-0.27416
-1.02124,-0.22005
-1.08997,-0.16065
-1.15101,-0.09353
-1.20578,-0.01745
-1.25439,0.06704
-1.29556,0.15761
-1.32743,0.25157
-1.34856,0.34755
-1.35822,0.44616
-1.35606,0.54911
-1.34191,0.65716
-1.31603,0.76798
-1.27968,0.87563
-1.23550,0.97312
-1.18705,1.05579
-1.13798,1.12265
-1.09114,1.17528
-1.04819,1.21627
-1.00976,1.24825
-0.97579,1.27342
-0.94590,1.29348
-0.91961,1.30971
-0.89643,1.32304
-0.87593,1.33416
-0.85777,1.34356
-0.84164,1.35160
-0.03316,-1.09201
-0.07686,-1.04463
-0.12111,-0.99394
-0.16480,-0.94104
-0.20715,-0.88681
-0.24786,-0.83177
-0.28709,-0.77607
-0.32536,-0.71970
-0.36355,-0.66263
-0.40282,-0.60501
-0.44444,-0.54707
-0.48946,-0.48904
-0.53833,-0.43082
-0.59085,-0.37181
-0.64658,-0.31070
-0.70553,-0.24554
-0.76856,-0.17405
-0.83704,-0.09419
-0.91167,-0.00494
-0.99091,0.09308
-1.07009,0.19792
-1.14221,0.30762
-1.20008,0.42169
-1.23810,0.54101
-1.25305,0.66578
-1.24459,0.79245
-1.21584,0.91281
-1.17299,1.01786
-1.12340,1.10277
-1.07335,1.16797
-1.02678,1.21678
-0.98544,1.25313
-0.94960,1.28040
-0.91882,1.30119
-0.89238,1.31737
-0.86958,1.33023
-0.84983,1.34068
-0.83261,1.34934
-0.81754,1.35665
-0.80430,1.36290
0.01673,-1.14011
-0.02331,-1.09883
-0.06448,-1.05403
-0.10571,-1.00663
-0.14612,-0.95754
-0.18517,-0.90738
-0.22270,-0.85638
-0.25886,-0.80437
-0.29398,-0.75096
-0.32844,-0.69574
-0.36256,-0.63847
-0.39663,-0.57918
-0.43084,-0.51805
-0.46540,-0.45524
-0.50068,-0.39048
-0.53732,-0.32297
-0.57658,-0.25132
-0.62042,-0.17389
-0.67157,-0.08903
-0.73301,0.00460
-0.80662,0.10807
-0.89108,0.22257
-0.97975,0.34961
-1.06012,0.49030
-1.11690,0.64286
-1.13894,0.79882
-1.12613,0.94288
-1.08914,1.06120
-1.04180,1.14962
-0.99423,1.21229
-0.95140,1.25601
-0.91472,1.28672
-0.88392,1.30876
-0.85814,1.32503
-0.83645,1.33741
-0.81806,1.34715
-0.80232,1.35502
-0.78875,1.36156
-0.77696,1.36711
-0.76669,1.37191
0.05856,-1.17857
0.02061,-1.14135
-0.01902,-1.10027
-0.05929,-1.05611
-0.09920,-1.00977
-0.13799,-0.96207
-0.17528,-0.91346
-0.21106,-0.86393
-0.24562,-0.81308
-0.27932,-0.76025
-0.31251,-0.70478
-0.34537,-0.64621
-0.37790,-0.58443
-0.40997,-0.51966
-0.44142,-0.45219
-0.47234,-0.38209
-0.50314,-0.30902
-0.53476,-0.23222
-0.56881,-0.15072
-0.60772,-0.06335
-0.65467,0.03168
-0.71317,0.13766
-0.78527,0.26047
-0.86769,0.40797
-0.94631,0.58461
-0.99746,0.77907
-1.00592,0.95988
-0.98029,1.09878
-0.94054,1.19211
-0.90057,1.25157
-0.86575,1.28952
-0.83693,1.31447
-0.81341,1.33153
-0.79414,1.34374
-0.77819,1.35290
-0.76483,1.36006
-0.75350,1.36588
-0.74379,1.37077
-0.73539,1.37498
-0.72810,1.37868
0.09725,-1.21232
0.06079,-1.17843
0.02202,-1.14027
-0.01813,-1.09839
-0.05858,-1.05362
-0.09835,-1.00690
-0.13675,-0.95895
-0.17353,-0.91005
-0.20881,-0.86002
-0.24296,-0.80825
-0.27640,-0.75390
-0.30946,-0.69619
-0.34224,-0.63462
-0.37458,-0.56911
-0.40616,-0.50001
-0.43663,-0.42781
-0.46585,-0.35284
-0.49403,-0.27508
-0.52186,-0.19420
-0.55055,-0.10952
-0.58203,-0.01968
-0.61893,0.07847
-0.66450,0.19165
-0.72106,0.33208
-0.78497,0.51513
-0.83883,0.74007
-0.85956,0.96198
-0.84699,1.12582
-0.82034,1.22479
-0.79343,1.28108
-0.77072,1.31387
-0.75252,1.33405
-0.73806,1.34725
-0.72645,1.35647
-0.71700,1.36331
-0.70916,1.36868
-0.70254,1.37310
-0.69688,1.37688
-0.69197,1.38020
-0.68769,1.38318
0.13491,-1.24321
0.09993,-1.21254
0.06204,-1.17730
0.02194,-1.13770
-0.01934,-1.09437
-0.06066,-1.04821
-0.10104,-1.00016
-0.13987,-0.95085
-0.17699,-0.90043
-0.21263,-0.84852
-0.24721,-0.79433
-0.28117,-0.73691
-0.31477,-0.67545
-0.34799,-0.60953
-0.38048,-0.53929
-0.41176,-0.46528
-0.44131,-0.38823
-0.46889,-0.30864
-0.49460,-0.22669
-0.51894,-0.14206
-0.54280,-0.05370
-0.56746,0.04126
-0.59446,0.14934
-0.62513,0.28372
-0.65860,0.46556
-0.68740,0.70613
-0.69955,0.95743
-0.69495,1.14013
-0.68441,1.24276
-0.67457,1.29666
-0.66695,1.32620
-0.66136,1.34364
-0.65728,1.35476
-0.65425,1.36244
-0.65193,1.36814
-0.65006,1.37266
-0.64849,1.37643
-0.64710,1.37970
-0.64584,1.38262
-0.64467,1.38527
0.17227,-1.27179
0.13903,-1.24444
0.10240,-1.21241
0.06277,-1.17555
0.02097,-1.13414
-0.02186,-1.08889
-0.06451,-1.04078
-0.10599,-0.99074
-0.14576,-0.93930
-0.18375,-0.88647
-0.22028,-0.83165
-0.25580,-0.77390
-0.29069,-0.71222
-0.32510,-0.64585
-0.35882,-0.57456
-0.39129,-0.49879
-0.42180,-0.41938
-0.44975,-0.33721
-0.47479,-0.25284
-0.49686,-0.16622
-0.51614,-0.07636
-0.53272,0.01964
-0.54623,0.12859
-0.55513,0.26444
-0.55615,0.45048
-0.54735,0.69992
-0.53627,0.95923
-0.53365,1.14292
-0.53898,1.24352
-0.54728,1.29587
-0.55584,1.32471
-0.56376,1.34195
-0.57080,1.35313
-0.57696,1.36096
-0.58227,1.36684
-0.58680,1.37154
-0.59061,1.37548
-0.59379,1.37889
-0.59640,1.38193
-0.59854,1.38467
0.20950,-1.29814
0.17832,-1.27418
0.14345,-1.24567
0.10495,-1.21214
0.06332,-1.17343
0.01952,-1.12990
-0.02518,-1.08235
-0.06948,-1.03183
-0.11239,-0.97925
-0.15343,-0.92504
-0.19261,-0.86901
-0.23029,-0.81037
-0.26692,-0.74806
-0.30278,-0.68103
-0.33781,-0.60867
-0.37153,-0.53107
-0.40311,-0.44900
-0.43162,-0.36348
-0.45628,-0.27535
-0.47648,-0.18471
-0.49157,-0.09045
-0.50036,0.01088
-0.50018,0.12715
-0.48591,0.27397
-0.45198,0.47399
-0.40540,0.72836
-0.37472,0.97136
-0.37524,1.13563
-0.39433,1.22776
-0.41838,1.27895
-0.44152,1.30930
-0.46212,1.32866
-0.47996,1.34190
-0.49527,1.35153
-0.50834,1.35893
-0.51948,1.36487
-0.52892,1.36983
-0.53691,1.37407
-0.54365,1.37779
-0.54931,1.38108
0.24653,-1.32214
0.21772,-1.30157
0.18512,-1.27680
0.14849,-1.24709
0.10793,-1.21193
0.06405,-1.17117
0.01797,-1.12522
-0.02888,-1.07500
-0.07510,-1.02159
-0.11967,-0.96590
-0.16215,-0.90821
-0.20261,-0.84812
-0.24140,-0.78465
-0.27889,-0.71660
-0.31514,-0.64297
-0.34979,-0.56338
-0.38194,-0.47826
-0.41040,-0.38855
-0.43384,-0.29514
-0.45089,-0.19806
-0.45969,-0.09573
-0.45703,0.01638
-0.43710,0.14811
-0.39205,0.31631
-0.32179,0.53494
-0.25316,0.77940
-0.22315,0.98407
-0.23330,1.11828
-0.26307,1.19916
-0.29782,1.24926
-0.33139,1.28217
-0.36177,1.30503
-0.38855,1.32171
-0.41188,1.33439
-0.43209,1.34439
-0.44952,1.35252
-0.46451,1.35928
-0.47735,1.36502
-0.48832,1.36997
-0.49764,1.37427
0.28321,-1.34367
0.25703,-1.32638
0.22716,-1.30539
0.19310,-1.27984
0.15458,-1.24891
0.11178,-1.21200
0.06542,-1.16897
0.01679,-1.12028
-0.03248,-1.06690
-0.08083,-1.01000
-0.12717,-0.95041
-0.17104,-0.88827
-0.21246,-0.82292
-0.25167,-0.75315
-0.28876,-0.67767
-0.32337,-0.59556
-0.35453,-0.50667
-0.38067,-0.41153
-0.39972,-0.31066
-0.40901,-0.20363
-0.40463,-0.08788
-0.38052,0.04280
-0.32908,0.19950
-0.24883,0.39343
-0.16084,0.61607
-0.10420,0.82567
-0.09483,0.98462
-0.11768,1.09169
-0.15430,1.16291
-0.19433,1.21207
-0.23324,1.24750
-0.26929,1.27403
-0.30192,1.29454
-0.33106,1.31081
-0.35688,1.32402
-0.37962,1.33494
-0.39953,1.34410
-0.41687,1.35188
-0.43191,1.35853
-0.44487,1.36427
0.31939,-1.36261
0.29606,-1.34840
0.26929,-1.33108
0.23841,-1.30979
0.20289,-1.28354
0.16242,-1.25140
0.11722,-1.21264
0.06813,-1.16706
0.01668,-1.11512
-0.03524,-1.05786
-0.08579,-0.99646
-0.13367,-0.93167
-0.17819,-0.86339
-0.21907,-0.79063
-0.25601,-0.71188
-0.28829,-0.62568
-0.31436,-0.53110
-0.33177,-0.42781
-0.33712,-0.31549
-0.32602,-0.19277
-0.29307,-0.05611
-0.23364,0.10051
-0.15043,0.28225
-0.06284,0.48338
-0.00152,0.68000
0.01766,0.84505
0.00298,0.96912
-0.02983,1.05862
-0.06976,1.12368
-0.11116,1.17231
-0.15145,1.20976
-0.18948,1.23937
-0.22474,1.26330
-0.25707,1.28300
-0.28646,1.29944
-0.31296,1.31332
-0.33669,1.32513
-0.35777,1.33523
-0.37638,1.34392
-0.39269,1.35142
0.35496,-1.37891
0.33467,-1.36749
0.31129,-1.35359
0.28411,-1.33641
0.25240,-1.31498
0.21551,-1.28819
0.17310,-1.25487
0.12538,-1.21410
0.07335,-1.16550
0.01886,-1.10943
-0.03571,-1.04689
-0.08798,-0.97901
-0.13594,-0.90631
-0.17800,-0.82819
-0.21247,-0.74299
-0.23692,-0.64852
-0.24768,-0.54281
-0.24027,-0.42466
-0.21082,-0.29355
-0.15836,-0.14912
-0.08701,0.00926
-0.00777,0.18130
0.06237,0.36243
0.10688,0.54111
0.11914,0.70244
0.10461,0.83636
0.07377,0.94147
0.03532,1.02217
-0.00561,1.08435
-0.04645,1.13311
-0.08600,1.17218
-0.12369,1.20414
-0.15926,1.23078
-0.19258,1.25332
-0.22357,1.27259
-0.25218,1.28919
-0.27840,1.30357
-0.30221,1.31605
-0.32364,1.32689
-0.34278,1.33630
0.38992,-1.39255
0.37281,-1.38358
0.35306,-1.37272
0.32997,-1.35932
0.30275,-1.34252
0.27055,-1.32120
0.23259,-1.29403
0.18842,-1.25954
0.13823,-1.21638
0.08324,-1.16374
0.02587,-1.10157
-0.03045,-1.03057
-0.08164,-0.95140
-0.12322,-0.86363
-0.14975,-0.76505
-0.15415,-0.65232
-0.12902,-0.52320
-0.07221,-0.37949
0.00701,-0.22737
0.09009,-0.07294
0.15931,0.08211
0.20478,0.23915
0.22420,0.39729
0.22018,0.55050
0.19821,0.69002
0.16478,0.80932
0.12559,0.90669
0.08448,0.98434
0.04358,1.04610
0.00389,1.09574
-0.03420,1.13634
-0.07058,1.17018
-0.10523,1.19890
-0.13815,1.22363
-0.16932,1.24517
-0.19868,1.26406
-0.22615,1.28070
-0.25163,1.29537
-0.27506,1.30828
-0.29637,1.31963
0.42435,-1.40356
0.41056,-1.39664
0.39463,-1.38837
0.37594,-1.37824
0.35375,-1.36558
0.32715,-1.34942
0.29516,-1.32847
0.25681,-1.30104
0.21149,-1.26510
0.15938,-1.21841
0.10216,-1.15903
0.04379,-1.08560
-0.00892,-0.99723
-0.04586,-0.89209
-0.05363,-0.76643
-0.01905,-0.61774
0.05827,-0.45308
0.15557,-0.29016
0.24177,-0.14255
0.29995,-0.00914
0.32865,0.11965
0.33260,0.25215
0.31735,0.39015
0.28830,0.52841
0.25056,0.65823
0.20855,0.77245
0.16544,0.86812
0.12314,0.94608
0.08254,1.00910
0.04392,1.06036
0.00725,1.10265
-0.02764,1.13818
-0.06095,1.16859
-0.09283,1.19503
-0.12337,1.21834
-0.15257,1.23905
-0.18036,1.25756
-0.20665,1.27411
-0.23127,1.28890
-0.25411,1.30206
0.45847,-1.41198
0.44815,-1.40668
0.43621,-1.40046
0.42217,-1.39298
0.40541,-1.38373
0.38515,-1.37198
0.36038,-1.35665
0.32999,-1.33614
0.29282,-1.30813
0.24807,-1.26935
0.19619,-1.21546
0.14069,-1.14111
0.09120,-1.04006
0.06633,-0.90515
0.08941,-0.73269
0.16603,-0.53729
0.26436,-0.35409
0.34476,-0.20580
0.39344,-0.08716
0.41456,0.01806
0.41485,0.12379
0.39896,0.23822
0.37022,0.36274
0.33208,0.49215
0.28843,0.61749
0.24288,0.73069
0.19797,0.82752
0.15509,0.90764
0.11472,0.97307
0.07687,1.02658
0.04129,1.07086
0.00766,1.10811
-0.02435,1.14006
-0.05504,1.16793
-0.08460,1.19265
-0.11314,1.21480
-0.14067,1.23480
-0.16710,1.25292
-0.19230,1.26931
-0.21609,1.28410
0.49264,-1.41783
0.48592,-1.41368
0.47814,-1.40894
0.46898,-1.40337
0.45801,-1.39664
0.44463,-1.38822
0.42808,-1.37729
0.40740,-1.36250
0.38143,-1.34164
0.34898,-1.31096
0.30955,-1.26412
0.26553,-1.19043
0.22772,-1.07336
0.22107,-0.89562
0.26823,-0.66716
0.34825,-0.44598
0.41626,-0.27838
0.45580,-0.15913
0.47210,-0.06533
0.47220,0.02112
0.45996,0.11192
0.43696,0.21377
0.40428,0.32813
0.36380,0.45072
0.31853,0.57306
0.27178,0.68653
0.22607,0.78566
0.18281,0.86892
0.14249,0.93752
0.10505,0.99384
0.07018,1.04045
0.03747,1.07961
0.00651,1.11311
-0.02309,1.14231
-0.05163,1.16823
-0.07933,1.19156
-0.10626,1.21277
-0.13243,1.23216
-0.15774,1.24990
-0.18201,1.26610
0.52729,-1.42109
0.52433,-1.41761
0.52090,-1.41372
0.51683,-1.40927
0.51192,-1.40402
0.50586,-1.39759
0.49824,-1.38935
0.48854,-1.37820
0.47609,-1.36213
0.46018,-1.33734
0.44036,-1.29627
0.41800,-1.22351
0.40088,-1.09072
0.40711,-0.87136
0.44435,-0.60579
0.48625,-0.38803
0.51124,-0.24321
0.51979,-0.14364
0.51723,-0.06372
0.50658,0.01200
0.48863,0.09314
0.46313,0.18563
0.42985,0.29149
0.38960,0.40777
0.34455,0.52714
0.29771,0.64093
0.25168,0.74264
0.20809,0.82952
0.16758,0.90182
0.13019,0.96146
0.09563,1.01080
0.06346,1.05213
0.03323,1.08734
0.00448,1.11791
-0.02316,1.14497
-0.05000,1.16933
-0.07622,1.19155
-0.10190,1.21197
-0.12700,1.23083
-0.15140,1.24824
0.56289,-1.42169
0.56386,-1.41835
0.56495,-1.41465
0.56618,-1.41046
0.56756,-1.40557
0.56909,-1.39965
0.57080,-1.39213
0.57272,-1.38198
0.57497,-1.36729
0.57775,-1.34423
0.58146,-1.30481
0.58661,-1.23167
0.59325,-1.09146
0.59913,-0.85636
0.59921,-0.58419
0.59203,-0.37525
0.58058,-0.24098
0.56701,-0.14891
0.55164,-0.07478
0.53373,-0.00464
0.51208,0.07020
0.48532,0.15549
0.45237,0.25392
0.41316,0.36403
0.36908,0.47998
0.32265,0.59362
0.27649,0.69781
0.23247,0.78855
0.19149,0.86504
0.15376,0.92852
0.11907,0.98110
0.08702,1.02500
0.05714,1.06220
0.02893,1.09431
0.00196,1.12258
-0.02414,1.14795
-0.04965,1.17106
-0.07473,1.19238
-0.09944,1.21217
-0.12371,1.23059
0.59993,-1.41949
0.60497,-1.41575
0.61073,-1.41156
0.61738,-1.40675
0.62515,-1.40108
0.63432,-1.39416
0.64530,-1.38536
0.65865,-1.37356
0.67512,-1.35671
0.69567,-1.33096
0.72116,-1.28861
0.75068,-1.21412
0.77674,-1.07986
0.77995,-0.86378
0.74682,-0.60983
0.69655,-0.40392
0.65187,-0.26623
0.61709,-0.17158
0.58882,-0.09698
0.56329,-0.02847
0.53748,0.04272
0.50902,0.12252
0.47611,0.21434
0.43788,0.31821
0.39489,0.43009
0.34900,0.54290
0.30266,0.64928
0.25794,0.74412
0.21605,0.82539
0.17745,0.89347
0.14207,0.95004
0.10959,0.99716
0.07955,1.03687
0.05146,1.07089
0.02483,1.10060
-0.00078,1.12708
-0.02571,1.15111
-0.05023,1.17326
-0.07446,1.19386
-0.09845,1.21314
0.63881,-1.41431
0.64799,-1.40961
0.65846,-1.40425
0.67051,-1.39797
0.68452,-1.39046
0.70099,-1.38121
0.72057,-1.36942
0.74409,-1.35382
0.77255,-1.33223
0.80697,-1.30093
0.84768,-1.25337
0.89225,-1.17832
0.93052,-1.05885
0.94000,-0.88180
0.90034,-0.66672
0.82556,-0.46849
0.74972,-0.32003
0.68915,-0.21428
0.64303,-0.13300
0.60598,-0.06198
0.57315,0.00825
0.54087,0.08418
0.50647,0.17004
0.46827,0.26735
0.42590,0.37410
0.38036,0.48495
0.33360,0.59297
0.28772,0.69220
0.24423,0.77923
0.20392,0.85321
0.16697,0.91508
0.13321,0.96662
0.10224,1.00981
0.07358,1.04648
0.04673,1.07818
0.02118,1.10613
-0.00348,1.13129
-0.02761,1.15434
-0.05143,1.17576
-0.07508,1.19583
0.67976,-1.40594
0.69305,-1.39977
0.70809,-1.39262
0.72525,-1.38415
0.74499,-1.37394
0.76790,-1.36136
0.79467,-1.34548
0.82611,-1.32490
0.86302,-1.29750
0.90590,-1.26004
0.95418,-1.20769
1.00468,-1.13363
1.04876,-1.02983
1.06994,-0.89112
1.04917,-0.72413
0.98337,-0.55225
0.89456,-0.40177
0.80897,-0.28271
0.73828,-0.18925
0.68199,-0.11078
0.63548,-0.03797
0.59405,0.03626
0.55399,0.11693
0.51275,0.20699
0.46900,0.30673
0.42271,0.41334
0.37491,0.52145
0.32721,0.62498
0.28118,0.71905
0.23795,0.80109
0.19806,0.87072
0.16159,0.92900
0.12833,0.97767
0.09789,1.01859
0.06977,1.05349
0.04343,1.08380
0.01838,1.11069
-0.00582,1.13503
-0.02953,1.15746
-0.05299,1.17840
0.72277,-1.39424
0.73993,-1.38617
0.75914,-1.37675
0.78079,-1.36558
0.80533,-1.35216
0.83330,-1.33576
0.86528,-1.31542
0.90182,-1.28974
0.94333,-1.25685
0.98968,-1.21422
1.03975,-1.15864
1.09052,-1.08655
1.13609,-0.99502
1.16687,-0.88363
1.17088,-0.75629
1.13952,-0.62146
1.07534,-0.49016
0.99267,-0.37169
0.90805,-0.26965
0.83127,-0.18184
0.76441,-0.10301
0.70526,-0.02750
0.65042,0.04961
0.59710,0.13211
0.54380,0.22234
0.49031,0.32058
0.43720,0.42461
0.38522,0.52999
0.33506,0.63135
0.28738,0.72404
0.24275,0.80536
0.20153,0.87467
0.16382,0.93281
0.12947,0.98139
0.09813,1.02220
0.06932,1.05694
0.04250,1.08708
0.01713,1.11377
-0.00726,1.13792
-0.03107,1.16017
0.76749,-1.37921
0.78803,-1.36893
0.81073,-1.35698
0.83591,-1.34290
0.86397,-1.32615
0.89530,-1.30600
0.93028,-1.28148
0.96921,-1.25135
1.01210,-1.21405
1.05851,-1.16770
1.10717,-1.11032
1.15573,-1.04025
1.20051,-0.95701
1.23647,-0.86212
1.25769,-0.75916
1.25884,-0.65273
1.23741,-0.54705
1.19549,-0.44555
1.13933,-0.35062
1.07642,-0.26322
1.01200,-0.18264
0.94753,-0.10688
0.88129,-0.03329
0.81033,0.04102
0.73292,0.11905
0.65055,0.20352
0.56817,0.29600
0.49160,0.39578
0.42399,0.49951
0.36477,0.60211
0.31176,0.69840
0.26326,0.78460
0.21855,0.85901
0.17746,0.92177
0.13990,0.97417
0.10567,1.01796
0.07439,1.05492
0.04558,1.08663
0.01866,1.11442
-0.00689,1.13930
0.81323,-1.36101
0.83641,-1.34845
0.86165,-1.33396
0.88919,-1.31709
0.91931,-1.29728
0.95227,-1.27384
0.98830,-1.24586
1.02749,-1.21224
1.06969,-1.17169
1.11434,-1.12284
1.16036,-1.06446
1.20606,-0.99594
1.24917,-0.91783
1.28706,-0.83215
1.31708,-0.74206
1.33709,-0.65077
1.34599,-0.56065
1.34422,-0.47307
1.33367,-0.38882
1.31710,-0.30856
1.29683,-0.23281
1.27335,-0.16187
1.24456,-0.09564
1.20565,-0.03342
1.14967,0.02648
1.06892,0.08707
0.95808,0.15289
0.82049,0.22911
0.67351,0.31894
0.54203,0.42049
0.44030,0.52722
0.36488,0.63180
0.30526,0.72868
0.25373,0.81452
0.20696,0.88805
0.16395,0.94973
0.12449,1.00105
0.08843,1.04383
0.05547,1.07990
0.02515,1.11083
0.85898,-1.34011
0.88389,-1.32539
0.91059,-1.30860
0.93925,-1.28931
0.97006,-1.26698
1.00322,-1.24092
1.03885,-1.21030
1.07698,-1.17411
1.11742,-1.13124
1.15970,-1.08063
1.20293,-1.02153
1.24591,-0.95391
1.28719,-0.87875
1.32531,-0.79809
1.35903,-0.71451
1.38763,-0.63026
1.41101,-0.54676
1.42974,-0.46462
1.44489,-0.38424
1.45766,-0.30631
1.46882,-0.23206
1.47835,-0.16306
1.48517,-0.10065
1.48739,-0.04546
1.48231,0.00280
1.46609,0.04537
1.43281,0.08432
1.37285,0.12284
1.27174,0.16595
1.11410,0.22151
0.90195,0.29874
0.67848,0.40004
0.50256,0.51437
0.38891,0.62707
0.31424,0.73025
0.25652,0.82106
0.20581,0.89871
0.15915,0.96373
0.11599,1.01764
0.07633,1.06235
0.90356,-1.31716
0.92923,-1.30061
0.95634,-1.28196
0.98503,-1.26078
1.01546,-1.23654
1.04781,-1.20855
1.08219,-1.17599
1.11865,-1.13790
1.15704,-1.09328
1.19697,-1.04127
1.23774,-0.98144
1.27843,-0.91413
1.31801,-0.84055
1.35556,-0.76266
1.39041,-0.68254
1.42229,-0.60177
1.45129,-0.52114
1.47776,-0.44092
1.50212,-0.36149
1.52459,-0.28390
1.54507,-0.21002
1.56316,-0.14210
1.57831,-0.08194
1.59009,-0.03031
1.59815,0.01314
1.60213,0.04949
1.60138,0.08022
1.59446,0.10687
1.57841,0.13104
1.54718,0.15461
1.48870,0.18044
1.38065,0.21410
1.19229,0.26654
0.91910,0.35189
0.63962,0.46934
0.44759,0.59483
0.33922,0.70964
0.26951,0.80980
0.21289,0.89544
0.16124,0.96728
0.94585,-1.29302
0.97139,-1.27509
0.99803,-1.25508
1.02594,-1.23256
1.05529,-1.20696
1.08628,-1.17759
1.11908,-1.14358
1.15375,-1.10399
1.19021,-1.05788
1.22812,-1.00456
1.26689,-0.94386
1.30574,-0.87641
1.34384,-0.80363
1.38048,-0.72740
1.41521,-0.64944
1.44786,-0.57087
1.47844,-0.49211
1.50706,-0.41330
1.53367,-0.33495
1.55804,-0.25846
1.57975,-0.18609
1.59838,-0.12031
1.61373,-0.06289
1.62588,-0.01439
1.63511,0.02575
1.64177,0.05875
1.64612,0.08603
1.64826,0.10894
1.64799,0.12866
1.64465,0.14618
1.63677,0.16240
1.62125,0.17828
1.59142,0.19522
1.53284,0.21598
1.41554,0.24727
1.19410,0.30422
0.86719,0.40529
0.56388,0.53977
0.38615,0.67117
0.29188,0.78480
0.98490,-1.26857
1.00962,-1.24972
1.03521,-1.22882
1.06186,-1.20542
1.08979,-1.17890
1.11925,-1.14849
1.15046,-1.11331
1.18353,-1.07238
1.21838,-1.02483
1.25471,-0.97014
1.29193,-0.90840
1.32932,-0.84054
1.36612,-0.76817
1.40171,-0.69310
1.43570,-0.61684
1.46791,-0.54014
1.49830,-0.46320
1.52678,-0.38612
1.55313,-0.30954
1.57693,-0.23508
1.59775,-0.16513
1.61527,-0.10212
1.62951,-0.04760
1.64074,-0.00191
1.64941,0.03566
1.65602,0.06636
1.66095,0.09156
1.66451,0.11252
1.66687,0.13027
1.66807,0.14563
1.66797,0.15924
1.66619,0.17165
1.66196,0.18336
1.65362,0.19491
1.63774,0.20706
1.60655,0.22121
1.54192,0.24072
1.40363,0.27476
1.13259,0.34463
0.75816,0.46900
1.02013,-1.24460
1.04360,-1.22523
1.06781,-1.20383
1.09301,-1.17987
1.11947,-1.15267
1.14749,-1.12141
1.17732,-1.08512
1.20910,-1.04284
1.24274,-0.99377
1.27789,-0.93758
1.31395,-0.87467
1.35017,-0.80627
1.38581,-0.73417
1.42028,-0.66016
1.45320,-0.58549
1.48440,-0.51069
1.51378,-0.43575
1.54121,-0.36077
1.56641,-0.28647
1.58894,-0.21457
1.60841,-0.14744
1.62464,-0.08732
1.63773,-0.03557
1.64804,0.00768
1.65605,0.04319
1.66225,0.07219
1.66706,0.09598
1.67078,0.11574
1.67363,0.13238
1.67576,0.14665
1.67722,0.15909
1.67800,0.17013
1.67801,0.18011
1.67699,0.18934
1.67450,0.19814
1.66962,0.20686
1.66046,0.21600
1.64286,0.22638
1.60692,0.23976
1.52781,0.26091
1.05132,-1.22173
1.07334,-1.20215
1.09609,-1.18049
1.11986,-1.15614
1.14499,-1.12837
1.17180,-1.09625
1.20057,-1.05879
1.23141,-1.01503
1.26421,-0.96428
1.29854,-0.90645
1.33374,-0.84230
1.36900,-0.77337
1.40357,-0.70159
1.43686,-0.62870
1.46853,-0.55572
1.49842,-0.48292
1.52645,-0.41017
1.55249,-0.33753
1.57626,-0.26579
1.59737,-0.19665
1.61550,-0.13239
1.63053,-0.07508
1.64263,-0.02583
1.65216,0.01530
1.65962,0.04910
1.66544,0.07677
1.67001,0.09952
1.67364,0.11843
1.67655,0.13436
1.67887,0.14799
1.68071,0.15981
1.68213,0.17019
1.68313,0.17940
1.68370,0.18769
1.68375,0.19525
1.68314,0.20229
1.68156,0.20902
1.67848,0.21572
1.67278,0.22274
1.66212,0.23068
1.07855,-1.20036
1.09912,-1.18074
1.12049,-1.15893
1.14301,-1.13425
1.16704,-1.10586
1.19294,-1.07279
1.22098,-1.03399
1.25125,-0.98855
1.28354,-0.93594
1.31733,-0.87639
1.35187,-0.81100
1.38629,-0.74164
1.41981,-0.67036
1.45188,-0.59875
1.48219,-0.52759
1.51064,-0.45693
1.53719,-0.38650
1.56174,-0.31633
1.58405,-0.24722
1.60378,-0.18086
1.62067,-0.11938
1.63466,-0.06467
1.64592,-0.01769
1.65482,0.02160
1.66180,0.05396
1.66730,0.08052
1.67165,0.10244
1.67515,0.12070
1.67799,0.13612
1.68032,0.14932
1.68225,0.16075
1.68384,0.17075
1.68512,0.17958
1.68613,0.18743
1.68686,0.19446
1.68728,0.20081
1.68735,0.20663
1.68695,0.21205
1.68590,0.21724
1.68383,0.22243
1.10211,-1.18067
1.12136,-1.16109
1.14154,-1.13913
1.16305,-1.11405
1.18627,-1.08493
1.21158,-1.05072
1.23923,-1.01036
1.26923,-0.96302
1.30127,-0.90840
1.33473,-0.84707
1.36874,-0.78055
1.40236,-0.71097
1.43483,-0.64040
1.46562,-0.57028
1.49452,-0.50110
1.52147,-0.43269
1.54652,-0.36465
1.56960,-0.29699
1.59050,-0.23051
1.60896,-0.16682
1.62474,-0.10796
1.63781,-0.05562
1.64836,-0.01067
1.65672,0.02699
1.66332,0.05811
1.66853,0.08373
1.67269,0.10494
1.67606,0.12266
1.67882,0.13767
1.68111,0.15053
1.68302,0.16169
1.68464,0.17144
1.68600,0.18004
1.68714,0.18765
1.68807,0.19442
1.68881,0.20047
1.68935,0.20590
1.68967,0.21082
1.68973,0.21532
1.68946,0.21952
