-1.06914,1.19440
-1.06840,1.19499
-1.06757,1.19565
-1.06662,1.19641
-1.06550,1.19730
-1.06418,1.19834
-1.06259,1.19960
-1.06065,1.20111
-1.05828,1.20296
-1.05533,1.20524
-1.05162,1.20808
-1.04689,1.21165
-1.04080,1.21618
-1.03286,1.22196
-1.02248,1.22931
-1.00896,1.23854
-0.99163,1.24984
-0.97005,1.26309
-0.94429,1.27774
-0.91500,1.29293
-0.88322,1.30766
-0.85006,1.32111
-0.81647,1.33274
-0.78342,1.34221
-0.75220,1.34937
-0.72454,1.35427
-0.70193,1.35729
-0.68480,1.35900
-0.67244,1.35994
-0.66368,1.36045
-0.65742,1.36074
-0.65286,1.36091
-0.64945,1.36102
-0.64681,1.36109
-0.64470,1.36114
-0.64295,1.36118
-0.64144,1.36121
-0.64011,1.36123
-0.63890,1.36124
-0.63777,1.36126
-1.06969,1.19395
-1.06879,1.19467
-1.06785,1.19543
-1.06682,1.19625
-1.06564,1.19718
-1.06428,1.19826
-1.06266,1.19954
-1.06072,1.20106
-1.05834,1.20292
-1.05539,1.20520
-1.05168,1.20803
-1.04695,1.21161
-1.04083,1.21616
-1.03282,1.22199
-1.02228,1.22945
-1.00846,1.23888
-0.99060,1.25049
-0.96823,1.26416
-0.94137,1.27932
-0.91073,1.29501
-0.87745,1.31014
-0.84279,1.32380
-0.80794,1.33537
-0.77417,1.34451
-0.74308,1.35113
-0.71646,1.35545
-0.69543,1.35800
-0.67989,1.35940
-0.66879,1.36016
-0.66091,1.36058
-0.65523,1.36083
-0.65105,1.36097
-0.64786,1.36107
-0.64536,1.36113
-0.64333,1.36117
-0.64161,1.36120
-0.64012,1.36123
-0.63879,1.36125
-0.63757,1.36126
-0.63645,1.36127
-1.07107,1.19284
-1.06980,1.19386
-1.06859,1.19483
-1.06736,1.19582
-1.06605,1.19686
-1.06458,1.19802
-1.06289,1.19936
-1.06089,1.20093
-1.05847,1.20281
-1.05550,1.20511
-1.05176,1.20797
-1.04700,1.21157
-1.04083,1.21616
-1.03271,1.22207
-1.02197,1.22967
-1.00778,1.23933
-0.98932,1.25130
-0.96603,1.26545
-0.93793,1.28117
-0.90578,1.29739
-0.87087,1.31290
-0.83466,1.32669
-0.79865,1.33809
-0.76443,1.34677
-0.73387,1.35277
-0.70862,1.35649
-0.68930,1.35860
-0.67529,1.35974
-0.66533,1.36036
-0.65823,1.36071
-0.65305,1.36091
-0.64918,1.36103
-0.64619,1.36111
-0.64380,1.36116
-0.64183,1.36120
-0.64015,1.36123
-0.63868,1.36125
-0.63736,1.36126
-0.63616,1.36128
-0.63505,1.36128
-1.07395,1.19051
-1.07203,1.19207
-1.07029,1.19347
-1.06866,1.19478
-1.06703,1.19608
-1.06533,1.19744
-1.06345,1.19892
-1.06131,1.20060
-1.05879,1.20257
-1.05572,1.20494
-1.05191,1.20786
-1.04707,1.21152
-1.04079,1.21619
-1.03251,1.22221
-1.02150,1.23000
-1.00685,1.23995
-0.98767,1.25234
-0.96330,1.26705
-0.93377,1.28337
-0.89993,1.30014
-0.86325,1.31599
-0.82550,1.32981
-0.78851,1.34088
-0.75424,1.34895
-0.72466,1.35425
-0.70108,1.35739
-0.68352,1.35911
-0.67094,1.36003
-0.66200,1.36053
-0.65557,1.36081
-0.65082,1.36098
-0.64721,1.36108
-0.64439,1.36115
-0.64210,1.36120
-0.64019,1.36123
-0.63856,1.36125
-0.63712,1.36127
-0.63584,1.36128
-0.63468,1.36129
-0.63362,1.36129
-1.07197,1.19211
-1.07498,1.18967
-1.07327,1.19106
-1.07116,1.19277
-1.06904,1.19448
-1.06690,1.19618
-1.06467,1.19796
-1.06224,1.19987
-1.05947,1.20204
-1.05620,1.20457
-1.05221,1.20763
-1.04718,1.21143
-1.04070,1.21626
-1.03216,1.22247
-1.02076,1.23051
-1.00552,1.24084
-0.98542,1.25374
-0.95977,1.26908
-0.92857,1.28609
-0.89281,1.30340
-0.85428,1.31951
-0.81508,1.33317
-0.77747,1.34371
-0.74368,1.35102
-0.71555,1.35558
-0.69386,1.35816
-0.67804,1.35954
-0.66678,1.36028
-0.65873,1.36068
-0.65287,1.36091
-0.64849,1.36105
-0.64511,1.36113
-0.64244,1.36119
-0.64026,1.36123
-0.63843,1.36125
-0.63686,1.36127
-0.63548,1.36128
-0.63426,1.36129
-0.63316,1.36130
-0.63217,1.36130
0.06898,-1.15487
-0.02492,-1.06204
-0.13558,-0.93113
-1.06619,1.19675
-1.07055,1.19326
-1.06905,1.19447
-1.06663,1.19640
-1.06385,1.19861
-1.06070,1.20108
-1.05707,1.20390
-1.05273,1.20724
-1.04736,1.21130
-1.04050,1.21640
-1.03151,1.22293
-1.01952,1.23136
-1.00346,1.24220
-0.98219,1.25575
-0.95492,1.27184
-0.92174,1.28957
-0.88386,1.30738
-0.84345,1.32356
-0.80311,1.33680
-0.76548,1.34654
-0.73285,1.35294
-0.70665,1.35673
-0.68699,1.35881
-0.67282,1.35991
-0.66273,1.36050
-0.65545,1.36082
-0.65008,1.36100
-0.64602,1.36111
-0.64286,1.36118
-0.64034,1.36122
-0.63828,1.36125
-0.63655,1.36127
-0.63507,1.36128
-0.63379,1.36129
-0.63265,1.36130
-0.63164,1.36130
-0.63073,1.36130
0.32405,-1.33442
0.22429,-1.27697
0.12930,-1.20687
0.04563,-1.13318
-0.02806,-1.05867
-0.10751,-0.96689
-1.03711,1.21888
-1.06061,1.20115
-1.06036,1.20134
-1.05724,1.20377
-1.05276,1.20721
-1.04700,1.21157
-1.03960,1.21706
-1.02992,1.22406
-1.01704,1.23307
-0.99979,1.24460
-0.97694,1.25896
-0.94766,1.27590
-0.91216,1.29432
-0.87205,1.31241
-0.83007,1.32827
-0.78933,1.34066
-0.75264,1.34928
-0.72197,1.35466
-0.69808,1.35772
-0.68045,1.35936
-0.66778,1.36022
-0.65869,1.36069
-0.65206,1.36094
-0.64713,1.36109
-0.64337,1.36117
-0.64044,1.36122
-0.63810,1.36125
-0.63619,1.36127
-0.63459,1.36129
-0.63324,1.36129
-0.63207,1.36130
-0.63104,1.36130
-0.63014,1.36130
-0.62933,1.36130
0.48503,-1.38731
0.42430,-1.37362
0.34609,-1.34471
0.26108,-1.30016
0.17929,-1.24557
0.10561,-1.18715
0.04152,-1.12927
-0.01431,-1.07329
-0.06710,-1.01519
-0.12886,-0.93987
-0.98371,1.25480
-1.03089,1.22337
-1.02995,1.22405
-1.02175,1.22982
-1.00870,1.23872
-0.99040,1.25062
-0.96587,1.26555
-0.93450,1.28299
-0.89691,1.30153
-0.85534,1.31910
-0.81313,1.33378
-0.77363,1.34464
-0.73930,1.35182
-0.71139,1.35613
-0.68998,1.35854
-0.67421,1.35982
-0.66282,1.36049
-0.65457,1.36085
-0.64851,1.36105
-0.64399,1.36116
-0.64055,1.36122
-0.63787,1.36126
-0.63575,1.36128
-0.63403,1.36129
-0.63260,1.36130
-0.63139,1.36130
-0.63036,1.36130
-0.62946,1.36130
-0.62866,1.36130
-0.62796,1.36130
0.54104,-1.39273
0.51701,-1.39126
0.47877,-1.38627
0.42428,-1.37362
0.35660,-1.34930
0.28321,-1.31299
0.21178,-1.26858
0.14687,-1.22093
0.08989,-1.17356
0.04073,-1.12851
-0.00151,-1.08661
-0.03852,-1.04731
-0.07262,-1.00880
-0.10668,-0.96792
-0.14635,-0.91687
-0.21785,-0.81357
-0.90130,1.29950
-0.89297,1.30333
-0.86435,1.31555
-0.82848,1.32881
-0.79124,1.34014
-0.75644,1.34850
-0.72623,1.35401
-0.70156,1.35733
-0.68244,1.35920
-0.66819,1.36020
-0.65779,1.36072
-0.65024,1.36100
-0.64472,1.36114
-0.64063,1.36122
-0.63756,1.36126
-0.63519,1.36128
-0.63333,1.36129
-0.63183,1.36130
-0.63060,1.36130
-0.62956,1.36130
-0.62867,1.36130
-0.62790,1.36130
-0.62722,1.36130
-0.62662,1.36129
0.55875,-1.39301
0.54811,-1.39293
0.53099,-1.39227
0.50428,-1.38996
0.46533,-1.38375
0.41368,-1.37042
0.35212,-1.34737
0.28602,-1.31457
0.22112,-1.27487
0.16139,-1.23217
0.10856,-1.18965
0.06275,-1.14917
0.02320,-1.11149
-0.01128,-1.07647
-0.04213,-1.04334
-0.07095,-1.01074
-0.09956,-0.97668
-0.13045,-0.93781
-0.16913,-0.88566
-0.25042,-0.76067
-0.76655,1.34629
-0.74043,1.35162
-0.71512,1.35563
-0.69312,1.35823
-0.67549,1.35973
-0.66218,1.36052
-0.65250,1.36093
-0.64559,1.36112
-0.64066,1.36122
-0.63709,1.36127
-0.63446,1.36129
-0.63246,1.36130
-0.63089,1.36130
-0.62963,1.36130
-0.62860,1.36130
-0.62773,1.36130
-0.62699,1.36129
-0.62634,1.36129
-0.62578,1.36129
-0.62529,1.36128
0.56623,-1.39293
0.56026,-1.39300
0.55107,-1.39298
0.53680,-1.39257
0.51513,-1.39109
0.48375,-1.38710
0.44135,-1.37827
0.38849,-1.36190
0.32802,-1.33634
0.26444,-1.30216
0.20241,-1.26212
0.14529,-1.21968
0.09464,-1.17771
0.05052,-1.13780
0.01208,-1.10042
-0.02192,-1.06524
-0.05280,-1.03146
-0.08185,-0.99797
-0.11043,-0.96327
-0.14052,-0.92463
-0.17707,-0.87443
-0.24833,-0.76417
-0.71318,1.35590
-0.68728,1.35878
-0.66899,1.36015
-0.65581,1.36080
-0.64671,1.36110
-0.64056,1.36122
-0.63637,1.36127
-0.63343,1.36129
-0.63129,1.36130
-0.62967,1.36130
-0.62841,1.36130
-0.62740,1.36130
-0.62657,1.36129
-0.62587,1.36129
-0.62528,1.36128
-0.62476,1.36128
-0.62431,1.36128
-0.62392,1.36127
0.57045,-1.39283
0.56655,-1.39292
0.56076,-1.39300
0.55198,-1.39299
0.53861,-1.39264
0.51861,-1.39140
0.48988,-1.38805
0.45091,-1.38060
0.40147,-1.36645
0.34322,-1.34342
0.27980,-1.31107
0.21590,-1.27137
0.15569,-1.22780
0.10164,-1.18375
0.05441,-1.14144
0.01346,-1.10180
-0.02234,-1.06480
-0.05424,-1.02984
-0.08345,-0.99608
-0.11122,-0.96228
-0.13929,-0.92625
-0.17136,-0.88254
-0.22152,-0.80781
-0.69259,1.35828
-0.66259,1.36050
-0.64851,1.36105
-0.64023,1.36123
-0.63516,1.36128
-0.63188,1.36130
-0.62963,1.36130
-0.62801,1.36130
-0.62679,1.36129
-0.62583,1.36129
-0.62507,1.36128
-0.62444,1.36128
-0.62392,1.36127
-0.62347,1.36127
-0.62309,1.36127
-0.62275,1.36126
-0.62246,1.36126
0.57331,-1.39274
0.57056,-1.39282
0.56658,-1.39292
0.56068,-1.39300
0.55175,-1.39298
0.53819,-1.39263
0.51797,-1.39134
0.48898,-1.38792
0.44956,-1.38028
0.39924,-1.36570
0.33949,-1.34172
0.27404,-1.30778
0.20798,-1.26597
0.14594,-1.22020
0.09062,-1.17420
0.04271,-1.13040
0.00156,-1.08975
-0.03403,-1.05221
-0.06537,-1.01719
-0.09374,-0.98376
-0.12054,-0.95053
-0.14789,-0.91481
-0.18034,-0.86976
-0.23740,-0.78229
-0.65577,1.36081
-0.63958,1.36124
-0.63294,1.36130
-0.62930,1.36130
-0.62704,1.36130
-0.62551,1.36129
-0.62442,1.36128
-0.62361,1.36127
-0.62298,1.36126
-0.62249,1.36126
-0.62209,1.36125
-0.62176,1.36125
-0.62147,1.36125
-0.62123,1.36124
-0.62102,1.36124
-0.62083,1.36124
0.57545,-1.39266
0.57342,-1.39273
0.57057,-1.39282
0.56643,-1.39292
0.56023,-1.39300
0.55077,-1.39297
0.53631,-1.39254
0.51463,-1.39104
0.48342,-1.38705
0.44090,-1.37815
0.38671,-1.36125
0.32284,-1.33383
0.25395,-1.29585
0.18589,-1.25039
0.12340,-1.20204
0.06876,-1.15468
0.02213,-1.11043
-0.01749,-1.06994
-0.05151,-1.03291
-0.08139,-0.99851
-0.10862,-0.96551
-0.13504,-0.93184
-0.16381,-0.89309
-0.20376,-0.83522
-0.63767,1.36126
-0.62714,1.36130
-0.62380,1.36127
-0.62211,1.36125
-0.62111,1.36124
-0.62048,1.36123
-0.62005,1.36123
-0.61976,1.36122
-0.61956,1.36122
-0.61941,1.36122
-0.61930,1.36122
-0.61921,1.36121
-0.61913,1.36121
-0.61907,1.36121
-0.61901,1.36121
-0.61895,1.36121
0.57714,-1.39259
0.57561,-1.39265
0.57352,-1.39273
0.57054,-1.39282
0.56616,-1.39293
0.55952,-1.39301
0.54924,-1.39295
0.53329,-1.39240
0.50914,-1.39050
0.47417,-1.38545
0.42654,-1.37427
0.36640,-1.35338
0.29704,-1.32058
0.22457,-1.27716
0.15550,-1.22766
0.09406,-1.17720
0.04157,-1.12932
-0.00256,-1.08552
-0.03981,-1.04590
-0.07183,-1.00972
-0.10035,-0.97572
-0.12731,-0.94186
-0.15574,-0.90419
-0.19311,-0.85116
-0.31659,-0.63921
-0.60245,1.36074
-0.60822,1.36095
-0.61071,1.36103
-0.61219,1.36107
-0.61321,1.36109
-0.61397,1.36111
-0.61456,1.36112
-0.61504,1.36113
-0.61543,1.36114
-0.61575,1.36115
-0.61602,1.36116
-0.61624,1.36116
-0.61642,1.36116
-0.61657,1.36117
-0.61668,1.36117
0.57853,-1.39253
0.57735,-1.39258
0.57578,-1.39265
0.57361,-1.39273
0.57048,-1.39283
0.56581,-1.39293
0.55860,-1.39301
0.54722,-1.39291
0.52925,-1.39217
0.50165,-1.38964
0.46146,-1.38295
0.40700,-1.36829
0.33955,-1.34175
0.26444,-1.30216
0.18936,-1.25289
0.12078,-1.19988
0.06173,-1.14824
0.01231,-1.10065
-0.02890,-1.05777
-0.06380,-1.01899
-0.09443,-0.98293
-0.12308,-0.94730
-0.15325,-0.90758
-0.19434,-0.84933
-0.45489,1.34096
-0.55152,1.35696
-0.57646,1.35924
-0.58915,1.36009
-0.59656,1.36049
-0.60129,1.36070
-0.60452,1.36082
-0.60684,1.36091
-0.60858,1.36096
-0.60992,1.36100
-0.61098,1.36103
-0.61182,1.36106
-0.61250,1.36107
-0.61306,1.36109
-0.61351,1.36110
-0.61388,1.36111
0.57969,-1.39247
0.57878,-1.39252
0.57758,-1.39257
0.57597,-1.39264
0.57371,-1.39272
0.57043,-1.39283
0.56542,-1.39294
0.55752,-1.39301
0.54474,-1.39285
0.52413,-1.39183
0.49200,-1.38836
0.44506,-1.37919
0.38221,-1.35958
0.30679,-1.32573
0.22669,-1.27856
0.15067,-1.22390
0.08412,-1.16848
0.02835,-1.11654
-0.01784,-1.06957
-0.05660,-1.02718
-0.09040,-0.98778
-0.12217,-0.94846
-0.15692,-0.90257
-0.21488,-0.81819
-0.45086,1.34006
-0.50249,1.35021
-0.53381,1.35486
-0.55591,1.35742
-0.57141,1.35885
-0.58217,1.35965
-0.58971,1.36012
-0.59510,1.36041
-0.59906,1.36060
-0.60204,1.36073
-0.60433,1.36082
-0.60612,1.36088
-0.60754,1.36093
-0.60868,1.36097
-0.60960,1.36099
-0.61035,1.36102
0.58070,-1.39243
0.57997,-1.39246
0.57905,-1.39251
0.57784,-1.39256
0.57620,-1.39263
0.57386,-1.39272
0.57040,-1.39283
0.56503,-1.39295
0.55631,-1.39301
0.54180,-1.39276
0.51778,-1.39132
0.47979,-1.38644
0.42431,-1.37363
0.35170,-1.34718
0.26843,-1.30452
0.18501,-1.24975
0.10994,-1.19082
0.04648,-1.13399
-0.00604,-1.08193
-0.05005,-1.03455
-0.08866,-0.98986
-0.12623,-0.94326
-0.17364,-0.87932
-0.36729,1.31732
-0.43917,1.33734
-0.47396,1.34498
-0.50087,1.34994
-0.52343,1.35345
-0.54228,1.35592
-0.55754,1.35759
-0.56950,1.35869
-0.57868,1.35941
-0.58569,1.35988
-0.59105,1.36020
-0.59519,1.36042
-0.59842,1.36057
-0.60096,1.36068
-0.60298,1.36077
-0.60460,1.36083
-0.60591,1.36087
0.58158,-1.39238
0.58100,-1.39241
0.58029,-1.39245
0.57937,-1.39249
0.57816,-1.39255
0.57649,-1.39262
0.57408,-1.39271
0.57046,-1.39283
0.56469,-1.39295
0.55502,-1.39301
0.53834,-1.39263
0.50989,-1.39057
0.46420,-1.38352
0.39803,-1.36528
0.31456,-1.32971
0.22452,-1.27713
0.13997,-1.21547
0.06725,-1.15330
0.00664,-1.09493
-0.04475,-1.04045
-0.09157,-0.98637
-0.14397,-0.92005
-0.29937,1.29312
-0.39033,1.32436
-0.42871,1.33478
-0.45636,1.34128
-0.47923,1.34601
-0.49937,1.34969
-0.51746,1.35258
-0.53357,1.35483
-0.54757,1.35653
-0.55941,1.35777
-0.56917,1.35866
-0.57708,1.35929
-0.58341,1.35974
-0.58846,1.36005
-0.59250,1.36028
-0.59573,1.36045
-0.59832,1.36057
-0.60041,1.36066
0.58237,-1.39234
0.58191,-1.39236
0.58135,-1.39239
0.58065,-1.39243
0.57975,-1.39247
0.57854,-1.39253
0.57687,-1.39260
0.57442,-1.39270
0.57066,-1.39282
0.56447,-1.39296
0.55368,-1.39300
0.53420,-1.39244
0.49973,-1.38940
0.44358,-1.37883
0.36387,-1.35234
0.26892,-1.30481
0.17406,-1.24171
0.09016,-1.17380
0.01896,-1.10729
-0.04432,-1.04092
-0.11509,-0.95742
-0.22993,1.26265
-0.33580,1.30676
-0.38552,1.32294
-0.41828,1.33211
-0.44321,1.33830
-0.46391,1.34291
-0.48212,1.34657
-0.49869,1.34957
-0.51394,1.35205
-0.52795,1.35408
-0.54061,1.35571
-0.55182,1.35699
-0.56152,1.35797
-0.56976,1.35871
-0.57663,1.35926
-0.58230,1.35966
-0.58694,1.35996
-0.59072,1.36018
-0.59380,1.36035
0.58309,-1.39230
0.58273,-1.39232
0.58230,-1.39234
0.58176,-1.39237
0.58109,-1.39241
0.58022,-1.39245
0.57904,-1.39251
0.57739,-1.39258
0.57494,-1.39268
0.57107,-1.39281
0.56446,-1.39296
0.55228,-1.39299
0.52890,-1.39215
0.48545,-1.38737
0.41384,-1.37047
0.31619,-1.33053
0.20918,-1.26680
0.10990,-1.19078
0.01958,-1.10791
0.40997,0.34029
-0.01630,1.11905
-0.23825,1.26663
-0.32592,1.30321
-0.37474,1.31966
-0.40735,1.32918
-0.43182,1.33555
-0.45174,1.34025
-0.46893,1.34395
-0.48438,1.34700
-0.49863,1.34956
-0.51193,1.35174
-0.52434,1.35358
-0.53581,1.35512
-0.54628,1.35638
-0.55565,1.35740
-0.56388,1.35819
-0.57097,1.35881
-0.57699,1.35928
-0.58203,1.35964
-0.58622,1.35992
0.58377,-1.39226
0.58349,-1.39228
0.58316,-1.39230
0.58276,-1.39232
0.58227,-1.39235
0.58164,-1.39238
0.58082,-1.39242
0.57970,-1.39247
0.57811,-1.39255
0.57571,-1.39265
0.57179,-1.39279
0.56471,-1.39295
0.55058,-1.39297
0.52076,-1.39157
0.46106,-1.38286
0.36102,-1.35116
0.23034,-1.28095
0.06188,-1.14837
0.41573,0.32458
0.31404,0.58475
-0.00216,1.10572
-0.21109,1.25328
-0.30718,1.29617
-0.36078,1.31523
-0.39563,1.32589
-0.42101,1.33282
-0.44110,1.33780
-0.45801,1.34164
-0.47290,1.34476
-0.48645,1.34738
-0.49904,1.34963
-0.51089,1.35157
-0.52207,1.35326
-0.53257,1.35470
-0.54234,1.35592
-0.55130,1.35694
-0.55936,1.35777
-0.56647,1.35843
-0.57265,1.35895
-0.57793,1.35935
0.58443,-1.39223
0.58422,-1.39224
0.58398,-1.39225
0.58370,-1.39227
0.58335,-1.39229
0.58291,-1.39231
0.58235,-1.39234
0.58160,-1.39238
0.58059,-1.39243
0.57911,-1.39250
0.57683,-1.39260
0.57292,-1.39275
0.56523,-1.39295
0.54754,-1.39292
0.50214,-1.38970
0.38827,-1.36182
0.46783,0.17718
0.42955,0.28635
0.39701,0.37528
0.31418,0.58442
0.05658,1.04293
-0.17101,1.23162
-0.28275,1.28637
-0.34423,1.30969
-0.38294,1.32217
-0.41022,1.32996
-0.43117,1.33539
-0.44833,1.33948
-0.46311,1.34274
-0.47631,1.34544
-0.48843,1.34775
-0.49977,1.34975
-0.51051,1.35151
-0.52073,1.35306
-0.53046,1.35442
-0.53963,1.35560
-0.54818,1.35660
-0.55602,1.35743
-0.56306,1.35812
-0.56927,1.35867
0.58508,-1.39219
0.58494,-1.39220
0.58479,-1.39221
0.58460,-1.39222
0.58438,-1.39223
0.58410,-1.39224
0.58375,-1.39226
0.58330,-1.39229
0.58268,-1.39232
0.58182,-1.39237
0.58055,-1.39243
0.57849,-1.39253
0.57467,-1.39269
0.56581,-1.39293
0.53516,-1.39249
0.47841,0.14627
0.44079,0.25477
0.42230,0.30648
0.39572,0.37874
0.33268,0.53995
0.13149,0.94221
-0.11925,1.19969
-0.25268,1.27331
-0.32494,1.30285
-0.36901,1.31787
-0.39904,1.32687
-0.42142,1.33293
-0.43929,1.33737
-0.45432,1.34083
-0.46748,1.34365
-0.47936,1.34604
-0.49036,1.34810
-0.50071,1.34991
-0.51059,1.35153
-0.52007,1.35297
-0.52917,1.35425
-0.53786,1.35538
-0.54605,1.35636
-0.55366,1.35719
-0.56058,1.35788
0.58574,-1.39215
0.58568,-1.39215
0.58561,-1.39216
0.58553,-1.39216
0.58543,-1.39217
0.58531,-1.39218
0.58514,-1.39218
0.58493,-1.39220
0.58465,-1.39221
0.58427,-1.39224
0.58371,-1.39227
0.58284,-1.39231
0.58133,-1.39239
0.57807,-1.39255
0.56332,-1.39297
0.45432,0.21621
0.43790,0.26293
0.42255,0.30578
0.40054,0.36582
0.35377,0.48764
0.20906,0.80963
-0.05285,1.15074
-0.21545,1.25550
-0.30215,1.29421
-0.35334,1.31278
-0.38707,1.32340
-0.41145,1.33029
-0.43042,1.33521
-0.44601,1.33895
-0.45939,1.34194
-0.47128,1.34443
-0.48211,1.34657
-0.49221,1.34843
-0.50179,1.35010
-0.51099,1.35159
-0.51989,1.35294
-0.52850,1.35416
-0.53680,1.35524
-0.54469,1.35620
-0.55209,1.35702
0.58645,-1.39211
0.58647,-1.39210
0.58649,-1.39210
0.58652,-1.39210
0.58655,-1.39210
0.58659,-1.39210
0.58663,-1.39209
0.58668,-1.39209
0.58675,-1.39209
0.58684,-1.39208
0.58698,-1.39207
0.58724,-1.39206
0.58785,-1.39202
0.59004,-1.39187
0.63964,-1.38604
0.45591,0.21164
0.44046,0.25570
0.42659,0.29458
0.40826,0.34496
0.37388,0.43623
0.27788,0.66768
0.03470,1.06781
-0.16705,1.22934
-0.27392,1.28266
-0.33489,1.30643
-0.37362,1.31931
-0.40073,1.32734
-0.42125,1.33288
-0.43774,1.33700
-0.45162,1.34023
-0.46372,1.34287
-0.47459,1.34510
-0.48459,1.34703
-0.49397,1.34875
-0.50294,1.35029
-0.51161,1.35169
-0.52006,1.35297
-0.52830,1.35413
-0.53629,1.35518
-0.54394,1.35611
0.58722,-1.39206
0.58734,-1.39205
0.58747,-1.39204
0.58763,-1.39203
0.58782,-1.39202
0.58805,-1.39200
0.58835,-1.39199
0.58873,-1.39196
0.58924,-1.39193
0.58998,-1.39188
0.59113,-1.39180
0.59316,-1.39165
0.59748,-1.39130
0.61035,-1.39006
0.68116,-1.37766
0.46835,0.17565
0.44726,0.23641
0.43354,0.27519
0.41791,0.31857
0.39271,0.38676
0.33287,0.53948
0.14870,0.91536
-0.09772,1.18490
-0.23575,1.26544
-0.31132,1.29776
-0.35731,1.31409
-0.38832,1.32377
-0.41108,1.33019
-0.42893,1.33483
-0.44363,1.33839
-0.45622,1.34125
-0.46735,1.34363
-0.47743,1.34566
-0.48677,1.34744
-0.49561,1.34903
-0.50410,1.35048
-0.51238,1.35181
-0.52049,1.35303
-0.52844,1.35415
-0.53620,1.35517
0.58810,-1.39200
0.58833,-1.39199
0.58860,-1.39197
0.58892,-1.39195
0.58932,-1.39192
0.58981,-1.39189
0.59045,-1.39184
0.59129,-1.39178
0.59248,-1.39170
0.59423,-1.39157
0.59706,-1.39134
0.60212,-1.39089
0.61244,-1.38983
0.63646,-1.38655
0.69458,-1.37431
0.82906,-1.32512
0.46177,0.19475
0.44402,0.24562
0.42961,0.28617
0.41081,0.33802
0.37490,0.43360
0.27054,0.68383
0.01674,1.08687
-0.17610,1.23451
-0.27697,1.28395
-0.33498,1.30646
-0.37222,1.31888
-0.39851,1.32672
-0.41850,1.33217
-0.43458,1.33623
-0.44807,1.33942
-0.45977,1.34202
-0.47021,1.34422
-0.47973,1.34611
-0.48861,1.34778
-0.49706,1.34929
-0.50522,1.35066
-0.51321,1.35194
-0.52109,1.35311
-0.52884,1.35420
0.58912,-1.39193
0.58949,-1.39191
0.58993,-1.39188
0.59047,-1.39184
0.59114,-1.39179
0.59199,-1.39173
0.59311,-1.39165
0.59464,-1.39153
0.59682,-1.39136
0.60013,-1.39107
0.60546,-1.39057
0.61463,-1.38957
0.63121,-1.38736
0.66093,-1.38212
0.70943,-1.37027
0.77627,-1.34773
0.86705,-1.30625
0.46472,0.18620
0.44518,0.24232
0.42946,0.28659
0.40759,0.34678
0.36044,0.47075
0.20744,0.81270
-0.06013,1.15662
-0.21609,1.25582
-0.29851,1.29277
-0.34767,1.31087
-0.38042,1.32140
-0.40424,1.32832
-0.42276,1.33327
-0.43791,1.33704
-0.45077,1.34003
-0.46201,1.34251
-0.47210,1.34460
-0.48134,1.34642
-0.48998,1.34803
-0.49822,1.34949
-0.50620,1.35082
-0.51404,1.35206
-0.52178,1.35322
0.59033,-1.39185
0.59089,-1.39181
0.59156,-1.39176
0.59238,-1.39170
0.59342,-1.39163
0.59476,-1.39152
0.59655,-1.39138
0.59902,-1.39117
0.60259,-1.39085
0.60796,-1.39031
0.61636,-1.38937
0.62978,-1.38757
0.65109,-1.38403
0.68321,-1.37717
0.72672,-1.36511
0.77725,-1.34735
0.82729,-1.32595
0.87449,-1.30230
1.01915,-1.20704
0.45442,0.21594
0.43681,0.26599
0.41500,0.32657
0.36892,0.44905
0.21117,0.80560
-0.06742,1.16236
-0.22120,1.25837
-0.30112,1.29381
-0.34891,1.31129
-0.38099,1.32158
-0.40453,1.32840
-0.42297,1.33332
-0.43814,1.33709
-0.45107,1.34010
-0.46241,1.34259
-0.47259,1.34470
-0.48191,1.34653
-0.49061,1.34815
-0.49889,1.34960
-0.50690,1.35094
-0.51474,1.35217
0.59180,-1.39175
0.59259,-1.39169
0.59355,-1.39162
0.59475,-1.39152
0.59627,-1.39140
0.59825,-1.39124
0.60091,-1.39100
0.60460,-1.39066
0.60987,-1.39011
0.61760,-1.38921
0.62912,-1.38767
0.64622,-1.38491
0.67090,-1.38001
0.70446,-1.37166
0.74598,-1.35881
0.79145,-1.34166
0.83535,-1.32215
0.87348,-1.30284
0.90390,-1.28583
0.92659,-1.27217
0.95083,-1.25662
0.46629,0.18164
0.44289,0.24883
0.41580,0.32438
0.34477,0.51016
0.07778,1.01696
-0.16488,1.22809
-0.27452,1.28291
-0.33363,1.30599
-0.37091,1.31847
-0.39728,1.32637
-0.41750,1.33190
-0.43393,1.33607
-0.44786,1.33937
-0.46003,1.34208
-0.47092,1.34436
-0.48084,1.34632
-0.49003,1.34804
-0.49871,1.34957
-0.50703,1.35096
0.59359,-1.39161
0.59468,-1.39153
0.59601,-1.39142
0.59766,-1.39129
0.59978,-1.39110
0.60254,-1.39085
0.60625,-1.39049
0.61133,-1.38995
0.61846,-1.38911
0.62859,-1.38774
0.64299,-1.38547
0.66316,-1.38166
0.69048,-1.37537
0.72540,-1.36552
0.76654,-1.35144
0.81057,-1.33352
0.85361,-1.31318
0.89297,-1.29211
0.92756,-1.27156
0.95727,-1.25232
0.98227,-1.23491
1.00260,-1.21988
1.01775,-1.20815
1.02591,-1.20162
1.02133,-1.20531
0.50173,0.07782
0.42715,0.29302
0.25673,0.71361
-0.13612,1.21063
-0.27690,1.28392
-0.34057,1.30843
-0.37787,1.32063
-0.40361,1.32815
-0.42335,1.33342
-0.43958,1.33744
-0.45354,1.34066
-0.46592,1.34333
-0.47713,1.34560
-0.48744,1.34757
-0.49704,1.34928
0.59577,-1.39144
0.59721,-1.39133
0.59898,-1.39117
0.60119,-1.39098
0.60400,-1.39071
0.60765,-1.39035
0.61249,-1.38982
0.61904,-1.38904
0.62802,-1.38783
0.64041,-1.38591
0.65739,-1.38283
0.68025,-1.37787
0.70989,-1.37014
0.74624,-1.35871
0.78767,-1.34321
0.83126,-1.32409
0.87408,-1.30252
0.91421,-1.27972
0.95079,-1.25665
0.98352,-1.23401
1.01221,-1.21249
1.03663,-1.19284
1.05666,-1.17573
1.07247,-1.16156
1.08444,-1.15040
1.09304,-1.14215
1.09843,-1.13688
1.09977,-1.13556
1.09162,-1.14353
1.04027,-1.18980
0.24552,0.73714
-0.22126,1.25840
-0.32695,1.30358
-0.37416,1.31948
-0.40300,1.32798
-0.42412,1.33362
-0.44130,1.33785
-0.45615,1.34124
-0.46946,1.34406
-0.48162,1.34647
0.59839,-1.39123
0.60024,-1.39106
0.60251,-1.39086
0.60532,-1.39058
0.60887,-1.39022
0.61344,-1.38971
0.61944,-1.38898
0.62743,-1.38791
0.63818,-1.38627
0.65268,-1.38373
0.67206,-1.37975
0.69737,-1.37358
0.72916,-1.36434
0.76687,-1.35132
0.80862,-1.33437
0.85175,-1.31412
0.89387,-1.29160
0.93346,-1.26786
0.96972,-1.24380
1.00209,-1.22027
1.03008,-1.19824
1.05332,-1.17865
1.07184,-1.16213
1.08611,-1.14881
1.09690,-1.13839
1.10500,-1.13035
1.11110,-1.12418
1.11571,-1.11944
1.11911,-1.11591
1.12134,-1.11357
1.12193,-1.11295
1.11826,-1.11679
1.08194,-1.15276
0.14360,0.92347
-0.28026,1.28534
-0.35939,1.31478
-0.39669,1.32620
-0.42102,1.33282
-0.44006,1.33755
-0.45641,1.34129
0.60147,-1.39095
0.60376,-1.39074
0.60654,-1.39046
0.60997,-1.39010
0.61427,-1.38962
0.61975,-1.38895
0.62686,-1.38799
0.63623,-1.38659
0.64868,-1.38447
0.66520,-1.38124
0.68686,-1.37628
0.71449,-1.36881
0.74823,-1.35803
0.78705,-1.34346
0.82882,-1.32523
0.87109,-1.30411
0.91191,-1.28110
0.95006,-1.25713
0.98483,-1.23306
1.01561,-1.20984
1.04183,-1.18848
1.06322,-1.16992
1.07995,-1.15463
1.09265,-1.14253
1.10217,-1.13318
1.10932,-1.12599
1.11475,-1.12043
1.11897,-1.11605
1.12231,-1.11255
1.12501,-1.10969
1.12720,-1.10735
1.12893,-1.10550
1.13010,-1.10425
1.13023,-1.10411
1.12701,-1.10756
1.08761,-1.14739
-0.09282,1.18140
-0.32635,1.30336
-0.38422,1.32255
-0.41472,1.33117
0.60497,-1.39062
0.60770,-1.39034
0.61099,-1.38999
0.61501,-1.38953
0.62001,-1.38891
0.62635,-1.38806
0.63454,-1.38685
0.64524,-1.38508
0.65935,-1.38244
0.67786,-1.37843
0.70176,-1.37240
0.73159,-1.36357
0.76701,-1.35126
0.80654,-1.33528
0.84790,-1.31604
0.88889,-1.29440
0.92796,-1.27131
0.96420,-1.24761
0.99702,-1.22408
1.02585,-1.20167
1.05018,-1.18137
1.06981,-1.16398
1.08503,-1.14984
1.09653,-1.13875
1.10513,-1.13022
1.11160,-1.12367
1.11653,-1.11859
1.12038,-1.11458
1.12344,-1.11135
1.12595,-1.10869
1.12804,-1.10645
1.12982,-1.10454
1.13135,-1.10289
1.13267,-1.10147
1.13374,-1.10030
1.13442,-1.09955
1.13419,-1.09981
1.13005,-1.10430
0.49395,0.10062
-0.24247,1.26861
0.60881,-1.39022
0.61195,-1.38988
0.61571,-1.38944
0.62028,-1.38888
0.62594,-1.38812
0.63310,-1.38707
0.64232,-1.38559
0.65436,-1.38341
0.67014,-1.38017
0.69067,-1.37532
0.71677,-1.36814
0.74862,-1.35789
0.78539,-1.34412
0.82518,-1.32693
0.86569,-1.30696
0.90506,-1.28515
0.94213,-1.26231
0.97629,-1.23918
1.00706,-1.21647
1.03394,-1.19507
1.05648,-1.17589
1.07457,-1.15962
1.08856,-1.14647
1.09913,-1.13619
1.10706,-1.12828
1.11304,-1.12219
1.11762,-1.11745
1.12121,-1.11370
1.12408,-1.11067
1.12643,-1.10818
1.12839,-1.10608
1.13006,-1.10429
1.13150,-1.10273
1.13276,-1.10136
1.13388,-1.10014
1.13488,-1.09905
1.13577,-1.09808
1.13650,-1.09728
1.13689,-1.09686
1.13619,-1.09762
0.61288,-1.38978
0.61639,-1.38936
0.62056,-1.38884
0.62562,-1.38816
0.63191,-1.38726
0.63987,-1.38600
0.65014,-1.38420
0.66356,-1.38158
0.68108,-1.37768
0.70367,-1.37188
0.73191,-1.36347
0.76557,-1.35180
0.80327,-1.33669
0.84285,-1.31853
0.88214,-1.29814
0.91967,-1.27642
0.95466,-1.25407
0.98672,-1.23169
1.01550,-1.20992
1.04055,-1.18957
1.06147,-1.17148
1.07824,-1.15622
1.09121,-1.14392
1.10104,-1.13431
1.10844,-1.12688
1.11406,-1.12114
1.11839,-1.11666
1.12179,-1.11309
1.12453,-1.11020
1.12677,-1.10782
1.12864,-1.10581
1.13023,-1.10411
1.13159,-1.10263
1.13278,-1.10135
1.13382,-1.10022
1.13474,-1.09920
1.13558,-1.09829
1.13635,-1.09744
1.13707,-1.09666
1.13772,-1.09594
0.61705,-1.38928
0.62087,-1.38880
0.62541,-1.38819
0.63094,-1.38740
0.63783,-1.38633
0.64661,-1.38484
0.65799,-1.38271
0.67286,-1.37957
0.69221,-1.37493
0.71691,-1.36810
0.74721,-1.35838
0.78237,-1.34533
0.82056,-1.32904
0.85949,-1.31018
0.89728,-1.28965
0.93284,-1.26825
0.96576,-1.24653
0.99582,-1.22499
1.02273,-1.20418
1.04610,-1.18487
1.06559,-1.16780
1.08121,-1.15344
1.09332,-1.14188
1.10254,-1.13281
1.10952,-1.12578
1.11485,-1.12033
1.11898,-1.11604
1.12224,-1.11262
1.12487,-1.10984
1.12703,-1.10753
1.12884,-1.10560
1.13037,-1.10395
1.13169,-1.10253
1.13283,-1.10129
1.13382,-1.10021
1.13469,-1.09926
1.13546,-1.09842
1.13616,-1.09765
1.13679,-1.09696
1.13739,-1.09630
0.62120,-1.38876
0.62529,-1.38821
0.63017,-1.38751
0.63616,-1.38660
0.64368,-1.38536
0.65332,-1.38361
0.66589,-1.38109
0.68233,-1.37738
0.70363,-1.37189
0.73045,-1.36393
0.76266,-1.35288
0.79896,-1.33853
0.83718,-1.32127
0.87508,-1.30198
0.91116,-1.28154
0.94474,-1.26062
0.97565,-1.23963
1.00381,-1.21896
1.02900,-1.19912
1.05086,-1.18079
1.06909,-1.16464
1.08371,-1.15109
1.09509,-1.14016
1.10379,-1.13157
1.11041,-1.12488
1.11550,-1.11966
1.11946,-1.11554
1.12261,-1.11224
1.12515,-1.10954
1.12725,-1.10730
1.12901,-1.10541
1.13051,-1.10381
1.13179,-1.10242
1.13289,-1.10122
1.13386,-1.10017
1.13470,-1.09926
1.13544,-1.09845
1.13609,-1.09773
1.13667,-1.09709
1.13720,-1.09651
