-0.61884,1.36121
-0.61884,1.36121
-0.61884,1.36121
-0.61883,1.36121
-0.61883,1.36121
-0.61883,1.36121
-0.61882,1.36121
-0.61882,1.36121
-0.61881,1.36121
-0.61880,1.36121
-0.61879,1.36121
-0.61877,1.36121
-0.61875,1.36121
-0.61873,1.36121
-0.61870,1.36121
-0.61866,1.36121
-0.61861,1.36120
-0.61855,1.36120
-0.61849,1.36120
-0.61842,1.36120
-0.61834,1.36120
-0.61826,1.36120
-0.61818,1.36120
-0.61810,1.36120
-0.61802,1.36119
-0.61795,1.36119
-0.61789,1.36119
-0.61784,1.36119
-0.61781,1.36119
-0.61778,1.36119
-0.61776,1.36119
-0.61775,1.36119
-0.61774,1.36119
-0.61773,1.36119
-0.61772,1.36119
-0.61772,1.36119
-0.61771,1.36119
-0.61771,1.36119
-0.61771,1.36119
-0.61770,1.36119
-0.61884,1.36121
-0.61884,1.36121
-0.61884,1.36121
-0.61884,1.36121
-0.61883,1.36121
-0.61883,1.36121
-0.61882,1.36121
-0.61882,1.36121
-0.61881,1.36121
-0.61880,1.36121
-0.61879,1.36121
-0.61877,1.36121
-0.61875,1.36121
-0.61873,1.36121
-0.61870,1.36121
-0.61866,1.36121
-0.61861,1.36120
-0.61855,1.36120
-0.61848,1.36120
-0.61840,1.36120
-0.61832,1.36120
-0.61824,1.36120
-0.61816,1.36120
-0.61808,1.36120
-0.61800,1.36119
-0.61793,1.36119
-0.61787,1.36119
-0.61783,1.36119
-0.61780,1.36119
-0.61777,1.36119
-0.61776,1.36119
-0.61774,1.36119
-0.61773,1.36119
-0.61773,1.36119
-0.61772,1.36119
-0.61772,1.36119
-0.61771,1.36119
-0.61771,1.36119
-0.61770,1.36119
-0.61770,1.36119
-0.61885,1.36121
-0.61884,1.36121
-0.61884,1.36121
-0.61884,1.36121
-0.61883,1.36121
-0.61883,1.36121
-0.61882,1.36121
-0.61882,1.36121
-0.61881,1.36121
-0.61880,1.36121
-0.61879,1.36121
-0.61877,1.36121
-0.61875,1.36121
-0.61873,1.36121
-0.61870,1.36121
-0.61866,1.36121
-0.61861,1.36120
-0.61854,1.36120
-0.61847,1.36120
-0.61839,1.36120
-0.61831,1.36120
-0.61822,1.36120
-0.61814,1.36120
-0.61805,1.36119
-0.61798,1.36119
-0.61791,1.36119
-0.61786,1.36119
-0.61782,1.36119
-0.61779,1.36119
-0.61777,1.36119
-0.61775,1.36119
-0.61774,1.36119
-0.61773,1.36119
-0.61772,1.36119
-0.61772,1.36119
-0.61771,1.36119
-0.61771,1.36119
-0.61770,1.36119
-0.61770,1.36119
-0.61769,1.36119
-0.61886,1.36121
-0.61885,1.36121
-0.61885,1.36121
-0.61884,1.36121
-0.61884,1.36121
-0.61883,1.36121
-0.61882,1.36121
-0.61882,1.36121
-0.61881,1.36121
-0.61880,1.36121
-0.61879,1.36121
-0.61877,1.36121
-0.61875,1.36121
-0.61873,1.36121
-0.61870,1.36121
-0.61865,1.36121
-0.61860,1.36120
-0.61854,1.36120
-0.61846,1.36120
-0.61838,1.36120
-0.61829,1.36120
-0.61820,1.36120
-0.61811,1.36120
-0.61803,1.36119
-0.61795,1.36119
-0.61789,1.36119
-0.61784,1.36119
-0.61780,1.36119
-0.61778,1.36119
-0.61776,1.36119
-0.61774,1.36119
-0.61773,1.36119
-0.61772,1.36119
-0.61772,1.36119
-0.61771,1.36119
-0.61771,1.36119
-0.61770,1.36119
-0.61770,1.36119
-0.61769,1.36119
-0.61769,1.36119
-0.61885,1.36121
-0.61886,1.36121
-0.61886,1.36121
-0.61885,1.36121
-0.61884,1.36121
-0.61884,1.36121
-0.61883,1.36121
-0.61882,1.36121
-0.61881,1.36121
-0.61880,1.36121
-0.61879,1.36121
-0.61877,1.36121
-0.61875,1.36121
-0.61873,1.36121
-0.61869,1.36121
-0.61865,1.36121
-0.61860,1.36120
-0.61853,1.36120
-0.61845,1.36120
-0.61836,1.36120
-0.61827,1.36120
-0.61818,1.36120
-0.61808,1.36120
-0.61800,1.36119
-0.61793,1.36119
-0.61787,1.36119
-0.61782,1.36119
-0.61779,1.36119
-0.61777,1.36119
-0.61775,1.36119
-0.61774,1.36119
-0.61773,1.36119
-0.61772,1.36119
-0.61771,1.36119
-0.61771,1.36119
-0.61770,1.36119
-0.61770,1.36119
-0.61769,1.36119
-0.61769,1.36119
-0.61769,1.36119
0.58647,-1.39210
0.58608,-1.39213
0.58472,-1.39221
-0.61883,1.36121
-0.61885,1.36121
-0.61884,1.36121
-0.61883,1.36121
-0.61883,1.36121
-0.61882,1.36121
-0.61880,1.36121
-0.61879,1.36121
-0.61877,1.36121
-0.61875,1.36121
-0.61873,1.36121
-0.61869,1.36121
-0.61865,1.36120
-0.61859,1.36120
-0.61852,1.36120
-0.61843,1.36120
-0.61834,1.36120
-0.61824,1.36120
-0.61815,1.36120
-0.61806,1.36119
-0.61797,1.36119
-0.61790,1.36119
-0.61785,1.36119
-0.61781,1.36119
-0.61778,1.36119
-0.61776,1.36119
-0.61774,1.36119
-0.61773,1.36119
-0.61772,1.36119
-0.61771,1.36119
-0.61770,1.36119
-0.61770,1.36119
-0.61769,1.36119
-0.61769,1.36119
-0.61769,1.36119
-0.61768,1.36119
-0.61768,1.36119
0.58682,-1.39208
0.58673,-1.39209
0.58660,-1.39210
0.58640,-1.39211
0.58605,-1.39213
0.58523,-1.39218
-0.61874,1.36121
-0.61882,1.36121
-0.61881,1.36121
-0.61880,1.36121
-0.61879,1.36121
-0.61877,1.36121
-0.61875,1.36121
-0.61872,1.36121
-0.61868,1.36121
-0.61864,1.36120
-0.61857,1.36120
-0.61850,1.36120
-0.61841,1.36120
-0.61831,1.36120
-0.61821,1.36120
-0.61811,1.36120
-0.61802,1.36119
-0.61794,1.36119
-0.61788,1.36119
-0.61783,1.36119
-0.61779,1.36119
-0.61777,1.36119
-0.61775,1.36119
-0.61773,1.36119
-0.61772,1.36119
-0.61771,1.36119
-0.61770,1.36119
-0.61770,1.36119
-0.61769,1.36119
-0.61769,1.36119
-0.61768,1.36119
-0.61768,1.36119
-0.61768,1.36119
-0.61768,1.36119
0.58692,-1.39208
0.58688,-1.39208
0.58683,-1.39208
0.58676,-1.39209
0.58668,-1.39209
0.58656,-1.39210
0.58639,-1.39211
0.58614,-1.39212
0.58574,-1.39215
0.58486,-1.39220
-0.61859,1.36120
-0.61872,1.36121
-0.61872,1.36121
-0.61870,1.36121
-0.61866,1.36121
-0.61861,1.36120
-0.61854,1.36120
-0.61846,1.36120
-0.61837,1.36120
-0.61827,1.36120
-0.61817,1.36120
-0.61808,1.36120
-0.61799,1.36119
-0.61792,1.36119
-0.61786,1.36119
-0.61781,1.36119
-0.61778,1.36119
-0.61776,1.36119
-0.61774,1.36119
-0.61772,1.36119
-0.61771,1.36119
-0.61770,1.36119
-0.61770,1.36119
-0.61769,1.36119
-0.61769,1.36119
-0.61768,1.36119
-0.61768,1.36119
-0.61768,1.36119
-0.61767,1.36119
-0.61767,1.36119
0.58695,-1.39207
0.58694,-1.39208
0.58692,-1.39208
0.58688,-1.39208
0.58684,-1.39208
0.58678,-1.39209
0.58672,-1.39209
0.58663,-1.39209
0.58652,-1.39210
0.58638,-1.39211
0.58621,-1.39212
0.58598,-1.39213
0.58568,-1.39215
0.58524,-1.39218
0.58449,-1.39222
0.58210,-1.39235
-0.61838,1.36120
-0.61836,1.36120
-0.61829,1.36120
-0.61821,1.36120
-0.61812,1.36120
-0.61803,1.36119
-0.61796,1.36119
-0.61789,1.36119
-0.61784,1.36119
-0.61780,1.36119
-0.61776,1.36119
-0.61774,1.36119
-0.61772,1.36119
-0.61771,1.36119
-0.61770,1.36119
-0.61769,1.36119
-0.61769,1.36119
-0.61768,1.36119
-0.61768,1.36119
-0.61768,1.36119
-0.61767,1.36119
-0.61767,1.36119
-0.61767,1.36119
-0.61767,1.36119
0.58697,-1.39207
0.58696,-1.39207
0.58695,-1.39208
0.58693,-1.39208
0.58691,-1.39208
0.58688,-1.39208
0.58684,-1.39208
0.58679,-1.39209
0.58673,-1.39209
0.58665,-1.39209
0.58656,-1.39210
0.58645,-1.39211
0.58632,-1.39211
0.58616,-1.39212
0.58595,-1.39214
0.58570,-1.39215
0.58535,-1.39217
0.58483,-1.39220
0.58389,-1.39226
0.58041,-1.39244
-0.61806,1.36119
-0.61799,1.36119
-0.61793,1.36119
-0.61787,1.36119
-0.61782,1.36119
-0.61778,1.36119
-0.61775,1.36119
-0.61773,1.36119
-0.61771,1.36119
-0.61770,1.36119
-0.61769,1.36119
-0.61769,1.36119
-0.61768,1.36119
-0.61768,1.36119
-0.61767,1.36119
-0.61767,1.36119
-0.61767,1.36119
-0.61767,1.36119
-0.61766,1.36119
-0.61766,1.36119
0.58697,-1.39207
0.58697,-1.39207
0.58696,-1.39207
0.58695,-1.39207
0.58694,-1.39208
0.58692,-1.39208
0.58689,-1.39208
0.58686,-1.39208
0.58682,-1.39208
0.58677,-1.39209
0.58670,-1.39209
0.58663,-1.39209
0.58653,-1.39210
0.58642,-1.39211
0.58627,-1.39212
0.58609,-1.39213
0.58587,-1.39214
0.58558,-1.39216
0.58518,-1.39218
0.58462,-1.39222
0.58365,-1.39227
0.58053,-1.39243
-0.61792,1.36119
-0.61785,1.36119
-0.61780,1.36119
-0.61776,1.36119
-0.61773,1.36119
-0.61771,1.36119
-0.61770,1.36119
-0.61769,1.36119
-0.61768,1.36119
-0.61768,1.36119
-0.61767,1.36119
-0.61767,1.36119
-0.61767,1.36119
-0.61766,1.36119
-0.61766,1.36119
-0.61766,1.36119
-0.61766,1.36119
-0.61766,1.36119
0.58697,-1.39207
0.58697,-1.39207
0.58697,-1.39207
0.58696,-1.39207
0.58695,-1.39207
0.58694,-1.39208
0.58692,-1.39208
0.58690,-1.39208
0.58687,-1.39208
0.58683,-1.39208
0.58678,-1.39209
0.58672,-1.39209
0.58664,-1.39209
0.58655,-1.39210
0.58643,-1.39211
0.58628,-1.39212
0.58609,-1.39213
0.58586,-1.39214
0.58556,-1.39216
0.58517,-1.39218
0.58464,-1.39221
0.58383,-1.39226
0.58193,-1.39236
-0.61787,1.36119
-0.61778,1.36119
-0.61774,1.36119
-0.61771,1.36119
-0.61769,1.36119
-0.61768,1.36119
-0.61768,1.36119
-0.61767,1.36119
-0.61767,1.36119
-0.61766,1.36119
-0.61766,1.36119
-0.61766,1.36119
-0.61766,1.36119
-0.61766,1.36119
-0.61766,1.36119
-0.61765,1.36119
-0.61765,1.36119
0.58697,-1.39207
0.58697,-1.39207
0.58697,-1.39207
0.58697,-1.39207
0.58696,-1.39207
0.58695,-1.39207
0.58694,-1.39208
0.58692,-1.39208
0.58690,-1.39208
0.58687,-1.39208
0.58683,-1.39208
0.58678,-1.39209
0.58671,-1.39209
0.58663,-1.39209
0.58652,-1.39210
0.58639,-1.39211
0.58622,-1.39212
0.58601,-1.39213
0.58575,-1.39215
0.58543,-1.39217
0.58501,-1.39219
0.58445,-1.39222
0.58355,-1.39228
0.58114,-1.39240
-0.61776,1.36119
-0.61771,1.36119
-0.61769,1.36119
-0.61768,1.36119
-0.61767,1.36119
-0.61766,1.36119
-0.61766,1.36119
-0.61766,1.36119
-0.61766,1.36119
-0.61765,1.36119
-0.61765,1.36119
-0.61765,1.36119
-0.61765,1.36119
-0.61765,1.36119
-0.61765,1.36119
-0.61765,1.36119
0.58698,-1.39207
0.58697,-1.39207
0.58697,-1.39207
0.58697,-1.39207
0.58697,-1.39207
0.58696,-1.39207
0.58695,-1.39207
0.58694,-1.39208
0.58692,-1.39208
0.58689,-1.39208
0.58686,-1.39208
0.58681,-1.39208
0.58676,-1.39209
0.58669,-1.39209
0.58659,-1.39210
0.58647,-1.39210
0.58632,-1.39211
0.58612,-1.39213
0.58588,-1.39214
0.58558,-1.39216
0.58521,-1.39218
0.58473,-1.39221
0.58404,-1.39225
0.58270,-1.39232
-0.61770,1.36119
-0.61767,1.36119
-0.61766,1.36119
-0.61765,1.36119
-0.61765,1.36119
-0.61765,1.36119
-0.61765,1.36119
-0.61764,1.36119
-0.61764,1.36119
-0.61764,1.36119
-0.61764,1.36119
-0.61764,1.36119
-0.61764,1.36119
-0.61764,1.36119
-0.61764,1.36119
-0.61764,1.36119
0.58698,-1.39207
0.58698,-1.39207
0.58697,-1.39207
0.58697,-1.39207
0.58697,-1.39207
0.58697,-1.39207
0.58696,-1.39207
0.58695,-1.39207
0.58693,-1.39208
0.58691,-1.39208
0.58688,-1.39208
0.58685,-1.39208
0.58679,-1.39208
0.58673,-1.39209
0.58664,-1.39209
0.58653,-1.39210
0.58639,-1.39211
0.58620,-1.39212
0.58597,-1.39214
0.58569,-1.39215
0.58534,-1.39217
0.58489,-1.39220
0.58426,-1.39224
0.58311,-1.39230
0.57522,-1.39267
-0.61758,1.36119
-0.61760,1.36119
-0.61761,1.36119
-0.61762,1.36119
-0.61762,1.36119
-0.61762,1.36119
-0.61763,1.36119
-0.61763,1.36119
-0.61763,1.36119
-0.61763,1.36119
-0.61763,1.36119
-0.61763,1.36119
-0.61763,1.36119
-0.61763,1.36119
-0.61763,1.36119
0.58698,-1.39207
0.58698,-1.39207
0.58698,-1.39207
0.58697,-1.39207
0.58697,-1.39207
0.58697,-1.39207
0.58696,-1.39207
0.58696,-1.39207
0.58695,-1.39208
0.58693,-1.39208
0.58691,-1.39208
0.58687,-1.39208
0.58683,-1.39208
0.58677,-1.39209
0.58669,-1.39209
0.58659,-1.39210
0.58645,-1.39211
0.58627,-1.39212
0.58605,-1.39213
0.58577,-1.39215
0.58542,-1.39217
0.58497,-1.39219
0.58432,-1.39223
0.58306,-1.39230
-0.61688,1.36117
-0.61739,1.36118
-0.61749,1.36118
-0.61754,1.36119
-0.61756,1.36119
-0.61758,1.36119
-0.61759,1.36119
-0.61760,1.36119
-0.61761,1.36119
-0.61761,1.36119
-0.61761,1.36119
-0.61762,1.36119
-0.61762,1.36119
-0.61762,1.36119
-0.61762,1.36119
-0.61762,1.36119
0.58698,-1.39207
0.58698,-1.39207
0.58698,-1.39207
0.58698,-1.39207
0.58697,-1.39207
0.58697,-1.39207
0.58697,-1.39207
0.58696,-1.39207
0.58696,-1.39207
0.58694,-1.39208
0.58692,-1.39208
0.58690,-1.39208
0.58686,-1.39208
0.58680,-1.39208
0.58673,-1.39209
0.58664,-1.39209
0.58651,-1.39210
0.58634,-1.39211
0.58612,-1.39213
0.58584,-1.39214
0.58547,-1.39217
0.58498,-1.39219
0.58423,-1.39224
0.58223,-1.39235
-0.61686,1.36117
-0.61716,1.36118
-0.61731,1.36118
-0.61741,1.36118
-0.61747,1.36118
-0.61751,1.36118
-0.61754,1.36119
-0.61756,1.36119
-0.61757,1.36119
-0.61758,1.36119
-0.61759,1.36119
-0.61760,1.36119
-0.61760,1.36119
-0.61761,1.36119
-0.61761,1.36119
-0.61761,1.36119
0.58698,-1.39207
0.58698,-1.39207
0.58698,-1.39207
0.58698,-1.39207
0.58698,-1.39207
0.58697,-1.39207
0.58697,-1.39207
0.58697,-1.39207
0.58696,-1.39207
0.58695,-1.39207
0.58694,-1.39208
0.58692,-1.39208
0.58688,-1.39208
0.58684,-1.39208
0.58677,-1.39209
0.58668,-1.39209
0.58657,-1.39210
0.58640,-1.39211
0.58618,-1.39212
0.58589,-1.39214
0.58549,-1.39216
0.58491,-1.39220
0.58376,-1.39226
-0.61618,1.36116
-0.61678,1.36117
-0.61700,1.36118
-0.61715,1.36118
-0.61726,1.36118
-0.61735,1.36118
-0.61741,1.36118
-0.61746,1.36118
-0.61750,1.36118
-0.61752,1.36119
-0.61754,1.36119
-0.61756,1.36119
-0.61757,1.36119
-0.61758,1.36119
-0.61759,1.36119
-0.61759,1.36119
-0.61760,1.36119
0.58698,-1.39207
0.58698,-1.39207
0.58698,-1.39207
0.58698,-1.39207
0.58698,-1.39207
0.58698,-1.39207
0.58698,-1.39207
0.58697,-1.39207
0.58697,-1.39207
0.58696,-1.39207
0.58695,-1.39207
0.58693,-1.39208
0.58691,-1.39208
0.58687,-1.39208
0.58681,-1.39208
0.58673,-1.39209
0.58662,-1.39210
0.58647,-1.39210
0.58625,-1.39212
0.58593,-1.39214
0.58546,-1.39217
0.58454,-1.39222
-0.61538,1.36114
-0.61639,1.36116
-0.61670,1.36117
-0.61689,1.36117
-0.61703,1.36118
-0.61714,1.36118
-0.61723,1.36118
-0.61731,1.36118
-0.61737,1.36118
-0.61742,1.36118
-0.61746,1.36118
-0.61749,1.36118
-0.61751,1.36119
-0.61753,1.36119
-0.61755,1.36119
-0.61756,1.36119
-0.61757,1.36119
-0.61758,1.36119
0.58698,-1.39207
0.58698,-1.39207
0.58698,-1.39207
0.58698,-1.39207
0.58698,-1.39207
0.58698,-1.39207
0.58698,-1.39207
0.58698,-1.39207
0.58697,-1.39207
0.58697,-1.39207
0.58696,-1.39207
0.58695,-1.39207
0.58693,-1.39208
0.58689,-1.39208
0.58684,-1.39208
0.58677,-1.39209
0.58667,-1.39209
0.58652,-1.39210
0.58630,-1.39212
0.58594,-1.39214
0.58511,-1.39219
-0.61426,1.36112
-0.61584,1.36115
-0.61635,1.36116
-0.61662,1.36117
-0.61680,1.36117
-0.61694,1.36117
-0.61705,1.36118
-0.61714,1.36118
-0.61722,1.36118
-0.61728,1.36118
-0.61734,1.36118
-0.61739,1.36118
-0.61743,1.36118
-0.61746,1.36118
-0.61749,1.36118
-0.61751,1.36118
-0.61753,1.36119
-0.61754,1.36119
-0.61755,1.36119
0.58698,-1.39207
0.58698,-1.39207
0.58698,-1.39207
0.58698,-1.39207
0.58698,-1.39207
0.58698,-1.39207
0.58698,-1.39207
0.58698,-1.39207
0.58698,-1.39207
0.58697,-1.39207
0.58697,-1.39207
0.58696,-1.39207
0.58695,-1.39208
0.58692,-1.39208
0.58688,-1.39208
0.58681,-1.39208
0.58671,-1.39209
0.58657,-1.39210
0.58630,-1.39211
-0.56610,1.35839
-0.60870,1.36097
-0.61441,1.36112
-0.61573,1.36115
-0.61625,1.36116
-0.61654,1.36117
-0.61673,1.36117
-0.61686,1.36117
-0.61697,1.36117
-0.61706,1.36118
-0.61714,1.36118
-0.61721,1.36118
-0.61727,1.36118
-0.61732,1.36118
-0.61736,1.36118
-0.61740,1.36118
-0.61744,1.36118
-0.61747,1.36118
-0.61749,1.36118
-0.61751,1.36118
-0.61753,1.36119
0.58698,-1.39207
0.58698,-1.39207
0.58698,-1.39207
0.58698,-1.39207
0.58698,-1.39207
0.58698,-1.39207
0.58698,-1.39207
0.58698,-1.39207
0.58698,-1.39207
0.58698,-1.39207
0.58697,-1.39207
0.58697,-1.39207
0.58696,-1.39207
0.58694,-1.39208
0.58690,-1.39208
0.58684,-1.39208
0.58674,-1.39209
0.58645,-1.39211
-0.56256,1.35807
-0.59117,1.36021
-0.60824,1.36095
-0.61389,1.36111
-0.61549,1.36114
-0.61611,1.36116
-0.61644,1.36116
-0.61665,1.36117
-0.61679,1.36117
-0.61690,1.36117
-0.61699,1.36118
-0.61707,1.36118
-0.61714,1.36118
-0.61720,1.36118
-0.61725,1.36118
-0.61730,1.36118
-0.61735,1.36118
-0.61739,1.36118
-0.61742,1.36118
-0.61745,1.36118
-0.61747,1.36118
-0.61749,1.36118
0.58698,-1.39207
0.58698,-1.39207
0.58698,-1.39207
0.58698,-1.39207
0.58698,-1.39207
0.58698,-1.39207
0.58698,-1.39207
0.58698,-1.39207
0.58698,-1.39207
0.58698,-1.39207
0.58698,-1.39207
0.58697,-1.39207
0.58697,-1.39207
0.58696,-1.39207
0.58693,-1.39208
0.58686,-1.39208
-0.48647,1.34739
-0.55161,1.35697
-0.57250,1.35894
-0.59115,1.36021
-0.60623,1.36089
-0.61302,1.36109
-0.61514,1.36114
-0.61594,1.36115
-0.61633,1.36116
-0.61656,1.36117
-0.61672,1.36117
-0.61684,1.36117
-0.61693,1.36117
-0.61701,1.36118
-0.61708,1.36118
-0.61714,1.36118
-0.61720,1.36118
-0.61725,1.36118
-0.61729,1.36118
-0.61734,1.36118
-0.61737,1.36118
-0.61741,1.36118
-0.61744,1.36118
-0.61746,1.36118
0.58698,-1.39207
0.58698,-1.39207
0.58698,-1.39207
0.58698,-1.39207
0.58698,-1.39207
0.58698,-1.39207
0.58698,-1.39207
0.58698,-1.39207
0.58698,-1.39207
0.58698,-1.39207
0.58698,-1.39207
0.58698,-1.39207
0.58698,-1.39207
0.58697,-1.39207
0.58695,-1.39207
-0.45454,1.34088
-0.53908,1.35553
-0.55785,1.35762
-0.57305,1.35898
-0.58867,1.36006
-0.60334,1.36078
-0.61173,1.36105
-0.61467,1.36113
-0.61571,1.36115
-0.61620,1.36116
-0.61647,1.36116
-0.61665,1.36117
-0.61678,1.36117
-0.61688,1.36117
-0.61696,1.36117
-0.61703,1.36118
-0.61709,1.36118
-0.61715,1.36118
-0.61720,1.36118
-0.61725,1.36118
-0.61729,1.36118
-0.61733,1.36118
-0.61736,1.36118
-0.61740,1.36118
-0.61743,1.36118
0.58698,-1.39207
0.58698,-1.39207
0.58698,-1.39207
0.58698,-1.39207
0.58698,-1.39207
0.58698,-1.39207
0.58698,-1.39207
0.58698,-1.39207
0.58698,-1.39207
0.58698,-1.39207
0.58698,-1.39207
0.58698,-1.39207
0.58698,-1.39207
0.58698,-1.39207
0.58697,-1.39207
-0.51756,1.35260
-0.54269,1.35596
-0.55765,1.35760
-0.57094,1.35881
-0.58506,1.35984
-0.59960,1.36063
-0.60983,1.36100
-0.61398,1.36111
-0.61542,1.36114
-0.61604,1.36116
-0.61637,1.36116
-0.61657,1.36117
-0.61671,1.36117
-0.61682,1.36117
-0.61691,1.36117
-0.61698,1.36118
-0.61705,1.36118
-0.61710,1.36118
-0.61715,1.36118
-0.61720,1.36118
-0.61724,1.36118
-0.61729,1.36118
-0.61732,1.36118
-0.61736,1.36118
-0.61739,1.36118
0.58698,-1.39207
0.58698,-1.39207
0.58698,-1.39207
0.58698,-1.39207
0.58698,-1.39207
0.58698,-1.39207
0.58698,-1.39207
0.58698,-1.39207
0.58698,-1.39207
0.58698,-1.39207
0.58698,-1.39207
0.58698,-1.39207
0.58698,-1.39207
0.58699,-1.39207
0.58702,-1.39207
-0.51444,1.35212
-0.53951,1.35558
-0.55430,1.35726
-0.56706,1.35848
-0.58040,1.35953
-0.59485,1.36040
-0.60700,1.36091
-0.61293,1.36109
-0.61501,1.36113
-0.61583,1.36115
-0.61624,1.36116
-0.61648,1.36117
-0.61665,1.36117
-0.61677,1.36117
-0.61686,1.36117
-0.61694,1.36117
-0.61700,1.36118
-0.61706,1.36118
-0.61711,1.36118
-0.61716,1.36118
-0.61720,1.36118
-0.61725,1.36118
-0.61728,1.36118
-0.61732,1.36118
-0.61735,1.36118
0.58698,-1.39207
0.58698,-1.39207
0.58698,-1.39207
0.58698,-1.39207
0.58698,-1.39207
0.58698,-1.39207
0.58698,-1.39207
0.58698,-1.39207
0.58699,-1.39207
0.58699,-1.39207
0.58699,-1.39207
0.58699,-1.39207
0.58699,-1.39207
0.58700,-1.39207
0.58705,-1.39207
-0.48505,1.34712
-0.52982,1.35434
-0.54761,1.35653
-0.56108,1.35793
-0.57426,1.35908
-0.58864,1.36006
-0.60259,1.36075
-0.61114,1.36104
-0.61437,1.36112
-0.61554,1.36115
-0.61608,1.36116
-0.61638,1.36116
-0.61657,1.36117
-0.61670,1.36117
-0.61681,1.36117
-0.61689,1.36117
-0.61696,1.36117
-0.61702,1.36118
-0.61707,1.36118
-0.61712,1.36118
-0.61717,1.36118
-0.61721,1.36118
-0.61725,1.36118
-0.61728,1.36118
-0.61732,1.36118
0.58698,-1.39207
0.58698,-1.39207
0.58698,-1.39207
0.58698,-1.39207
0.58699,-1.39207
0.58699,-1.39207
0.58699,-1.39207
0.58699,-1.39207
0.58699,-1.39207
0.58699,-1.39207
0.58699,-1.39207
0.58699,-1.39207
0.58700,-1.39207
0.58702,-1.39207
0.58707,-1.39207
0.58722,-1.39206
-0.50175,1.35009
-0.53467,1.35497
-0.55155,1.35697
-0.56561,1.35835
-0.58012,1.35951
-0.59546,1.36043
-0.60761,1.36093
-0.61314,1.36109
-0.61506,1.36114
-0.61583,1.36115
-0.61623,1.36116
-0.61647,1.36116
-0.61663,1.36117
-0.61674,1.36117
-0.61684,1.36117
-0.61691,1.36117
-0.61698,1.36117
-0.61703,1.36118
-0.61708,1.36118
-0.61713,1.36118
-0.61717,1.36118
-0.61721,1.36118
-0.61725,1.36118
-0.61729,1.36118
0.58699,-1.39207
0.58699,-1.39207
0.58699,-1.39207
0.58699,-1.39207
0.58699,-1.39207
0.58699,-1.39207
0.58699,-1.39207
0.58699,-1.39207
0.58699,-1.39207
0.58699,-1.39207
0.58700,-1.39207
0.58700,-1.39207
0.58701,-1.39207
0.58704,-1.39207
0.58708,-1.39207
0.58715,-1.39206
0.58729,-1.39205
-0.49458,1.34886
-0.53298,1.35475
-0.55169,1.35698
-0.56742,1.35851
-0.58367,1.35975
-0.59969,1.36063
-0.61005,1.36101
-0.61399,1.36111
-0.61537,1.36114
-0.61598,1.36115
-0.61631,1.36116
-0.61651,1.36117
-0.61666,1.36117
-0.61677,1.36117
-0.61686,1.36117
-0.61693,1.36117
-0.61699,1.36118
-0.61704,1.36118
-0.61709,1.36118
-0.61713,1.36118
-0.61718,1.36118
-0.61722,1.36118
-0.61725,1.36118
0.58699,-1.39207
0.58699,-1.39207
0.58699,-1.39207
0.58699,-1.39207
0.58699,-1.39207
0.58699,-1.39207
0.58699,-1.39207
0.58699,-1.39207
0.58699,-1.39207
0.58700,-1.39207
0.58700,-1.39207
0.58701,-1.39207
0.58703,-1.39207
0.58706,-1.39207
0.58710,-1.39207
0.58715,-1.39206
0.58722,-1.39206
0.58730,-1.39205
0.58773,-1.39203
-0.51737,1.35257
-0.54397,1.35612
-0.56304,1.35812
-0.58169,1.35962
-0.59948,1.36062
-0.61027,1.36101
-0.61409,1.36111
-0.61541,1.36114
-0.61599,1.36116
-0.61631,1.36116
-0.61652,1.36117
-0.61666,1.36117
-0.61677,1.36117
-0.61686,1.36117
-0.61693,1.36117
-0.61699,1.36118
-0.61705,1.36118
-0.61709,1.36118
-0.61714,1.36118
-0.61718,1.36118
-0.61722,1.36118
0.58699,-1.39207
0.58699,-1.39207
0.58699,-1.39207
0.58699,-1.39207
0.58699,-1.39207
0.58699,-1.39207
0.58699,-1.39207
0.58700,-1.39207
0.58700,-1.39207
0.58700,-1.39207
0.58701,-1.39207
0.58703,-1.39207
0.58705,-1.39207
0.58708,-1.39207
0.58712,-1.39206
0.58717,-1.39206
0.58723,-1.39206
0.58730,-1.39205
0.58736,-1.39205
0.58742,-1.39205
0.58749,-1.39204
-0.49055,1.34814
-0.53627,1.35518
-0.56252,1.35807
-0.58673,1.35995
-0.60546,1.36086
-0.61288,1.36108
-0.61502,1.36113
-0.61582,1.36115
-0.61622,1.36116
-0.61645,1.36116
-0.61662,1.36117
-0.61674,1.36117
-0.61684,1.36117
-0.61691,1.36117
-0.61698,1.36117
-0.61704,1.36118
-0.61709,1.36118
-0.61714,1.36118
-0.61718,1.36118
0.58699,-1.39207
0.58699,-1.39207
0.58699,-1.39207
0.58699,-1.39207
0.58699,-1.39207
0.58699,-1.39207
0.58700,-1.39207
0.58700,-1.39207
0.58701,-1.39207
0.58701,-1.39207
0.58702,-1.39207
0.58704,-1.39207
0.58706,-1.39207
0.58710,-1.39207
0.58714,-1.39206
0.58720,-1.39206
0.58726,-1.39206
0.58734,-1.39205
0.58742,-1.39205
0.58750,-1.39204
0.58759,-1.39203
0.58766,-1.39203
0.58773,-1.39203
0.58777,-1.39202
0.58774,-1.39202
-0.36975,1.31810
-0.55381,1.35721
-0.59654,1.36048
-0.61217,1.36107
-0.61506,1.36114
-0.61590,1.36115
-0.61628,1.36116
-0.61651,1.36117
-0.61666,1.36117
-0.61678,1.36117
-0.61687,1.36117
-0.61695,1.36117
-0.61702,1.36118
-0.61708,1.36118
-0.61713,1.36118
0.58699,-1.39207
0.58699,-1.39207
0.58699,-1.39207
0.58699,-1.39207
0.58700,-1.39207
0.58700,-1.39207
0.58700,-1.39207
0.58701,-1.39207
0.58701,-1.39207
0.58702,-1.39207
0.58703,-1.39207
0.58705,-1.39207
0.58708,-1.39207
0.58712,-1.39206
0.58717,-1.39206
0.58723,-1.39206
0.58730,-1.39205
0.58739,-1.39205
0.58749,-1.39204
0.58759,-1.39203
0.58770,-1.39203
0.58782,-1.39202
0.58792,-1.39201
0.58802,-1.39201
0.58810,-1.39200
0.58816,-1.39200
0.58820,-1.39200
0.58821,-1.39199
0.58815,-1.39200
0.58784,-1.39202
-0.59734,1.36052
-0.61409,1.36111
-0.61574,1.36115
-0.61625,1.36116
-0.61650,1.36117
-0.61667,1.36117
-0.61679,1.36117
-0.61689,1.36117
-0.61697,1.36117
-0.61704,1.36118
0.58699,-1.39207
0.58699,-1.39207
0.58699,-1.39207
0.58700,-1.39207
0.58700,-1.39207
0.58700,-1.39207
0.58701,-1.39207
0.58701,-1.39207
0.58702,-1.39207
0.58703,-1.39207
0.58705,-1.39207
0.58707,-1.39207
0.58710,-1.39207
0.58714,-1.39206
0.58719,-1.39206
0.58726,-1.39206
0.58734,-1.39205
0.58744,-1.39204
0.58754,-1.39204
0.58766,-1.39203
0.58778,-1.39202
0.58790,-1.39201
0.58801,-1.39201
0.58811,-1.39200
0.58818,-1.39200
0.58825,-1.39199
0.58829,-1.39199
0.58833,-1.39199
0.58836,-1.39198
0.58838,-1.39198
0.58839,-1.39198
0.58835,-1.39198
0.58808,-1.39200
-0.60282,1.36076
-0.61511,1.36114
-0.61610,1.36116
-0.61645,1.36116
-0.61665,1.36117
-0.61678,1.36117
-0.61689,1.36117
0.58699,-1.39207
0.58700,-1.39207
0.58700,-1.39207
0.58700,-1.39207
0.58700,-1.39207
0.58701,-1.39207
0.58701,-1.39207
0.58702,-1.39207
0.58703,-1.39207
0.58704,-1.39207
0.58706,-1.39207
0.58708,-1.39207
0.58712,-1.39206
0.58716,-1.39206
0.58722,-1.39206
0.58730,-1.39205
0.58738,-1.39205
0.58748,-1.39204
0.58760,-1.39203
0.58772,-1.39203
0.58784,-1.39202
0.58796,-1.39201
0.58807,-1.39200
0.58815,-1.39200
0.58822,-1.39199
0.58828,-1.39199
0.58833,-1.39199
0.58836,-1.39198
0.58839,-1.39198
0.58841,-1.39198
0.58843,-1.39198
0.58845,-1.39198
0.58846,-1.39198
0.58846,-1.39198
0.58843,-1.39198
0.58812,-1.39200
-0.61101,1.36103
-0.61573,1.36115
-0.61634,1.36116
-0.61660,1.36117
0.58700,-1.39207
0.58700,-1.39207
0.58700,-1.39207
0.58700,-1.39207
0.58701,-1.39207
0.58701,-1.39207
0.58702,-1.39207
0.58703,-1.39207
0.58704,-1.39207
0.58705,-1.39207
0.58707,-1.39207
0.58710,-1.39207
0.58714,-1.39206
0.58719,-1.39206
0.58725,-1.39206
0.58733,-1.39205
0.58742,-1.39205
0.58753,-1.39204
0.58764,-1.39203
0.58776,-1.39202
0.58789,-1.39202
0.58800,-1.39201
0.58810,-1.39200
0.58818,-1.39200
0.58825,-1.39199
0.58830,-1.39199
0.58834,-1.39199
0.58837,-1.39198
0.58840,-1.39198
0.58842,-1.39198
0.58844,-1.39198
0.58846,-1.39198
0.58847,-1.39198
0.58848,-1.39198
0.58849,-1.39198
0.58850,-1.39198
0.58850,-1.39198
0.58846,-1.39198
-0.39880,1.32680
-0.61449,1.36112
0.58700,-1.39207
0.58700,-1.39207
0.58700,-1.39207
0.58701,-1.39207
0.58701,-1.39207
0.58702,-1.39207
0.58702,-1.39207
0.58703,-1.39207
0.58705,-1.39207
0.58706,-1.39207
0.58709,-1.39207
0.58712,-1.39206
0.58716,-1.39206
0.58722,-1.39206
0.58729,-1.39205
0.58737,-1.39205
0.58746,-1.39204
0.58757,-1.39204
0.58768,-1.39203
0.58780,-1.39202
0.58792,-1.39201
0.58803,-1.39201
0.58812,-1.39200
0.58820,-1.39199
0.58826,-1.39199
0.58831,-1.39199
0.58835,-1.39199
0.58838,-1.39198
0.58841,-1.39198
0.58843,-1.39198
0.58844,-1.39198
0.58846,-1.39198
0.58847,-1.39198
0.58849,-1.39198
0.58850,-1.39198
0.58851,-1.39198
0.58851,-1.39197
0.58852,-1.39197
0.58852,-1.39197
0.58852,-1.39197
0.58700,-1.39207
0.58700,-1.39207
0.58701,-1.39207
0.58701,-1.39207
0.58702,-1.39207
0.58702,-1.39207
0.58703,-1.39207
0.58704,-1.39207
0.58705,-1.39207
0.58707,-1.39207
0.58710,-1.39207
0.58714,-1.39206
0.58719,-1.39206
0.58725,-1.39206
0.58732,-1.39205
0.58740,-1.39205
0.58750,-1.39204
0.58760,-1.39203
0.58772,-1.39203
0.58784,-1.39202
0.58795,-1.39201
0.58805,-1.39200
0.58814,-1.39200
0.58822,-1.39199
0.58827,-1.39199
0.58832,-1.39199
0.58836,-1.39198
0.58839,-1.39198
0.58841,-1.39198
0.58843,-1.39198
0.58845,-1.39198
0.58846,-1.39198
0.58847,-1.39198
0.58849,-1.39198
0.58850,-1.39198
0.58850,-1.39198
0.58851,-1.39197
0.58852,-1.39197
0.58853,-1.39197
0.58853,-1.39197
0.58700,-1.39207
0.58701,-1.39207
0.58701,-1.39207
0.58701,-1.39207
0.58702,-1.39207
0.58703,-1.39207
0.58704,-1.39207
0.58705,-1.39207
0.58706,-1.39207
0.58709,-1.39207
0.58712,-1.39206
0.58716,-1.39206
0.58721,-1.39206
0.58727,-1.39205
0.58735,-1.39205
0.58743,-1.39204
0.58753,-1.39204
0.58764,-1.39203
0.58775,-1.39202
0.58787,-1.39202
0.58798,-1.39201
0.58807,-1.39200
0.58816,-1.39200
0.58823,-1.39199
0.58828,-1.39199
0.58833,-1.39199
0.58836,-1.39198
0.58839,-1.39198
0.58841,-1.39198
0.58843,-1.39198
0.58845,-1.39198
0.58846,-1.39198
0.58848,-1.39198
0.58849,-1.39198
0.58850,-1.39198
0.58850,-1.39198
0.58851,-1.39197
0.58852,-1.39197
0.58852,-1.39197
0.58853,-1.39197
0.58701,-1.39207
0.58701,-1.39207
0.58701,-1.39207
0.58702,-1.39207
0.58702,-1.39207
0.58703,-1.39207
0.58704,-1.39207
0.58706,-1.39207
0.58707,-1.39207
0.58710,-1.39207
0.58714,-1.39206
0.58718,-1.39206
0.58724,-1.39206
0.58730,-1.39205
0.58738,-1.39205
0.58747,-1.39204
0.58756,-1.39204
0.58767,-1.39203
0.58778,-1.39202
0.58789,-1.39202
0.58800,-1.39201
0.58809,-1.39200
0.58817,-1.39200
0.58824,-1.39199
0.58829,-1.39199
0.58833,-1.39199
0.58837,-1.39198
0.58839,-1.39198
0.58842,-1.39198
0.58843,-1.39198
0.58845,-1.39198
0.58846,-1.39198
0.58848,-1.39198
0.58849,-1.39198
0.58850,-1.39198
0.58850,-1.39198
0.58851,-1.39197
0.58852,-1.39197
0.58852,-1.39197
0.58853,-1.39197
