-0.67305,1.35990
-0.67293,1.35990
-0.67279,1.35991
-0.67264,1.35992
-0.67246,1.35993
-0.67225,1.35995
-0.67200,1.35996
-0.67170,1.35998
-0.67133,1.36001
-0.67087,1.36004
-0.67030,1.36007
-0.66959,1.36012
-0.66868,1.36017
-0.66752,1.36024
-0.66603,1.36032
-0.66416,1.36042
-0.66184,1.36054
-0.65907,1.36067
-0.65590,1.36080
-0.65245,1.36093
-0.64885,1.36104
-0.64518,1.36113
-0.64152,1.36121
-0.63791,1.36126
-0.63445,1.36129
-0.63129,1.36130
-0.62863,1.36130
-0.62655,1.36129
-0.62500,1.36128
-0.62389,1.36127
-0.62308,1.36127
-0.62248,1.36126
-0.62203,1.36125
-0.62168,1.36125
-0.62139,1.36125
-0.62116,1.36124
-0.62095,1.36124
-0.62077,1.36124
-0.62061,1.36124
-0.62046,1.36123
-0.67313,1.35989
-0.67299,1.35990
-0.67284,1.35991
-0.67267,1.35992
-0.67249,1.35993
-0.67227,1.35995
-0.67202,1.35996
-0.67171,1.35998
-0.67134,1.36001
-0.67088,1.36004
-0.67031,1.36007
-0.66960,1.36012
-0.66868,1.36017
-0.66751,1.36024
-0.66600,1.36032
-0.66409,1.36043
-0.66170,1.36055
-0.65884,1.36068
-0.65555,1.36081
-0.65196,1.36094
-0.64820,1.36106
-0.64439,1.36115
-0.64059,1.36122
-0.63689,1.36127
-0.63342,1.36129
-0.63035,1.36130
-0.62785,1.36130
-0.62594,1.36129
-0.62454,1.36128
-0.62353,1.36127
-0.62279,1.36126
-0.62224,1.36126
-0.62182,1.36125
-0.62148,1.36125
-0.62121,1.36124
-0.62098,1.36124
-0.62078,1.36124
-0.62059,1.36124
-0.62043,1.36123
-0.62027,1.36123
-0.67336,1.35987
-0.67315,1.35989
-0.67296,1.35990
-0.67276,1.35991
-0.67255,1.35993
-0.67232,1.35994
-0.67205,1.35996
-0.67174,1.35998
-0.67136,1.36001
-0.67090,1.36003
-0.67033,1.36007
-0.66960,1.36012
-0.66868,1.36017
-0.66749,1.36024
-0.66596,1.36033
-0.66400,1.36043
-0.66153,1.36055
-0.65856,1.36069
-0.65514,1.36083
-0.65139,1.36096
-0.64747,1.36108
-0.64350,1.36117
-0.63958,1.36124
-0.63581,1.36128
-0.63237,1.36130
-0.62943,1.36130
-0.62710,1.36130
-0.62536,1.36129
-0.62410,1.36128
-0.62318,1.36127
-0.62250,1.36126
-0.62199,1.36125
-0.62159,1.36125
-0.62127,1.36124
-0.62101,1.36124
-0.62078,1.36124
-0.62058,1.36123
-0.62040,1.36123
-0.62024,1.36123
-0.62008,1.36123
-0.67382,1.35984
-0.67351,1.35986
-0.67323,1.35988
-0.67297,1.35990
-0.67271,1.35992
-0.67244,1.35994
-0.67214,1.35996
-0.67180,1.35998
-0.67141,1.36000
-0.67093,1.36003
-0.67035,1.36007
-0.66961,1.36011
-0.66868,1.36017
-0.66747,1.36024
-0.66589,1.36033
-0.66387,1.36044
-0.66132,1.36057
-0.65822,1.36071
-0.65465,1.36085
-0.65073,1.36098
-0.64663,1.36110
-0.64251,1.36119
-0.63847,1.36125
-0.63468,1.36129
-0.63131,1.36130
-0.62853,1.36130
-0.62639,1.36129
-0.62481,1.36128
-0.62367,1.36127
-0.62283,1.36126
-0.62221,1.36126
-0.62173,1.36125
-0.62135,1.36125
-0.62104,1.36124
-0.62079,1.36124
-0.62056,1.36123
-0.62037,1.36123
-0.62019,1.36123
-0.62003,1.36123
-0.61989,1.36122
-0.67350,1.35987
-0.67399,1.35983
-0.67371,1.35985
-0.67337,1.35987
-0.67303,1.35990
-0.67269,1.35992
-0.67233,1.35994
-0.67195,1.35997
-0.67152,1.36000
-0.67101,1.36003
-0.67039,1.36007
-0.66963,1.36011
-0.66866,1.36017
-0.66741,1.36024
-0.66579,1.36034
-0.66369,1.36045
-0.66103,1.36058
-0.65779,1.36072
-0.65403,1.36087
-0.64992,1.36101
-0.64565,1.36112
-0.64137,1.36121
-0.63726,1.36126
-0.63349,1.36129
-0.63025,1.36130
-0.62766,1.36130
-0.62571,1.36129
-0.62428,1.36128
-0.62325,1.36127
-0.62248,1.36126
-0.62190,1.36125
-0.62145,1.36125
-0.62109,1.36124
-0.62079,1.36124
-0.62055,1.36123
-0.62033,1.36123
-0.62014,1.36123
-0.61997,1.36123
-0.61982,1.36122
-0.61969,1.36122
0.52064,-1.39156
0.46687,-1.38405
0.29917,-1.32172
-0.67257,1.35993
-0.67327,1.35988
-0.67303,1.35990
-0.67264,1.35992
-0.67220,1.35995
-0.67171,1.35998
-0.67114,1.36002
-0.67047,1.36006
-0.66966,1.36011
-0.66863,1.36017
-0.66732,1.36025
-0.66562,1.36035
-0.66341,1.36046
-0.66061,1.36060
-0.65719,1.36075
-0.65323,1.36090
-0.64892,1.36104
-0.64446,1.36115
-0.64007,1.36123
-0.63593,1.36128
-0.63225,1.36130
-0.62919,1.36130
-0.62682,1.36129
-0.62505,1.36128
-0.62376,1.36127
-0.62282,1.36126
-0.62211,1.36125
-0.62157,1.36125
-0.62115,1.36124
-0.62081,1.36124
-0.62052,1.36123
-0.62029,1.36123
-0.62009,1.36123
-0.61991,1.36123
-0.61975,1.36122
-0.61961,1.36122
-0.61949,1.36122
0.56590,-1.39293
0.55478,-1.39301
0.53810,-1.39262
0.51128,-1.39072
0.46409,-1.38349
0.35634,-1.34919
-0.66814,1.36020
-0.67169,1.35998
-0.67165,1.35999
-0.67117,1.36002
-0.67048,1.36006
-0.66960,1.36012
-0.66850,1.36018
-0.66709,1.36026
-0.66527,1.36036
-0.66292,1.36049
-0.65994,1.36063
-0.65631,1.36078
-0.65213,1.36094
-0.64761,1.36107
-0.64300,1.36118
-0.63856,1.36125
-0.63450,1.36129
-0.63100,1.36130
-0.62817,1.36130
-0.62601,1.36129
-0.62441,1.36128
-0.62324,1.36127
-0.62237,1.36126
-0.62172,1.36125
-0.62122,1.36124
-0.62082,1.36124
-0.62050,1.36123
-0.62024,1.36123
-0.62002,1.36123
-0.61983,1.36122
-0.61967,1.36122
-0.61953,1.36122
-0.61940,1.36122
-0.61929,1.36122
0.57901,-1.39251
0.57437,-1.39270
0.56792,-1.39289
0.55937,-1.39301
0.54798,-1.39292
0.53216,-1.39234
0.50942,-1.39053
0.47566,-1.38572
0.42098,-1.37265
0.31361,-1.32923
-0.66081,1.36059
-0.66723,1.36026
-0.66710,1.36026
-0.66593,1.36033
-0.66412,1.36043
-0.66168,1.36055
-0.65854,1.36069
-0.65473,1.36085
-0.65039,1.36099
-0.64576,1.36112
-0.64116,1.36121
-0.63683,1.36127
-0.63299,1.36130
-0.62976,1.36130
-0.62718,1.36130
-0.62523,1.36128
-0.62378,1.36127
-0.62270,1.36126
-0.62190,1.36125
-0.62130,1.36124
-0.62083,1.36124
-0.62047,1.36123
-0.62018,1.36123
-0.61994,1.36123
-0.61975,1.36122
-0.61958,1.36122
-0.61943,1.36122
-0.61931,1.36122
-0.61920,1.36121
-0.61910,1.36121
0.58330,-1.39229
0.58144,-1.39239
0.57854,-1.39253
0.57437,-1.39270
0.56884,-1.39287
0.56183,-1.39299
0.55304,-1.39300
0.54193,-1.39276
0.52762,-1.39207
0.50906,-1.39049
0.48509,-1.38731
0.45414,-1.38134
0.41344,-1.37035
0.35788,-1.34984
0.27526,-1.30848
0.11751,-1.19716
-0.65088,1.36098
-0.64994,1.36101
-0.64675,1.36110
-0.64283,1.36118
-0.63877,1.36125
-0.63492,1.36129
-0.63149,1.36130
-0.62859,1.36130
-0.62626,1.36129
-0.62446,1.36128
-0.62312,1.36127
-0.62213,1.36125
-0.62140,1.36125
-0.62084,1.36124
-0.62043,1.36123
-0.62010,1.36123
-0.61985,1.36122
-0.61964,1.36122
-0.61947,1.36122
-0.61932,1.36122
-0.61920,1.36121
-0.61909,1.36121
-0.61900,1.36121
-0.61891,1.36121
0.58469,-1.39221
0.58385,-1.39226
0.58252,-1.39233
0.58047,-1.39244
0.57752,-1.39257
0.57354,-1.39273
0.56845,-1.39288
0.56213,-1.39299
0.55435,-1.39301
0.54478,-1.39285
0.53296,-1.39238
0.51832,-1.39137
0.50025,-1.38947
0.47800,-1.38613
0.45045,-1.38049
0.41577,-1.37107
0.37080,-1.35515
0.31024,-1.32751
0.22316,-1.27623
0.05847,-1.14522
-0.63605,1.36128
-0.63312,1.36130
-0.63019,1.36130
-0.62757,1.36130
-0.62539,1.36129
-0.62369,1.36127
-0.62243,1.36126
-0.62151,1.36125
-0.62085,1.36124
-0.62036,1.36123
-0.62000,1.36123
-0.61973,1.36122
-0.61951,1.36122
-0.61933,1.36122
-0.61919,1.36121
-0.61907,1.36121
-0.61896,1.36121
-0.61887,1.36121
-0.61879,1.36121
-0.61873,1.36121
0.58529,-1.39218
0.58481,-1.39220
0.58408,-1.39225
0.58297,-1.39231
0.58130,-1.39240
0.57892,-1.39251
0.57569,-1.39265
0.57152,-1.39279
0.56628,-1.39293
0.55976,-1.39301
0.55167,-1.39298
0.54160,-1.39275
0.52905,-1.39216
0.51340,-1.39092
0.49387,-1.38863
0.46945,-1.38456
0.43874,-1.37760
0.39994,-1.36593
0.35083,-1.34680
0.28830,-1.31583
0.20500,-1.26392
0.06193,-1.14842
-0.62997,1.36130
-0.62685,1.36129
-0.62457,1.36128
-0.62287,1.36126
-0.62166,1.36125
-0.62083,1.36124
-0.62026,1.36123
-0.61986,1.36122
-0.61956,1.36122
-0.61934,1.36122
-0.61916,1.36121
-0.61902,1.36121
-0.61891,1.36121
-0.61881,1.36121
-0.61872,1.36121
-0.61865,1.36121
-0.61859,1.36120
-0.61853,1.36120
0.58563,-1.39216
0.58532,-1.39217
0.58485,-1.39220
0.58416,-1.39224
0.58311,-1.39230
0.58157,-1.39238
0.57938,-1.39249
0.57642,-1.39262
0.57257,-1.39276
0.56766,-1.39290
0.56146,-1.39300
0.55363,-1.39300
0.54369,-1.39282
0.53106,-1.39228
0.51502,-1.39108
0.49470,-1.38874
0.46909,-1.38449
0.43707,-1.37716
0.39749,-1.36509
0.34931,-1.34614
0.29102,-1.31732
0.21806,-1.27283
0.11033,-1.19115
-0.62750,1.36130
-0.62375,1.36127
-0.62190,1.36125
-0.62079,1.36124
-0.62010,1.36123
-0.61965,1.36122
-0.61933,1.36122
-0.61911,1.36121
-0.61894,1.36121
-0.61880,1.36121
-0.61869,1.36121
-0.61861,1.36120
-0.61853,1.36120
-0.61847,1.36120
-0.61841,1.36120
-0.61837,1.36120
-0.61833,1.36120
0.58586,-1.39214
0.58564,-1.39216
0.58532,-1.39217
0.58485,-1.39220
0.58414,-1.39224
0.58308,-1.39230
0.58152,-1.39238
0.57931,-1.39249
0.57632,-1.39262
0.57239,-1.39277
0.56733,-1.39290
0.56083,-1.39300
0.55249,-1.39299
0.54174,-1.39276
0.52784,-1.39208
0.50996,-1.39058
0.48717,-1.38764
0.45853,-1.38232
0.42327,-1.37332
0.38086,-1.35907
0.33088,-1.33770
0.27179,-1.30648
0.19760,-1.25875
0.08080,-1.16552
-0.62286,1.36126
-0.62070,1.36124
-0.61979,1.36122
-0.61929,1.36122
-0.61897,1.36121
-0.61876,1.36121
-0.61860,1.36120
-0.61849,1.36120
-0.61840,1.36120
-0.61833,1.36120
-0.61827,1.36120
-0.61823,1.36120
-0.61819,1.36120
-0.61815,1.36120
-0.61812,1.36120
-0.61809,1.36120
0.58604,-1.39213
0.58587,-1.39214
0.58564,-1.39216
0.58531,-1.39218
0.58481,-1.39220
0.58406,-1.39225
0.58293,-1.39231
0.58126,-1.39240
0.57889,-1.39251
0.57566,-1.39265
0.57137,-1.39280
0.56579,-1.39294
0.55854,-1.39301
0.54908,-1.39294
0.53671,-1.39256
0.52056,-1.39156
0.49967,-1.38940
0.47312,-1.38525
0.44022,-1.37798
0.40064,-1.36617
0.35425,-1.34829
0.30034,-1.32234
0.23540,-1.28422
0.14625,-1.22044
-0.62044,1.36123
-0.61899,1.36121
-0.61852,1.36120
-0.61828,1.36120
-0.61813,1.36120
-0.61804,1.36119
-0.61798,1.36119
-0.61794,1.36119
-0.61791,1.36119
-0.61789,1.36119
-0.61788,1.36119
-0.61786,1.36119
-0.61785,1.36119
-0.61784,1.36119
-0.61783,1.36119
-0.61783,1.36119
0.58617,-1.39212
0.58605,-1.39213
0.58588,-1.39214
0.58564,-1.39216
0.58528,-1.39218
0.58475,-1.39221
0.58394,-1.39225
0.58270,-1.39232
0.58084,-1.39242
0.57819,-1.39254
0.57455,-1.39269
0.56968,-1.39285
0.56327,-1.39298
0.55482,-1.39301
0.54366,-1.39282
0.52888,-1.39215
0.50945,-1.39053
0.48435,-1.38720
0.45284,-1.38105
0.41455,-1.37069
0.36941,-1.35460
0.31688,-1.33087
0.25392,-1.29583
0.16914,-1.23804
-0.03363,-1.05265
-0.61541,1.36114
-0.61627,1.36116
-0.61663,1.36117
-0.61685,1.36117
-0.61700,1.36118
-0.61711,1.36118
-0.61719,1.36118
-0.61726,1.36118
-0.61732,1.36118
-0.61737,1.36118
-0.61740,1.36118
-0.61744,1.36118
-0.61746,1.36118
-0.61748,1.36118
-0.61750,1.36118
0.58629,-1.39212
0.58619,-1.39212
0.58606,-1.39213
0.58589,-1.39214
0.58563,-1.39216
0.58526,-1.39218
0.58468,-1.39221
0.58378,-1.39226
0.58238,-1.39234
0.58027,-1.39245
0.57723,-1.39259
0.57301,-1.39275
0.56733,-1.39290
0.55976,-1.39301
0.54964,-1.39295
0.53608,-1.39253
0.51793,-1.39134
0.49401,-1.38864
0.46333,-1.38333
0.42531,-1.37391
0.37969,-1.35862
0.32570,-1.33522
0.25962,-1.29928
0.16644,-1.23601
-0.58701,1.35996
-0.60717,1.36092
-0.61137,1.36104
-0.61338,1.36110
-0.61452,1.36112
-0.61524,1.36114
-0.61572,1.36115
-0.61606,1.36116
-0.61632,1.36116
-0.61652,1.36117
-0.61667,1.36117
-0.61679,1.36117
-0.61689,1.36117
-0.61698,1.36117
-0.61704,1.36118
-0.61709,1.36118
0.58638,-1.39211
0.58631,-1.39211
0.58621,-1.39212
0.58608,-1.39213
0.58589,-1.39214
0.58563,-1.39216
0.58523,-1.39218
0.58459,-1.39222
0.58359,-1.39227
0.58199,-1.39236
0.57954,-1.39248
0.57597,-1.39264
0.57100,-1.39281
0.56424,-1.39296
0.55511,-1.39301
0.54270,-1.39279
0.52581,-1.39195
0.50299,-1.38980
0.47284,-1.38520
0.43426,-1.37641
0.38642,-1.36114
0.32757,-1.33612
0.25121,-1.29416
0.12341,-1.20205
-0.58600,1.35990
-0.59783,1.36055
-0.60398,1.36080
-0.60794,1.36094
-0.61054,1.36102
-0.61228,1.36107
-0.61347,1.36110
-0.61430,1.36112
-0.61490,1.36113
-0.61535,1.36114
-0.61569,1.36115
-0.61596,1.36115
-0.61617,1.36116
-0.61634,1.36116
-0.61647,1.36116
-0.61658,1.36117
0.58646,-1.39211
0.58641,-1.39211
0.58633,-1.39211
0.58623,-1.39212
0.58610,-1.39213
0.58591,-1.39214
0.58563,-1.39216
0.58519,-1.39218
0.58450,-1.39222
0.58336,-1.39229
0.58150,-1.39239
0.57862,-1.39253
0.57437,-1.39270
0.56841,-1.39288
0.56021,-1.39301
0.54894,-1.39294
0.53332,-1.39240
0.51165,-1.39075
0.48189,-1.38679
0.44189,-1.37840
0.38924,-1.36218
0.31915,-1.33201
0.21284,-1.26930
-0.56113,1.35794
-0.58299,1.35971
-0.59158,1.36023
-0.59749,1.36053
-0.60201,1.36073
-0.60553,1.36086
-0.60822,1.36095
-0.61023,1.36101
-0.61173,1.36105
-0.61284,1.36108
-0.61367,1.36110
-0.61431,1.36112
-0.61480,1.36113
-0.61519,1.36114
-0.61549,1.36114
-0.61573,1.36115
-0.61593,1.36115
0.58654,-1.39210
0.58649,-1.39210
0.58643,-1.39211
0.58636,-1.39211
0.58626,-1.39212
0.58612,-1.39213
0.58592,-1.39214
0.58563,-1.39216
0.58517,-1.39218
0.58440,-1.39223
0.58309,-1.39230
0.58090,-1.39242
0.57743,-1.39258
0.57229,-1.39277
0.56500,-1.39295
0.55481,-1.39301
0.54048,-1.39271
0.52001,-1.39151
0.49049,-1.38814
0.44770,-1.37984
0.38448,-1.36043
0.28062,-1.31154
-0.53445,1.35494
-0.56880,1.35863
-0.58017,1.35951
-0.58738,1.35999
-0.59278,1.36029
-0.59717,1.36051
-0.60085,1.36068
-0.60393,1.36080
-0.60648,1.36089
-0.60854,1.36096
-0.61018,1.36101
-0.61147,1.36105
-0.61248,1.36107
-0.61327,1.36109
-0.61390,1.36111
-0.61439,1.36112
-0.61479,1.36113
-0.61510,1.36114
0.58660,-1.39210
0.58656,-1.39210
0.58652,-1.39210
0.58646,-1.39211
0.58639,-1.39211
0.58629,-1.39212
0.58615,-1.39212
0.58595,-1.39214
0.58565,-1.39215
0.58515,-1.39218
0.58429,-1.39223
0.58277,-1.39232
0.58013,-1.39245
0.57586,-1.39264
0.56946,-1.39285
0.56027,-1.39300
0.54708,-1.39291
0.52770,-1.39207
0.49790,-1.38917
0.44815,-1.37995
0.34179,-1.34277
-0.50101,1.34996
-0.54953,1.35675
-0.56725,1.35850
-0.57725,1.35930
-0.58404,1.35978
-0.58921,1.36010
-0.59343,1.36033
-0.59703,1.36051
-0.60016,1.36065
-0.60288,1.36076
-0.60523,1.36085
-0.60722,1.36092
-0.60889,1.36097
-0.61027,1.36101
-0.61139,1.36105
-0.61230,1.36107
-0.61303,1.36109
-0.61362,1.36110
-0.61410,1.36111
0.58666,-1.39209
0.58663,-1.39209
0.58660,-1.39210
0.58655,-1.39210
0.58650,-1.39210
0.58643,-1.39211
0.58633,-1.39211
0.58619,-1.39212
0.58599,-1.39213
0.58568,-1.39215
0.58515,-1.39218
0.58418,-1.39224
0.58236,-1.39234
0.57904,-1.39251
0.57355,-1.39273
0.56516,-1.39295
0.55267,-1.39299
0.53331,-1.39240
0.49825,-1.38921
-0.04725,1.14612
-0.38386,1.32244
-0.50531,1.35068
-0.54562,1.35631
-0.56368,1.35818
-0.57405,1.35906
-0.58102,1.35957
-0.58622,1.35992
-0.59040,1.36016
-0.59394,1.36035
-0.59702,1.36051
-0.59975,1.36063
-0.60219,1.36073
-0.60435,1.36082
-0.60625,1.36089
-0.60789,1.36094
-0.60929,1.36098
-0.61047,1.36102
-0.61145,1.36105
-0.61226,1.36107
-0.61292,1.36109
0.58672,-1.39209
0.58669,-1.39209
0.58667,-1.39209
0.58663,-1.39209
0.58659,-1.39210
0.58654,-1.39210
0.58647,-1.39210
0.58638,-1.39211
0.58625,-1.39212
0.58606,-1.39213
0.58574,-1.39215
0.58517,-1.39218
0.58405,-1.39225
0.58173,-1.39237
0.57720,-1.39259
0.56922,-1.39286
0.55559,-1.39301
0.51799,-1.39134
-0.02812,1.12972
-0.20142,1.24828
-0.37658,1.32023
-0.49105,1.34823
-0.53783,1.35537
-0.55884,1.35772
-0.57047,1.35877
-0.57802,1.35936
-0.58349,1.35974
-0.58778,1.36001
-0.59133,1.36022
-0.59439,1.36038
-0.59711,1.36051
-0.59954,1.36062
-0.60175,1.36072
-0.60375,1.36080
-0.60554,1.36086
-0.60713,1.36092
-0.60853,1.36096
-0.60973,1.36100
-0.61075,1.36103
-0.61160,1.36105
0.58677,-1.39209
0.58676,-1.39209
0.58674,-1.39209
0.58671,-1.39209
0.58668,-1.39209
0.58665,-1.39209
0.58660,-1.39210
0.58654,-1.39210
0.58646,-1.39211
0.58633,-1.39211
0.58615,-1.39212
0.58583,-1.39214
0.58521,-1.39218
0.58381,-1.39226
0.58031,-1.39245
0.57150,-1.39280
0.28296,0.65636
0.02924,1.07373
-0.08293,1.17417
-0.20130,1.24822
-0.34735,1.31076
-0.46905,1.34398
-0.52698,1.35395
-0.55276,1.35709
-0.56641,1.35842
-0.57490,1.35913
-0.58084,1.35956
-0.58536,1.35986
-0.58902,1.36008
-0.59212,1.36026
-0.59483,1.36040
-0.59726,1.36052
-0.59947,1.36062
-0.60149,1.36071
-0.60335,1.36078
-0.60505,1.36084
-0.60658,1.36090
-0.60795,1.36094
-0.60915,1.36098
-0.61019,1.36101
0.58683,-1.39208
0.58681,-1.39208
0.58680,-1.39208
0.58679,-1.39209
0.58677,-1.39209
0.58675,-1.39209
0.58672,-1.39209
0.58668,-1.39209
0.58663,-1.39209
0.58656,-1.39210
0.58645,-1.39211
0.58628,-1.39212
0.58597,-1.39214
0.58526,-1.39218
0.58284,-1.39231
0.34362,0.51301
0.09131,0.99937
-0.00310,1.10662
-0.08604,1.17646
-0.18347,1.23862
-0.31128,1.29775
-0.43988,1.33751
-0.51259,1.35184
-0.54522,1.35626
-0.56172,1.35799
-0.57153,1.35886
-0.57814,1.35937
-0.58302,1.35971
-0.58687,1.35996
-0.59006,1.36014
-0.59281,1.36030
-0.59525,1.36042
-0.59746,1.36053
-0.59948,1.36062
-0.60136,1.36070
-0.60311,1.36077
-0.60472,1.36083
-0.60621,1.36088
-0.60754,1.36093
-0.60874,1.36097
0.58688,-1.39208
0.58688,-1.39208
0.58687,-1.39208
0.58686,-1.39208
0.58685,-1.39208
0.58684,-1.39208
0.58683,-1.39208
0.58681,-1.39208
0.58679,-1.39208
0.58676,-1.39209
0.58671,-1.39209
0.58664,-1.39209
0.58652,-1.39210
0.58625,-1.39212
0.58506,-1.39219
0.18518,0.85362
0.07386,1.02190
-0.00206,1.10562
-0.07409,1.16751
-0.15899,1.22463
-0.27202,1.28184
-0.40318,1.32803
-0.49339,1.34864
-0.53566,1.35510
-0.55615,1.35745
-0.56776,1.35854
-0.57527,1.35915
-0.58064,1.35955
-0.58477,1.35982
-0.58812,1.36003
-0.59096,1.36019
-0.59343,1.36033
-0.59565,1.36044
-0.59768,1.36054
-0.59956,1.36062
-0.60133,1.36070
-0.60298,1.36077
-0.60453,1.36082
-0.60596,1.36088
-0.60727,1.36092
0.58694,-1.39208
0.58694,-1.39208
0.58694,-1.39208
0.58695,-1.39208
0.58695,-1.39208
0.58695,-1.39207
0.58695,-1.39207
0.58696,-1.39207
0.58696,-1.39207
0.58697,-1.39207
0.58698,-1.39207
0.58700,-1.39207
0.58706,-1.39207
0.58724,-1.39206
0.59159,-1.39176
0.19707,0.83207
0.08927,1.00208
0.01540,1.08825
-0.05252,1.15047
-0.12945,1.20637
-0.22998,1.26267
-0.35807,1.31434
-0.46683,1.34352
-0.52287,1.35337
-0.54918,1.35671
-0.56330,1.35814
-0.57205,1.35890
-0.57809,1.35937
-0.58261,1.35968
-0.58619,1.35991
-0.58917,1.36009
-0.59172,1.36024
-0.59398,1.36036
-0.59603,1.36046
-0.59792,1.36055
-0.59969,1.36063
-0.60136,1.36070
-0.60294,1.36076
-0.60444,1.36082
-0.60583,1.36087
0.58700,-1.39207
0.58701,-1.39207
0.58702,-1.39207
0.58704,-1.39207
0.58705,-1.39207
0.58707,-1.39207
0.58710,-1.39207
0.58713,-1.39206
0.58717,-1.39206
0.58723,-1.39206
0.58733,-1.39205
0.58750,-1.39204
0.58786,-1.39202
0.58896,-1.39194
0.59565,-1.39145
0.28640,0.64863
0.13402,0.93836
0.04950,1.05118
-0.02020,1.12261
-0.09298,1.18152
-0.18327,1.23851
-0.30291,1.29451
-0.42781,1.33455
-0.50403,1.35047
-0.53959,1.35559
-0.55759,1.35759
-0.56816,1.35857
-0.57516,1.35915
-0.58023,1.35952
-0.58415,1.35978
-0.58734,1.35998
-0.59003,1.36014
-0.59237,1.36027
-0.59447,1.36038
-0.59638,1.36048
-0.59816,1.36056
-0.59984,1.36064
-0.60144,1.36070
-0.60297,1.36077
-0.60442,1.36082
0.58708,-1.39207
0.58710,-1.39207
0.58712,-1.39206
0.58714,-1.39206
0.58718,-1.39206
0.58722,-1.39206
0.58727,-1.39205
0.58734,-1.39205
0.58744,-1.39204
0.58759,-1.39203
0.58783,-1.39202
0.58826,-1.39199
0.58915,-1.39193
0.59129,-1.39178
0.59707,-1.39134
0.61569,-1.38945
0.24060,0.74729
0.11203,0.97084
0.02955,1.07339
-0.04461,1.14392
-0.12773,1.20526
-0.23507,1.26512
-0.36701,1.31723
-0.47189,1.34456
-0.52430,1.35357
-0.54921,1.35671
-0.56283,1.35810
-0.57137,1.35884
-0.57731,1.35931
-0.58176,1.35963
-0.58529,1.35986
-0.58821,1.36004
-0.59070,1.36018
-0.59290,1.36030
-0.59487,1.36040
-0.59669,1.36049
-0.59839,1.36057
-0.60001,1.36064
-0.60156,1.36071
-0.60305,1.36077
0.58716,-1.39206
0.58719,-1.39206
0.58723,-1.39206
0.58727,-1.39205
0.58733,-1.39205
0.58740,-1.39205
0.58749,-1.39204
0.58762,-1.39203
0.58781,-1.39202
0.58809,-1.39200
0.58854,-1.39197
0.58934,-1.39192
0.59081,-1.39182
0.59361,-1.39161
0.59870,-1.39120
0.60722,-1.39039
0.62310,-1.38851
0.26175,0.70288
0.11979,0.95964
0.02882,1.07418
-0.05452,1.15210
-0.15001,1.21924
-0.27290,1.28222
-0.40711,1.32911
-0.49373,1.34870
-0.53407,1.35490
-0.55406,1.35723
-0.56558,1.35835
-0.57312,1.35899
-0.57852,1.35940
-0.58265,1.35969
-0.58598,1.35990
-0.58876,1.36007
-0.59115,1.36021
-0.59326,1.36032
-0.59517,1.36042
-0.59693,1.36050
-0.59859,1.36058
-0.60017,1.36065
-0.60169,1.36071
0.58726,-1.39206
0.58731,-1.39205
0.58736,-1.39205
0.58743,-1.39204
0.58752,-1.39204
0.58763,-1.39203
0.58778,-1.39202
0.58799,-1.39201
0.58830,-1.39199
0.58876,-1.39196
0.58949,-1.39191
0.59068,-1.39183
0.59266,-1.39168
0.59586,-1.39144
0.60072,-1.39102
0.60736,-1.39038
0.61537,-1.38948
0.62471,-1.38829
0.67088,-1.38001
0.18589,0.85234
0.06758,1.02969
-0.03067,1.13196
-0.13747,1.21148
-0.27087,1.28135
-0.41107,1.33019
-0.49644,1.34918
-0.53522,1.35504
-0.55452,1.35728
-0.56577,1.35837
-0.57321,1.35899
-0.57858,1.35940
-0.58271,1.35969
-0.58606,1.35991
-0.58885,1.36007
-0.59126,1.36021
-0.59339,1.36033
-0.59530,1.36042
-0.59707,1.36051
-0.59873,1.36059
-0.60031,1.36066
0.58738,-1.39205
0.58745,-1.39204
0.58753,-1.39204
0.58763,-1.39203
0.58776,-1.39202
0.58793,-1.39201
0.58815,-1.39200
0.58847,-1.39198
0.58892,-1.39195
0.58960,-1.39190
0.59062,-1.39183
0.59220,-1.39172
0.59460,-1.39154
0.59815,-1.39125
0.60310,-1.39080
0.60947,-1.39015
0.61683,-1.38931
0.62449,-1.38832
0.63164,-1.38729
0.63771,-1.38635
0.64498,-1.38513
0.27263,0.67925
0.10462,0.98127
-0.02787,1.12949
-0.17009,1.23109
-0.33710,1.30721
-0.46562,1.34327
-0.52315,1.35341
-0.54868,1.35665
-0.56238,1.35805
-0.57099,1.35881
-0.57702,1.35929
-0.58159,1.35961
-0.58524,1.35985
-0.58828,1.36004
-0.59087,1.36019
-0.59314,1.36031
-0.59518,1.36042
-0.59704,1.36051
-0.59876,1.36059
0.58754,-1.39204
0.58763,-1.39203
0.58774,-1.39202
0.58788,-1.39202
0.58806,-1.39200
0.58829,-1.39199
0.58861,-1.39197
0.58905,-1.39194
0.58967,-1.39190
0.59058,-1.39183
0.59190,-1.39174
0.59383,-1.39160
0.59663,-1.39137
0.60056,-1.39104
0.60584,-1.39053
0.61251,-1.38982
0.62033,-1.38887
0.62895,-1.38769
0.63798,-1.38631
0.64706,-1.38476
0.65581,-1.38313
0.66377,-1.38153
0.67025,-1.38015
0.67395,-1.37933
0.67186,-1.37980
0.41660,0.32217
0.01795,1.08563
-0.24416,1.26940
-0.44941,1.33973
-0.52427,1.35357
-0.55137,1.35695
-0.56474,1.35827
-0.57293,1.35897
-0.57868,1.35941
-0.58309,1.35971
-0.58667,1.35994
-0.58969,1.36012
-0.59231,1.36027
-0.59461,1.36039
-0.59668,1.36049
0.58772,-1.39203
0.58784,-1.39202
0.58799,-1.39201
0.58818,-1.39200
0.58842,-1.39198
0.58873,-1.39196
0.58915,-1.39193
0.58972,-1.39189
0.59053,-1.39184
0.59166,-1.39176
0.59327,-1.39164
0.59555,-1.39146
0.59876,-1.39119
0.60314,-1.39080
0.60889,-1.39022
0.61608,-1.38940
0.62462,-1.38830
0.63432,-1.38689
0.64496,-1.38513
0.65628,-1.38304
0.66783,-1.38068
0.67904,-1.37816
0.68929,-1.37567
0.69810,-1.37339
0.70522,-1.37145
0.71057,-1.36994
0.71404,-1.36894
0.71492,-1.36868
0.70967,-1.37020
0.68083,-1.37774
-0.25114,1.27261
-0.49647,1.34919
-0.54603,1.35635
-0.56349,1.35816
-0.57274,1.35896
-0.57890,1.35942
-0.58355,1.35974
-0.58732,1.35998
-0.59053,1.36017
-0.59332,1.36032
0.58794,-1.39201
0.58810,-1.39200
0.58829,-1.39199
0.58853,-1.39197
0.58884,-1.39195
0.58923,-1.39193
0.58976,-1.39189
0.59047,-1.39184
0.59145,-1.39177
0.59281,-1.39167
0.59472,-1.39153
0.59737,-1.39131
0.60101,-1.39099
0.60589,-1.39053
0.61219,-1.38985
0.61996,-1.38892
0.62917,-1.38766
0.63968,-1.38603
0.65128,-1.38400
0.66356,-1.38158
0.67590,-1.37889
0.68751,-1.37611
0.69774,-1.37348
0.70624,-1.37117
0.71305,-1.36923
0.71838,-1.36766
0.72252,-1.36640
0.72572,-1.36542
0.72813,-1.36467
0.72973,-1.36416
0.73015,-1.36403
0.72753,-1.36486
0.70369,-1.37187
-0.30540,1.29548
-0.52583,1.35379
-0.55834,1.35767
-0.57080,1.35880
-0.57803,1.35936
-0.58322,1.35972
-0.58739,1.35999
0.58820,-1.39200
0.58840,-1.39198
0.58864,-1.39197
0.58893,-1.39195
0.58931,-1.39192
0.58979,-1.39189
0.59042,-1.39185
0.59127,-1.39179
0.59243,-1.39170
0.59403,-1.39158
0.59624,-1.39141
0.59928,-1.39115
0.60339,-1.39077
0.60880,-1.39023
0.61565,-1.38945
0.62397,-1.38839
0.63371,-1.38698
0.64473,-1.38517
0.65677,-1.38295
0.66931,-1.38036
0.68161,-1.37755
0.69286,-1.37476
0.70250,-1.37220
0.71033,-1.37001
0.71650,-1.36822
0.72130,-1.36678
0.72506,-1.36563
0.72803,-1.36470
0.73043,-1.36394
0.73239,-1.36331
0.73400,-1.36280
0.73527,-1.36238
0.73614,-1.36210
0.73624,-1.36206
0.73385,-1.36284
0.70716,-1.37091
-0.42508,1.33386
-0.54579,1.35633
-0.56683,1.35846
-0.57622,1.35923
0.58850,-1.39198
0.58874,-1.39196
0.58902,-1.39194
0.58937,-1.39192
0.58981,-1.39189
0.59038,-1.39185
0.59112,-1.39180
0.59211,-1.39172
0.59346,-1.39162
0.59531,-1.39148
0.59785,-1.39127
0.60130,-1.39097
0.60591,-1.39053
0.61185,-1.38989
0.61921,-1.38901
0.62799,-1.38783
0.63810,-1.38629
0.64938,-1.38435
0.66151,-1.38200
0.67393,-1.37933
0.68586,-1.37652
0.69657,-1.37379
0.70558,-1.37135
0.71281,-1.36930
0.71847,-1.36763
0.72287,-1.36630
0.72630,-1.36524
0.72904,-1.36438
0.73125,-1.36368
0.73308,-1.36309
0.73462,-1.36259
0.73594,-1.36216
0.73708,-1.36179
0.73807,-1.36146
0.73888,-1.36120
0.73940,-1.36102
0.73922,-1.36108
0.73611,-1.36211
0.39941,0.36887
-0.50746,1.35103
0.58883,-1.39195
0.58910,-1.39194
0.58943,-1.39191
0.58983,-1.39189
0.59034,-1.39185
0.59099,-1.39181
0.59184,-1.39174
0.59297,-1.39166
0.59452,-1.39154
0.59665,-1.39137
0.59954,-1.39113
0.60344,-1.39077
0.60855,-1.39025
0.61500,-1.38953
0.62281,-1.38855
0.63194,-1.38725
0.64227,-1.38560
0.65362,-1.38356
0.66563,-1.38114
0.67774,-1.37846
0.68919,-1.37569
0.69932,-1.37306
0.70776,-1.37074
0.71450,-1.36881
0.71977,-1.36724
0.72386,-1.36599
0.72708,-1.36500
0.72964,-1.36419
0.73171,-1.36353
0.73343,-1.36298
0.73488,-1.36251
0.73612,-1.36211
0.73719,-1.36175
0.73814,-1.36144
0.73899,-1.36116
0.73975,-1.36091
0.74043,-1.36068
0.74098,-1.36050
0.74128,-1.36040
0.74075,-1.36057
0.58918,-1.39193
0.58949,-1.39191
0.58986,-1.39188
0.59031,-1.39185
0.59088,-1.39181
0.59161,-1.39176
0.59257,-1.39169
0.59387,-1.39159
0.59564,-1.39145
0.59806,-1.39125
0.60134,-1.39096
0.60571,-1.39055
0.61132,-1.38995
0.61823,-1.38914
0.62642,-1.38805
0.63579,-1.38666
0.64621,-1.38491
0.65748,-1.38281
0.66926,-1.38037
0.68097,-1.37770
0.69190,-1.37501
0.70148,-1.37248
0.70942,-1.37027
0.71575,-1.36844
0.72070,-1.36696
0.72457,-1.36577
0.72762,-1.36483
0.73005,-1.36406
0.73204,-1.36343
0.73368,-1.36290
0.73506,-1.36245
0.73624,-1.36206
0.73726,-1.36173
0.73815,-1.36144
0.73894,-1.36118
0.73964,-1.36094
0.74028,-1.36073
0.74087,-1.36053
0.74142,-1.36035
0.74192,-1.36018
0.58955,-1.39191
0.58989,-1.39188
0.59029,-1.39185
0.59079,-1.39182
0.59142,-1.39177
0.59224,-1.39172
0.59332,-1.39163
0.59480,-1.39152
0.59681,-1.39136
0.59956,-1.39112
0.60326,-1.39078
0.60811,-1.39030
0.61420,-1.38962
0.62152,-1.38872
0.63000,-1.38754
0.63950,-1.38606
0.64991,-1.38425
0.66103,-1.38210
0.67249,-1.37966
0.68376,-1.37703
0.69418,-1.37442
0.70326,-1.37199
0.71075,-1.36989
0.71674,-1.36814
0.72144,-1.36673
0.72512,-1.36560
0.72804,-1.36470
0.73038,-1.36396
0.73229,-1.36335
0.73387,-1.36284
0.73521,-1.36240
0.73635,-1.36203
0.73733,-1.36171
0.73819,-1.36142
0.73894,-1.36118
0.73960,-1.36096
0.74019,-1.36076
0.74072,-1.36058
0.74121,-1.36042
0.74166,-1.36027
0.58992,-1.39188
0.59028,-1.39186
0.59072,-1.39182
0.59127,-1.39179
0.59196,-1.39174
0.59287,-1.39167
0.59410,-1.39158
0.59577,-1.39144
0.59806,-1.39125
0.60117,-1.39098
0.60531,-1.39059
0.61063,-1.39003
0.61717,-1.38927
0.62484,-1.38827
0.63351,-1.38701
0.64307,-1.38546
0.65338,-1.38360
0.66427,-1.38143
0.67539,-1.37900
0.68622,-1.37643
0.69616,-1.37390
0.70477,-1.37158
0.71188,-1.36957
0.71757,-1.36790
0.72205,-1.36655
0.72558,-1.36546
0.72838,-1.36459
0.73064,-1.36387
0.73249,-1.36328
0.73403,-1.36278
0.73533,-1.36236
0.73645,-1.36200
0.73741,-1.36168
0.73824,-1.36141
0.73897,-1.36117
0.73961,-1.36095
0.74017,-1.36077
0.74067,-1.36060
0.74111,-1.36045
0.74152,-1.36032
