-1.16362,1.10639
-1.16292,1.10715
-1.16213,1.10799
-1.16122,1.10897
-1.16015,1.11011
-1.15889,1.11145
-1.15737,1.11307
-1.15551,1.11502
-1.15323,1.11741
-1.15039,1.12036
-1.14680,1.12405
-1.14221,1.12870
-1.13626,1.13464
-1.12844,1.14226
-1.11812,1.15203
-1.10450,1.16446
-1.08671,1.17992
-1.06406,1.19844
-1.03621,1.21953
-1.00342,1.24222
-0.96640,1.26524
-0.92613,1.28734
-0.88367,1.30746
-0.84044,1.32464
-0.79860,1.33810
-0.76102,1.34752
-0.73020,1.35338
-0.70692,1.35670
-0.69021,1.35851
-0.67842,1.35952
-0.67004,1.36009
-0.66395,1.36043
-0.65941,1.36065
-0.65591,1.36080
-0.65311,1.36090
-0.65079,1.36098
-0.64880,1.36104
-0.64703,1.36109
-0.64543,1.36113
-0.64394,1.36116
-1.16415,1.10581
-1.16329,1.10674
-1.16239,1.10771
-1.16141,1.10877
-1.16029,1.10996
-1.15899,1.11135
-1.15744,1.11299
-1.15557,1.11496
-1.15329,1.11735
-1.15045,1.12030
-1.14686,1.12399
-1.14226,1.12865
-1.13628,1.13461
-1.12840,1.14230
-1.11792,1.15222
-1.10398,1.16492
-1.08565,1.18082
-1.06212,1.19996
-1.03300,1.22186
-0.99854,1.24541
-0.95951,1.26923
-0.91708,1.29190
-0.87265,1.31216
-0.82813,1.32893
-0.78624,1.34148
-0.75000,1.34981
-0.72136,1.35475
-0.70026,1.35748
-0.68529,1.35896
-0.67471,1.35978
-0.66712,1.36026
-0.66153,1.36055
-0.65730,1.36074
-0.65398,1.36087
-0.65129,1.36097
-0.64902,1.36103
-0.64705,1.36109
-0.64529,1.36113
-0.64369,1.36116
-0.64220,1.36119
-1.16546,1.10439
-1.16425,1.10570
-1.16310,1.10695
-1.16193,1.10820
-1.16068,1.10955
-1.15928,1.11104
-1.15766,1.11276
-1.15574,1.11478
-1.15342,1.11722
-1.15055,1.12020
-1.14694,1.12391
-1.14232,1.12860
-1.13628,1.13461
-1.12829,1.14240
-1.11761,1.15251
-1.10330,1.16553
-1.08432,1.18194
-1.05978,1.20180
-1.02920,1.22458
-0.99284,1.24907
-0.95160,1.27371
-0.90687,1.29687
-0.86053,1.31707
-0.81508,1.33317
-0.77372,1.34462
-0.73932,1.35182
-0.71302,1.35592
-0.69405,1.35814
-0.68064,1.35934
-0.67111,1.36002
-0.66420,1.36042
-0.65905,1.36067
-0.65508,1.36083
-0.65191,1.36095
-0.64930,1.36103
-0.64708,1.36109
-0.64514,1.36113
-0.64341,1.36117
-0.64183,1.36120
-0.64037,1.36122
-1.16819,1.10141
-1.16637,1.10340
-1.16472,1.10520
-1.16316,1.10688
-1.16161,1.10855
-1.15999,1.11029
-1.15820,1.11219
-1.15615,1.11436
-1.15372,1.11690
-1.15077,1.11997
-1.14708,1.12376
-1.14238,1.12853
-1.13624,1.13465
-1.12809,1.14259
-1.11713,1.15295
-1.10235,1.16637
-1.08260,1.18338
-1.05685,1.20407
-1.02458,1.22784
-0.98605,1.25335
-0.94235,1.27879
-0.89525,1.30229
-0.84719,1.32218
-0.80136,1.33731
-0.76118,1.34749
-0.72904,1.35356
-0.70518,1.35691
-0.68818,1.35870
-0.67617,1.35968
-0.66756,1.36024
-0.66123,1.36057
-0.65643,1.36078
-0.65269,1.36092
-0.64966,1.36102
-0.64714,1.36109
-0.64499,1.36114
-0.64310,1.36118
-0.64141,1.36121
-0.63988,1.36123
-0.63848,1.36125
-1.16631,1.10346
-1.16916,1.10034
-1.16754,1.10212
-1.16554,1.10430
-1.16352,1.10649
-1.16149,1.10868
-1.15936,1.11095
-1.15703,1.11342
-1.15438,1.11622
-1.15123,1.11949
-1.14737,1.12347
-1.14249,1.12842
-1.13616,1.13474
-1.12774,1.14293
-1.11639,1.15364
-1.10099,1.16758
-1.08026,1.18532
-1.05305,1.20699
-1.01877,1.23188
-0.97774,1.25847
-0.93134,1.28465
-0.88189,1.30824
-0.83253,1.32743
-0.78705,1.34127
-0.74876,1.35005
-0.71922,1.35506
-0.69777,1.35775
-0.68258,1.35919
-0.67179,1.35998
-0.66396,1.36043
-0.65813,1.36071
-0.65365,1.36089
-0.65011,1.36100
-0.64723,1.36108
-0.64481,1.36114
-0.64274,1.36118
-0.64093,1.36122
-0.63933,1.36124
-0.63789,1.36126
-0.63658,1.36127
0.01108,-1.09941
-0.06897,-1.01304
-0.17117,-0.88280
-1.16081,1.10941
-1.16497,1.10493
-1.16353,1.10648
-1.16123,1.10895
-1.15857,1.11179
-1.15556,1.11497
-1.15207,1.11863
-1.14787,1.12295
-1.14266,1.12825
-1.13596,1.13493
-1.12711,1.14354
-1.11516,1.15478
-1.09889,1.16943
-1.07688,1.18812
-1.04782,1.21096
-1.01108,1.23712
-0.96716,1.26479
-0.91790,1.29149
-0.86636,1.31474
-0.81649,1.33273
-0.77233,1.34495
-0.73663,1.35229
-0.70988,1.35633
-0.69072,1.35847
-0.67714,1.35961
-0.66740,1.36025
-0.66025,1.36062
-0.65485,1.36084
-0.65067,1.36099
-0.64734,1.36108
-0.64462,1.36115
-0.64234,1.36119
-0.64039,1.36122
-0.63870,1.36125
-0.63721,1.36126
-0.63589,1.36128
-0.63470,1.36129
0.24463,-1.29007
0.14567,-1.21999
0.06195,-1.14844
-0.00857,-1.07930
-0.07172,-1.00985
-0.14412,-0.91985
-1.13263,1.13820
-1.15547,1.11506
-1.15523,1.11531
-1.15223,1.11846
-1.14790,1.12292
-1.14231,1.12860
-1.13508,1.13580
-1.12553,1.14505
-1.11267,1.15707
-1.09514,1.17271
-1.07136,1.19261
-1.03990,1.21684
-1.00017,1.24435
-0.95303,1.27291
-0.90106,1.29961
-0.84828,1.32178
-0.79919,1.33793
-0.75752,1.34827
-0.72496,1.35421
-0.70102,1.35739
-0.68393,1.35908
-0.67173,1.35998
-0.66289,1.36049
-0.65633,1.36078
-0.65135,1.36096
-0.64747,1.36108
-0.64438,1.36115
-0.64186,1.36120
-0.63977,1.36123
-0.63798,1.36126
-0.63645,1.36127
-0.63510,1.36128
-0.63392,1.36129
-0.63286,1.36130
0.44337,-1.37878
0.36232,-1.35170
0.26874,-1.30470
0.18046,-1.24643
0.10516,-1.18676
0.04189,-1.12962
-0.01203,-1.07569
-0.05972,-1.02364
-0.10657,-0.96805
-0.16462,-0.89196
-1.07847,1.18680
-1.12649,1.14413
-1.12556,1.14502
-1.11739,1.15272
-1.10424,1.16470
-1.08545,1.18099
-1.05961,1.20193
-1.02540,1.22727
-0.98254,1.25553
-0.93265,1.28396
-0.87937,1.30932
-0.82742,1.32917
-0.78110,1.34280
-0.74309,1.35113
-0.71394,1.35579
-0.69259,1.35828
-0.67726,1.35960
-0.66622,1.36031
-0.65816,1.36071
-0.65216,1.36094
-0.64761,1.36107
-0.64408,1.36116
-0.64128,1.36121
-0.63902,1.36124
-0.63715,1.36127
-0.63556,1.36128
-0.63421,1.36129
-0.63303,1.36130
-0.63199,1.36130
-0.63107,1.36130
0.52219,-1.39168
0.48813,-1.38779
0.43473,-1.37654
0.36230,-1.35169
0.28058,-1.31152
0.20227,-1.26202
0.13422,-1.21086
0.07698,-1.16210
0.02865,-1.11683
-0.01270,-1.07499
-0.04866,-1.03610
-0.08094,-0.99905
-0.11161,-0.96179
-0.14333,-0.92090
-0.18177,-0.86770
-0.25440,-0.75390
-0.98764,1.25235
-0.97793,1.25835
-0.94369,1.27807
-0.89904,1.30055
-0.85080,1.32083
-0.80432,1.33645
-0.76332,1.34702
-0.72970,1.35346
-0.70372,1.35708
-0.68448,1.35903
-0.67053,1.36006
-0.66046,1.36061
-0.65313,1.36090
-0.64772,1.36107
-0.64367,1.36117
-0.64055,1.36122
-0.63811,1.36125
-0.63614,1.36128
-0.63452,1.36129
-0.63316,1.36130
-0.63199,1.36130
-0.63099,1.36130
-0.63010,1.36130
-0.62932,1.36130
0.54730,-1.39291
0.53222,-1.39234
0.50793,-1.39037
0.47020,-1.38470
0.41639,-1.37126
0.34887,-1.34594
0.27550,-1.30862
0.20511,-1.26399
0.14276,-1.21768
0.08951,-1.17323
0.04438,-1.13199
0.00584,-1.09412
-0.02754,-1.05923
-0.05710,-1.02662
-0.08413,-0.99527
-0.11008,-0.96370
-0.13660,-0.92978
-0.16617,-0.88981
-0.20453,-0.83406
-0.28811,-0.69399
-0.81793,1.33227
-0.78264,1.34241
-0.74818,1.35017
-0.71821,1.35520
-0.69431,1.35811
-0.67640,1.35966
-0.66347,1.36046
-0.65428,1.36086
-0.64776,1.36107
-0.64305,1.36118
-0.63959,1.36124
-0.63696,1.36127
-0.63490,1.36129
-0.63326,1.36129
-0.63190,1.36130
-0.63077,1.36130
-0.62980,1.36130
-0.62896,1.36130
-0.62823,1.36130
-0.62758,1.36130
0.55787,-1.39301
0.54944,-1.39295
0.53641,-1.39255
0.51617,-1.39118
0.48547,-1.38738
0.44159,-1.37833
0.38440,-1.36040
0.31789,-1.33138
0.24891,-1.29274
0.18373,-1.24882
0.12573,-1.20396
0.07562,-1.16089
0.03265,-1.12073
-0.00444,-1.08358
-0.03701,-1.04896
-0.06635,-1.01606
-0.09366,-0.98385
-0.12009,-0.95110
-0.14689,-0.91615
-0.17602,-0.87594
-0.21256,-0.82177
-0.28596,-0.69796
-0.74553,1.35067
-0.71029,1.35628
-0.68555,1.35894
-0.66788,1.36022
-0.65577,1.36081
-0.64762,1.36107
-0.64210,1.36120
-0.63823,1.36125
-0.63543,1.36128
-0.63331,1.36129
-0.63166,1.36130
-0.63034,1.36130
-0.62925,1.36130
-0.62834,1.36130
-0.62757,1.36130
-0.62689,1.36129
-0.62631,1.36129
-0.62580,1.36129
0.56382,-1.39297
0.55832,-1.39301
0.55014,-1.39296
0.53771,-1.39261
0.51874,-1.39141
0.49039,-1.38813
0.45009,-1.38041
0.39703,-1.36494
0.33368,-1.33902
0.26555,-1.30282
0.19887,-1.25964
0.13797,-1.21387
0.08458,-1.16888
0.03854,-1.12641
-0.00117,-1.08695
-0.03583,-1.05025
-0.06671,-1.01564
-0.09495,-0.98229
-0.12157,-0.94922
-0.14765,-0.91513
-0.17481,-0.87765
-0.20677,-0.83065
-0.25820,-0.74740
-0.71749,1.35531
-0.67696,1.35962
-0.65817,1.36071
-0.64720,1.36108
-0.64051,1.36122
-0.63621,1.36127
-0.63326,1.36129
-0.63113,1.36130
-0.62954,1.36130
-0.62829,1.36130
-0.62730,1.36130
-0.62648,1.36129
-0.62580,1.36129
-0.62522,1.36128
-0.62471,1.36128
-0.62428,1.36128
-0.62390,1.36127
0.56784,-1.39289
0.56396,-1.39297
0.55836,-1.39301
0.55003,-1.39296
0.53738,-1.39259
0.51814,-1.39136
0.48949,-1.38799
0.44883,-1.38011
0.39524,-1.36431
0.33095,-1.33773
0.26143,-1.30037
0.19314,-1.25559
0.13076,-1.20806
0.07618,-1.16139
0.02927,-1.11744
-0.01103,-1.07673
-0.04602,-1.03903
-0.07697,-1.00372
-0.10500,-0.97000
-0.13113,-0.93692
-0.15658,-0.90304
-0.18329,-0.86550
-0.21588,-0.81663
-0.27465,-0.71852
-0.66783,1.36022
-0.64633,1.36111
-0.63759,1.36126
-0.63283,1.36130
-0.62987,1.36130
-0.62787,1.36130
-0.62645,1.36129
-0.62539,1.36129
-0.62458,1.36128
-0.62394,1.36127
-0.62342,1.36127
-0.62298,1.36126
-0.62262,1.36126
-0.62230,1.36126
-0.62203,1.36125
-0.62178,1.36125
0.57085,-1.39281
0.56800,-1.39289
0.56399,-1.39297
0.55815,-1.39301
0.54939,-1.39295
0.53600,-1.39253
0.51547,-1.39112
0.48476,-1.38726
0.44113,-1.37821
0.38382,-1.36018
0.31574,-1.33030
0.24333,-1.28926
0.17359,-1.24136
0.11099,-1.19170
0.05694,-1.14380
0.01089,-1.09923
-0.02845,-1.05825
-0.06249,-1.02049
-0.09251,-0.98525
-0.11967,-0.95164
-0.14517,-0.91845
-0.17065,-0.88354
-0.19917,-0.84214
-0.23987,-0.77825
-0.64382,1.36116
-0.63000,1.36130
-0.62564,1.36129
-0.62344,1.36127
-0.62214,1.36125
-0.62132,1.36124
-0.62077,1.36124
-0.62040,1.36123
-0.62013,1.36123
-0.61994,1.36123
-0.61979,1.36122
-0.61967,1.36122
-0.61958,1.36122
-0.61949,1.36122
-0.61941,1.36122
-0.61934,1.36122
0.57322,-1.39274
0.57108,-1.39281
0.56813,-1.39289
0.56394,-1.39297
0.55777,-1.39301
0.54839,-1.39293
0.53382,-1.39242
0.51120,-1.39071
0.47704,-1.38596
0.42842,-1.37480
0.36519,-1.35289
0.29181,-1.31776
0.21630,-1.27164
0.14594,-1.22020
0.08442,-1.16874
0.03216,-1.12025
-0.01199,-1.07573
-0.04957,-1.03509
-0.08208,-0.99771
-0.11089,-0.96269
-0.13734,-0.92881
-0.16312,-0.89404
-0.19109,-0.85412
-0.22892,-0.79604
-0.35542,-0.55749
-0.59811,1.36056
-0.60550,1.36086
-0.60869,1.36097
-0.61060,1.36102
-0.61192,1.36106
-0.61290,1.36108
-0.61366,1.36110
-0.61428,1.36112
-0.61478,1.36113
-0.61520,1.36114
-0.61554,1.36115
-0.61583,1.36115
-0.61606,1.36116
-0.61625,1.36116
-0.61640,1.36116
0.57517,-1.39267
0.57352,-1.39273
0.57131,-1.39280
0.56826,-1.39288
0.56386,-1.39297
0.55728,-1.39302
0.54709,-1.39291
0.53096,-1.39227
0.50545,-1.39009
0.46651,-1.38398
0.41116,-1.36963
0.34051,-1.34219
0.26149,-1.30041
0.18373,-1.24882
0.11406,-1.19429
0.05472,-1.14173
0.00499,-1.09325
-0.03681,-1.04918
-0.07245,-1.00900
-0.10357,-0.97176
-0.13178,-0.93608
-0.15902,-0.89970
-0.18861,-0.85777
-0.23018,-0.79401
-0.42285,1.33329
-0.53473,1.35498
-0.56535,1.35833
-0.58124,1.35959
-0.59061,1.36018
-0.59663,1.36049
-0.60075,1.36067
-0.60372,1.36079
-0.60595,1.36088
-0.60768,1.36093
-0.60904,1.36098
-0.61012,1.36101
-0.61100,1.36103
-0.61172,1.36105
-0.61230,1.36107
-0.61278,1.36108
0.57680,-1.39260
0.57551,-1.39266
0.57384,-1.39272
0.57158,-1.39279
0.56841,-1.39288
0.56378,-1.39297
0.55673,-1.39301
0.54556,-1.39287
0.52745,-1.39206
0.49820,-1.38921
0.45304,-1.38109
0.38928,-1.36219
0.31036,-1.32757
0.22638,-1.27835
0.14790,-1.22174
0.08024,-1.16503
0.02380,-1.11208
-0.02317,-1.06391
-0.06279,-1.02014
-0.09707,-0.97971
-0.12802,-0.94095
-0.15814,-0.90090
-0.19228,-0.85238
-0.25133,-0.75912
-0.41839,1.33214
-0.47674,1.34553
-0.51345,1.35197
-0.54006,1.35565
-0.55909,1.35774
-0.57248,1.35893
-0.58194,1.35964
-0.58876,1.36007
-0.59378,1.36035
-0.59758,1.36053
-0.60051,1.36066
-0.60280,1.36076
-0.60462,1.36083
-0.60609,1.36088
-0.60727,1.36092
-0.60823,1.36095
0.57820,-1.39254
0.57719,-1.39259
0.57590,-1.39264
0.57421,-1.39271
0.57190,-1.39278
0.56862,-1.39287
0.56375,-1.39297
0.55617,-1.39301
0.54385,-1.39282
0.52327,-1.39176
0.48922,-1.38795
0.43613,-1.37691
0.36234,-1.35171
0.27503,-1.30835
0.18763,-1.25164
0.11021,-1.19104
0.04554,-1.13310
-0.00785,-1.08005
-0.05256,-1.03173
-0.09119,-0.98683
-0.12640,-0.94303
-0.16207,-0.89550
-0.20908,-0.82713
-0.32794,1.30394
-0.40550,1.32867
-0.44419,1.33852
-0.47486,1.34515
-0.50116,1.34999
-0.52358,1.35347
-0.54205,1.35589
-0.55672,1.35750
-0.56812,1.35857
-0.57688,1.35928
-0.58363,1.35975
-0.58887,1.36008
-0.59296,1.36030
-0.59620,1.36047
-0.59878,1.36059
-0.60086,1.36068
-0.60253,1.36075
0.57944,-1.39249
0.57863,-1.39252
0.57763,-1.39257
0.57635,-1.39262
0.57464,-1.39269
0.57230,-1.39277
0.56893,-1.39287
0.56383,-1.39297
0.55569,-1.39301
0.54201,-1.39277
0.51836,-1.39137
0.47809,-1.38615
0.41486,-1.37079
0.32946,-1.33703
0.23453,-1.28365
0.14589,-1.22016
0.07106,-1.15677
0.00963,-1.09795
-0.04166,-1.04385
-0.08646,-0.99249
-0.12911,-0.93954
-0.17941,-0.87108
-0.25597,1.27479
-0.35255,1.31251
-0.39403,1.32543
-0.42449,1.33371
-0.45014,1.33989
-0.47313,1.34481
-0.49414,1.34878
-0.51316,1.35193
-0.52995,1.35435
-0.54434,1.35616
-0.55632,1.35746
-0.56612,1.35840
-0.57402,1.35906
-0.58037,1.35953
-0.58546,1.35987
-0.58955,1.36011
-0.59284,1.36030
-0.59550,1.36043
0.58054,-1.39243
0.57990,-1.39247
0.57912,-1.39250
0.57814,-1.39255
0.57688,-1.39260
0.57519,-1.39267
0.57284,-1.39275
0.56941,-1.39285
0.56411,-1.39296
0.55538,-1.39301
0.54011,-1.39270
0.51249,-1.39084
0.46383,-1.38344
0.38734,-1.36148
0.28889,-1.31615
0.18811,-1.25199
0.10056,-1.18283
0.02888,-1.11706
-0.03115,-1.05534
-0.08608,-0.99295
-0.15134,-0.91016
-0.18174,1.23767
-0.29454,1.29119
-0.34739,1.31077
-0.38269,1.32209
-0.40994,1.32988
-0.43291,1.33582
-0.45342,1.34063
-0.47235,1.34465
-0.49003,1.34804
-0.50650,1.35087
-0.52158,1.35319
-0.53509,1.35503
-0.54692,1.35645
-0.55704,1.35754
-0.56556,1.35835
-0.57263,1.35895
-0.57845,1.35939
-0.58322,1.35972
-0.58711,1.35997
0.58155,-1.39238
0.58105,-1.39241
0.58044,-1.39244
0.57970,-1.39247
0.57876,-1.39252
0.57753,-1.39257
0.57589,-1.39264
0.57357,-1.39273
0.57013,-1.39284
0.56469,-1.39295
0.55536,-1.39301
0.53813,-1.39262
0.50496,-1.39003
0.44394,-1.37892
0.34906,-1.34603
0.23624,-1.28476
0.13185,-1.20895
0.04551,-1.13307
-0.03062,-1.05591
0.42857,0.28909
0.06015,1.03868
-0.19073,1.24259
-0.28409,1.28693
-0.33588,1.30678
-0.37085,1.31845
-0.39743,1.32641
-0.41936,1.33239
-0.43853,1.33719
-0.45599,1.34120
-0.47229,1.34464
-0.48768,1.34761
-0.50223,1.35017
-0.51584,1.35234
-0.52839,1.35414
-0.53974,1.35561
-0.54980,1.35678
-0.55854,1.35769
-0.56600,1.35839
-0.57230,1.35892
-0.57754,1.35933
0.58250,-1.39233
0.58211,-1.39235
0.58165,-1.39238
0.58109,-1.39241
0.58040,-1.39244
0.57952,-1.39248
0.57837,-1.39254
0.57681,-1.39260
0.57458,-1.39269
0.57121,-1.39280
0.56570,-1.39294
0.55572,-1.39301
0.53573,-1.39252
0.49343,-1.38856
0.41062,-1.36946
0.28562,-1.31434
0.15129,-1.22438
0.00511,-1.09338
0.43299,0.27674
0.35994,0.47201
0.07623,1.01892
-0.16127,1.22597
-0.26425,1.27847
-0.32102,1.30141
-0.35823,1.31440
-0.38565,1.32298
-0.40761,1.32925
-0.42632,1.33418
-0.44299,1.33824
-0.45833,1.34171
-0.47276,1.34473
-0.48647,1.34739
-0.49955,1.34972
-0.51198,1.35174
-0.52366,1.35348
-0.53446,1.35495
-0.54426,1.35615
-0.55299,1.35712
-0.56062,1.35789
-0.56717,1.35849
0.58342,-1.39228
0.58313,-1.39230
0.58280,-1.39232
0.58240,-1.39234
0.58191,-1.39236
0.58130,-1.39240
0.58051,-1.39244
0.57947,-1.39249
0.57805,-1.39255
0.57598,-1.39264
0.57278,-1.39275
0.56729,-1.39291
0.55646,-1.39301
0.53142,-1.39230
0.46719,-1.38412
0.31762,-1.33124
0.47725,0.14968
0.44391,0.24594
0.41883,0.31606
0.36004,0.47176
0.14078,0.92791
-0.11708,1.19824
-0.23833,1.26667
-0.30346,1.29473
-0.34464,1.30983
-0.37395,1.31942
-0.39672,1.32620
-0.41559,1.33140
-0.43202,1.33560
-0.44684,1.33914
-0.46060,1.34220
-0.47360,1.34490
-0.48603,1.34730
-0.49799,1.34945
-0.50947,1.35135
-0.52040,1.35302
-0.53069,1.35445
-0.54019,1.35566
-0.54880,1.35666
-0.55645,1.35748
0.58433,-1.39223
0.58414,-1.39224
0.58392,-1.39225
0.58367,-1.39227
0.58335,-1.39229
0.58297,-1.39231
0.58248,-1.39233
0.58184,-1.39237
0.58098,-1.39241
0.57978,-1.39247
0.57800,-1.39255
0.57512,-1.39267
0.56976,-1.39285
0.55727,-1.39302
0.51384,-1.39097
0.48758,0.11936
0.45316,0.21954
0.43812,0.26230
0.41787,0.31870
0.37299,0.43853
0.21533,0.79761
-0.05859,1.15538
-0.20625,1.25079
-0.28305,1.28650
-0.32978,1.30461
-0.36190,1.31559
-0.38609,1.32311
-0.40562,1.32870
-0.42222,1.33313
-0.43690,1.33679
-0.45029,1.33993
-0.46280,1.34267
-0.47468,1.34512
-0.48612,1.34732
-0.49720,1.34931
-0.50794,1.35111
-0.51828,1.35270
-0.52812,1.35410
-0.53732,1.35531
-0.54576,1.35632
0.58525,-1.39218
0.58517,-1.39218
0.58507,-1.39219
0.58496,-1.39220
0.58482,-1.39220
0.58464,-1.39221
0.58442,-1.39223
0.58413,-1.39224
0.58373,-1.39227
0.58319,-1.39230
0.58241,-1.39234
0.58120,-1.39240
0.57909,-1.39250
0.57452,-1.39269
0.55375,-1.39300
0.46485,0.18583
0.45075,0.22646
0.43832,0.26174
0.42145,0.30883
0.38777,0.39987
0.28217,0.65811
0.01806,1.08552
-0.16603,1.22875
-0.25892,1.27611
-0.31313,1.29845
-0.34905,1.31134
-0.37528,1.31983
-0.39590,1.32597
-0.41302,1.33072
-0.42787,1.33457
-0.44117,1.33781
-0.45341,1.34063
-0.46492,1.34312
-0.47592,1.34537
-0.48659,1.34741
-0.49699,1.34928
-0.50715,1.35098
-0.51701,1.35251
-0.52648,1.35388
-0.53542,1.35507
0.58624,-1.39212
0.58627,-1.39212
0.58630,-1.39212
0.58634,-1.39211
0.58639,-1.39211
0.58644,-1.39211
0.58650,-1.39210
0.58657,-1.39210
0.58665,-1.39209
0.58678,-1.39209
0.58697,-1.39207
0.58734,-1.39205
0.58820,-1.39200
0.59123,-1.39179
0.65863,-1.38258
0.46627,0.18170
0.45288,0.22033
0.44153,0.25267
0.42726,0.29273
0.40201,0.36187
0.33426,0.53608
0.11725,0.96334
-0.11266,1.19526
-0.22894,1.26217
-0.29358,1.29080
-0.33468,1.30636
-0.36371,1.31618
-0.38591,1.32305
-0.40392,1.32823
-0.41923,1.33236
-0.43270,1.33577
-0.44490,1.33869
-0.45622,1.34125
-0.46693,1.34354
-0.47725,1.34563
-0.48731,1.34754
-0.49719,1.34931
-0.50691,1.35094
-0.51640,1.35242
-0.52558,1.35375
0.58732,-1.39205
0.58748,-1.39204
0.58766,-1.39203
0.58788,-1.39202
0.58815,-1.39200
0.58848,-1.39198
0.58888,-1.39195
0.58941,-1.39191
0.59013,-1.39187
0.59116,-1.39179
0.59276,-1.39168
0.59558,-1.39146
0.60155,-1.39094
0.61923,-1.38901
0.71218,-1.36948
0.47775,0.14823
0.45867,0.20371
0.44715,0.23673
0.43468,0.27197
0.41565,0.32479
0.37313,0.43818
0.23105,0.76666
-0.03386,1.13475
-0.18804,1.24112
-0.26863,1.28038
-0.31734,1.30003
-0.35039,1.31179
-0.37488,1.31971
-0.39427,1.32550
-0.41040,1.33001
-0.42434,1.33367
-0.43675,1.33676
-0.44810,1.33943
-0.45870,1.34179
-0.46880,1.34393
-0.47860,1.34589
-0.48820,1.34771
-0.49769,1.34940
-0.50708,1.35097
-0.51630,1.35241
0.58853,-1.39197
0.58885,-1.39195
0.58923,-1.39193
0.58968,-1.39190
0.59023,-1.39186
0.59092,-1.39181
0.59180,-1.39175
0.59298,-1.39166
0.59462,-1.39153
0.59706,-1.39134
0.60097,-1.39100
0.60795,-1.39032
0.62209,-1.38864
0.65441,-1.38341
0.72890,-1.36442
0.88253,-1.29793
0.47159,0.16623
0.45589,0.21170
0.44396,0.24580
0.42920,0.28731
0.40274,0.35991
0.32894,0.54903
0.09746,0.99111
-0.12274,1.20200
-0.23219,1.26374
-0.29367,1.29084
-0.33320,1.30583
-0.36133,1.31541
-0.38292,1.32216
-0.40045,1.32726
-0.41530,1.33132
-0.42829,1.33467
-0.43996,1.33753
-0.45071,1.34002
-0.46080,1.34225
-0.47047,1.34427
-0.47989,1.34614
-0.48918,1.34789
-0.49840,1.34952
-0.50755,1.35104
0.58995,-1.39188
0.59047,-1.39184
0.59109,-1.39180
0.59184,-1.39174
0.59277,-1.39168
0.59395,-1.39159
0.59551,-1.39146
0.59762,-1.39129
0.60065,-1.39103
0.60521,-1.39060
0.61254,-1.38981
0.62508,-1.38824
0.64742,-1.38470
0.68643,-1.37638
0.74707,-1.35843
0.82490,-1.32705
0.92240,-1.27475
0.47433,0.15824
0.45689,0.20884
0.44383,0.24614
0.42675,0.29414
0.39247,0.38741
0.28088,0.66100
0.00962,1.09412
-0.16672,1.22915
-0.25506,1.27438
-0.30711,1.29614
-0.34194,1.30890
-0.36749,1.31739
-0.38755,1.32354
-0.40410,1.32828
-0.41828,1.33211
-0.43079,1.33530
-0.44209,1.33803
-0.45253,1.34043
-0.46236,1.34258
-0.47181,1.34454
-0.48103,1.34636
-0.49015,1.34806
-0.49922,1.34966
0.59164,-1.39176
0.59242,-1.39170
0.59335,-1.39163
0.59449,-1.39155
0.59593,-1.39143
0.59779,-1.39128
0.60026,-1.39106
0.60368,-1.39074
0.60860,-1.39025
0.61597,-1.38941
0.62741,-1.38791
0.64550,-1.38504
0.67367,-1.37939
0.71475,-1.36873
0.76780,-1.35097
0.82600,-1.32655
0.88064,-1.29897
0.93008,-1.26999
1.07432,-1.15985
0.46494,0.18558
0.44984,0.22903
0.43243,0.27831
0.39847,0.37138
0.28386,0.65433
0.00118,1.10247
-0.17228,1.23235
-0.25783,1.27563
-0.30843,1.29665
-0.34256,1.30912
-0.36781,1.31749
-0.38778,1.32361
-0.40435,1.32835
-0.41862,1.33220
-0.43123,1.33541
-0.44264,1.33816
-0.45318,1.34058
-0.46308,1.34273
-0.47258,1.34470
-0.48183,1.34651
-0.49096,1.34821
0.59368,-1.39161
0.59478,-1.39152
0.59612,-1.39142
0.59777,-1.39128
0.59987,-1.39110
0.60261,-1.39085
0.60628,-1.39049
0.61135,-1.38995
0.61858,-1.38909
0.62911,-1.38767
0.64463,-1.38519
0.66730,-1.38079
0.69920,-1.37309
0.74102,-1.36048
0.79038,-1.34210
0.84177,-1.31905
0.88921,-1.29422
0.92904,-1.27064
0.96011,-1.25040
0.98297,-1.23441
1.00714,-1.21641
0.47580,0.15393
0.45493,0.21446
0.43304,0.27658
0.38145,0.41649
0.16287,0.89217
-0.11024,1.19362
-0.22957,1.26248
-0.29224,1.29027
-0.33181,1.30533
-0.36000,1.31498
-0.38183,1.32183
-0.39975,1.32707
-0.41507,1.33126
-0.42858,1.33475
-0.44076,1.33772
-0.45196,1.34030
-0.46242,1.34259
-0.47237,1.34466
-0.48198,1.34654
0.59617,-1.39141
0.59767,-1.39129
0.59951,-1.39113
0.60181,-1.39092
0.60473,-1.39064
0.60854,-1.39025
0.61362,-1.38969
0.62058,-1.38884
0.63027,-1.38750
0.64391,-1.38532
0.66304,-1.38169
0.68930,-1.37567
0.72381,-1.36601
0.76623,-1.35156
0.81394,-1.33202
0.86266,-1.30854
0.90842,-1.28317
0.94902,-1.25782
0.98394,-1.23370
1.01353,-1.21147
1.03820,-1.19153
1.05815,-1.17442
1.07296,-1.16110
1.08092,-1.15371
1.07645,-1.15788
0.51279,0.04585
0.44198,0.25140
0.31881,0.57342
-0.07782,1.17034
-0.23211,1.26370
-0.29959,1.29320
-0.33922,1.30796
-0.36681,1.31717
-0.38819,1.32373
-0.40594,1.32879
-0.42136,1.33291
-0.43516,1.33637
-0.44776,1.33935
-0.45946,1.34196
-0.47045,1.34427
0.59919,-1.39116
0.60119,-1.39098
0.60363,-1.39075
0.60667,-1.39045
0.61053,-1.39004
0.61554,-1.38946
0.62216,-1.38863
0.63106,-1.38738
0.64315,-1.38545
0.65964,-1.38238
0.68186,-1.37749
0.71103,-1.36981
0.74762,-1.35824
0.79069,-1.34197
0.83759,-1.32107
0.88486,-1.29664
0.92966,-1.27025
0.97053,-1.24323
1.00710,-1.21645
1.03943,-1.19050
1.06755,-1.16603
1.09137,-1.14378
1.11084,-1.12444
1.12616,-1.10846
1.13775,-1.09590
1.14607,-1.08663
1.15128,-1.08070
1.15258,-1.07921
1.14469,-1.08818
1.09491,-1.14034
0.31044,0.59325
-0.17235,1.23238
-0.28518,1.28738
-0.33526,1.30656
-0.36616,1.31696
-0.38903,1.32398
-0.40783,1.32931
-0.42426,1.33365
-0.43912,1.33733
-0.45285,1.34050
0.60281,-1.39083
0.60537,-1.39058
0.60849,-1.39026
0.61235,-1.38984
0.61721,-1.38926
0.62345,-1.38846
0.63160,-1.38730
0.64236,-1.38558
0.65670,-1.38296
0.67574,-1.37892
0.70068,-1.37270
0.73234,-1.36333
0.77069,-1.34988
0.81431,-1.33186
0.86055,-1.30964
0.90647,-1.28432
0.94993,-1.25722
0.98985,-1.22940
1.02584,-1.20169
1.05765,-1.17486
1.08499,-1.14988
1.10759,-1.12774
1.12556,-1.10911
1.13937,-1.09411
1.14980,-1.08240
1.15762,-1.07337
1.16351,-1.06644
1.16795,-1.06113
1.17123,-1.05717
1.17338,-1.05454
1.17395,-1.05385
1.17041,-1.05816
1.13533,-1.09856
0.22645,0.77584
-0.23569,1.26541
-0.31955,1.30086
-0.35937,1.31477
-0.38566,1.32298
-0.40647,1.32894
-0.42455,1.33373
0.60705,-1.39041
0.61021,-1.39007
0.61403,-1.38964
0.61872,-1.38908
0.62457,-1.38831
0.63201,-1.38724
0.64160,-1.38571
0.65411,-1.38346
0.67052,-1.38009
0.69192,-1.37500
0.71931,-1.36738
0.75319,-1.35630
0.79299,-1.34102
0.83690,-1.32140
0.88227,-1.29807
0.92658,-1.27217
0.96821,-1.24484
1.00638,-1.21700
1.04072,-1.18942
1.07087,-1.16302
1.09643,-1.13885
1.11720,-1.11789
1.13341,-1.10066
1.14570,-1.08705
1.15489,-1.07654
1.16179,-1.06847
1.16703,-1.06223
1.17109,-1.05733
1.17431,-1.05340
1.17691,-1.05020
1.17902,-1.04759
1.18069,-1.04551
1.18181,-1.04411
1.18194,-1.04395
1.17884,-1.04782
1.14082,-1.09251
-0.02822,1.12980
-0.28453,1.28711
-0.34601,1.31030
-0.37882,1.32092
0.61186,-1.38989
0.61561,-1.38946
0.62011,-1.38890
0.62559,-1.38817
0.63237,-1.38719
0.64092,-1.38582
0.65186,-1.38389
0.66602,-1.38106
0.68439,-1.37688
0.70803,-1.37067
0.73772,-1.36158
0.77356,-1.34878
0.81447,-1.33179
0.85829,-1.31080
0.90245,-1.28667
0.94486,-1.26055
0.98434,-1.23342
1.02039,-1.20605
1.05269,-1.17920
1.08087,-1.15377
1.10454,-1.13081
1.12359,-1.11120
1.13833,-1.09527
1.14944,-1.08280
1.15775,-1.07322
1.16399,-1.06587
1.16874,-1.06017
1.17245,-1.05568
1.17541,-1.05206
1.17782,-1.04908
1.17984,-1.04658
1.18155,-1.04444
1.18302,-1.04259
1.18428,-1.04100
1.18531,-1.03970
1.18597,-1.03886
1.18575,-1.03915
1.18177,-1.04417
0.50394,0.07137
-0.19528,1.24503
0.61713,-1.38927
0.62143,-1.38873
0.62654,-1.38804
0.63273,-1.38713
0.64036,-1.38592
0.64994,-1.38424
0.66217,-1.38187
0.67793,-1.37842
0.69824,-1.37335
0.72406,-1.36593
0.75592,-1.35533
0.79345,-1.34083
0.83507,-1.32228
0.87838,-1.30020
0.92100,-1.27561
0.96129,-1.24960
0.99849,-1.22298
1.03232,-1.19641
1.06252,-1.17055
1.08875,-1.14630
1.11066,-1.12463
1.12820,-1.10629
1.14174,-1.09148
1.15195,-1.07993
1.15961,-1.07104
1.16538,-1.06421
1.16980,-1.05890
1.17326,-1.05469
1.17602,-1.05130
1.17828,-1.04850
1.18017,-1.04616
1.18178,-1.04415
1.18316,-1.04241
1.18438,-1.04088
1.18545,-1.03952
1.18642,-1.03830
1.18727,-1.03721
1.18797,-1.03632
1.18834,-1.03585
1.18768,-1.03670
0.62269,-1.38856
0.62746,-1.38791
0.63311,-1.38707
0.63993,-1.38599
0.64835,-1.38453
0.65893,-1.38252
0.67243,-1.37967
0.68981,-1.37554
0.71208,-1.36951
0.74006,-1.36080
0.77394,-1.34863
0.81284,-1.33251
0.85474,-1.31261
0.89713,-1.28974
0.93795,-1.26501
0.97602,-1.23937
1.01094,-1.21348
1.04258,-1.18786
1.07077,-1.16311
1.09518,-1.14008
1.11551,-1.11965
1.13175,-1.10246
1.14430,-1.08862
1.15380,-1.07781
1.16094,-1.06947
1.16636,-1.06303
1.17054,-1.05800
1.17382,-1.05401
1.17645,-1.05077
1.17861,-1.04810
1.18041,-1.04586
1.18194,-1.04395
1.18325,-1.04230
1.18439,-1.04087
1.18539,-1.03960
1.18628,-1.03847
1.18709,-1.03744
1.18783,-1.03650
1.18852,-1.03563
1.18914,-1.03483
0.62836,-1.38778
0.63352,-1.38701
0.63965,-1.38604
0.64706,-1.38476
0.65623,-1.38305
0.66781,-1.38068
0.68263,-1.37731
0.70169,-1.37242
0.72597,-1.36534
0.75609,-1.35526
0.79181,-1.34151
0.83171,-1.32387
0.87344,-1.30286
0.91456,-1.27951
0.95340,-1.25492
0.98923,-1.22986
1.02193,-1.20482
1.05151,-1.18022
1.07782,-1.15661
1.10057,-1.13477
1.11950,-1.11550
1.13463,-1.09933
1.14634,-1.08632
1.15525,-1.07613
1.16199,-1.06824
1.16712,-1.06212
1.17110,-1.05732
1.17425,-1.05348
1.17678,-1.05037
1.17886,-1.04779
1.18060,-1.04562
1.18208,-1.04377
1.18334,-1.04219
1.18444,-1.04081
1.18539,-1.03960
1.18623,-1.03854
1.18698,-1.03759
1.18764,-1.03674
1.18826,-1.03596
1.18883,-1.03523
0.63398,-1.38694
0.63948,-1.38606
0.64603,-1.38495
0.65401,-1.38348
0.66395,-1.38150
0.67658,-1.37873
0.69280,-1.37477
0.71365,-1.36905
0.74002,-1.36082
0.77222,-1.34929
0.80953,-1.33397
0.85002,-1.31498
0.89114,-1.29314
0.93070,-1.26960
0.96746,-1.24536
1.00109,-1.22103
1.03168,-1.19693
1.05934,-1.17337
1.08394,-1.15087
1.10520,-1.13015
1.12288,-1.11194
1.13705,-1.09668
1.14805,-1.08439
1.15645,-1.07473
1.16284,-1.06722
1.16775,-1.06137
1.17157,-1.05675
1.17460,-1.05305
1.17705,-1.05003
1.17907,-1.04753
1.18077,-1.04542
1.18220,-1.04362
1.18344,-1.04207
1.18450,-1.04073
1.18543,-1.03955
1.18624,-1.03853
1.18695,-1.03763
1.18758,-1.03683
1.18814,-1.03611
1.18865,-1.03546
