-0.61994,1.36123
-0.61994,1.36123
-0.61993,1.36123
-0.61993,1.36123
-0.61992,1.36123
-0.61991,1.36123
-0.61990,1.36123
-0.61989,1.36122
-0.61988,1.36122
-0.61986,1.36122
-0.61984,1.36122
-0.61981,1.36122
-0.61977,1.36122
-0.61973,1.36122
-0.61967,1.36122
-0.61959,1.36122
-0.61950,1.36122
-0.61939,1.36122
-0.61926,1.36122
-0.61912,1.36121
-0.61898,1.36121
-0.61883,1.36121
-0.61867,1.36121
-0.61852,1.36120
-0.61837,1.36120
-0.61824,1.36120
-0.61812,1.36120
-0.61803,1.36119
-0.61796,1.36119
-0.61791,1.36119
-0.61788,1.36119
-0.61785,1.36119
-0.61783,1.36119
-0.61782,1.36119
-0.61780,1.36119
-0.61779,1.36119
-0.61779,1.36119
-0.61778,1.36119
-0.61777,1.36119
-0.61776,1.36119
-0.61995,1.36123
-0.61994,1.36123
-0.61993,1.36123
-0.61993,1.36123
-0.61992,1.36123
-0.61991,1.36123
-0.61990,1.36123
-0.61989,1.36122
-0.61988,1.36122
-0.61986,1.36122
-0.61984,1.36122
-0.61981,1.36122
-0.61977,1.36122
-0.61973,1.36122
-0.61967,1.36122
-0.61959,1.36122
-0.61950,1.36122
-0.61938,1.36122
-0.61925,1.36121
-0.61910,1.36121
-0.61895,1.36121
-0.61879,1.36121
-0.61863,1.36120
-0.61848,1.36120
-0.61833,1.36120
-0.61820,1.36120
-0.61809,1.36120
-0.61800,1.36119
-0.61794,1.36119
-0.61790,1.36119
-0.61787,1.36119
-0.61784,1.36119
-0.61782,1.36119
-0.61781,1.36119
-0.61780,1.36119
-0.61779,1.36119
-0.61778,1.36119
-0.61777,1.36119
-0.61776,1.36119
-0.61775,1.36119
-0.61995,1.36123
-0.61995,1.36123
-0.61994,1.36123
-0.61993,1.36123
-0.61992,1.36123
-0.61991,1.36123
-0.61990,1.36123
-0.61989,1.36122
-0.61988,1.36122
-0.61986,1.36122
-0.61984,1.36122
-0.61981,1.36122
-0.61977,1.36122
-0.61973,1.36122
-0.61967,1.36122
-0.61959,1.36122
-0.61949,1.36122
-0.61937,1.36122
-0.61923,1.36121
-0.61908,1.36121
-0.61892,1.36121
-0.61876,1.36121
-0.61859,1.36120
-0.61843,1.36120
-0.61828,1.36120
-0.61816,1.36120
-0.61806,1.36119
-0.61798,1.36119
-0.61792,1.36119
-0.61788,1.36119
-0.61785,1.36119
-0.61783,1.36119
-0.61781,1.36119
-0.61780,1.36119
-0.61779,1.36119
-0.61778,1.36119
-0.61777,1.36119
-0.61776,1.36119
-0.61775,1.36119
-0.61775,1.36119
-0.61997,1.36123
-0.61996,1.36123
-0.61995,1.36123
-0.61994,1.36123
-0.61993,1.36123
-0.61992,1.36123
-0.61991,1.36123
-0.61989,1.36122
-0.61988,1.36122
-0.61986,1.36122
-0.61984,1.36122
-0.61981,1.36122
-0.61977,1.36122
-0.61972,1.36122
-0.61966,1.36122
-0.61958,1.36122
-0.61948,1.36122
-0.61936,1.36122
-0.61921,1.36121
-0.61905,1.36121
-0.61889,1.36121
-0.61871,1.36121
-0.61854,1.36120
-0.61838,1.36120
-0.61824,1.36120
-0.61812,1.36120
-0.61802,1.36119
-0.61796,1.36119
-0.61791,1.36119
-0.61787,1.36119
-0.61784,1.36119
-0.61782,1.36119
-0.61780,1.36119
-0.61779,1.36119
-0.61778,1.36119
-0.61777,1.36119
-0.61776,1.36119
-0.61775,1.36119
-0.61774,1.36119
-0.61774,1.36119
-0.61996,1.36123
-0.61998,1.36123
-0.61997,1.36123
-0.61996,1.36123
-0.61994,1.36123
-0.61993,1.36123
-0.61992,1.36123
-0.61990,1.36122
-0.61988,1.36122
-0.61986,1.36122
-0.61984,1.36122
-0.61981,1.36122
-0.61977,1.36122
-0.61972,1.36122
-0.61966,1.36122
-0.61958,1.36122
-0.61947,1.36122
-0.61934,1.36122
-0.61919,1.36121
-0.61902,1.36121
-0.61884,1.36121
-0.61867,1.36121
-0.61849,1.36120
-0.61833,1.36120
-0.61819,1.36120
-0.61808,1.36120
-0.61799,1.36119
-0.61793,1.36119
-0.61789,1.36119
-0.61785,1.36119
-0.61783,1.36119
-0.61781,1.36119
-0.61779,1.36119
-0.61778,1.36119
-0.61777,1.36119
-0.61776,1.36119
-0.61775,1.36119
-0.61774,1.36119
-0.61773,1.36119
-0.61773,1.36119
0.58581,-1.39215
0.58490,-1.39220
0.58179,-1.39237
-0.61992,1.36123
-0.61995,1.36123
-0.61994,1.36123
-0.61993,1.36123
-0.61991,1.36123
-0.61989,1.36122
-0.61987,1.36122
-0.61984,1.36122
-0.61981,1.36122
-0.61977,1.36122
-0.61972,1.36122
-0.61965,1.36122
-0.61956,1.36122
-0.61945,1.36122
-0.61932,1.36122
-0.61916,1.36121
-0.61898,1.36121
-0.61880,1.36121
-0.61861,1.36120
-0.61844,1.36120
-0.61828,1.36120
-0.61815,1.36120
-0.61804,1.36119
-0.61797,1.36119
-0.61791,1.36119
-0.61787,1.36119
-0.61784,1.36119
-0.61781,1.36119
-0.61779,1.36119
-0.61778,1.36119
-0.61777,1.36119
-0.61776,1.36119
-0.61775,1.36119
-0.61774,1.36119
-0.61773,1.36119
-0.61773,1.36119
-0.61772,1.36119
0.58660,-1.39210
0.58640,-1.39211
0.58611,-1.39213
0.58565,-1.39215
0.58485,-1.39220
0.58295,-1.39231
-0.61975,1.36122
-0.61989,1.36122
-0.61989,1.36122
-0.61987,1.36122
-0.61984,1.36122
-0.61981,1.36122
-0.61977,1.36122
-0.61971,1.36122
-0.61964,1.36122
-0.61955,1.36122
-0.61943,1.36122
-0.61928,1.36122
-0.61911,1.36121
-0.61893,1.36121
-0.61873,1.36121
-0.61855,1.36120
-0.61838,1.36120
-0.61822,1.36120
-0.61810,1.36120
-0.61801,1.36119
-0.61794,1.36119
-0.61789,1.36119
-0.61785,1.36119
-0.61782,1.36119
-0.61780,1.36119
-0.61778,1.36119
-0.61776,1.36119
-0.61775,1.36119
-0.61774,1.36119
-0.61774,1.36119
-0.61773,1.36119
-0.61772,1.36119
-0.61772,1.36119
-0.61771,1.36119
0.58684,-1.39208
0.58675,-1.39209
0.58663,-1.39209
0.58648,-1.39210
0.58628,-1.39212
0.58600,-1.39213
0.58562,-1.39216
0.58505,-1.39219
0.58412,-1.39224
0.58210,-1.39235
-0.61946,1.36122
-0.61972,1.36122
-0.61971,1.36122
-0.61966,1.36122
-0.61959,1.36122
-0.61950,1.36122
-0.61937,1.36122
-0.61922,1.36121
-0.61904,1.36121
-0.61885,1.36121
-0.61866,1.36121
-0.61847,1.36120
-0.61831,1.36120
-0.61817,1.36120
-0.61806,1.36119
-0.61797,1.36119
-0.61791,1.36119
-0.61786,1.36119
-0.61783,1.36119
-0.61780,1.36119
-0.61778,1.36119
-0.61776,1.36119
-0.61775,1.36119
-0.61774,1.36119
-0.61773,1.36119
-0.61772,1.36119
-0.61772,1.36119
-0.61771,1.36119
-0.61771,1.36119
-0.61770,1.36119
0.58692,-1.39208
0.58688,-1.39208
0.58683,-1.39208
0.58675,-1.39209
0.58665,-1.39209
0.58652,-1.39210
0.58637,-1.39211
0.58617,-1.39212
0.58593,-1.39214
0.58561,-1.39216
0.58520,-1.39218
0.58468,-1.39221
0.58399,-1.39225
0.58298,-1.39231
0.58124,-1.39240
0.57572,-1.39265
-0.61906,1.36121
-0.61902,1.36121
-0.61889,1.36121
-0.61873,1.36121
-0.61856,1.36120
-0.61839,1.36120
-0.61825,1.36120
-0.61812,1.36120
-0.61802,1.36119
-0.61794,1.36119
-0.61788,1.36119
-0.61784,1.36119
-0.61780,1.36119
-0.61778,1.36119
-0.61776,1.36119
-0.61775,1.36119
-0.61774,1.36119
-0.61773,1.36119
-0.61772,1.36119
-0.61771,1.36119
-0.61771,1.36119
-0.61770,1.36119
-0.61770,1.36119
-0.61769,1.36119
0.58694,-1.39208
0.58693,-1.39208
0.58690,-1.39208
0.58686,-1.39208
0.58681,-1.39208
0.58674,-1.39209
0.58664,-1.39209
0.58653,-1.39210
0.58639,-1.39211
0.58622,-1.39212
0.58602,-1.39213
0.58577,-1.39215
0.58546,-1.39217
0.58509,-1.39219
0.58462,-1.39222
0.58403,-1.39225
0.58322,-1.39229
0.58203,-1.39236
0.57987,-1.39247
0.57179,-1.39279
-0.61844,1.36120
-0.61832,1.36120
-0.61819,1.36120
-0.61808,1.36120
-0.61798,1.36119
-0.61791,1.36119
-0.61785,1.36119
-0.61781,1.36119
-0.61778,1.36119
-0.61776,1.36119
-0.61774,1.36119
-0.61773,1.36119
-0.61772,1.36119
-0.61771,1.36119
-0.61771,1.36119
-0.61770,1.36119
-0.61770,1.36119
-0.61769,1.36119
-0.61769,1.36119
-0.61769,1.36119
0.58695,-1.39207
0.58694,-1.39208
0.58693,-1.39208
0.58691,-1.39208
0.58688,-1.39208
0.58683,-1.39208
0.58678,-1.39209
0.58670,-1.39209
0.58660,-1.39210
0.58649,-1.39210
0.58634,-1.39211
0.58617,-1.39212
0.58595,-1.39214
0.58568,-1.39215
0.58535,-1.39217
0.58494,-1.39220
0.58442,-1.39223
0.58375,-1.39226
0.58285,-1.39231
0.58154,-1.39238
0.57931,-1.39249
0.57207,-1.39278
-0.61818,1.36120
-0.61804,1.36119
-0.61794,1.36119
-0.61787,1.36119
-0.61782,1.36119
-0.61778,1.36119
-0.61775,1.36119
-0.61774,1.36119
-0.61772,1.36119
-0.61771,1.36119
-0.61771,1.36119
-0.61770,1.36119
-0.61769,1.36119
-0.61769,1.36119
-0.61769,1.36119
-0.61768,1.36119
-0.61768,1.36119
-0.61768,1.36119
0.58696,-1.39207
0.58695,-1.39207
0.58694,-1.39208
0.58693,-1.39208
0.58691,-1.39208
0.58688,-1.39208
0.58684,-1.39208
0.58679,-1.39208
0.58672,-1.39209
0.58663,-1.39209
0.58652,-1.39210
0.58638,-1.39211
0.58620,-1.39212
0.58599,-1.39213
0.58571,-1.39215
0.58537,-1.39217
0.58494,-1.39220
0.58439,-1.39223
0.58371,-1.39227
0.58282,-1.39232
0.58161,-1.39238
0.57972,-1.39247
0.57533,-1.39266
-0.61807,1.36120
-0.61791,1.36119
-0.61783,1.36119
-0.61778,1.36119
-0.61775,1.36119
-0.61773,1.36119
-0.61771,1.36119
-0.61770,1.36119
-0.61770,1.36119
-0.61769,1.36119
-0.61768,1.36119
-0.61768,1.36119
-0.61768,1.36119
-0.61767,1.36119
-0.61767,1.36119
-0.61767,1.36119
-0.61767,1.36119
0.58696,-1.39207
0.58696,-1.39207
0.58695,-1.39207
0.58694,-1.39208
0.58693,-1.39208
0.58691,-1.39208
0.58688,-1.39208
0.58684,-1.39208
0.58679,-1.39209
0.58672,-1.39209
0.58662,-1.39210
0.58651,-1.39210
0.58636,-1.39211
0.58617,-1.39212
0.58593,-1.39214
0.58562,-1.39216
0.58524,-1.39218
0.58476,-1.39221
0.58416,-1.39224
0.58341,-1.39228
0.58246,-1.39234
0.58116,-1.39240
0.57907,-1.39250
0.57349,-1.39273
-0.61787,1.36119
-0.61777,1.36119
-0.61773,1.36119
-0.61771,1.36119
-0.61770,1.36119
-0.61769,1.36119
-0.61768,1.36119
-0.61768,1.36119
-0.61767,1.36119
-0.61767,1.36119
-0.61767,1.36119
-0.61766,1.36119
-0.61766,1.36119
-0.61766,1.36119
-0.61766,1.36119
-0.61766,1.36119
0.58697,-1.39207
0.58696,-1.39207
0.58696,-1.39207
0.58695,-1.39207
0.58694,-1.39208
0.58693,-1.39208
0.58691,-1.39208
0.58688,-1.39208
0.58683,-1.39208
0.58677,-1.39209
0.58670,-1.39209
0.58660,-1.39210
0.58647,-1.39210
0.58630,-1.39212
0.58608,-1.39213
0.58580,-1.39215
0.58545,-1.39217
0.58500,-1.39219
0.58445,-1.39223
0.58376,-1.39226
0.58291,-1.39231
0.58181,-1.39237
0.58022,-1.39245
0.57711,-1.39259
-0.61776,1.36119
-0.61770,1.36119
-0.61768,1.36119
-0.61767,1.36119
-0.61766,1.36119
-0.61766,1.36119
-0.61765,1.36119
-0.61765,1.36119
-0.61765,1.36119
-0.61765,1.36119
-0.61765,1.36119
-0.61765,1.36119
-0.61765,1.36119
-0.61765,1.36119
-0.61765,1.36119
-0.61765,1.36119
0.58697,-1.39207
0.58697,-1.39207
0.58696,-1.39207
0.58696,-1.39207
0.58695,-1.39207
0.58694,-1.39208
0.58693,-1.39208
0.58690,-1.39208
0.58687,-1.39208
0.58682,-1.39208
0.58675,-1.39209
0.58667,-1.39209
0.58655,-1.39210
0.58640,-1.39211
0.58620,-1.39212
0.58595,-1.39214
0.58562,-1.39216
0.58519,-1.39218
0.58466,-1.39221
0.58401,-1.39225
0.58320,-1.39230
0.58217,-1.39235
0.58071,-1.39243
0.57806,-1.39255
0.55966,-1.39301
-0.61754,1.36119
-0.61758,1.36119
-0.61759,1.36119
-0.61760,1.36119
-0.61761,1.36119
-0.61761,1.36119
-0.61762,1.36119
-0.61762,1.36119
-0.61762,1.36119
-0.61762,1.36119
-0.61763,1.36119
-0.61763,1.36119
-0.61763,1.36119
-0.61763,1.36119
-0.61763,1.36119
0.58697,-1.39207
0.58697,-1.39207
0.58697,-1.39207
0.58696,-1.39207
0.58696,-1.39207
0.58695,-1.39207
0.58694,-1.39208
0.58692,-1.39208
0.58690,-1.39208
0.58686,-1.39208
0.58680,-1.39208
0.58673,-1.39209
0.58662,-1.39210
0.58649,-1.39210
0.58631,-1.39211
0.58607,-1.39213
0.58576,-1.39215
0.58535,-1.39217
0.58484,-1.39220
0.58419,-1.39224
0.58339,-1.39228
0.58235,-1.39234
0.58086,-1.39242
0.57795,-1.39255
-0.61620,1.36116
-0.61716,1.36118
-0.61735,1.36118
-0.61744,1.36118
-0.61750,1.36118
-0.61753,1.36119
-0.61755,1.36119
-0.61757,1.36119
-0.61758,1.36119
-0.61759,1.36119
-0.61759,1.36119
-0.61760,1.36119
-0.61760,1.36119
-0.61761,1.36119
-0.61761,1.36119
-0.61761,1.36119
0.58697,-1.39207
0.58697,-1.39207
0.58697,-1.39207
0.58697,-1.39207
0.58696,-1.39207
0.58696,-1.39207
0.58695,-1.39207
0.58694,-1.39208
0.58692,-1.39208
0.58689,-1.39208
0.58685,-1.39208
0.58678,-1.39209
0.58669,-1.39209
0.58657,-1.39210
0.58641,-1.39211
0.58619,-1.39212
0.58589,-1.39214
0.58551,-1.39216
0.58500,-1.39219
0.58435,-1.39223
0.58351,-1.39228
0.58239,-1.39234
0.58064,-1.39243
0.57603,-1.39264
-0.61615,1.36116
-0.61672,1.36117
-0.61701,1.36118
-0.61720,1.36118
-0.61732,1.36118
-0.61740,1.36118
-0.61745,1.36118
-0.61749,1.36118
-0.61751,1.36119
-0.61753,1.36119
-0.61755,1.36119
-0.61756,1.36119
-0.61757,1.36119
-0.61758,1.36119
-0.61758,1.36119
-0.61759,1.36119
0.58697,-1.39207
0.58697,-1.39207
0.58697,-1.39207
0.58697,-1.39207
0.58697,-1.39207
0.58696,-1.39207
0.58696,-1.39207
0.58695,-1.39207
0.58694,-1.39208
0.58692,-1.39208
0.58688,-1.39208
0.58683,-1.39208
0.58675,-1.39209
0.58664,-1.39209
0.58650,-1.39210
0.58630,-1.39212
0.58602,-1.39213
0.58565,-1.39215
0.58515,-1.39218
0.58448,-1.39222
0.58356,-1.39228
0.58222,-1.39235
0.57956,-1.39248
-0.61486,1.36113
-0.61600,1.36116
-0.61642,1.36116
-0.61671,1.36117
-0.61692,1.36117
-0.61708,1.36118
-0.61721,1.36118
-0.61730,1.36118
-0.61737,1.36118
-0.61742,1.36118
-0.61746,1.36118
-0.61749,1.36118
-0.61751,1.36118
-0.61753,1.36119
-0.61754,1.36119
-0.61755,1.36119
-0.61756,1.36119
0.58698,-1.39207
0.58697,-1.39207
0.58697,-1.39207
0.58697,-1.39207
0.58697,-1.39207
0.58697,-1.39207
0.58696,-1.39207
0.58696,-1.39207
0.58695,-1.39207
0.58694,-1.39208
0.58691,-1.39208
0.58687,-1.39208
0.58681,-1.39208
0.58671,-1.39209
0.58658,-1.39210
0.58640,-1.39211
0.58615,-1.39212
0.58580,-1.39215
0.58530,-1.39218
0.58457,-1.39222
0.58347,-1.39228
0.58137,-1.39239
-0.61335,1.36110
-0.61527,1.36114
-0.61586,1.36115
-0.61621,1.36116
-0.61648,1.36117
-0.61669,1.36117
-0.61686,1.36117
-0.61701,1.36118
-0.61713,1.36118
-0.61722,1.36118
-0.61730,1.36118
-0.61736,1.36118
-0.61740,1.36118
-0.61744,1.36118
-0.61747,1.36118
-0.61749,1.36118
-0.61751,1.36118
-0.61752,1.36119
0.58698,-1.39207
0.58698,-1.39207
0.58697,-1.39207
0.58697,-1.39207
0.58697,-1.39207
0.58697,-1.39207
0.58697,-1.39207
0.58696,-1.39207
0.58696,-1.39207
0.58695,-1.39207
0.58693,-1.39208
0.58691,-1.39208
0.58686,-1.39208
0.58678,-1.39209
0.58666,-1.39209
0.58650,-1.39210
0.58626,-1.39212
0.58593,-1.39214
0.58542,-1.39217
0.58458,-1.39222
0.58267,-1.39232
-0.61122,1.36104
-0.61422,1.36112
-0.61519,1.36114
-0.61571,1.36115
-0.61605,1.36116
-0.61631,1.36116
-0.61651,1.36117
-0.61668,1.36117
-0.61683,1.36117
-0.61696,1.36117
-0.61707,1.36118
-0.61716,1.36118
-0.61724,1.36118
-0.61730,1.36118
-0.61735,1.36118
-0.61740,1.36118
-0.61743,1.36118
-0.61746,1.36118
-0.61748,1.36118
0.58698,-1.39207
0.58698,-1.39207
0.58698,-1.39207
0.58698,-1.39207
0.58697,-1.39207
0.58697,-1.39207
0.58697,-1.39207
0.58697,-1.39207
0.58697,-1.39207
0.58696,-1.39207
0.58695,-1.39207
0.58693,-1.39208
0.58690,-1.39208
0.58684,-1.39208
0.58674,-1.39209
0.58658,-1.39210
0.58636,-1.39211
0.58602,-1.39213
0.58543,-1.39217
-0.52641,1.35387
-0.60078,1.36068
-0.61151,1.36105
-0.61400,1.36111
-0.61500,1.36113
-0.61554,1.36115
-0.61590,1.36115
-0.61616,1.36116
-0.61636,1.36116
-0.61653,1.36117
-0.61668,1.36117
-0.61681,1.36117
-0.61693,1.36117
-0.61703,1.36118
-0.61712,1.36118
-0.61719,1.36118
-0.61726,1.36118
-0.61731,1.36118
-0.61736,1.36118
-0.61739,1.36118
-0.61742,1.36118
0.58698,-1.39207
0.58698,-1.39207
0.58698,-1.39207
0.58698,-1.39207
0.58698,-1.39207
0.58698,-1.39207
0.58697,-1.39207
0.58697,-1.39207
0.58697,-1.39207
0.58697,-1.39207
0.58696,-1.39207
0.58695,-1.39207
0.58693,-1.39208
0.58689,-1.39208
0.58680,-1.39208
0.58666,-1.39209
0.58641,-1.39211
0.58576,-1.39215
-0.52067,1.35305
-0.56901,1.35865
-0.59993,1.36064
-0.61052,1.36102
-0.61355,1.36110
-0.61474,1.36113
-0.61536,1.36114
-0.61575,1.36115
-0.61602,1.36116
-0.61623,1.36116
-0.61641,1.36116
-0.61656,1.36117
-0.61669,1.36117
-0.61680,1.36117
-0.61691,1.36117
-0.61700,1.36118
-0.61708,1.36118
-0.61716,1.36118
-0.61722,1.36118
-0.61728,1.36118
-0.61732,1.36118
-0.61736,1.36118
0.58698,-1.39207
0.58698,-1.39207
0.58698,-1.39207
0.58698,-1.39207
0.58698,-1.39207
0.58698,-1.39207
0.58698,-1.39207
0.58698,-1.39207
0.58697,-1.39207
0.58697,-1.39207
0.58697,-1.39207
0.58696,-1.39207
0.58695,-1.39207
0.58692,-1.39208
0.58686,-1.39208
0.58670,-1.39209
-0.40966,1.32981
-0.50324,1.35034
-0.53699,1.35527
-0.56898,1.35864
-0.59621,1.36047
-0.60888,1.36097
-0.61290,1.36108
-0.61440,1.36112
-0.61514,1.36114
-0.61559,1.36115
-0.61589,1.36115
-0.61612,1.36116
-0.61630,1.36116
-0.61645,1.36116
-0.61658,1.36117
-0.61669,1.36117
-0.61680,1.36117
-0.61690,1.36117
-0.61698,1.36117
-0.61706,1.36118
-0.61713,1.36118
-0.61720,1.36118
-0.61725,1.36118
-0.61730,1.36118
0.58698,-1.39207
0.58698,-1.39207
0.58698,-1.39207
0.58698,-1.39207
0.58698,-1.39207
0.58698,-1.39207
0.58698,-1.39207
0.58698,-1.39207
0.58698,-1.39207
0.58698,-1.39207
0.58697,-1.39207
0.58697,-1.39207
0.58696,-1.39207
0.58695,-1.39207
0.58691,-1.39208
-0.36856,1.31773
-0.48397,1.34692
-0.51310,1.35192
-0.53790,1.35538
-0.56462,1.35826
-0.59089,1.36019
-0.60645,1.36089
-0.61199,1.36106
-0.61398,1.36111
-0.61489,1.36113
-0.61541,1.36114
-0.61575,1.36115
-0.61600,1.36116
-0.61619,1.36116
-0.61635,1.36116
-0.61648,1.36117
-0.61660,1.36117
-0.61670,1.36117
-0.61680,1.36117
-0.61689,1.36117
-0.61697,1.36117
-0.61705,1.36118
-0.61712,1.36118
-0.61718,1.36118
-0.61723,1.36118
0.58698,-1.39207
0.58698,-1.39207
0.58698,-1.39207
0.58698,-1.39207
0.58698,-1.39207
0.58698,-1.39207
0.58698,-1.39207
0.58698,-1.39207
0.58698,-1.39207
0.58698,-1.39207
0.58698,-1.39207
0.58698,-1.39207
0.58697,-1.39207
0.58697,-1.39207
0.58695,-1.39208
-0.45239,1.34040
-0.48946,1.34794
-0.51278,1.35187
-0.53439,1.35494
-0.55832,1.35766
-0.58408,1.35978
-0.60290,1.36076
-0.61069,1.36103
-0.61342,1.36110
-0.61459,1.36112
-0.61521,1.36114
-0.61561,1.36115
-0.61588,1.36115
-0.61609,1.36116
-0.61625,1.36116
-0.61639,1.36116
-0.61651,1.36117
-0.61662,1.36117
-0.61671,1.36117
-0.61680,1.36117
-0.61689,1.36117
-0.61697,1.36117
-0.61704,1.36118
-0.61710,1.36118
-0.61716,1.36118
0.58698,-1.39207
0.58698,-1.39207
0.58698,-1.39207
0.58698,-1.39207
0.58698,-1.39207
0.58698,-1.39207
0.58698,-1.39207
0.58698,-1.39207
0.58698,-1.39207
0.58698,-1.39207
0.58698,-1.39207
0.58698,-1.39207
0.58698,-1.39207
0.58699,-1.39207
0.58707,-1.39207
-0.44797,1.33940
-0.48462,1.34704
-0.50747,1.35103
-0.52799,1.35409
-0.55030,1.35683
-0.57554,1.35917
-0.59763,1.36054
-0.60871,1.36097
-0.61264,1.36108
-0.61420,1.36112
-0.61498,1.36113
-0.61544,1.36114
-0.61575,1.36115
-0.61598,1.36115
-0.61616,1.36116
-0.61630,1.36116
-0.61643,1.36116
-0.61654,1.36117
-0.61664,1.36117
-0.61673,1.36117
-0.61681,1.36117
-0.61689,1.36117
-0.61696,1.36117
-0.61703,1.36118
-0.61710,1.36118
0.58698,-1.39207
0.58698,-1.39207
0.58698,-1.39207
0.58698,-1.39207
0.58698,-1.39207
0.58699,-1.39207
0.58699,-1.39207
0.58699,-1.39207
0.58699,-1.39207
0.58699,-1.39207
0.58699,-1.39207
0.58699,-1.39207
0.58700,-1.39207
0.58702,-1.39207
0.58715,-1.39206
-0.40778,1.32930
-0.47017,1.34421
-0.49702,1.34928
-0.51828,1.35270
-0.53992,1.35563
-0.56457,1.35826
-0.58953,1.36011
-0.60535,1.36085
-0.61142,1.36105
-0.61365,1.36110
-0.61467,1.36113
-0.61524,1.36114
-0.61560,1.36115
-0.61586,1.36115
-0.61605,1.36116
-0.61621,1.36116
-0.61635,1.36116
-0.61646,1.36116
-0.61656,1.36117
-0.61665,1.36117
-0.61674,1.36117
-0.61682,1.36117
-0.61689,1.36117
-0.61696,1.36117
-0.61703,1.36118
0.58699,-1.39207
0.58699,-1.39207
0.58699,-1.39207
0.58699,-1.39207
0.58699,-1.39207
0.58699,-1.39207
0.58699,-1.39207
0.58699,-1.39207
0.58699,-1.39207
0.58699,-1.39207
0.58700,-1.39207
0.58701,-1.39207
0.58702,-1.39207
0.58706,-1.39207
0.58717,-1.39206
0.58753,-1.39204
-0.43028,1.33517
-0.47736,1.34565
-0.50315,1.35032
-0.52563,1.35376
-0.54983,1.35678
-0.57664,1.35926
-0.59877,1.36059
-0.60910,1.36098
-0.61273,1.36108
-0.61420,1.36112
-0.61495,1.36113
-0.61540,1.36114
-0.61571,1.36115
-0.61594,1.36115
-0.61611,1.36116
-0.61626,1.36116
-0.61638,1.36116
-0.61648,1.36117
-0.61658,1.36117
-0.61667,1.36117
-0.61675,1.36117
-0.61683,1.36117
-0.61690,1.36117
-0.61697,1.36117
0.58699,-1.39207
0.58699,-1.39207
0.58699,-1.39207
0.58699,-1.39207
0.58699,-1.39207
0.58699,-1.39207
0.58699,-1.39207
0.58700,-1.39207
0.58700,-1.39207
0.58700,-1.39207
0.58701,-1.39207
0.58703,-1.39207
0.58706,-1.39207
0.58711,-1.39206
0.58720,-1.39206
0.58737,-1.39205
0.58768,-1.39203
-0.42053,1.33269
-0.47484,1.34515
-0.50337,1.35036
-0.52859,1.35417
-0.55593,1.35742
-0.58424,1.35979
-0.60331,1.36078
-0.61071,1.36103
-0.61332,1.36110
-0.61447,1.36112
-0.61510,1.36114
-0.61549,1.36114
-0.61577,1.36115
-0.61598,1.36115
-0.61615,1.36116
-0.61628,1.36116
-0.61640,1.36116
-0.61650,1.36117
-0.61659,1.36117
-0.61668,1.36117
-0.61676,1.36117
-0.61683,1.36117
-0.61690,1.36117
0.58699,-1.39207
0.58699,-1.39207
0.58699,-1.39207
0.58699,-1.39207
0.58699,-1.39207
0.58700,-1.39207
0.58700,-1.39207
0.58700,-1.39207
0.58701,-1.39207
0.58702,-1.39207
0.58703,-1.39207
0.58705,-1.39207
0.58709,-1.39207
0.58715,-1.39206
0.58724,-1.39206
0.58737,-1.39205
0.58753,-1.39204
0.58771,-1.39203
0.58870,-1.39196
-0.45213,1.34034
-0.49142,1.34829
-0.52144,1.35317
-0.55252,1.35707
-0.58386,1.35977
-0.60372,1.36079
-0.61090,1.36103
-0.61339,1.36110
-0.61450,1.36112
-0.61511,1.36114
-0.61550,1.36114
-0.61577,1.36115
-0.61598,1.36116
-0.61615,1.36116
-0.61629,1.36116
-0.61641,1.36116
-0.61651,1.36117
-0.61660,1.36117
-0.61669,1.36117
-0.61676,1.36117
-0.61684,1.36117
0.58699,-1.39207
0.58699,-1.39207
0.58699,-1.39207
0.58700,-1.39207
0.58700,-1.39207
0.58700,-1.39207
0.58701,-1.39207
0.58701,-1.39207
0.58702,-1.39207
0.58703,-1.39207
0.58705,-1.39207
0.58708,-1.39207
0.58713,-1.39206
0.58719,-1.39206
0.58729,-1.39205
0.58741,-1.39205
0.58756,-1.39204
0.58771,-1.39203
0.58786,-1.39202
0.58798,-1.39201
0.58813,-1.39200
-0.41511,1.33127
-0.47974,1.34611
-0.52059,1.35304
-0.56122,1.35795
-0.59479,1.36040
-0.60861,1.36096
-0.61266,1.36108
-0.61417,1.36112
-0.61493,1.36113
-0.61538,1.36114
-0.61570,1.36115
-0.61593,1.36115
-0.61611,1.36116
-0.61626,1.36116
-0.61639,1.36116
-0.61650,1.36117
-0.61659,1.36117
-0.61668,1.36117
-0.61677,1.36117
0.58699,-1.39207
0.58700,-1.39207
0.58700,-1.39207
0.58700,-1.39207
0.58700,-1.39207
0.58701,-1.39207
0.58701,-1.39207
0.58702,-1.39207
0.58703,-1.39207
0.58705,-1.39207
0.58708,-1.39207
0.58711,-1.39206
0.58716,-1.39206
0.58724,-1.39206
0.58734,-1.39205
0.58747,-1.39204
0.58763,-1.39203
0.58780,-1.39202
0.58799,-1.39201
0.58818,-1.39200
0.58837,-1.39198
0.58854,-1.39197
0.58869,-1.39196
0.58877,-1.39196
0.58873,-1.39196
-0.26731,1.27981
-0.50669,1.35090
-0.57856,1.35940
-0.60728,1.36092
-0.61273,1.36108
-0.61432,1.36112
-0.61505,1.36114
-0.61548,1.36114
-0.61578,1.36115
-0.61600,1.36116
-0.61618,1.36116
-0.61633,1.36116
-0.61646,1.36116
-0.61657,1.36117
-0.61667,1.36117
0.58700,-1.39207
0.58700,-1.39207
0.58700,-1.39207
0.58701,-1.39207
0.58701,-1.39207
0.58702,-1.39207
0.58702,-1.39207
0.58703,-1.39207
0.58705,-1.39207
0.58707,-1.39207
0.58710,-1.39207
0.58714,-1.39206
0.58721,-1.39206
0.58729,-1.39205
0.58740,-1.39205
0.58754,-1.39204
0.58771,-1.39203
0.58791,-1.39201
0.58813,-1.39200
0.58838,-1.39198
0.58863,-1.39197
0.58889,-1.39195
0.58914,-1.39193
0.58935,-1.39192
0.58953,-1.39191
0.58967,-1.39190
0.58976,-1.39189
0.58978,-1.39189
0.58965,-1.39190
0.58893,-1.39195
-0.58000,1.35950
-0.61090,1.36103
-0.61402,1.36111
-0.61499,1.36113
-0.61548,1.36114
-0.61579,1.36115
-0.61602,1.36116
-0.61621,1.36116
-0.61637,1.36116
-0.61651,1.36117
0.58700,-1.39207
0.58700,-1.39207
0.58701,-1.39207
0.58701,-1.39207
0.58702,-1.39207
0.58703,-1.39207
0.58704,-1.39207
0.58705,-1.39207
0.58707,-1.39207
0.58709,-1.39207
0.58713,-1.39206
0.58718,-1.39206
0.58725,-1.39206
0.58734,-1.39205
0.58746,-1.39204
0.58762,-1.39203
0.58780,-1.39202
0.58802,-1.39201
0.58827,-1.39199
0.58854,-1.39197
0.58882,-1.39195
0.58909,-1.39194
0.58934,-1.39192
0.58956,-1.39190
0.58973,-1.39189
0.58987,-1.39188
0.58999,-1.39188
0.59007,-1.39187
0.59014,-1.39186
0.59018,-1.39186
0.59019,-1.39186
0.59012,-1.39187
0.58949,-1.39191
-0.58994,1.36014
-0.61282,1.36108
-0.61471,1.36113
-0.61537,1.36114
-0.61575,1.36115
-0.61601,1.36116
-0.61622,1.36116
0.58701,-1.39207
0.58701,-1.39207
0.58701,-1.39207
0.58702,-1.39207
0.58703,-1.39207
0.58704,-1.39207
0.58705,-1.39207
0.58706,-1.39207
0.58709,-1.39207
0.58712,-1.39206
0.58716,-1.39206
0.58722,-1.39206
0.58729,-1.39205
0.58740,-1.39205
0.58753,-1.39204
0.58770,-1.39203
0.58790,-1.39201
0.58813,-1.39200
0.58839,-1.39198
0.58867,-1.39196
0.58895,-1.39195
0.58922,-1.39193
0.58946,-1.39191
0.58966,-1.39190
0.58982,-1.39189
0.58995,-1.39188
0.59005,-1.39187
0.59014,-1.39187
0.59020,-1.39186
0.59026,-1.39186
0.59030,-1.39185
0.59034,-1.39185
0.59036,-1.39185
0.59037,-1.39185
0.59030,-1.39185
0.58958,-1.39190
-0.60509,1.36085
-0.61401,1.36111
-0.61517,1.36114
-0.61565,1.36115
0.58701,-1.39207
0.58702,-1.39207
0.58702,-1.39207
0.58703,-1.39207
0.58704,-1.39207
0.58705,-1.39207
0.58706,-1.39207
0.58708,-1.39207
0.58710,-1.39207
0.58714,-1.39206
0.58719,-1.39206
0.58725,-1.39206
0.58734,-1.39205
0.58746,-1.39204
0.58760,-1.39203
0.58778,-1.39202
0.58799,-1.39201
0.58823,-1.39199
0.58849,-1.39198
0.58877,-1.39196
0.58905,-1.39194
0.58931,-1.39192
0.58954,-1.39191
0.58973,-1.39189
0.58988,-1.39188
0.58999,-1.39187
0.59009,-1.39187
0.59016,-1.39186
0.59023,-1.39186
0.59028,-1.39186
0.59032,-1.39185
0.59036,-1.39185
0.59039,-1.39185
0.59042,-1.39185
0.59044,-1.39184
0.59046,-1.39184
0.59045,-1.39184
0.59036,-1.39185
-0.30120,1.29384
-0.61165,1.36105
0.58702,-1.39207
0.58702,-1.39207
0.58703,-1.39207
0.58704,-1.39207
0.58705,-1.39207
0.58706,-1.39207
0.58707,-1.39207
0.58710,-1.39207
0.58713,-1.39206
0.58717,-1.39206
0.58722,-1.39206
0.58730,-1.39205
0.58739,-1.39205
0.58752,-1.39204
0.58768,-1.39203
0.58786,-1.39202
0.58808,-1.39200
0.58832,-1.39199
0.58858,-1.39197
0.58886,-1.39195
0.58913,-1.39193
0.58938,-1.39192
0.58960,-1.39190
0.58977,-1.39189
0.58991,-1.39188
0.59002,-1.39187
0.59011,-1.39187
0.59018,-1.39186
0.59024,-1.39186
0.59029,-1.39185
0.59033,-1.39185
0.59036,-1.39185
0.59039,-1.39185
0.59042,-1.39185
0.59044,-1.39184
0.59047,-1.39184
0.59049,-1.39184
0.59050,-1.39184
0.59051,-1.39184
0.59050,-1.39184
0.58702,-1.39207
0.58703,-1.39207
0.58704,-1.39207
0.58705,-1.39207
0.58706,-1.39207
0.58707,-1.39207
0.58709,-1.39207
0.58711,-1.39206
0.58715,-1.39206
0.58719,-1.39206
0.58725,-1.39206
0.58734,-1.39205
0.58745,-1.39204
0.58758,-1.39203
0.58775,-1.39202
0.58794,-1.39201
0.58816,-1.39200
0.58840,-1.39198
0.58867,-1.39196
0.58894,-1.39195
0.58920,-1.39193
0.58944,-1.39191
0.58964,-1.39190
0.58980,-1.39189
0.58994,-1.39188
0.59004,-1.39187
0.59012,-1.39187
0.59019,-1.39186
0.59025,-1.39186
0.59029,-1.39185
0.59033,-1.39185
0.59037,-1.39185
0.59040,-1.39185
0.59042,-1.39185
0.59044,-1.39184
0.59046,-1.39184
0.59048,-1.39184
0.59050,-1.39184
0.59051,-1.39184
0.59053,-1.39184
0.58703,-1.39207
0.58704,-1.39207
0.58705,-1.39207
0.58705,-1.39207
0.58707,-1.39207
0.58708,-1.39207
0.58710,-1.39207
0.58713,-1.39206
0.58717,-1.39206
0.58722,-1.39206
0.58729,-1.39205
0.58739,-1.39205
0.58750,-1.39204
0.58765,-1.39203
0.58782,-1.39202
0.58802,-1.39201
0.58824,-1.39199
0.58848,-1.39198
0.58874,-1.39196
0.58900,-1.39194
0.58926,-1.39193
0.58948,-1.39191
0.58967,-1.39190
0.58983,-1.39189
0.58996,-1.39188
0.59006,-1.39187
0.59014,-1.39187
0.59020,-1.39186
0.59025,-1.39186
0.59030,-1.39185
0.59034,-1.39185
0.59037,-1.39185
0.59040,-1.39185
0.59042,-1.39185
0.59044,-1.39184
0.59046,-1.39184
0.59048,-1.39184
0.59049,-1.39184
0.59051,-1.39184
0.59052,-1.39184
0.58704,-1.39207
0.58705,-1.39207
0.58705,-1.39207
0.58706,-1.39207
0.58708,-1.39207
0.58709,-1.39207
0.58712,-1.39206
0.58715,-1.39206
0.58719,-1.39206
0.58725,-1.39206
0.58733,-1.39205
0.58743,-1.39204
0.58756,-1.39204
0.58772,-1.39203
0.58789,-1.39201
0.58809,-1.39200
0.58831,-1.39199
0.58855,-1.39197
0.58881,-1.39196
0.58906,-1.39194
0.58930,-1.39192
0.58952,-1.39191
0.58970,-1.39189
0.58985,-1.39188
0.58997,-1.39188
0.59007,-1.39187
0.59015,-1.39186
0.59021,-1.39186
0.59026,-1.39186
0.59030,-1.39185
0.59034,-1.39185
0.59037,-1.39185
0.59040,-1.39185
0.59042,-1.39185
0.59044,-1.39184
0.59046,-1.39184
0.59048,-1.39184
0.59049,-1.39184
0.59051,-1.39184
0.59052,-1.39184
