-0.70226,1.35725
-0.70207,1.35727
-0.70186,1.35730
-0.70163,1.35732
-0.70135,1.35736
-0.70102,1.35739
-0.70062,1.35744
-0.70015,1.35749
-0.69957,1.35756
-0.69885,1.35763
-0.69796,1.35773
-0.69684,1.35785
-0.69541,1.35800
-0.69359,1.35818
-0.69127,1.35841
-0.68835,1.35869
-0.68473,1.35901
-0.68042,1.35936
-0.67552,1.35973
-0.67019,1.36008
-0.66464,1.36040
-0.65903,1.36067
-0.65344,1.36089
-0.64796,1.36106
-0.64272,1.36118
-0.63797,1.36126
-0.63397,1.36129
-0.63086,1.36130
-0.62856,1.36130
-0.62689,1.36129
-0.62569,1.36129
-0.62480,1.36128
-0.62413,1.36128
-0.62361,1.36127
-0.62319,1.36127
-0.62284,1.36126
-0.62254,1.36126
-0.62227,1.36126
-0.62203,1.36125
-0.62180,1.36125
-0.70240,1.35724
-0.70217,1.35726
-0.70193,1.35729
-0.70168,1.35732
-0.70138,1.35735
-0.70104,1.35739
-0.70064,1.35744
-0.70016,1.35749
-0.69958,1.35755
-0.69886,1.35763
-0.69797,1.35773
-0.69685,1.35785
-0.69542,1.35800
-0.69358,1.35819
-0.69123,1.35842
-0.68824,1.35870
-0.68452,1.35903
-0.68007,1.35939
-0.67498,1.35976
-0.66943,1.36013
-0.66366,1.36045
-0.65781,1.36072
-0.65203,1.36094
-0.64641,1.36110
-0.64116,1.36121
-0.63655,1.36127
-0.63280,1.36130
-0.62995,1.36130
-0.62787,1.36130
-0.62636,1.36129
-0.62526,1.36128
-0.62444,1.36128
-0.62382,1.36127
-0.62332,1.36127
-0.62292,1.36126
-0.62257,1.36126
-0.62227,1.36126
-0.62201,1.36125
-0.62176,1.36125
-0.62153,1.36125
-0.70275,1.35720
-0.70243,1.35723
-0.70212,1.35727
-0.70181,1.35730
-0.70148,1.35734
-0.70112,1.35738
-0.70070,1.35743
-0.70021,1.35748
-0.69961,1.35755
-0.69889,1.35763
-0.69799,1.35773
-0.69686,1.35785
-0.69542,1.35800
-0.69356,1.35819
-0.69116,1.35842
-0.68809,1.35871
-0.68426,1.35905
-0.67964,1.35942
-0.67434,1.35981
-0.66856,1.36018
-0.66254,1.36051
-0.65646,1.36078
-0.65049,1.36099
-0.64478,1.36114
-0.63958,1.36124
-0.63517,1.36128
-0.63168,1.36130
-0.62909,1.36130
-0.62721,1.36130
-0.62584,1.36129
-0.62484,1.36128
-0.62408,1.36128
-0.62349,1.36127
-0.62301,1.36126
-0.62262,1.36126
-0.62228,1.36126
-0.62198,1.36125
-0.62172,1.36125
-0.62147,1.36125
-0.62125,1.36124
-0.70348,1.35711
-0.70299,1.35717
-0.70255,1.35722
-0.70214,1.35727
-0.70173,1.35731
-0.70130,1.35736
-0.70084,1.35741
-0.70031,1.35747
-0.69969,1.35754
-0.69894,1.35762
-0.69803,1.35772
-0.69688,1.35785
-0.69541,1.35800
-0.69351,1.35819
-0.69106,1.35843
-0.68790,1.35873
-0.68392,1.35908
-0.67911,1.35946
-0.67358,1.35986
-0.66754,1.36024
-0.66125,1.36057
-0.65494,1.36084
-0.64880,1.36104
-0.64306,1.36118
-0.63799,1.36126
-0.63382,1.36129
-0.63062,1.36130
-0.62827,1.36130
-0.62657,1.36129
-0.62533,1.36129
-0.62440,1.36128
-0.62369,1.36127
-0.62313,1.36127
-0.62267,1.36126
-0.62229,1.36126
-0.62196,1.36125
-0.62167,1.36125
-0.62141,1.36125
-0.62117,1.36124
-0.62096,1.36124
-0.70298,1.35717
-0.70375,1.35708
-0.70331,1.35713
-0.70277,1.35719
-0.70223,1.35726
-0.70170,1.35732
-0.70114,1.35738
-0.70054,1.35745
-0.69986,1.35752
-0.69906,1.35761
-0.69810,1.35772
-0.69690,1.35784
-0.69539,1.35800
-0.69343,1.35820
-0.69089,1.35845
-0.68762,1.35875
-0.68347,1.35911
-0.67844,1.35951
-0.67263,1.35992
-0.66630,1.36031
-0.65974,1.36064
-0.65321,1.36090
-0.64696,1.36109
-0.64127,1.36121
-0.63639,1.36127
-0.63252,1.36130
-0.62961,1.36130
-0.62748,1.36130
-0.62594,1.36129
-0.62480,1.36128
-0.62394,1.36127
-0.62327,1.36127
-0.62274,1.36126
-0.62230,1.36126
-0.62193,1.36125
-0.62162,1.36125
-0.62134,1.36125
-0.62109,1.36124
-0.62086,1.36124
-0.62066,1.36124
0.47562,-1.38571
0.38858,-1.36193
0.17855,-1.24503
-0.70152,1.35734
-0.70262,1.35721
-0.70224,1.35725
-0.70163,1.35732
-0.70094,1.35740
-0.70016,1.35749
-0.69927,1.35759
-0.69822,1.35770
-0.69695,1.35784
-0.69534,1.35801
-0.69329,1.35821
-0.69062,1.35847
-0.68718,1.35879
-0.68282,1.35917
-0.67751,1.35958
-0.67140,1.36000
-0.66475,1.36039
-0.65792,1.36072
-0.65123,1.36097
-0.64496,1.36114
-0.63941,1.36124
-0.63482,1.36129
-0.63126,1.36130
-0.62863,1.36130
-0.62671,1.36129
-0.62530,1.36128
-0.62425,1.36128
-0.62345,1.36127
-0.62282,1.36126
-0.62232,1.36126
-0.62190,1.36125
-0.62155,1.36125
-0.62125,1.36124
-0.62099,1.36124
-0.62076,1.36124
-0.62055,1.36123
-0.62037,1.36123
0.55192,-1.39299
0.53320,-1.39239
0.50502,-1.39004
0.45999,-1.38263
0.38429,-1.36035
0.23979,-1.28702
-0.69456,1.35809
-0.70014,1.35749
-0.70008,1.35750
-0.69931,1.35758
-0.69823,1.35770
-0.69686,1.35785
-0.69513,1.35803
-0.69293,1.35825
-0.69008,1.35853
-0.68642,1.35886
-0.68178,1.35925
-0.67615,1.35968
-0.66969,1.36011
-0.66274,1.36050
-0.65570,1.36081
-0.64894,1.36104
-0.64279,1.36118
-0.63752,1.36126
-0.63328,1.36129
-0.63005,1.36130
-0.62767,1.36130
-0.62593,1.36129
-0.62464,1.36128
-0.62367,1.36127
-0.62293,1.36126
-0.62234,1.36126
-0.62187,1.36125
-0.62148,1.36125
-0.62116,1.36124
-0.62088,1.36124
-0.62064,1.36124
-0.62043,1.36123
-0.62024,1.36123
-0.62008,1.36123
0.57381,-1.39272
0.56609,-1.39293
0.55530,-1.39301
0.54094,-1.39273
0.52171,-1.39165
0.49499,-1.38878
0.45692,-1.38197
0.40227,-1.36672
0.32142,-1.33313
0.19320,-1.25563
-0.68313,1.35914
-0.69315,1.35823
-0.69294,1.35825
-0.69111,1.35843
-0.68829,1.35869
-0.68448,1.35903
-0.67961,1.35942
-0.67371,1.35985
-0.66701,1.36027
-0.65991,1.36063
-0.65289,1.36091
-0.64632,1.36111
-0.64052,1.36122
-0.63566,1.36128
-0.63181,1.36130
-0.62889,1.36130
-0.62673,1.36129
-0.62513,1.36128
-0.62394,1.36127
-0.62305,1.36127
-0.62236,1.36126
-0.62182,1.36125
-0.62139,1.36125
-0.62104,1.36124
-0.62075,1.36124
-0.62050,1.36123
-0.62029,1.36123
-0.62010,1.36123
-0.61994,1.36123
-0.61980,1.36122
0.58091,-1.39242
0.57784,-1.39256
0.57302,-1.39275
0.56609,-1.39293
0.55684,-1.39301
0.54507,-1.39286
0.53027,-1.39223
0.51148,-1.39074
0.48733,-1.38767
0.45631,-1.38183
0.41723,-1.37152
0.36918,-1.35451
0.31113,-1.32796
0.24157,-1.28815
0.15535,-1.22754
0.02316,-1.11145
-0.66777,1.36022
-0.66633,1.36031
-0.66143,1.36056
-0.65543,1.36082
-0.64926,1.36103
-0.64343,1.36117
-0.63826,1.36125
-0.63391,1.36129
-0.63042,1.36130
-0.62775,1.36130
-0.62576,1.36129
-0.62429,1.36128
-0.62319,1.36127
-0.62238,1.36126
-0.62176,1.36125
-0.62128,1.36124
-0.62090,1.36124
-0.62059,1.36124
-0.62034,1.36123
-0.62013,1.36123
-0.61994,1.36123
-0.61978,1.36122
-0.61964,1.36122
-0.61952,1.36122
0.58321,-1.39229
0.58182,-1.39237
0.57962,-1.39248
0.57623,-1.39263
0.57133,-1.39280
0.56470,-1.39295
0.55619,-1.39301
0.54557,-1.39287
0.53247,-1.39235
0.51631,-1.39119
0.49633,-1.38896
0.47174,-1.38500
0.44180,-1.37838
0.40596,-1.36795
0.36368,-1.35227
0.31428,-1.32957
0.25680,-1.29758
0.18973,-1.25315
0.10851,-1.18961
-0.02251,-1.06462
-0.64514,1.36113
-0.64071,1.36122
-0.63632,1.36127
-0.63238,1.36130
-0.62913,1.36130
-0.62660,1.36129
-0.62473,1.36128
-0.62337,1.36127
-0.62238,1.36126
-0.62166,1.36125
-0.62113,1.36124
-0.62072,1.36124
-0.62040,1.36123
-0.62014,1.36123
-0.61993,1.36123
-0.61975,1.36122
-0.61959,1.36122
-0.61946,1.36122
-0.61935,1.36122
-0.61924,1.36121
0.58419,-1.39224
0.58341,-1.39228
0.58220,-1.39235
0.58036,-1.39244
0.57760,-1.39257
0.57365,-1.39272
0.56829,-1.39288
0.56133,-1.39300
0.55255,-1.39299
0.54159,-1.39275
0.52794,-1.39209
0.51093,-1.39068
0.48974,-1.38803
0.46352,-1.38337
0.43140,-1.37563
0.39257,-1.36337
0.34650,-1.34489
0.29322,-1.31852
0.23348,-1.28298
0.16786,-1.23707
0.09312,-1.17639
-0.01982,-1.06748
-0.63597,1.36128
-0.63131,1.36130
-0.62790,1.36130
-0.62537,1.36129
-0.62359,1.36127
-0.62236,1.36126
-0.62152,1.36125
-0.62092,1.36124
-0.62048,1.36123
-0.62015,1.36123
-0.61989,1.36122
-0.61968,1.36122
-0.61951,1.36122
-0.61936,1.36122
-0.61924,1.36121
-0.61913,1.36121
-0.61904,1.36121
-0.61896,1.36121
0.58476,-1.39221
0.58424,-1.39224
0.58347,-1.39228
0.58232,-1.39234
0.58059,-1.39243
0.57804,-1.39255
0.57442,-1.39270
0.56951,-1.39285
0.56308,-1.39298
0.55487,-1.39301
0.54446,-1.39284
0.53125,-1.39229
0.51447,-1.39103
0.49314,-1.38852
0.46622,-1.38392
0.43274,-1.37600
0.39201,-1.36317
0.34409,-1.34381
0.29004,-1.31679
0.23176,-1.28186
0.17051,-1.23907
0.10415,-1.18590
0.01760,-1.10594
-0.63228,1.36130
-0.62668,1.36129
-0.62395,1.36127
-0.62230,1.36126
-0.62127,1.36124
-0.62060,1.36124
-0.62014,1.36123
-0.61981,1.36122
-0.61955,1.36122
-0.61936,1.36122
-0.61920,1.36121
-0.61907,1.36121
-0.61896,1.36121
-0.61886,1.36121
-0.61878,1.36121
-0.61871,1.36121
-0.61865,1.36121
0.58514,-1.39219
0.58477,-1.39221
0.58424,-1.39224
0.58346,-1.39228
0.58229,-1.39234
0.58054,-1.39243
0.57796,-1.39255
0.57431,-1.39270
0.56933,-1.39286
0.56278,-1.39298
0.55431,-1.39301
0.54340,-1.39281
0.52934,-1.39217
0.51116,-1.39070
0.48771,-1.38772
0.45782,-1.38216
0.42057,-1.37253
0.37581,-1.35713
0.32459,-1.33468
0.26904,-1.30488
0.21141,-1.26832
0.15209,-1.22501
0.08696,-1.17099
-0.00522,-1.08277
-0.62537,1.36129
-0.62216,1.36126
-0.62082,1.36124
-0.62007,1.36123
-0.61961,1.36122
-0.61929,1.36122
-0.61906,1.36121
-0.61889,1.36121
-0.61876,1.36121
-0.61866,1.36121
-0.61857,1.36120
-0.61850,1.36120
-0.61845,1.36120
-0.61839,1.36120
-0.61835,1.36120
-0.61831,1.36120
0.58542,-1.39217
0.58515,-1.39218
0.58477,-1.39221
0.58422,-1.39224
0.58340,-1.39228
0.58217,-1.39235
0.58030,-1.39245
0.57754,-1.39257
0.57361,-1.39273
0.56823,-1.39288
0.56108,-1.39300
0.55173,-1.39298
0.53953,-1.39268
0.52357,-1.39179
0.50267,-1.38977
0.47549,-1.38569
0.44085,-1.37814
0.39829,-1.36537
0.34865,-1.34585
0.29414,-1.31902
0.23739,-1.28549
0.17972,-1.24589
0.11912,-1.19851
0.04560,-1.13315
-0.62178,1.36125
-0.61963,1.36122
-0.61893,1.36121
-0.61858,1.36120
-0.61837,1.36120
-0.61824,1.36120
-0.61815,1.36120
-0.61809,1.36120
-0.61804,1.36119
-0.61801,1.36119
-0.61799,1.36119
-0.61797,1.36119
-0.61795,1.36119
-0.61794,1.36119
-0.61793,1.36119
-0.61791,1.36119
0.58565,-1.39215
0.58545,-1.39217
0.58516,-1.39218
0.58477,-1.39221
0.58419,-1.39224
0.58331,-1.39229
0.58197,-1.39236
0.57991,-1.39246
0.57685,-1.39260
0.57244,-1.39277
0.56638,-1.39292
0.55825,-1.39301
0.54749,-1.39291
0.53327,-1.39240
0.51440,-1.39102
0.48945,-1.38799
0.45696,-1.38197
0.41606,-1.37116
0.36724,-1.35372
0.31262,-1.32873
0.25513,-1.29657
0.19658,-1.25803
0.13562,-1.21198
0.06379,-1.15013
-0.09635,-0.98059
-0.61436,1.36112
-0.61562,1.36115
-0.61616,1.36116
-0.61648,1.36117
-0.61669,1.36117
-0.61686,1.36117
-0.61698,1.36118
-0.61709,1.36118
-0.61717,1.36118
-0.61724,1.36118
-0.61729,1.36118
-0.61734,1.36118
-0.61738,1.36118
-0.61741,1.36118
-0.61744,1.36118
0.58584,-1.39214
0.58568,-1.39215
0.58547,-1.39217
0.58518,-1.39218
0.58476,-1.39221
0.58414,-1.39224
0.58319,-1.39230
0.58171,-1.39237
0.57940,-1.39249
0.57590,-1.39264
0.57084,-1.39281
0.56382,-1.39297
0.55432,-1.39301
0.54159,-1.39275
0.52452,-1.39186
0.50160,-1.38964
0.47109,-1.38487
0.43162,-1.37569
0.38312,-1.35992
0.32742,-1.33605
0.26760,-1.30403
0.20586,-1.26452
0.14080,-1.21613
0.06163,-1.14814
-0.57353,1.35902
-0.60233,1.36074
-0.60844,1.36096
-0.61138,1.36104
-0.61305,1.36109
-0.61410,1.36111
-0.61481,1.36113
-0.61532,1.36114
-0.61570,1.36115
-0.61599,1.36116
-0.61621,1.36116
-0.61640,1.36116
-0.61654,1.36117
-0.61666,1.36117
-0.61676,1.36117
-0.61684,1.36117
0.58599,-1.39213
0.58587,-1.39214
0.58571,-1.39215
0.58549,-1.39216
0.58519,-1.39218
0.58475,-1.39221
0.58409,-1.39225
0.58305,-1.39230
0.58138,-1.39239
0.57874,-1.39252
0.57469,-1.39269
0.56876,-1.39287
0.56046,-1.39300
0.54913,-1.39295
0.53375,-1.39242
0.51279,-1.39087
0.48429,-1.38719
0.44630,-1.37950
0.39785,-1.36522
0.34007,-1.34199
0.27595,-1.30888
0.20785,-1.26589
0.13317,-1.21001
0.02775,-1.11595
-0.57212,1.35891
-0.58887,1.36008
-0.59771,1.36054
-0.60344,1.36078
-0.60724,1.36092
-0.60978,1.36100
-0.61151,1.36105
-0.61273,1.36108
-0.61361,1.36110
-0.61427,1.36112
-0.61477,1.36113
-0.61516,1.36114
-0.61547,1.36114
-0.61572,1.36115
-0.61592,1.36115
-0.61608,1.36116
0.58613,-1.39213
0.58603,-1.39213
0.58591,-1.39214
0.58574,-1.39215
0.58552,-1.39216
0.58521,-1.39218
0.58475,-1.39221
0.58404,-1.39225
0.58289,-1.39231
0.58100,-1.39241
0.57794,-1.39256
0.57315,-1.39274
0.56609,-1.39293
0.55613,-1.39301
0.54235,-1.39278
0.52333,-1.39177
0.49695,-1.38904
0.46062,-1.38277
0.41212,-1.36993
0.35107,-1.34691
0.27951,-1.31091
0.19896,-1.25970
0.09972,-1.18210
-0.53792,1.35538
-0.56790,1.35855
-0.57998,1.35950
-0.58838,1.36005
-0.59487,1.36040
-0.59995,1.36064
-0.60385,1.36080
-0.60678,1.36090
-0.60896,1.36097
-0.61059,1.36102
-0.61181,1.36106
-0.61275,1.36108
-0.61347,1.36110
-0.61403,1.36111
-0.61448,1.36112
-0.61483,1.36113
-0.61512,1.36114
0.58625,-1.39212
0.58617,-1.39212
0.58607,-1.39213
0.58595,-1.39214
0.58579,-1.39215
0.58556,-1.39216
0.58524,-1.39218
0.58476,-1.39221
0.58399,-1.39225
0.58272,-1.39232
0.58056,-1.39243
0.57694,-1.39260
0.57119,-1.39280
0.56262,-1.39298
0.55041,-1.39297
0.53326,-1.39240
0.50903,-1.39048
0.47456,-1.38552
0.42592,-1.37409
0.35959,-1.35056
0.27353,-1.30749
0.16044,-1.23145
-0.50274,1.35025
-0.54832,1.35661
-0.56397,1.35820
-0.57405,1.35906
-0.58169,1.35962
-0.58794,1.36002
-0.59320,1.36032
-0.59764,1.36054
-0.60132,1.36070
-0.60431,1.36082
-0.60670,1.36090
-0.60858,1.36096
-0.61006,1.36101
-0.61122,1.36104
-0.61214,1.36107
-0.61287,1.36108
-0.61345,1.36110
-0.61391,1.36111
0.58636,-1.39211
0.58629,-1.39212
0.58622,-1.39212
0.58612,-1.39213
0.58600,-1.39213
0.58584,-1.39214
0.58561,-1.39216
0.58529,-1.39218
0.58478,-1.39221
0.58396,-1.39225
0.58254,-1.39233
0.58003,-1.39246
0.57566,-1.39265
0.56857,-1.39288
0.55789,-1.39301
0.54244,-1.39278
0.52019,-1.39153
0.48747,-1.38769
0.43795,-1.37739
0.36027,-1.35085
0.22333,-1.27634
-0.46065,1.34221
-0.52244,1.35331
-0.54621,1.35637
-0.55992,1.35782
-0.56938,1.35868
-0.57664,1.35926
-0.58261,1.35968
-0.58773,1.36001
-0.59220,1.36026
-0.59612,1.36046
-0.59951,1.36062
-0.60241,1.36074
-0.60483,1.36084
-0.60684,1.36091
-0.60848,1.36096
-0.60980,1.36100
-0.61088,1.36103
-0.61174,1.36105
-0.61243,1.36107
0.58645,-1.39211
0.58641,-1.39211
0.58635,-1.39211
0.58627,-1.39212
0.58618,-1.39212
0.58607,-1.39213
0.58591,-1.39214
0.58568,-1.39215
0.58535,-1.39217
0.58484,-1.39220
0.58396,-1.39225
0.58236,-1.39234
0.57935,-1.39249
0.57386,-1.39272
0.56472,-1.39295
0.55067,-1.39297
0.52963,-1.39219
0.49693,-1.38904
0.43852,-1.37754
0.06430,1.03369
-0.32557,1.30308
-0.46595,1.34334
-0.51729,1.35256
-0.54137,1.35581
-0.55551,1.35738
-0.56516,1.35831
-0.57243,1.35893
-0.57832,1.35938
-0.58332,1.35973
-0.58771,1.36001
-0.59163,1.36023
-0.59513,1.36042
-0.59824,1.36056
-0.60099,1.36068
-0.60337,1.36078
-0.60541,1.36086
-0.60713,1.36092
-0.60856,1.36096
-0.60974,1.36100
-0.61071,1.36103
0.58655,-1.39210
0.58651,-1.39210
0.58646,-1.39211
0.58641,-1.39211
0.58634,-1.39211
0.58626,-1.39212
0.58615,-1.39212
0.58599,-1.39213
0.58578,-1.39215
0.58546,-1.39217
0.58493,-1.39220
0.58399,-1.39225
0.58214,-1.39235
0.57831,-1.39254
0.57079,-1.39282
0.55748,-1.39301
0.53456,-1.39246
0.47118,-1.38489
0.08760,1.00427
-0.12335,1.20240
-0.31757,1.30012
-0.44850,1.33952
-0.50712,1.35097
-0.53484,1.35499
-0.55060,1.35686
-0.56100,1.35792
-0.56861,1.35861
-0.57462,1.35910
-0.57963,1.35948
-0.58397,1.35977
-0.58784,1.36001
-0.59133,1.36022
-0.59450,1.36038
-0.59737,1.36052
-0.59997,1.36064
-0.60227,1.36074
-0.60430,1.36082
-0.60604,1.36088
-0.60753,1.36093
-0.60878,1.36097
0.58664,-1.39209
0.58661,-1.39210
0.58657,-1.39210
0.58654,-1.39210
0.58649,-1.39210
0.58643,-1.39211
0.58635,-1.39211
0.58625,-1.39212
0.58611,-1.39213
0.58592,-1.39214
0.58561,-1.39216
0.58508,-1.39219
0.58406,-1.39225
0.58175,-1.39237
0.57596,-1.39264
0.56130,-1.39300
0.35902,0.47437
0.15410,0.90664
0.02012,1.08338
-0.12321,1.20230
-0.28560,1.28756
-0.42219,1.33312
-0.49316,1.34860
-0.52673,1.35391
-0.54507,1.35624
-0.55669,1.35750
-0.56491,1.35829
-0.57122,1.35883
-0.57636,1.35924
-0.58074,1.35955
-0.58459,1.35981
-0.58806,1.36003
-0.59122,1.36021
-0.59412,1.36036
-0.59680,1.36050
-0.59925,1.36061
-0.60148,1.36071
-0.60346,1.36078
-0.60521,1.36085
-0.60672,1.36090
0.58672,-1.39209
0.58671,-1.39209
0.58668,-1.39209
0.58666,-1.39209
0.58663,-1.39209
0.58659,-1.39210
0.58654,-1.39210
0.58648,-1.39210
0.58640,-1.39211
0.58628,-1.39212
0.58611,-1.39213
0.58583,-1.39214
0.58532,-1.39217
0.58414,-1.39224
0.58015,-1.39245
0.39483,0.38111
0.21758,0.79325
0.11737,0.96317
0.01626,1.08737
-0.10237,1.18818
-0.24629,1.27038
-0.38833,1.32377
-0.47499,1.34518
-0.51677,1.35248
-0.53872,1.35548
-0.55205,1.35702
-0.56116,1.35794
-0.56794,1.35856
-0.57333,1.35900
-0.57783,1.35935
-0.58173,1.35962
-0.58519,1.35985
-0.58834,1.36004
-0.59124,1.36021
-0.59394,1.36035
-0.59645,1.36048
-0.59879,1.36059
-0.60093,1.36068
-0.60287,1.36076
-0.60460,1.36083
0.58681,-1.39208
0.58681,-1.39208
0.58680,-1.39208
0.58679,-1.39209
0.58677,-1.39209
0.58675,-1.39209
0.58673,-1.39209
0.58670,-1.39209
0.58667,-1.39209
0.58661,-1.39210
0.58654,-1.39210
0.58642,-1.39211
0.58622,-1.39212
0.58577,-1.39215
0.58381,-1.39226
0.29525,0.62851
0.20074,0.82526
0.11858,0.96141
0.03111,1.07172
-0.07327,1.16688
-0.20318,1.24920
-0.34695,1.31062
-0.45133,1.34016
-0.50431,1.35051
-0.53124,1.35453
-0.54689,1.35645
-0.55719,1.35755
-0.56462,1.35826
-0.57039,1.35876
-0.57509,1.35914
-0.57910,1.35944
-0.58260,1.35968
-0.58576,1.35989
-0.58866,1.36006
-0.59135,1.36022
-0.59389,1.36035
-0.59627,1.36047
-0.59850,1.36058
-0.60058,1.36067
-0.60248,1.36075
0.58691,-1.39208
0.58691,-1.39208
0.58692,-1.39208
0.58692,-1.39208
0.58693,-1.39208
0.58693,-1.39208
0.58694,-1.39208
0.58694,-1.39208
0.58695,-1.39207
0.58696,-1.39207
0.58698,-1.39207
0.58702,-1.39207
0.58710,-1.39207
0.58740,-1.39205
0.59453,-1.39154
0.30374,0.60892
0.21565,0.79700
0.13865,0.93122
0.05781,1.04147
-0.03742,1.13782
-0.15612,1.22292
-0.29730,1.29229
-0.41958,1.33245
-0.48793,1.34766
-0.52197,1.35324
-0.54085,1.35574
-0.55276,1.35710
-0.56109,1.35793
-0.56737,1.35851
-0.57239,1.35893
-0.57657,1.35925
-0.58018,1.35952
-0.58339,1.35973
-0.58630,1.35992
-0.58900,1.36008
-0.59153,1.36023
-0.59394,1.36035
-0.59621,1.36047
-0.59837,1.36057
-0.60038,1.36066
0.58702,-1.39207
0.58703,-1.39207
0.58705,-1.39207
0.58707,-1.39207
0.58710,-1.39207
0.58713,-1.39206
0.58717,-1.39206
0.58722,-1.39206
0.58729,-1.39205
0.58739,-1.39205
0.58755,-1.39204
0.58783,-1.39202
0.58843,-1.39198
0.59024,-1.39186
0.60116,-1.39098
0.36108,0.46913
0.25548,0.71626
0.17590,0.86995
0.09713,0.99156
0.00762,1.09611
-0.10213,1.18801
-0.23713,1.26610
-0.37459,1.31961
-0.46436,1.34300
-0.50941,1.35134
-0.53317,1.35478
-0.54744,1.35651
-0.55704,1.35754
-0.56406,1.35821
-0.56953,1.35869
-0.57400,1.35906
-0.57779,1.35934
-0.58110,1.35958
-0.58407,1.35978
-0.58680,1.35995
-0.58934,1.36010
-0.59175,1.36024
-0.59405,1.36036
-0.59625,1.36047
-0.59834,1.36057
0.58714,-1.39206
0.58717,-1.39206
0.58720,-1.39206
0.58725,-1.39206
0.58730,-1.39205
0.58737,-1.39205
0.58746,-1.39204
0.58757,-1.39204
0.58774,-1.39203
0.58798,-1.39201
0.58837,-1.39198
0.58908,-1.39194
0.59054,-1.39184
0.59405,-1.39158
0.60346,-1.39077
0.63328,-1.38705
0.33287,0.53948
0.23654,0.75557
0.15445,0.90608
0.06753,1.02975
-0.03532,1.13601
-0.16187,1.22633
-0.30707,1.29613
-0.42555,1.33398
-0.48975,1.34799
-0.52202,1.35325
-0.54021,1.35567
-0.55183,1.35700
-0.56001,1.35783
-0.56619,1.35840
-0.57113,1.35882
-0.57522,1.35915
-0.57874,1.35941
-0.58184,1.35963
-0.58465,1.35982
-0.58724,1.35998
-0.58967,1.36012
-0.59199,1.36025
-0.59422,1.36037
-0.59636,1.36048
0.58728,-1.39205
0.58733,-1.39205
0.58739,-1.39205
0.58746,-1.39204
0.58755,-1.39204
0.58767,-1.39203
0.58782,-1.39202
0.58804,-1.39201
0.58834,-1.39199
0.58880,-1.39196
0.58955,-1.39191
0.59085,-1.39182
0.59327,-1.39164
0.59784,-1.39127
0.60612,-1.39050
0.61983,-1.38894
0.64489,-1.38515
0.34613,0.50677
0.24336,0.74160
0.15364,0.90740
0.05535,1.04438
-0.06245,1.15846
-0.20415,1.24971
-0.35133,1.31211
-0.45175,1.34026
-0.50225,1.35017
-0.52845,1.35415
-0.54394,1.35611
-0.55423,1.35725
-0.56168,1.35799
-0.56743,1.35851
-0.57209,1.35890
-0.57599,1.35921
-0.57937,1.35946
-0.58236,1.35967
-0.58507,1.35984
-0.58759,1.36000
-0.58996,1.36014
-0.59223,1.36026
-0.59442,1.36038
0.58744,-1.39204
0.58752,-1.39204
0.58761,-1.39203
0.58772,-1.39203
0.58787,-1.39202
0.58805,-1.39200
0.58830,-1.39199
0.58864,-1.39197
0.58914,-1.39193
0.58990,-1.39188
0.59110,-1.39180
0.59306,-1.39165
0.59629,-1.39140
0.60150,-1.39095
0.60938,-1.39016
0.62005,-1.38891
0.63278,-1.38712
0.64739,-1.38470
0.71596,-1.36838
0.29577,0.62732
0.19448,0.83681
0.08453,1.00829
-0.04722,1.14610
-0.20191,1.24854
-0.35576,1.31358
-0.45505,1.34099
-0.50373,1.35042
-0.52906,1.35423
-0.54420,1.35614
-0.55435,1.35726
-0.56176,1.35800
-0.56752,1.35852
-0.57219,1.35891
-0.57613,1.35922
-0.57953,1.35947
-0.58254,1.35968
-0.58527,1.35986
-0.58779,1.36001
-0.59017,1.36015
-0.59243,1.36028
0.58764,-1.39203
0.58775,-1.39202
0.58789,-1.39202
0.58805,-1.39200
0.58826,-1.39199
0.58854,-1.39197
0.58891,-1.39195
0.58942,-1.39191
0.59017,-1.39186
0.59128,-1.39178
0.59296,-1.39166
0.59554,-1.39146
0.59945,-1.39113
0.60522,-1.39059
0.61322,-1.38974
0.62342,-1.38846
0.63508,-1.38677
0.64705,-1.38477
0.65809,-1.38269
0.66733,-1.38078
0.67826,-1.37834
0.35279,0.49010
0.22989,0.76899
0.08791,1.00387
-0.08653,1.17683
-0.27443,1.28287
-0.41816,1.33208
-0.48829,1.34772
-0.52132,1.35315
-0.53961,1.35559
-0.55131,1.35694
-0.55961,1.35779
-0.56595,1.35838
-0.57105,1.35882
-0.57531,1.35916
-0.57898,1.35943
-0.58220,1.35965
-0.58509,1.35984
-0.58774,1.36001
-0.59020,1.36015
0.58789,-1.39202
0.58804,-1.39201
0.58822,-1.39199
0.58845,-1.39198
0.58875,-1.39196
0.58914,-1.39193
0.58966,-1.39190
0.59038,-1.39185
0.59140,-1.39178
0.59288,-1.39167
0.59504,-1.39150
0.59820,-1.39124
0.60275,-1.39083
0.60912,-1.39019
0.61763,-1.38921
0.62825,-1.38779
0.64057,-1.38588
0.65395,-1.38349
0.66774,-1.38069
0.68136,-1.37761
0.69426,-1.37440
0.70581,-1.37129
0.71507,-1.36864
0.72031,-1.36708
0.71735,-1.36796
0.44080,0.25474
0.14153,0.92673
-0.17212,1.23225
-0.39928,1.32693
-0.48970,1.34798
-0.52488,1.35366
-0.54279,1.35598
-0.55397,1.35722
-0.56191,1.35801
-0.56805,1.35857
-0.57306,1.35898
-0.57731,1.35931
-0.58101,1.35957
-0.58428,1.35979
-0.58723,1.35998
0.58819,-1.39200
0.58839,-1.39198
0.58864,-1.39197
0.58895,-1.39195
0.58934,-1.39192
0.58985,-1.39188
0.59054,-1.39184
0.59149,-1.39177
0.59280,-1.39167
0.59465,-1.39153
0.59728,-1.39132
0.60100,-1.39099
0.60621,-1.39050
0.61328,-1.38973
0.62250,-1.38859
0.63390,-1.38695
0.64725,-1.38473
0.66217,-1.38187
0.67824,-1.37835
0.69495,-1.37422
0.71162,-1.36964
0.72744,-1.36488
0.74158,-1.36029
0.75350,-1.35619
0.76299,-1.35276
0.77004,-1.35012
0.77457,-1.34839
0.77570,-1.34795
0.76886,-1.35057
0.72993,-1.36410
-0.17995,1.23667
-0.45509,1.34100
-0.51783,1.35264
-0.54110,1.35577
-0.55372,1.35720
-0.56221,1.35804
-0.56868,1.35862
-0.57397,1.35905
-0.57849,1.35939
-0.58245,1.35967
0.58856,-1.39197
0.58881,-1.39195
0.58913,-1.39193
0.58953,-1.39191
0.59003,-1.39187
0.59068,-1.39183
0.59154,-1.39177
0.59271,-1.39168
0.59431,-1.39156
0.59654,-1.39138
0.59964,-1.39112
0.60395,-1.39072
0.60985,-1.39011
0.61770,-1.38920
0.62774,-1.38787
0.63999,-1.38598
0.65429,-1.38343
0.67031,-1.38014
0.68761,-1.37609
0.70551,-1.37137
0.72304,-1.36625
0.73915,-1.36111
0.75302,-1.35636
0.76434,-1.35226
0.77327,-1.34889
0.78018,-1.34620
0.78551,-1.34408
0.78959,-1.34242
0.79264,-1.34117
0.79466,-1.34033
0.79519,-1.34011
0.79188,-1.34148
0.76097,-1.35350
-0.23986,1.26739
-0.49169,1.34834
-0.53417,1.35491
-0.55105,1.35691
-0.56100,1.35792
-0.56822,1.35858
-0.57407,1.35906
0.58898,-1.39194
0.58931,-1.39192
0.58970,-1.39190
0.59018,-1.39186
0.59080,-1.39182
0.59159,-1.39176
0.59263,-1.39169
0.59402,-1.39158
0.59592,-1.39143
0.59853,-1.39121
0.60213,-1.39089
0.60706,-1.39041
0.61369,-1.38968
0.62235,-1.38861
0.63321,-1.38706
0.64624,-1.38491
0.66125,-1.38205
0.67790,-1.37842
0.69566,-1.37403
0.71373,-1.36903
0.73101,-1.36375
0.74645,-1.35864
0.75939,-1.35408
0.76972,-1.35024
0.77775,-1.34715
0.78394,-1.34471
0.78874,-1.34277
0.79252,-1.34122
0.79554,-1.33996
0.79801,-1.33893
0.80002,-1.33808
0.80162,-1.33739
0.80271,-1.33693
0.80283,-1.33688
0.79985,-1.33815
0.76556,-1.35181
-0.37150,1.31865
-0.51751,1.35259
-0.54564,1.35631
-0.55850,1.35768
0.58948,-1.39191
0.58986,-1.39188
0.59033,-1.39185
0.59090,-1.39181
0.59163,-1.39176
0.59255,-1.39169
0.59377,-1.39160
0.59539,-1.39147
0.59759,-1.39129
0.60061,-1.39103
0.60473,-1.39064
0.61033,-1.39006
0.61773,-1.38920
0.62720,-1.38794
0.63881,-1.38617
0.65246,-1.38377
0.66791,-1.38066
0.68480,-1.37678
0.70255,-1.37219
0.72027,-1.36709
0.73689,-1.36185
0.75145,-1.35691
0.76347,-1.35258
0.77296,-1.34901
0.78030,-1.34615
0.78594,-1.34390
0.79033,-1.34212
0.79379,-1.34069
0.79657,-1.33953
0.79887,-1.33856
0.80080,-1.33774
0.80245,-1.33704
0.80388,-1.33643
0.80511,-1.33590
0.80611,-1.33546
0.80676,-1.33518
0.80654,-1.33528
0.80266,-1.33695
0.42918,0.28736
-0.46861,1.34389
0.59002,-1.39187
0.59047,-1.39184
0.59100,-1.39180
0.59166,-1.39176
0.59249,-1.39170
0.59355,-1.39162
0.59494,-1.39151
0.59680,-1.39136
0.59933,-1.39114
0.60278,-1.39083
0.60748,-1.39036
0.61377,-1.38967
0.62196,-1.38866
0.63219,-1.38721
0.64444,-1.38522
0.65854,-1.38260
0.67420,-1.37927
0.69105,-1.37522
0.70848,-1.37054
0.72562,-1.36545
0.74145,-1.36034
0.75514,-1.35560
0.76634,-1.35152
0.77516,-1.34816
0.78197,-1.34549
0.78722,-1.34339
0.79131,-1.34172
0.79454,-1.34038
0.79716,-1.33928
0.79932,-1.33838
0.80113,-1.33761
0.80267,-1.33695
0.80402,-1.33637
0.80520,-1.33586
0.80625,-1.33540
0.80719,-1.33500
0.80803,-1.33463
0.80872,-1.33433
0.80908,-1.33417
0.80843,-1.33446
0.59060,-1.39183
0.59110,-1.39180
0.59171,-1.39175
0.59244,-1.39170
0.59337,-1.39163
0.59457,-1.39154
0.59615,-1.39141
0.59826,-1.39124
0.60114,-1.39098
0.60508,-1.39061
0.61039,-1.39005
0.61741,-1.38924
0.62636,-1.38806
0.63728,-1.38642
0.65004,-1.38422
0.66441,-1.38140
0.68009,-1.37791
0.69671,-1.37376
0.71367,-1.36905
0.73012,-1.36404
0.74514,-1.35909
0.75803,-1.35457
0.76852,-1.35070
0.77678,-1.34753
0.78317,-1.34501
0.78812,-1.34302
0.79199,-1.34143
0.79507,-1.34016
0.79757,-1.33911
0.79963,-1.33824
0.80136,-1.33751
0.80283,-1.33688
0.80410,-1.33633
0.80521,-1.33585
0.80619,-1.33543
0.80706,-1.33505
0.80785,-1.33471
0.80858,-1.33439
0.80925,-1.33409
0.80987,-1.33382
0.59120,-1.39179
0.59175,-1.39175
0.59241,-1.39170
0.59323,-1.39164
0.59426,-1.39156
0.59560,-1.39146
0.59737,-1.39131
0.59978,-1.39111
0.60305,-1.39080
0.60751,-1.39036
0.61348,-1.38971
0.62124,-1.38875
0.63092,-1.38740
0.64243,-1.38557
0.65556,-1.38318
0.67004,-1.38020
0.68559,-1.37659
0.70185,-1.37238
0.71825,-1.36770
0.73399,-1.36280
0.74823,-1.35803
0.76039,-1.35371
0.77028,-1.35003
0.77807,-1.34703
0.78412,-1.34464
0.78882,-1.34273
0.79252,-1.34122
0.79548,-1.33999
0.79788,-1.33898
0.79987,-1.33814
0.80154,-1.33743
0.80297,-1.33682
0.80419,-1.33629
0.80526,-1.33583
0.80619,-1.33543
0.80701,-1.33507
0.80774,-1.33476
0.80840,-1.33447
0.80900,-1.33421
0.80956,-1.33396
0.59180,-1.39175
0.59240,-1.39170
0.59312,-1.39165
0.59401,-1.39158
0.59515,-1.39149
0.59664,-1.39137
0.59864,-1.39120
0.60136,-1.39096
0.60507,-1.39061
0.61010,-1.39009
0.61677,-1.38932
0.62527,-1.38821
0.63561,-1.38669
0.64759,-1.38467
0.66095,-1.38212
0.67540,-1.37900
0.69071,-1.37531
0.70653,-1.37109
0.72233,-1.36646
0.73737,-1.36169
0.75089,-1.35710
0.76240,-1.35298
0.77175,-1.34947
0.77914,-1.34661
0.78490,-1.34432
0.78940,-1.34250
0.79296,-1.34104
0.79581,-1.33985
0.79814,-1.33887
0.80007,-1.33806
0.80170,-1.33736
0.80309,-1.33677
0.80428,-1.33625
0.80532,-1.33581
0.80622,-1.33542
0.80701,-1.33507
0.80771,-1.33477
0.80833,-1.33450
0.80888,-1.33426
0.80938,-1.33404
