-1.52558,0.38075
-1.52531,0.38155
-1.52501,0.38245
-1.52466,0.38349
-1.52426,0.38470
-1.52377,0.38613
-1.52319,0.38786
-1.52249,0.38995
-1.52162,0.39251
-1.52053,0.39570
-1.51917,0.39969
-1.51743,0.40478
-1.51518,0.41132
-1.51223,0.41983
-1.50834,0.43096
-1.50320,0.44551
-1.49646,0.46432
-1.48779,0.48819
-1.47687,0.51773
-1.46342,0.55337
-1.44708,0.59572
-1.42714,0.64593
-1.40229,0.70608
-1.37034,0.77882
-1.32829,0.86544
-1.27355,0.96171
-1.20689,1.05605
-1.13459,1.13628
-1.06537,1.19741
-1.00544,1.24089
-0.95680,1.27078
-0.91854,1.29118
-0.88860,1.30529
-0.86489,1.31533
-0.84566,1.32275
-0.82959,1.32844
-0.81576,1.33296
-0.80351,1.33669
-0.79239,1.33983
-0.78211,1.34255
-1.52579,0.38014
-1.52546,0.38112
-1.52511,0.38215
-1.52474,0.38327
-1.52431,0.38454
-1.52381,0.38602
-1.52322,0.38777
-1.52251,0.38988
-1.52164,0.39245
-1.52056,0.39563
-1.51920,0.39963
-1.51745,0.40472
-1.51519,0.41129
-1.51221,0.41988
-1.50826,0.43118
-1.50300,0.44605
-1.49606,0.46544
-1.48704,0.49024
-1.47558,0.52116
-1.46135,0.55881
-1.44386,0.60395
-1.42224,0.65802
-1.39492,0.72334
-1.35941,0.80239
-1.31259,0.89494
-1.25264,0.99379
-1.18220,1.08568
-1.10905,1.16037
-1.04156,1.21562
-0.98452,1.25431
-0.93873,1.28074
-0.90274,1.29883
-0.87440,1.31143
-0.85170,1.32049
-0.83306,1.32725
-0.81730,1.33247
-0.80361,1.33666
-0.79142,1.34010
-0.78035,1.34299
-0.77014,1.34547
-1.52629,0.37864
-1.52583,0.38002
-1.52538,0.38134
-1.52494,0.38267
-1.52446,0.38410
-1.52392,0.38569
-1.52330,0.38752
-1.52257,0.38969
-1.52169,0.39230
-1.52060,0.39552
-1.51923,0.39954
-1.51747,0.40466
-1.51519,0.41129
-1.51217,0.41999
-1.50814,0.43151
-1.50274,0.44678
-1.49555,0.46684
-1.48613,0.49271
-1.47406,0.52525
-1.45890,0.56520
-1.44007,0.61357
-1.41647,0.67210
-1.38626,0.74327
-1.34662,0.82903
-1.29456,0.92693
-1.22943,1.02666
-1.15594,1.11457
-1.08280,1.18321
-1.01749,1.23277
-0.96333,1.26703
-0.92016,1.29037
-0.88616,1.30637
-0.85919,1.31760
-0.83738,1.32574
-0.81928,1.33184
-0.80386,1.33658
-0.79040,1.34037
-0.77841,1.34348
-0.76756,1.34606
-0.75762,1.34825
-1.52734,0.37550
-1.52664,0.37759
-1.52600,0.37949
-1.52541,0.38127
-1.52481,0.38304
-1.52419,0.38489
-1.52351,0.38692
-1.52273,0.38923
-1.52180,0.39196
-1.52068,0.39527
-1.51928,0.39938
-1.51750,0.40459
-1.51517,0.41133
-1.51210,0.42021
-1.50796,0.43202
-1.50239,0.44779
-1.49490,0.46866
-1.48499,0.49580
-1.47219,0.53023
-1.45594,0.57289
-1.43551,0.62505
-1.40957,0.68875
-1.37593,0.76650
-1.33155,0.85912
-1.27384,0.96124
-1.20383,1.05987
-1.12815,1.14254
-1.05576,1.20491
-0.99289,1.24904
-0.94150,1.27925
-0.90071,1.29977
-0.86849,1.31388
-0.84275,1.32381
-0.82178,1.33103
-0.80427,1.33646
-0.78931,1.34067
-0.77626,1.34401
-0.76469,1.34671
-0.75428,1.34895
-0.74484,1.35080
-1.52655,0.37763
-1.52770,0.37437
-1.52708,0.37624
-1.52632,0.37854
-1.52555,0.38086
-1.52477,0.38318
-1.52395,0.38560
-1.52306,0.38823
-1.52205,0.39123
-1.52085,0.39476
-1.51939,0.39906
-1.51754,0.40446
-1.51514,0.41143
-1.51197,0.42059
-1.50769,0.43282
-1.50187,0.44923
-1.49401,0.47112
-1.48351,0.49982
-1.46981,0.53653
-1.45225,0.58244
-1.42989,0.63911
-1.40113,0.70882
-1.36343,0.79379
-1.31368,0.89296
-1.25011,0.99751
-1.17576,1.09300
-1.09880,1.16951
-1.02773,1.22562
-0.96739,1.26466
-0.91861,1.29114
-0.87999,1.30905
-0.84942,1.32135
-0.82490,1.33001
-0.80486,1.33629
-0.78811,1.34099
-0.77384,1.34459
-0.76145,1.34743
-0.75055,1.34970
-0.74084,1.35155
-0.73211,1.35306
-0.24417,-0.77113
-0.30935,-0.65356
-0.41412,-0.41499
-1.52442,0.38392
-1.52609,0.37920
-1.52555,0.38084
-1.52467,0.38347
-1.52365,0.38649
-1.52250,0.38989
-1.52117,0.39382
-1.51958,0.39850
-1.51760,0.40428
-1.51507,0.41164
-1.51172,0.42128
-1.50722,0.43414
-1.50108,0.45146
-1.49271,0.47469
-1.48146,0.50537
-1.46664,0.54492
-1.44743,0.59482
-1.42269,0.65691
-1.39051,0.73354
-1.34807,0.82606
-1.29240,0.93063
-1.22307,1.03518
-1.14520,1.12568
-1.06774,1.19552
-0.99834,1.24554
-0.94050,1.27980
-0.89419,1.30278
-0.85765,1.31820
-0.82877,1.32871
-0.80563,1.33606
-0.78675,1.34134
-0.77106,1.34525
-0.75777,1.34822
-0.74632,1.35052
-0.73634,1.35234
-0.72753,1.35380
-0.71970,1.35499
-0.12387,-0.94628
-0.16864,-0.88635
-0.21196,-0.82271
-0.25836,-0.74714
-0.31194,-0.64847
-0.38579,-0.48708
-1.51282,0.41491
-1.52243,0.38998
-1.52237,0.39026
-1.52123,0.39364
-1.51959,0.39847
-1.51747,0.40466
-1.51473,0.41260
-1.51113,0.42298
-1.50628,0.43680
-1.49966,0.45543
-1.49060,0.48050
-1.47834,0.51379
-1.46205,0.55698
-1.44076,0.61182
-1.41307,0.68034
-1.37681,0.76455
-1.32900,0.86407
-1.26721,0.97170
-1.19264,1.07346
-1.11208,1.15761
-1.03467,1.22065
-0.96705,1.26486
-0.91163,1.29457
-0.86778,1.31417
-0.83347,1.32710
-0.80654,1.33579
-0.78513,1.34177
-0.76780,1.34601
-0.75350,1.34911
-0.74149,1.35143
-0.73125,1.35321
-0.72238,1.35460
-0.71462,1.35570
-0.70777,1.35659
-0.00159,-1.08653
-0.06458,-1.01809
-0.11289,-0.96019
-0.15261,-0.90845
-0.18850,-0.85793
-0.22397,-0.80394
-0.26097,-0.74262
-0.30080,-0.67010
-0.34646,-0.57721
-0.40728,-0.43288
-1.48346,0.46921
-1.51137,0.42190
-1.51110,0.42294
-1.50804,0.43174
-1.50309,0.44578
-1.49597,0.46566
-1.48606,0.49289
-1.47251,0.52935
-1.45439,0.57690
-1.43057,0.63741
-1.39947,0.71272
-1.35874,0.80380
-1.30547,0.90781
-1.23799,1.01485
-1.15899,1.11134
-1.07632,1.18857
-0.99903,1.24509
-0.93310,1.28373
-0.88020,1.30896
-0.83911,1.32512
-0.80750,1.33550
-0.78305,1.34231
-0.76384,1.34690
-0.74846,1.35011
-0.73588,1.35242
-0.72540,1.35414
-0.71651,1.35544
-0.70886,1.35646
-0.70221,1.35726
-0.69637,1.35790
0.14262,-1.21758
0.05937,-1.14605
-0.01027,-1.07753
-0.06459,-1.01808
-0.10737,-0.96707
-0.14281,-0.92159
-0.17410,-0.87866
-0.20347,-0.83567
-0.23237,-0.79049
-0.26148,-0.74173
-0.29092,-0.68877
-0.32078,-0.63084
-0.35165,-0.56589
-0.38492,-0.48907
-0.42475,-0.38533
-0.49558,-0.16752
-1.45477,0.57031
-1.45213,0.58214
-1.43611,0.62335
-1.41183,0.68324
-1.37879,0.76007
-1.33494,0.85243
-1.27758,0.95521
-1.20558,1.05768
-1.12261,1.14781
-1.03746,1.21862
-0.95982,1.26905
-0.89560,1.30213
-0.84579,1.32270
-0.80829,1.33526
-0.78019,1.34303
-0.75886,1.34799
-0.74234,1.35127
-0.72922,1.35354
-0.71856,1.35515
-0.70971,1.35635
-0.70224,1.35726
-0.69583,1.35796
-0.69027,1.35851
-0.68540,1.35895
0.25574,-1.29694
0.18004,-1.24613
0.10138,-1.18353
0.03087,-1.11900
-0.02667,-1.06017
-0.07245,-1.00900
-0.10975,-0.96411
-0.14154,-0.92327
-0.17002,-0.88442
-0.19667,-0.84587
-0.22243,-0.80636
-0.24785,-0.76500
-0.27314,-0.72122
-0.29842,-0.67464
-0.32389,-0.62452
-0.35005,-0.56935
-0.37780,-0.50609
-0.40871,-0.42861
-0.44690,-0.31955
-0.52665,-0.05763
-1.34826,0.82231
-1.30749,0.90382
-1.24885,0.99923
-1.17263,1.09646
-1.08397,1.18221
-0.99420,1.24819
-0.91542,1.29272
-0.85376,1.31970
-0.80853,1.33519
-0.77597,1.34408
-0.75229,1.34935
-0.73463,1.35264
-0.72107,1.35479
-0.71035,1.35627
-0.70165,1.35732
-0.69444,1.35810
-0.68836,1.35869
-0.68314,1.35914
-0.67863,1.35950
-0.67469,1.35978
0.32756,-1.33612
0.26890,-1.30479
0.19843,-1.25933
0.12377,-1.20235
0.05467,-1.14169
-0.00343,-1.08463
-0.05053,-1.03401
-0.08913,-0.98931
-0.12194,-0.94874
-0.15113,-0.91044
-0.17821,-0.87280
-0.20422,-0.83453
-0.22979,-0.79465
-0.25529,-0.75240
-0.28093,-0.70717
-0.30689,-0.65833
-0.33333,-0.60507
-0.36045,-0.54624
-0.38861,-0.47989
-0.41875,-0.40140
-0.45431,-0.29563
-0.52073,-0.06375
-1.24174,1.00587
-1.14649,1.12410
-1.04285,1.21460
-0.94352,1.27814
-0.86393,1.31571
-0.80761,1.33547
-0.76940,1.34564
-0.74315,1.35112
-0.72449,1.35428
-0.71069,1.35622
-0.70012,1.35749
-0.69177,1.35836
-0.68498,1.35899
-0.67935,1.35944
-0.67459,1.35979
-0.67052,1.36006
-0.66699,1.36027
-0.66392,1.36044
0.37559,-1.35704
0.33102,-1.33777
0.27339,-1.30741
0.20451,-1.26358
0.13153,-1.20868
0.06350,-1.14987
0.00568,-1.09396
-0.04169,-1.04383
-0.08085,-0.99916
-0.11436,-0.95834
-0.14433,-0.91957
-0.17230,-0.88121
-0.19932,-0.84192
-0.22606,-0.80062
-0.25289,-0.75648
-0.27995,-0.70896
-0.30723,-0.65767
-0.33462,-0.60236
-0.36199,-0.54275
-0.38940,-0.47792
-0.41750,-0.40476
-0.44881,-0.31283
-0.49436,-0.15402
-1.16125,1.08804
-0.99725,1.24597
-0.88022,1.30891
-0.80464,1.33634
-0.75858,1.34804
-0.72964,1.35347
-0.71035,1.35627
-0.69676,1.35786
-0.68673,1.35883
-0.67905,1.35947
-0.67296,1.35990
-0.66802,1.36021
-0.66393,1.36044
-0.66047,1.36061
-0.65750,1.36074
-0.65494,1.36084
-0.65271,1.36092
0.41082,-1.36952
0.37682,-1.35752
0.33133,-1.33792
0.27266,-1.30698
0.20295,-1.26250
0.12968,-1.20718
0.06183,-1.14833
0.00429,-1.09254
-0.04299,-1.04240
-0.08231,-0.99743
-0.11625,-0.95596
-0.14689,-0.91614
-0.17577,-0.87629
-0.20391,-0.83500
-0.23197,-0.79114
-0.26021,-0.74393
-0.28862,-0.69304
-0.31694,-0.63853
-0.34482,-0.58069
-0.37203,-0.51966
-0.39873,-0.45443
-0.42602,-0.38092
-0.45720,-0.28563
-0.50731,-0.10025
-0.94184,1.27499
-0.79861,1.33800
-0.73887,1.35188
-0.70757,1.35661
-0.68880,1.35864
-0.67647,1.35966
-0.66785,1.36022
-0.66152,1.36056
-0.65672,1.36077
-0.65295,1.36091
-0.64991,1.36101
-0.64741,1.36108
-0.64530,1.36113
-0.64349,1.36117
-0.64193,1.36120
-0.64056,1.36122
0.43825,-1.37747
0.41222,-1.36996
0.37702,-1.35760
0.32969,-1.33714
0.26862,-1.30463
0.19653,-1.25799
0.12172,-1.20066
0.05345,-1.14055
-0.00390,-1.08414
-0.05092,-1.03357
-0.09022,-0.98800
-0.12446,-0.94553
-0.15573,-0.90421
-0.18554,-0.86225
-0.21488,-0.81818
-0.24430,-0.77092
-0.27387,-0.71991
-0.30332,-0.66524
-0.33217,-0.60748
-0.36000,-0.54724
-0.38679,-0.48432
-0.41325,-0.41630
-0.44152,-0.33519
-0.47818,-0.21195
-0.64020,0.54912
-0.68961,1.35836
-0.66300,1.36046
-0.65004,1.36100
-0.64258,1.36118
-0.63791,1.36126
-0.63484,1.36128
-0.63274,1.36130
-0.63127,1.36130
-0.63019,1.36130
-0.62938,1.36130
-0.62874,1.36130
-0.62819,1.36130
-0.62772,1.36130
-0.62729,1.36130
-0.62690,1.36129
0.46038,-1.38272
0.44034,-1.37801
0.41339,-1.37033
0.37661,-1.35744
0.32679,-1.33575
0.26235,-1.30092
0.18684,-1.25107
0.10983,-1.19072
0.04092,-1.12869
-0.01619,-1.07132
-0.06284,-1.02008
-0.10203,-0.97365
-0.13655,-0.92985
-0.16852,-0.88653
-0.19940,-0.84179
-0.23010,-0.79414
-0.26094,-0.74267
-0.29171,-0.68728
-0.32187,-0.62860
-0.35088,-0.56752
-0.37856,-0.50423
-0.40551,-0.43686
-0.43369,-0.35861
-0.46864,-0.24588
-0.53972,0.18210
-0.52573,1.35359
-0.55759,1.35757
-0.57241,1.35892
-0.58161,1.35961
-0.58808,1.36003
-0.59296,1.36030
-0.59683,1.36050
-0.59998,1.36064
-0.60259,1.36075
-0.60475,1.36083
-0.60655,1.36090
-0.60804,1.36095
-0.60926,1.36098
-0.61026,1.36101
-0.61107,1.36104
0.47864,-1.38625
0.46313,-1.38329
0.44254,-1.37857
0.41454,-1.37069
0.37592,-1.35717
0.32308,-1.33394
0.25450,-1.29618
0.17485,-1.24230
0.09531,-1.17829
0.02580,-1.11405
-0.03093,-1.05558
-0.07713,-1.00354
-0.11622,-0.95600
-0.15113,-0.91044
-0.18399,-0.86449
-0.21620,-0.81614
-0.24845,-0.76398
-0.28077,-0.70747
-0.31262,-0.64709
-0.34336,-0.58382
-0.37270,-0.51806
-0.40126,-0.44791
-0.43123,-0.36574
-0.46954,-0.24192
-0.18004,1.15305
-0.34098,1.30850
-0.41555,1.33138
-0.46365,1.34285
-0.49648,1.34919
-0.51972,1.35291
-0.53675,1.35524
-0.54964,1.35676
-0.55967,1.35780
-0.56763,1.35853
-0.57405,1.35906
-0.57927,1.35945
-0.58356,1.35975
-0.58708,1.35997
-0.58998,1.36014
-0.59238,1.36027
0.49403,-1.38865
0.48191,-1.38680
0.46614,-1.38391
0.44500,-1.37918
0.41591,-1.37112
0.37525,-1.35691
0.31896,-1.33191
0.24555,-1.29065
0.16118,-1.23201
0.07899,-1.16391
0.00904,-1.09735
-0.04719,-1.03774
-0.09294,-0.98473
-0.13205,-0.93573
-0.16760,-0.88782
-0.20167,-0.83838
-0.23554,-0.78533
-0.26963,-0.72745
-0.30360,-0.66470
-0.33675,-0.59787
-0.36875,-0.52727
-0.40034,-0.45025
-0.43477,-0.35518
-0.48577,-0.17512
-0.13886,1.21196
-0.23279,1.26401
-0.29792,1.29253
-0.35268,1.31256
-0.39865,1.32675
-0.43611,1.33660
-0.46600,1.34335
-0.48968,1.34798
-0.50850,1.35120
-0.52356,1.35347
-0.53570,1.35511
-0.54557,1.35630
-0.55364,1.35719
-0.56027,1.35785
-0.56573,1.35836
-0.57024,1.35875
0.50723,-1.39029
0.49770,-1.38914
0.48555,-1.38739
0.46959,-1.38459
0.44796,-1.37990
0.41781,-1.37170
0.37500,-1.35681
0.31485,-1.32985
0.23591,-1.28455
0.14625,-1.22044
0.06135,-1.14788
-0.00890,-1.07895
-0.06457,-1.01811
-0.10997,-0.96384
-0.14937,-0.91282
-0.18593,-0.86168
-0.22172,-0.80749
-0.25781,-0.74806
-0.29436,-0.68231
-0.33085,-0.61020
-0.36704,-0.53118
-0.40438,-0.43969
-0.45043,-0.30580
0.01407,1.08492
-0.11800,1.19882
-0.17984,1.23660
-0.22965,1.26251
-0.27511,1.28316
-0.31775,1.30019
-0.35717,1.31405
-0.39253,1.32500
-0.42335,1.33342
-0.44962,1.33977
-0.47169,1.34452
-0.49008,1.34805
-0.50535,1.35069
-0.51800,1.35266
-0.52849,1.35416
-0.53719,1.35529
-0.54440,1.35617
0.51878,-1.39141
0.51124,-1.39071
0.50184,-1.38967
0.48975,-1.38803
0.47371,-1.38536
0.45173,-1.38079
0.42064,-1.37255
0.37568,-1.35708
0.31132,-1.32806
0.22603,-1.27812
0.13034,-1.20772
0.04255,-1.13025
-0.02793,-1.05881
-0.08310,-0.99650
-0.12841,-0.94045
-0.16854,-0.88649
-0.20676,-0.83067
-0.24518,-0.76945
-0.28487,-0.69997
-0.32616,-0.61985
-0.36986,-0.52459
-0.42182,-0.39174
0.14904,0.89841
-0.02872,1.13020
-0.09933,1.18603
-0.14844,1.21828
-0.18936,1.24184
-0.22678,1.26112
-0.26260,1.27775
-0.29736,1.29232
-0.33082,1.30498
-0.36241,1.31576
-0.39150,1.32470
-0.41769,1.33195
-0.44078,1.33772
-0.46081,1.34225
-0.47798,1.34577
-0.49256,1.34850
-0.50487,1.35061
-0.51521,1.35224
0.52906,-1.39216
0.52310,-1.39175
0.51581,-1.39115
0.50664,-1.39023
0.49476,-1.38875
0.47883,-1.38628
0.45674,-1.38193
0.42498,-1.37382
0.37803,-1.35799
0.30908,-1.32691
0.21625,-1.27161
0.11332,-1.19366
0.02225,-1.11055
-0.04853,-1.03624
-0.10343,-0.97193
-0.14916,-0.91310
-0.19086,-0.85446
-0.23221,-0.79073
-0.27606,-0.71595
-0.32574,-0.62060
-0.39235,-0.46786
0.27717,0.66710
0.08045,1.01351
-0.01950,1.12197
-0.08056,1.17240
-0.12515,1.20357
-0.16185,1.22631
-0.19462,1.24468
-0.22547,1.26048
-0.25543,1.27455
-0.28486,1.28725
-0.31374,1.29868
-0.34174,1.30884
-0.36843,1.31769
-0.39335,1.32524
-0.41614,1.33154
-0.43658,1.33672
-0.45461,1.34089
-0.47029,1.34423
-0.48377,1.34688
0.53841,-1.39264
0.53375,-1.39242
0.52813,-1.39210
0.52120,-1.39161
0.51242,-1.39083
0.50094,-1.38956
0.48541,-1.38737
0.46360,-1.38339
0.43162,-1.37569
0.38300,-1.35988
0.30895,-1.32685
0.20650,-1.26496
0.09413,-1.17726
-0.00098,-1.08715
-0.07234,-1.00913
-0.12764,-0.94144
-0.17523,-0.87704
-0.22172,-0.80745
-0.27543,-0.71661
0.48808,0.08395
0.41872,0.31563
0.26578,0.69412
0.10105,0.98620
0.00144,1.10222
-0.06057,1.15696
-0.10489,1.18993
-0.14025,1.21322
-0.17080,1.23150
-0.19875,1.24688
-0.22537,1.26043
-0.25136,1.27271
-0.27705,1.28398
-0.30250,1.29435
-0.32757,1.30381
-0.35197,1.31232
-0.37531,1.31984
-0.39722,1.32635
-0.41738,1.33187
-0.43557,1.33647
-0.45171,1.34025
0.54712,-1.39291
0.54354,-1.39282
0.53931,-1.39267
0.53416,-1.39244
0.52777,-1.39208
0.51959,-1.39148
0.50880,-1.39046
0.49408,-1.38865
0.47309,-1.38525
0.44159,-1.37833
0.39178,-1.36309
0.31156,-1.32818
0.19530,-1.25712
0.06929,-1.15516
-0.03136,-1.05511
-0.10498,-0.97001
-0.16597,-0.89001
-0.24004,-0.75880
0.50009,0.07877
0.47267,0.16255
0.42249,0.30584
0.30273,0.61123
0.13994,0.92921
0.02923,1.07374
-0.03874,1.13895
-0.08550,1.17606
-0.12140,1.20112
-0.15135,1.22006
-0.17791,1.23553
-0.20255,1.24887
-0.22615,1.26081
-0.24928,1.27176
-0.27222,1.28193
-0.29512,1.29142
-0.31790,1.30025
-0.34038,1.30836
-0.36224,1.31570
-0.38313,1.32222
-0.40270,1.32789
-0.42067,1.33273
0.55542,-1.39301
0.55283,-1.39300
0.54978,-1.39296
0.54613,-1.39288
0.54166,-1.39276
0.53603,-1.39253
0.52877,-1.39214
0.51911,-1.39144
0.50575,-1.39013
0.48635,-1.38751
0.45626,-1.38182
0.40583,-1.36790
0.31693,-1.33090
0.17673,-1.24369
0.02672,-1.11494
-0.08921,-0.98910
0.49424,-0.11666
0.50883,0.05448
0.49288,0.10324
0.47281,0.16252
0.43483,0.27151
0.34398,0.51211
0.18881,0.84711
0.06302,1.03524
-0.01453,1.11741
-0.06585,1.16114
-0.10373,1.18912
-0.13422,1.20942
-0.16042,1.22547
-0.18407,1.23895
-0.20622,1.25078
-0.22755,1.26149
-0.24852,1.27141
-0.26942,1.28072
-0.29039,1.28951
-0.31141,1.29780
-0.33236,1.30553
-0.35297,1.31265
-0.37290,1.31909
-0.39182,1.32479
0.56358,-1.39297
0.56191,-1.39299
0.55997,-1.39301
0.55765,-1.39302
0.55484,-1.39301
0.55133,-1.39298
0.54686,-1.39290
0.54101,-1.39273
0.53311,-1.39239
0.52197,-1.39167
0.50531,-1.39007
0.47816,-1.38616
0.42821,-1.37473
0.32305,-1.33391
0.11710,-1.19674
0.46061,-0.22647
0.51806,0.02762
0.50472,0.06840
0.49250,0.10469
0.47620,0.15268
0.44689,0.23744
0.37972,0.42101
0.24296,0.74242
0.10310,0.98339
0.01276,1.09095
-0.04514,1.14437
-0.08624,1.17661
-0.11819,1.19898
-0.14481,1.21606
-0.16820,1.23001
-0.18959,1.24197
-0.20979,1.25262
-0.22935,1.26237
-0.24868,1.27148
-0.26803,1.28012
-0.28754,1.28835
-0.30724,1.29619
-0.32700,1.30360
-0.34660,1.31051
-0.36573,1.31683
0.57184,-1.39279
0.57111,-1.39281
0.57025,-1.39283
0.56923,-1.39286
0.56798,-1.39289
0.56642,-1.39292
0.56442,-1.39296
0.56180,-1.39299
0.55827,-1.39301
0.55338,-1.39300
0.54626,-1.39288
0.53513,-1.39248
0.51555,-1.39111
0.47255,-1.38507
0.29857,-1.31829
0.53412,-0.01921
0.51601,0.03553
0.50499,0.06800
0.49437,0.09930
0.48061,0.13981
0.45751,0.20703
0.40815,0.34526
0.29733,0.62373
0.15025,0.91288
0.04431,1.05711
-0.02247,1.12467
-0.06811,1.16291
-0.10239,1.18819
-0.13010,1.20679
-0.15382,1.22154
-0.17500,1.23389
-0.19460,1.24467
-0.21325,1.25438
-0.23142,1.26337
-0.24948,1.27185
-0.26765,1.27995
-0.28607,1.28775
-0.30477,1.29524
-0.32364,1.30237
-0.34246,1.30908
0.58050,-1.39244
0.58076,-1.39242
0.58106,-1.39241
0.58140,-1.39239
0.58179,-1.39237
0.58223,-1.39235
0.58274,-1.39232
0.58336,-1.39229
0.58413,-1.39224
0.58520,-1.39218
0.58690,-1.39207
0.59007,-1.39186
0.59738,-1.39129
0.62253,-1.38847
0.92524,-1.25329
0.53841,-0.02562
0.51860,0.02882
0.50759,0.06061
0.49764,0.08975
0.48564,0.12508
0.46707,0.17939
0.43066,0.28325
0.34733,0.50380
0.20553,0.81630
0.08237,1.01109
0.00365,1.10006
-0.04830,1.14700
-0.08593,1.17638
-0.11544,1.19714
-0.14004,1.21309
-0.16151,1.22611
-0.18096,1.23723
-0.19913,1.24707
-0.21655,1.25605
-0.23364,1.26444
-0.25072,1.27242
-0.26800,1.28011
-0.28562,1.28756
-0.30359,1.29477
-0.32179,1.30169
0.58985,-1.39189
0.59123,-1.39179
0.59283,-1.39167
0.59473,-1.39153
0.59699,-1.39134
0.59975,-1.39111
0.60319,-1.39079
0.60761,-1.39035
0.61354,-1.38970
0.62193,-1.38866
0.63472,-1.38682
0.65632,-1.38303
0.69841,-1.37329
0.79712,-1.33925
1.04048,-1.18861
0.57241,-0.09463
0.52626,0.00825
0.51267,0.04614
0.50244,0.07577
0.49149,0.10789
0.47627,0.15258
0.44934,0.23048
0.39057,0.39246
0.26953,0.68604
0.13141,0.94234
0.03625,1.06611
-0.02487,1.12682
-0.06744,1.16238
-0.09972,1.18632
-0.12589,1.20406
-0.14819,1.21813
-0.16797,1.22987
-0.18608,1.24006
-0.20314,1.24918
-0.21963,1.25759
-0.23590,1.26551
-0.25226,1.27312
-0.26890,1.28050
-0.28594,1.28769
-0.30338,1.29469
0.60025,-1.39106
0.60294,-1.39082
0.60610,-1.39051
0.60985,-1.39011
0.61439,-1.38960
0.62001,-1.38891
0.62713,-1.38795
0.63645,-1.38655
0.64913,-1.38439
0.66723,-1.38080
0.69453,-1.37432
0.73818,-1.36142
0.81015,-1.33369
0.92209,-1.27492
1.06624,-1.16707
1.22923,-0.97295
0.55289,-0.05395
0.52261,0.01865
0.50977,0.05465
0.49887,0.08631
0.48594,0.12426
0.46600,0.18253
0.42689,0.29376
0.33952,0.52317
0.19982,0.82697
0.08219,1.01131
0.00640,1.09733
-0.04415,1.14354
-0.08096,1.17269
-0.10981,1.19332
-0.13375,1.20913
-0.15449,1.22194
-0.17308,1.23280
-0.19026,1.24233
-0.20654,1.25095
-0.22237,1.25895
-0.23808,1.26655
-0.25395,1.27388
-0.27016,1.28104
-0.28682,1.28805
0.61210,-1.38987
0.61637,-1.38937
0.62141,-1.38873
0.62744,-1.38791
0.63481,-1.38681
0.64402,-1.38530
0.65580,-1.38314
0.67130,-1.37992
0.69235,-1.37489
0.72177,-1.36663
0.76373,-1.35248
0.82309,-1.32789
0.90216,-1.28683
0.99557,-1.22516
1.09121,-1.14388
1.17880,-1.04766
1.26391,-0.92153
0.56221,-0.07050
0.52409,0.01511
0.50971,0.05498
0.49741,0.09065
0.48220,0.13525
0.45731,0.20766
0.40567,0.35199
0.29653,0.62559
0.15764,0.90085
0.05593,1.04370
-0.00964,1.11285
-0.05482,1.15234
-0.08865,1.17837
-0.11573,1.19734
-0.13853,1.21215
-0.15847,1.22432
-0.17648,1.23472
-0.19318,1.24391
-0.20908,1.25226
-0.22458,1.26004
-0.24000,1.26746
-0.25562,1.27464
-0.27162,1.28167
0.62585,-1.38813
0.63202,-1.38724
0.63933,-1.38609
0.64814,-1.38457
0.65895,-1.38252
0.67247,-1.37966
0.68974,-1.37555
0.71223,-1.36946
0.74197,-1.36016
0.78141,-1.34572
0.83275,-1.32338
0.89637,-1.29017
0.96917,-1.24417
1.04500,-1.18580
1.11711,-1.11798
1.17996,-1.04638
1.23085,-0.97795
1.27265,-0.91290
1.01267,-0.51809
0.53781,-0.01839
0.51568,0.03847
0.50101,0.08030
0.48435,0.12902
0.45782,0.20622
0.40306,0.35905
0.28991,0.64069
0.15233,0.90952
0.05338,1.04668
-0.01076,1.11390
-0.05537,1.15279
-0.08903,1.17865
-0.11614,1.19761
-0.13906,1.21248
-0.15918,1.22474
-0.17736,1.23522
-0.19423,1.24447
-0.21026,1.25286
-0.22586,1.26067
-0.24136,1.26809
-0.25703,1.27527
0.64194,-1.38565
0.65035,-1.38417
0.66033,-1.38224
0.67237,-1.37968
0.68708,-1.37622
0.70535,-1.37142
0.72830,-1.36461
0.75737,-1.35481
0.79406,-1.34058
0.83951,-1.32015
0.89368,-1.29171
0.95471,-1.25404
1.01920,-1.20700
1.08319,-1.15158
1.14294,-1.09014
1.19528,-1.02689
1.23844,-0.96699
1.27228,-0.91465
1.29766,-0.87214
1.31570,-0.83966
1.32704,-0.79981
0.56994,-0.07920
0.52198,0.02224
0.50153,0.07913
0.47873,0.14559
0.43859,0.26107
0.34911,0.49936
0.20443,0.81838
0.08499,1.00769
0.00898,1.09476
-0.04184,1.14159
-0.07914,1.17133
-0.10867,1.19254
-0.13339,1.20889
-0.15495,1.22222
-0.17436,1.23353
-0.19227,1.24342
-0.20919,1.25231
-0.22552,1.26050
-0.24162,1.26821
0.66072,-1.38216
0.67167,-1.37984
0.68461,-1.37683
0.70010,-1.37285
0.71880,-1.36753
0.74159,-1.36029
0.76944,-1.35035
0.80337,-1.33665
0.84405,-1.31794
0.89144,-1.29297
0.94447,-1.26080
1.00110,-1.22102
1.05886,-1.17379
1.11524,-1.11992
1.16786,-1.06123
1.21476,-1.00078
1.25499,-0.94204
1.28874,-0.88755
1.31686,-0.83848
1.34033,-0.79512
1.35983,-0.75749
1.37564,-0.72600
1.38743,-0.70192
1.39374,-0.68866
1.38958,-0.69581
0.78867,-0.29783
0.50863,0.05976
0.46410,0.18829
0.36979,0.44685
0.19997,0.82671
0.07058,1.02599
-0.00469,1.10815
-0.05365,1.15139
-0.08971,1.17915
-0.11871,1.19933
-0.14344,1.21521
-0.16542,1.22840
-0.18554,1.23976
-0.20437,1.24982
-0.22235,1.25894
0.68236,-1.37737
0.69597,-1.37395
0.71189,-1.36956
0.73065,-1.36387
0.75287,-1.35641
0.77925,-1.34657
0.81048,-1.33356
0.84705,-1.31646
0.88905,-1.29431
0.93593,-1.26629
0.98649,-1.23186
1.03909,-1.19079
1.09196,-1.14320
1.14327,-1.08977
1.19128,-1.03208
1.23464,-0.97259
1.27283,-0.91384
1.30614,-0.85759
1.33526,-0.80470
1.36083,-0.75560
1.38317,-0.71081
1.40234,-0.67112
1.41828,-0.63725
1.43104,-0.60958
1.44085,-0.58798
1.44798,-0.57209
1.45249,-0.56196
1.45360,-0.55941
1.44673,-0.57472
1.14151,-0.53426
0.46257,0.19283
0.28984,0.64088
0.09891,0.98915
0.00259,1.10110
-0.05253,1.15048
-0.09110,1.18016
-0.12176,1.20135
-0.14806,1.21806
-0.17174,1.23204
-0.19370,1.24419
0.70664,-1.37106
0.72275,-1.36634
0.74130,-1.36039
0.76272,-1.35286
0.78751,-1.34327
0.81616,-1.33103
0.84910,-1.31544
0.88653,-1.29572
0.92826,-1.27112
0.97369,-1.24102
1.02177,-1.20495
1.07121,-1.16271
1.12055,-1.11440
1.16824,-1.06078
1.21283,-1.00344
1.25334,-0.94459
1.28949,-0.88629
1.32158,-0.82998
1.35008,-0.77654
1.37528,-0.72682
1.39718,-0.68193
1.41561,-0.64299
1.43054,-0.61069
1.44224,-0.58492
1.45121,-0.56486
1.45802,-0.54944
1.46320,-0.53761
1.46714,-0.52856
1.47007,-0.52179
1.47200,-0.51731
1.47250,-0.51613
1.46932,-0.52348
1.43819,-0.59225
0.44872,0.23256
0.19359,0.83845
0.03203,1.07071
-0.04072,1.14064
-0.08552,1.17608
-0.11955,1.19989
-0.14853,1.21834
0.73291,-1.36315
0.75105,-1.35705
0.77154,-1.34955
0.79472,-1.34031
0.82097,-1.32886
0.85065,-1.31466
0.88406,-1.29709
0.92129,-1.27543
0.96213,-1.24903
1.00602,-1.21727
1.05208,-1.17973
1.09912,-1.13620
1.14579,-1.08694
1.19062,-1.03293
1.23236,-0.97591
1.27027,-0.91797
1.30428,-0.86086
1.33470,-0.80576
1.36185,-0.75359
1.38583,-0.70539
1.40646,-0.66244
1.42356,-0.62588
1.43717,-0.59615
1.44766,-0.57281
1.45564,-0.55486
1.46169,-0.54109
1.46633,-0.53044
1.46995,-0.52207
1.47284,-0.51536
1.47518,-0.50990
1.47709,-0.50544
1.47860,-0.50189
1.47962,-0.49949
1.47973,-0.49922
1.47691,-0.50583
1.44280,-0.58185
0.39282,0.38659
0.10018,0.98742
-0.01700,1.11970
-0.07408,1.16750
0.76013,-1.35381
0.77961,-1.34643
0.80121,-1.33757
0.82523,-1.32690
0.85200,-1.31399
0.88185,-1.29831
0.91504,-1.27923
0.95167,-1.25607
0.99156,-1.22815
1.03419,-1.19486
1.07871,-1.15579
1.12391,-1.11086
1.16840,-1.06058
1.21076,-1.00628
1.24990,-0.94985
1.28535,-0.89325
1.31719,-0.83792
1.34577,-0.78481
1.37134,-0.73475
1.39386,-0.68884
1.41310,-0.64835
1.42889,-0.61430
1.44135,-0.58690
1.45090,-0.56555
1.45814,-0.54918
1.46363,-0.53664
1.46785,-0.52692
1.47116,-0.51925
1.47382,-0.51308
1.47600,-0.50799
1.47782,-0.50371
1.47938,-0.50005
1.48072,-0.49689
1.48187,-0.49417
1.48281,-0.49195
1.48342,-0.49051
1.48321,-0.49100
1.47957,-0.49958
0.76254,-0.25955
0.25936,0.70802
0.78711,-1.34343
0.80720,-1.33499
0.82917,-1.32507
0.85333,-1.31332
0.88001,-1.29931
0.90957,-1.28249
0.94231,-1.26220
0.97835,-1.23772
1.01750,-1.20835
1.05922,-1.17348
1.10258,-1.13277
1.14628,-1.08638
1.18885,-1.03520
1.22892,-0.98088
1.26561,-0.92542
1.29870,-0.87056
1.32845,-0.81738
1.35520,-0.76661
1.37916,-0.71899
1.40022,-0.67557
1.41814,-0.63757
1.43276,-0.60583
1.44426,-0.58041
1.45308,-0.56064
1.45977,-0.54547
1.46486,-0.53381
1.46879,-0.52475
1.47189,-0.51757
1.47437,-0.51178
1.47642,-0.50700
1.47813,-0.50299
1.47959,-0.49956
1.48085,-0.49659
1.48196,-0.49397
1.48294,-0.49164
1.48382,-0.48955
1.48461,-0.48769
1.48525,-0.48616
1.48559,-0.48535
1.48498,-0.48680
0.81282,-1.33252
0.83292,-1.32330
0.85474,-1.31261
0.87861,-1.30008
0.90493,-1.28523
0.93410,-1.26746
0.96644,-1.24607
1.00207,-1.22028
1.04077,-1.18938
1.08189,-1.15280
1.12436,-1.11038
1.16673,-1.06259
1.20747,-1.01074
1.24533,-0.95677
1.27968,-0.90266
1.31055,-0.84981
1.33830,-0.79899
1.36332,-0.75069
1.38575,-0.70556
1.40544,-0.66460
1.42215,-0.62893
1.43576,-0.59924
1.44646,-0.57550
1.45468,-0.55702
1.46094,-0.54279
1.46573,-0.53180
1.46945,-0.52322
1.47239,-0.51640
1.47476,-0.51088
1.47671,-0.50632
1.47834,-0.50249
1.47973,-0.49922
1.48093,-0.49640
1.48197,-0.49395
1.48288,-0.49178
1.48370,-0.48984
1.48444,-0.48809
1.48512,-0.48647
1.48575,-0.48497
1.48633,-0.48360
0.83653,-1.32158
0.85627,-1.31183
0.87765,-1.30059
0.90108,-1.28746
0.92702,-1.27190
0.95589,-1.25325
0.98804,-1.23073
1.02353,-1.20355
1.06204,-1.17097
1.10279,-1.13256
1.14450,-1.08839
1.18559,-1.03935
1.22451,-0.98717
1.26019,-0.93396
1.29231,-0.88151
1.32109,-0.83087
1.34699,-0.78247
1.37040,-0.73663
1.39141,-0.69391
1.40985,-0.65528
1.42547,-0.62173
1.43820,-0.59386
1.44822,-0.57156
1.45595,-0.55415
1.46186,-0.54069
1.46641,-0.53025
1.46996,-0.52205
1.47278,-0.51551
1.47506,-0.51018
1.47694,-0.50578
1.47852,-0.50207
1.47986,-0.49892
1.48101,-0.49620
1.48201,-0.49384
1.48288,-0.49178
1.48365,-0.48996
1.48434,-0.48834
1.48495,-0.48688
1.48551,-0.48554
1.48604,-0.48429
0.85792,-1.31099
0.87711,-1.30089
0.89799,-1.28924
0.92102,-1.27560
0.94670,-1.25934
0.97548,-1.23976
1.00767,-1.21601
1.04328,-1.18726
1.08184,-1.15286
1.12235,-1.11251
1.16333,-1.06665
1.20308,-1.01662
1.24014,-0.96451
1.27369,-0.91245
1.30367,-0.86192
1.33050,-0.81358
1.35470,-0.76759
1.37663,-0.72412
1.39633,-0.68369
1.41364,-0.64721
1.42830,-0.61558
1.44026,-0.58932
1.44969,-0.56826
1.45700,-0.55177
1.46262,-0.53895
1.46697,-0.52896
1.47037,-0.52109
1.47309,-0.51477
1.47530,-0.50961
1.47713,-0.50533
1.47867,-0.50173
1.47998,-0.49865
1.48110,-0.49600
1.48207,-0.49370
1.48292,-0.49170
1.48366,-0.48994
1.48431,-0.48840
1.48489,-0.48703
1.48540,-0.48580
1.48587,-0.48469
