-0.66587,1.36033
-0.66577,1.36034
-0.66565,1.36034
-0.66552,1.36035
-0.66537,1.36036
-0.66519,1.36037
-0.66497,1.36038
-0.66471,1.36039
-0.66439,1.36041
-0.66399,1.36043
-0.66350,1.36046
-0.66288,1.36049
-0.66210,1.36053
-0.66109,1.36058
-0.65981,1.36064
-0.65819,1.36071
-0.65618,1.36079
-0.65378,1.36088
-0.65103,1.36097
-0.64804,1.36106
-0.64491,1.36114
-0.64172,1.36120
-0.63853,1.36125
-0.63539,1.36128
-0.63236,1.36130
-0.62961,1.36130
-0.62728,1.36130
-0.62545,1.36129
-0.62410,1.36128
-0.62312,1.36127
-0.62241,1.36126
-0.62189,1.36125
-0.62149,1.36125
-0.62118,1.36124
-0.62094,1.36124
-0.62073,1.36124
-0.62055,1.36123
-0.62039,1.36123
-0.62025,1.36123
-0.62011,1.36123
-0.66595,1.36033
-0.66582,1.36033
-0.66569,1.36034
-0.66555,1.36035
-0.66539,1.36036
-0.66520,1.36037
-0.66498,1.36038
-0.66472,1.36039
-0.66440,1.36041
-0.66400,1.36043
-0.66351,1.36046
-0.66289,1.36049
-0.66210,1.36053
-0.66109,1.36058
-0.65979,1.36064
-0.65813,1.36071
-0.65606,1.36079
-0.65358,1.36089
-0.65073,1.36098
-0.64761,1.36107
-0.64435,1.36115
-0.64103,1.36121
-0.63772,1.36126
-0.63450,1.36129
-0.63146,1.36130
-0.62878,1.36130
-0.62659,1.36129
-0.62492,1.36128
-0.62370,1.36127
-0.62281,1.36126
-0.62216,1.36126
-0.62168,1.36125
-0.62131,1.36124
-0.62101,1.36124
-0.62077,1.36124
-0.62057,1.36123
-0.62039,1.36123
-0.62023,1.36123
-0.62009,1.36123
-0.61995,1.36123
-0.66614,1.36032
-0.66596,1.36033
-0.66580,1.36034
-0.66563,1.36034
-0.66544,1.36035
-0.66524,1.36037
-0.66501,1.36038
-0.66474,1.36039
-0.66442,1.36041
-0.66402,1.36043
-0.66352,1.36046
-0.66290,1.36049
-0.66210,1.36053
-0.66107,1.36058
-0.65975,1.36064
-0.65805,1.36071
-0.65592,1.36080
-0.65334,1.36090
-0.65037,1.36099
-0.64712,1.36109
-0.64371,1.36116
-0.64026,1.36123
-0.63684,1.36127
-0.63356,1.36129
-0.63055,1.36130
-0.62797,1.36130
-0.62594,1.36129
-0.62442,1.36128
-0.62331,1.36127
-0.62250,1.36126
-0.62191,1.36125
-0.62146,1.36125
-0.62111,1.36124
-0.62083,1.36124
-0.62060,1.36124
-0.62040,1.36123
-0.62022,1.36123
-0.62006,1.36123
-0.61992,1.36123
-0.61979,1.36122
-0.66654,1.36029
-0.66627,1.36031
-0.66603,1.36032
-0.66580,1.36034
-0.66558,1.36035
-0.66535,1.36036
-0.66509,1.36037
-0.66480,1.36039
-0.66446,1.36041
-0.66405,1.36043
-0.66354,1.36046
-0.66291,1.36049
-0.66210,1.36053
-0.66105,1.36058
-0.65969,1.36064
-0.65794,1.36072
-0.65573,1.36081
-0.65305,1.36091
-0.64994,1.36101
-0.64654,1.36110
-0.64298,1.36118
-0.63939,1.36124
-0.63587,1.36128
-0.63256,1.36130
-0.62962,1.36130
-0.62719,1.36130
-0.62531,1.36128
-0.62394,1.36127
-0.62293,1.36126
-0.62220,1.36126
-0.62165,1.36125
-0.62123,1.36124
-0.62090,1.36124
-0.62063,1.36124
-0.62040,1.36123
-0.62021,1.36123
-0.62003,1.36123
-0.61988,1.36122
-0.61974,1.36122
-0.61961,1.36122
-0.66627,1.36031
-0.66669,1.36029
-0.66645,1.36030
-0.66615,1.36032
-0.66586,1.36033
-0.66556,1.36035
-0.66526,1.36037
-0.66492,1.36038
-0.66455,1.36040
-0.66411,1.36043
-0.66358,1.36045
-0.66292,1.36049
-0.66209,1.36053
-0.66101,1.36058
-0.65960,1.36065
-0.65778,1.36072
-0.65548,1.36082
-0.65267,1.36092
-0.64941,1.36102
-0.64584,1.36112
-0.64212,1.36119
-0.63840,1.36125
-0.63481,1.36129
-0.63152,1.36130
-0.62869,1.36130
-0.62643,1.36129
-0.62472,1.36128
-0.62347,1.36127
-0.62256,1.36126
-0.62189,1.36125
-0.62138,1.36125
-0.62098,1.36124
-0.62067,1.36124
-0.62041,1.36123
-0.62019,1.36123
-0.62000,1.36123
-0.61984,1.36122
-0.61969,1.36122
-0.61956,1.36122
-0.61944,1.36122
0.53114,-1.39228
0.48587,-1.38744
0.33739,-1.34076
-0.66546,1.36035
-0.66607,1.36032
-0.66586,1.36033
-0.66552,1.36035
-0.66514,1.36037
-0.66472,1.36039
-0.66423,1.36042
-0.66365,1.36045
-0.66294,1.36049
-0.66206,1.36053
-0.66092,1.36058
-0.65945,1.36065
-0.65754,1.36073
-0.65512,1.36083
-0.65215,1.36094
-0.64872,1.36104
-0.64497,1.36114
-0.64109,1.36121
-0.63727,1.36126
-0.63366,1.36129
-0.63044,1.36130
-0.62777,1.36130
-0.62569,1.36129
-0.62414,1.36128
-0.62301,1.36126
-0.62219,1.36126
-0.62156,1.36125
-0.62109,1.36124
-0.62072,1.36124
-0.62042,1.36123
-0.62017,1.36123
-0.61997,1.36123
-0.61979,1.36122
-0.61963,1.36122
-0.61949,1.36122
-0.61937,1.36122
-0.61926,1.36122
0.56918,-1.39286
0.55981,-1.39301
0.54579,-1.39288
0.52328,-1.39177
0.48351,-1.38706
0.38986,-1.36240
-0.66163,1.36055
-0.66470,1.36039
-0.66467,1.36040
-0.66425,1.36042
-0.66365,1.36045
-0.66290,1.36049
-0.66195,1.36054
-0.66073,1.36059
-0.65915,1.36067
-0.65712,1.36075
-0.65453,1.36085
-0.65139,1.36096
-0.64776,1.36107
-0.64383,1.36116
-0.63982,1.36123
-0.63595,1.36128
-0.63241,1.36130
-0.62935,1.36130
-0.62687,1.36129
-0.62498,1.36128
-0.62358,1.36127
-0.62256,1.36126
-0.62180,1.36125
-0.62122,1.36124
-0.62078,1.36124
-0.62043,1.36123
-0.62015,1.36123
-0.61992,1.36123
-0.61973,1.36122
-0.61957,1.36122
-0.61942,1.36122
-0.61930,1.36122
-0.61919,1.36121
-0.61909,1.36121
0.58024,-1.39245
0.57632,-1.39262
0.57087,-1.39281
0.56367,-1.39297
0.55409,-1.39300
0.54081,-1.39273
0.52172,-1.39165
0.49330,-1.38854
0.44668,-1.37959
0.35087,-1.34682
-0.65529,1.36082
-0.66085,1.36059
-0.66073,1.36059
-0.65972,1.36064
-0.65816,1.36071
-0.65604,1.36080
-0.65332,1.36090
-0.65002,1.36100
-0.64625,1.36111
-0.64223,1.36119
-0.63822,1.36125
-0.63445,1.36129
-0.63109,1.36130
-0.62826,1.36130
-0.62601,1.36129
-0.62430,1.36128
-0.62303,1.36126
-0.62208,1.36125
-0.62138,1.36125
-0.62085,1.36124
-0.62044,1.36123
-0.62012,1.36123
-0.61987,1.36122
-0.61966,1.36122
-0.61949,1.36122
-0.61934,1.36122
-0.61922,1.36121
-0.61911,1.36121
-0.61901,1.36121
-0.61892,1.36121
0.58386,-1.39226
0.58229,-1.39234
0.57984,-1.39247
0.57632,-1.39262
0.57165,-1.39279
0.56574,-1.39294
0.55835,-1.39301
0.54901,-1.39294
0.53699,-1.39257
0.52141,-1.39162
0.50125,-1.38959
0.47506,-1.38561
0.44016,-1.37796
0.39124,-1.36289
0.31473,-1.32979
0.15428,-1.22671
-0.64668,1.36110
-0.64586,1.36112
-0.64309,1.36118
-0.63967,1.36123
-0.63613,1.36128
-0.63278,1.36130
-0.62978,1.36130
-0.62724,1.36130
-0.62520,1.36128
-0.62363,1.36127
-0.62245,1.36126
-0.62158,1.36125
-0.62094,1.36124
-0.62045,1.36123
-0.62009,1.36123
-0.61980,1.36122
-0.61958,1.36122
-0.61940,1.36122
-0.61925,1.36121
-0.61912,1.36121
-0.61901,1.36121
-0.61891,1.36121
-0.61883,1.36121
-0.61876,1.36121
0.58504,-1.39219
0.58433,-1.39223
0.58320,-1.39230
0.58147,-1.39239
0.57898,-1.39251
0.57562,-1.39265
0.57132,-1.39280
0.56599,-1.39293
0.55945,-1.39301
0.55141,-1.39298
0.54148,-1.39275
0.52919,-1.39217
0.51402,-1.39098
0.49527,-1.38882
0.47193,-1.38503
0.44218,-1.37848
0.40277,-1.36689
0.34773,-1.34544
0.26379,-1.30178
0.09046,-1.17406
-0.63376,1.36129
-0.63120,1.36130
-0.62865,1.36130
-0.62635,1.36129
-0.62444,1.36128
-0.62295,1.36126
-0.62185,1.36125
-0.62104,1.36124
-0.62046,1.36123
-0.62003,1.36123
-0.61971,1.36122
-0.61947,1.36122
-0.61928,1.36122
-0.61913,1.36121
-0.61900,1.36121
-0.61889,1.36121
-0.61880,1.36121
-0.61872,1.36121
-0.61865,1.36121
-0.61859,1.36120
0.58555,-1.39216
0.58515,-1.39218
0.58453,-1.39222
0.58358,-1.39227
0.58217,-1.39235
0.58016,-1.39245
0.57743,-1.39258
0.57391,-1.39272
0.56949,-1.39285
0.56400,-1.39296
0.55719,-1.39302
0.54873,-1.39294
0.53820,-1.39263
0.52506,-1.39189
0.50865,-1.39044
0.48805,-1.38778
0.46193,-1.38304
0.42843,-1.37480
0.38490,-1.36058
0.32715,-1.33592
0.24552,-1.29064
0.09423,-1.17735
-0.62845,1.36130
-0.62572,1.36129
-0.62372,1.36127
-0.62223,1.36126
-0.62117,1.36124
-0.62044,1.36123
-0.61994,1.36123
-0.61959,1.36122
-0.61933,1.36122
-0.61913,1.36121
-0.61898,1.36121
-0.61885,1.36121
-0.61875,1.36121
-0.61867,1.36121
-0.61859,1.36120
-0.61853,1.36120
-0.61847,1.36120
-0.61842,1.36120
0.58584,-1.39214
0.58557,-1.39216
0.58518,-1.39218
0.58459,-1.39222
0.58370,-1.39227
0.58240,-1.39234
0.58055,-1.39243
0.57805,-1.39255
0.57480,-1.39268
0.57066,-1.39282
0.56543,-1.39294
0.55884,-1.39301
0.55049,-1.39297
0.53989,-1.39269
0.52642,-1.39199
0.50935,-1.39052
0.48775,-1.38773
0.46050,-1.38274
0.42629,-1.37420
0.38352,-1.36007
0.32972,-1.33715
0.25868,-1.29872
0.14659,-1.22071
-0.62629,1.36129
-0.62300,1.36126
-0.62138,1.36125
-0.62041,1.36123
-0.61980,1.36122
-0.61940,1.36122
-0.61913,1.36121
-0.61893,1.36121
-0.61878,1.36121
-0.61866,1.36121
-0.61857,1.36120
-0.61849,1.36120
-0.61842,1.36120
-0.61837,1.36120
-0.61832,1.36120
-0.61828,1.36120
-0.61824,1.36120
0.58603,-1.39213
0.58584,-1.39214
0.58557,-1.39216
0.58517,-1.39218
0.58457,-1.39222
0.58368,-1.39227
0.58236,-1.39234
0.58049,-1.39244
0.57796,-1.39255
0.57465,-1.39269
0.57037,-1.39283
0.56490,-1.39295
0.55789,-1.39301
0.54885,-1.39294
0.53718,-1.39258
0.52217,-1.39168
0.50301,-1.38981
0.47880,-1.38627
0.44865,-1.38007
0.41169,-1.36980
0.36678,-1.35353
0.31140,-1.32810
0.23801,-1.28588
0.11473,-1.19485
-0.62222,1.36126
-0.62033,1.36123
-0.61953,1.36122
-0.61909,1.36121
-0.61881,1.36121
-0.61862,1.36120
-0.61849,1.36120
-0.61838,1.36120
-0.61831,1.36120
-0.61825,1.36120
-0.61820,1.36120
-0.61815,1.36120
-0.61812,1.36120
-0.61809,1.36120
-0.61806,1.36119
-0.61804,1.36119
0.58618,-1.39212
0.58604,-1.39213
0.58585,-1.39214
0.58556,-1.39216
0.58514,-1.39218
0.58451,-1.39222
0.58355,-1.39228
0.58214,-1.39235
0.58014,-1.39245
0.57740,-1.39258
0.57379,-1.39272
0.56908,-1.39286
0.56297,-1.39298
0.55502,-1.39301
0.54463,-1.39285
0.53107,-1.39228
0.51352,-1.39094
0.49115,-1.38824
0.46320,-1.38331
0.42904,-1.37498
0.38798,-1.36172
0.33849,-1.34126
0.27595,-1.30888
0.18479,-1.24959
-0.62010,1.36123
-0.61882,1.36121
-0.61841,1.36120
-0.61820,1.36120
-0.61807,1.36120
-0.61799,1.36119
-0.61794,1.36119
-0.61790,1.36119
-0.61788,1.36119
-0.61786,1.36119
-0.61785,1.36119
-0.61784,1.36119
-0.61783,1.36119
-0.61782,1.36119
-0.61781,1.36119
-0.61780,1.36119
0.58630,-1.39212
0.58619,-1.39212
0.58605,-1.39213
0.58584,-1.39214
0.58554,-1.39216
0.58509,-1.39219
0.58441,-1.39223
0.58335,-1.39229
0.58179,-1.39237
0.57954,-1.39248
0.57646,-1.39262
0.57236,-1.39277
0.56695,-1.39291
0.55984,-1.39301
0.55046,-1.39297
0.53805,-1.39262
0.52174,-1.39165
0.50063,-1.38952
0.47396,-1.38541
0.44112,-1.37821
0.40154,-1.36648
0.35389,-1.34813
0.29413,-1.31901
0.20874,-1.26649
-0.00979,-1.07803
-0.61568,1.36115
-0.61643,1.36116
-0.61675,1.36117
-0.61694,1.36117
-0.61708,1.36118
-0.61717,1.36118
-0.61725,1.36118
-0.61731,1.36118
-0.61736,1.36118
-0.61740,1.36118
-0.61743,1.36118
-0.61746,1.36118
-0.61748,1.36118
-0.61750,1.36118
-0.61752,1.36119
0.58639,-1.39211
0.58631,-1.39211
0.58620,-1.39212
0.58605,-1.39213
0.58584,-1.39214
0.58552,-1.39216
0.58503,-1.39219
0.58427,-1.39224
0.58309,-1.39230
0.58130,-1.39240
0.57873,-1.39252
0.57517,-1.39267
0.57038,-1.39283
0.56400,-1.39296
0.55549,-1.39301
0.54410,-1.39283
0.52887,-1.39215
0.50877,-1.39046
0.48286,-1.38696
0.45041,-1.38048
0.41065,-1.36947
0.36203,-1.35158
0.29966,-1.32198
0.20594,-1.26457
-0.59056,1.36017
-0.60842,1.36096
-0.61212,1.36106
-0.61389,1.36111
-0.61490,1.36113
-0.61553,1.36115
-0.61595,1.36115
-0.61625,1.36116
-0.61648,1.36117
-0.61665,1.36117
-0.61679,1.36117
-0.61690,1.36117
-0.61698,1.36118
-0.61706,1.36118
-0.61711,1.36118
-0.61716,1.36118
0.58647,-1.39210
0.58641,-1.39211
0.58633,-1.39211
0.58622,-1.39212
0.58606,-1.39213
0.58584,-1.39214
0.58549,-1.39216
0.58496,-1.39220
0.58411,-1.39224
0.58276,-1.39232
0.58069,-1.39243
0.57767,-1.39257
0.57347,-1.39273
0.56778,-1.39289
0.56008,-1.39301
0.54966,-1.39295
0.53548,-1.39251
0.51632,-1.39120
0.49091,-1.38820
0.45810,-1.38222
0.41658,-1.37132
0.36374,-1.35229
0.29148,-1.31757
0.16058,-1.23156
-0.58967,1.36012
-0.60016,1.36065
-0.60560,1.36086
-0.60910,1.36098
-0.61140,1.36105
-0.61293,1.36109
-0.61397,1.36111
-0.61470,1.36113
-0.61523,1.36114
-0.61563,1.36115
-0.61593,1.36115
-0.61616,1.36116
-0.61635,1.36116
-0.61649,1.36117
-0.61661,1.36117
-0.61671,1.36117
0.58654,-1.39210
0.58649,-1.39210
0.58643,-1.39211
0.58635,-1.39211
0.58623,-1.39212
0.58607,-1.39213
0.58583,-1.39214
0.58547,-1.39217
0.58488,-1.39220
0.58391,-1.39226
0.58234,-1.39234
0.57990,-1.39246
0.57632,-1.39262
0.57129,-1.39280
0.56438,-1.39296
0.55490,-1.39301
0.54178,-1.39276
0.52359,-1.39179
0.49855,-1.38925
0.46462,-1.38360
0.41907,-1.37208
0.35600,-1.34904
0.25344,-1.29554
-0.56741,1.35851
-0.58698,1.35996
-0.59462,1.36039
-0.59986,1.36064
-0.60387,1.36080
-0.60697,1.36091
-0.60934,1.36099
-0.61112,1.36104
-0.61244,1.36107
-0.61342,1.36110
-0.61415,1.36111
-0.61471,1.36113
-0.61514,1.36114
-0.61548,1.36114
-0.61575,1.36115
-0.61596,1.36115
-0.61613,1.36116
0.58661,-1.39210
0.58657,-1.39210
0.58652,-1.39210
0.58645,-1.39211
0.58637,-1.39211
0.58625,-1.39212
0.58609,-1.39213
0.58584,-1.39214
0.58544,-1.39217
0.58479,-1.39221
0.58369,-1.39227
0.58183,-1.39237
0.57891,-1.39251
0.57456,-1.39269
0.56841,-1.39288
0.55984,-1.39301
0.54779,-1.39292
0.53061,-1.39225
0.50581,-1.39013
0.46958,-1.38458
0.41488,-1.37080
0.31985,-1.33235
-0.54327,1.35603
-0.57430,1.35908
-0.58447,1.35980
-0.59089,1.36019
-0.59569,1.36044
-0.59959,1.36062
-0.60284,1.36076
-0.60556,1.36086
-0.60781,1.36094
-0.60963,1.36099
-0.61107,1.36104
-0.61221,1.36107
-0.61310,1.36109
-0.61380,1.36111
-0.61435,1.36112
-0.61479,1.36113
-0.61513,1.36114
-0.61541,1.36114
0.58666,-1.39209
0.58663,-1.39209
0.58659,-1.39210
0.58654,-1.39210
0.58648,-1.39210
0.58639,-1.39211
0.58628,-1.39212
0.58611,-1.39213
0.58585,-1.39214
0.58543,-1.39217
0.58470,-1.39221
0.58341,-1.39228
0.58118,-1.39240
0.57758,-1.39257
0.57218,-1.39277
0.56443,-1.39296
0.55334,-1.39300
0.53706,-1.39258
0.51204,-1.39079
0.46997,-1.38466
0.37672,-1.35748
-0.51262,1.35184
-0.55696,1.35753
-0.57292,1.35897
-0.58186,1.35963
-0.58792,1.36002
-0.59252,1.36028
-0.59627,1.36047
-0.59946,1.36062
-0.60222,1.36074
-0.60463,1.36083
-0.60671,1.36090
-0.60847,1.36096
-0.60994,1.36100
-0.61116,1.36104
-0.61215,1.36107
-0.61295,1.36109
-0.61359,1.36110
-0.61411,1.36111
-0.61453,1.36112
0.58671,-1.39209
0.58669,-1.39209
0.58666,-1.39209
0.58662,-1.39210
0.58657,-1.39210
0.58651,-1.39210
0.58643,-1.39211
0.58631,-1.39211
0.58615,-1.39212
0.58588,-1.39214
0.58543,-1.39217
0.58461,-1.39222
0.58307,-1.39230
0.58027,-1.39245
0.57563,-1.39265
0.56855,-1.39288
0.55803,-1.39301
0.54178,-1.39276
0.51233,-1.39082
-0.07937,1.17151
-0.40198,1.32769
-0.51658,1.35245
-0.55342,1.35716
-0.56971,1.35871
-0.57900,1.35943
-0.58523,1.35985
-0.58986,1.36013
-0.59358,1.36034
-0.59672,1.36049
-0.59945,1.36062
-0.60187,1.36072
-0.60402,1.36081
-0.60593,1.36088
-0.60761,1.36093
-0.60906,1.36098
-0.61029,1.36101
-0.61133,1.36104
-0.61220,1.36107
-0.61291,1.36108
-0.61349,1.36110
0.58676,-1.39209
0.58674,-1.39209
0.58672,-1.39209
0.58669,-1.39209
0.58665,-1.39209
0.58661,-1.39210
0.58655,-1.39210
0.58647,-1.39210
0.58636,-1.39211
0.58620,-1.39212
0.58593,-1.39214
0.58545,-1.39217
0.58450,-1.39222
0.58254,-1.39233
0.57870,-1.39252
0.57197,-1.39278
0.56049,-1.39300
0.52891,-1.39215
-0.06160,1.15778
-0.22522,1.26035
-0.39497,1.32570
-0.50340,1.35036
-0.54635,1.35639
-0.56535,1.35833
-0.57580,1.35919
-0.58256,1.35968
-0.58743,1.35999
-0.59125,1.36021
-0.59440,1.36038
-0.59712,1.36051
-0.59952,1.36062
-0.60168,1.36071
-0.60364,1.36079
-0.60540,1.36086
-0.60698,1.36091
-0.60839,1.36096
-0.60962,1.36099
-0.61068,1.36103
-0.61158,1.36105
-0.61233,1.36107
0.58680,-1.39208
0.58679,-1.39208
0.58677,-1.39209
0.58675,-1.39209
0.58673,-1.39209
0.58670,-1.39209
0.58666,-1.39209
0.58661,-1.39210
0.58654,-1.39210
0.58643,-1.39211
0.58628,-1.39212
0.58601,-1.39213
0.58548,-1.39216
0.58429,-1.39223
0.58134,-1.39239
0.57390,-1.39272
0.24855,0.73082
-0.00829,1.11157
-0.11268,1.19528
-0.22510,1.26029
-0.36674,1.31715
-0.48289,1.34672
-0.53647,1.35520
-0.55988,1.35782
-0.57216,1.35891
-0.57977,1.35949
-0.58507,1.35984
-0.58910,1.36009
-0.59235,1.36027
-0.59510,1.36041
-0.59751,1.36053
-0.59966,1.36063
-0.60162,1.36071
-0.60341,1.36078
-0.60505,1.36084
-0.60655,1.36090
-0.60790,1.36094
-0.60911,1.36098
-0.61017,1.36101
-0.61109,1.36104
0.58685,-1.39208
0.58684,-1.39208
0.58683,-1.39208
0.58682,-1.39208
0.58680,-1.39208
0.58678,-1.39209
0.58676,-1.39209
0.58673,-1.39209
0.58668,-1.39209
0.58662,-1.39210
0.58653,-1.39210
0.58639,-1.39211
0.58613,-1.39213
0.58552,-1.39216
0.58348,-1.39228
0.31952,0.57172
0.05013,1.05045
-0.03836,1.13863
-0.11559,1.19724
-0.20796,1.25168
-0.33174,1.30531
-0.45545,1.34108
-0.52328,1.35343
-0.55306,1.35713
-0.56795,1.35856
-0.57675,1.35927
-0.58266,1.35969
-0.58701,1.35996
-0.59044,1.36017
-0.59328,1.36032
-0.59572,1.36044
-0.59788,1.36055
-0.59983,1.36064
-0.60163,1.36071
-0.60329,1.36078
-0.60484,1.36084
-0.60626,1.36089
-0.60757,1.36093
-0.60875,1.36097
-0.60980,1.36100
0.58690,-1.39208
0.58689,-1.39208
0.58689,-1.39208
0.58688,-1.39208
0.58687,-1.39208
0.58687,-1.39208
0.58685,-1.39208
0.58684,-1.39208
0.58682,-1.39208
0.58679,-1.39208
0.58675,-1.39209
0.58669,-1.39209
0.58659,-1.39210
0.58636,-1.39211
0.58535,-1.39217
0.14273,0.92485
0.03357,1.06905
-0.03740,1.13780
-0.10441,1.18960
-0.18455,1.23922
-0.29357,1.29080
-0.42051,1.33269
-0.50556,1.35072
-0.54438,1.35616
-0.56293,1.35811
-0.57337,1.35901
-0.58009,1.35951
-0.58489,1.35983
-0.58857,1.36006
-0.59155,1.36023
-0.59407,1.36036
-0.59627,1.36047
-0.59824,1.36056
-0.60003,1.36064
-0.60170,1.36071
-0.60326,1.36078
-0.60472,1.36083
-0.60609,1.36088
-0.60736,1.36092
-0.60851,1.36096
0.58695,-1.39208
0.58695,-1.39208
0.58695,-1.39207
0.58695,-1.39207
0.58695,-1.39207
0.58696,-1.39207
0.58696,-1.39207
0.58696,-1.39207
0.58697,-1.39207
0.58697,-1.39207
0.58698,-1.39207
0.58700,-1.39207
0.58704,-1.39207
0.58720,-1.39206
0.59089,-1.39181
0.15501,0.90516
0.04818,1.05270
-0.02117,1.12350
-0.08428,1.17517
-0.15647,1.22313
-0.25279,1.27336
-0.37711,1.32039
-0.48082,1.34632
-0.53271,1.35472
-0.55663,1.35750
-0.56937,1.35868
-0.57721,1.35930
-0.58262,1.35968
-0.58665,1.35994
-0.58984,1.36013
-0.59248,1.36028
-0.59475,1.36040
-0.59676,1.36050
-0.59857,1.36058
-0.60024,1.36065
-0.60181,1.36072
-0.60329,1.36078
-0.60469,1.36083
-0.60601,1.36088
-0.60724,1.36092
0.58700,-1.39207
0.58701,-1.39207
0.58702,-1.39207
0.58703,-1.39207
0.58704,-1.39207
0.58706,-1.39207
0.58708,-1.39207
0.58711,-1.39207
0.58714,-1.39206
0.58719,-1.39206
0.58728,-1.39205
0.58742,-1.39205
0.58773,-1.39203
0.58866,-1.39196
0.59433,-1.39156
0.25248,0.72259
0.09141,0.99924
0.01064,1.09309
-0.05424,1.15187
-0.12210,1.20158
-0.20777,1.25158
-0.32360,1.30236
-0.44400,1.33848
-0.51540,1.35227
-0.54795,1.35657
-0.56423,1.35823
-0.57373,1.35903
-0.57999,1.35950
-0.58452,1.35981
-0.58802,1.36003
-0.59086,1.36019
-0.59325,1.36032
-0.59533,1.36043
-0.59718,1.36052
-0.59888,1.36059
-0.60046,1.36066
-0.60195,1.36072
-0.60336,1.36078
-0.60471,1.36083
-0.60599,1.36088
0.58706,-1.39207
0.58708,-1.39207
0.58710,-1.39207
0.58712,-1.39206
0.58715,-1.39206
0.58718,-1.39206
0.58723,-1.39206
0.58729,-1.39205
0.58737,-1.39205
0.58750,-1.39204
0.58770,-1.39203
0.58806,-1.39200
0.58882,-1.39195
0.59064,-1.39183
0.59554,-1.39146
0.61141,-1.38994
0.20133,0.82417
0.07001,1.02669
-0.00800,1.11130
-0.07692,1.16966
-0.15485,1.22216
-0.25772,1.27558
-0.38574,1.32300
-0.48555,1.34722
-0.53402,1.35489
-0.55666,1.35750
-0.56894,1.35864
-0.57660,1.35926
-0.58192,1.35964
-0.58589,1.35990
-0.58904,1.36009
-0.59163,1.36023
-0.59385,1.36035
-0.59579,1.36045
-0.59754,1.36053
-0.59915,1.36061
-0.60066,1.36067
-0.60210,1.36073
-0.60347,1.36078
-0.60478,1.36083
0.58713,-1.39206
0.58716,-1.39206
0.58719,-1.39206
0.58723,-1.39206
0.58728,-1.39205
0.58734,-1.39205
0.58742,-1.39205
0.58753,-1.39204
0.58768,-1.39203
0.58792,-1.39201
0.58830,-1.39199
0.58898,-1.39194
0.59023,-1.39186
0.59260,-1.39169
0.59693,-1.39135
0.60418,-1.39070
0.61776,-1.38920
0.22464,0.77942
0.07753,1.01728
-0.00868,1.11194
-0.08615,1.17654
-0.17599,1.23445
-0.29443,1.29114
-0.42428,1.33366
-0.50588,1.35077
-0.54293,1.35599
-0.56104,1.35793
-0.57142,1.35885
-0.57817,1.35937
-0.58300,1.35971
-0.58668,1.35994
-0.58965,1.36012
-0.59212,1.36026
-0.59424,1.36037
-0.59611,1.36046
-0.59781,1.36054
-0.59937,1.36062
-0.60084,1.36068
-0.60224,1.36074
-0.60359,1.36079
0.58722,-1.39206
0.58726,-1.39206
0.58731,-1.39205
0.58736,-1.39205
0.58744,-1.39204
0.58753,-1.39204
0.58766,-1.39203
0.58784,-1.39202
0.58810,-1.39200
0.58849,-1.39198
0.58911,-1.39194
0.59012,-1.39187
0.59180,-1.39175
0.59451,-1.39154
0.59864,-1.39120
0.60430,-1.39068
0.61114,-1.38997
0.61914,-1.38902
0.65918,-1.38247
0.14346,0.92369
0.02763,1.07546
-0.06396,1.15965
-0.16407,1.22761
-0.29246,1.29035
-0.42806,1.33462
-0.50838,1.35118
-0.54397,1.35611
-0.56146,1.35797
-0.57159,1.35886
-0.57825,1.35938
-0.58305,1.35971
-0.58674,1.35995
-0.58971,1.36012
-0.59220,1.36026
-0.59434,1.36038
-0.59623,1.36047
-0.59793,1.36055
-0.59950,1.36062
-0.60097,1.36068
-0.60236,1.36074
0.58732,-1.39205
0.58738,-1.39205
0.58745,-1.39204
0.58753,-1.39204
0.58764,-1.39203
0.58778,-1.39202
0.58797,-1.39201
0.58824,-1.39199
0.58863,-1.39197
0.58920,-1.39193
0.59007,-1.39187
0.59141,-1.39178
0.59344,-1.39163
0.59646,-1.39139
0.60067,-1.39103
0.60610,-1.39051
0.61239,-1.38983
0.61895,-1.38905
0.62510,-1.38824
0.63033,-1.38749
0.63661,-1.38653
0.23685,0.75494
0.06288,1.03541
-0.06136,1.15760
-0.19515,1.24496
-0.35680,1.31393
-0.47968,1.34610
-0.53296,1.35475
-0.55619,1.35745
-0.56854,1.35861
-0.57626,1.35923
-0.58166,1.35962
-0.58574,1.35989
-0.58899,1.36008
-0.59169,1.36024
-0.59400,1.36036
-0.59601,1.36046
-0.59782,1.36055
-0.59946,1.36062
-0.60099,1.36068
0.58745,-1.39204
0.58753,-1.39204
0.58762,-1.39203
0.58774,-1.39202
0.58789,-1.39201
0.58809,-1.39200
0.58836,-1.39198
0.58873,-1.39196
0.58926,-1.39192
0.59003,-1.39187
0.59115,-1.39179
0.59279,-1.39167
0.59516,-1.39149
0.59851,-1.39122
0.60301,-1.39081
0.60869,-1.39024
0.61539,-1.38948
0.62279,-1.38855
0.63057,-1.38745
0.63842,-1.38624
0.64602,-1.38495
0.65296,-1.38368
0.65863,-1.38258
0.66188,-1.38193
0.66004,-1.38230
0.40617,0.35063
-0.01881,1.12134
-0.26652,1.27946
-0.46444,1.34302
-0.53399,1.35488
-0.55862,1.35769
-0.57066,1.35879
-0.57800,1.35936
-0.58314,1.35972
-0.58708,1.35997
-0.59027,1.36016
-0.59295,1.36030
-0.59527,1.36042
-0.59731,1.36052
-0.59915,1.36061
0.58761,-1.39203
0.58771,-1.39203
0.58784,-1.39202
0.58799,-1.39201
0.58820,-1.39200
0.58846,-1.39198
0.58882,-1.39195
0.58931,-1.39192
0.58999,-1.39188
0.59095,-1.39181
0.59231,-1.39171
0.59425,-1.39156
0.59697,-1.39135
0.60070,-1.39102
0.60561,-1.39056
0.61175,-1.38990
0.61906,-1.38903
0.62740,-1.38791
0.63660,-1.38653
0.64642,-1.38488
0.65651,-1.38300
0.66635,-1.38099
0.67540,-1.37900
0.68321,-1.37717
0.68956,-1.37560
0.69435,-1.37437
0.69746,-1.37356
0.69824,-1.37335
0.69354,-1.37458
0.66793,-1.38066
-0.27329,1.28239
-0.50842,1.35118
-0.55379,1.35720
-0.56953,1.35869
-0.57783,1.35935
-0.58334,1.35973
-0.58748,1.35999
-0.59084,1.36019
-0.59369,1.36034
-0.59617,1.36047
0.58779,-1.39202
0.58793,-1.39201
0.58809,-1.39200
0.58829,-1.39199
0.58855,-1.39197
0.58889,-1.39195
0.58934,-1.39192
0.58994,-1.39188
0.59077,-1.39182
0.59193,-1.39174
0.59354,-1.39162
0.59579,-1.39144
0.59889,-1.39118
0.60305,-1.39081
0.60842,-1.39027
0.61507,-1.38952
0.62297,-1.38852
0.63203,-1.38724
0.64208,-1.38563
0.65278,-1.38371
0.66359,-1.38157
0.67383,-1.37936
0.68289,-1.37724
0.69047,-1.37537
0.69656,-1.37380
0.70135,-1.37251
0.70508,-1.37149
0.70797,-1.37068
0.71014,-1.37007
0.71159,-1.36965
0.71197,-1.36954
0.70959,-1.37022
0.68820,-1.37594
-0.32602,1.30324
-0.53542,1.35507
-0.56491,1.35829
-0.57610,1.35922
-0.58256,1.35968
-0.58719,1.35998
-0.59090,1.36019
0.58801,-1.39201
0.58818,-1.39200
0.58838,-1.39198
0.58863,-1.39197
0.58895,-1.39195
0.58936,-1.39192
0.58990,-1.39188
0.59062,-1.39183
0.59160,-1.39176
0.59296,-1.39166
0.59484,-1.39152
0.59742,-1.39131
0.60092,-1.39100
0.60553,-1.39056
0.61138,-1.38995
0.61850,-1.38910
0.62688,-1.38799
0.63640,-1.38656
0.64685,-1.38480
0.65780,-1.38274
0.66861,-1.38051
0.67857,-1.37827
0.68713,-1.37621
0.69413,-1.37443
0.69966,-1.37297
0.70398,-1.37180
0.70736,-1.37085
0.71005,-1.37009
0.71222,-1.36947
0.71399,-1.36895
0.71545,-1.36853
0.71661,-1.36818
0.71740,-1.36795
0.71749,-1.36792
0.71532,-1.36856
0.69130,-1.37516
-0.44141,1.33787
-0.55357,1.35718
-0.57254,1.35894
-0.58094,1.35957
0.58827,-1.39199
0.58847,-1.39198
0.58871,-1.39196
0.58901,-1.39194
0.58938,-1.39192
0.58986,-1.39188
0.59049,-1.39184
0.59133,-1.39178
0.59247,-1.39170
0.59404,-1.39158
0.59620,-1.39141
0.59914,-1.39116
0.60306,-1.39080
0.60813,-1.39030
0.61442,-1.38960
0.62195,-1.38866
0.63066,-1.38744
0.64043,-1.38591
0.65098,-1.38405
0.66185,-1.38193
0.67237,-1.37968
0.68186,-1.37749
0.68988,-1.37552
0.69635,-1.37385
0.70143,-1.37249
0.70539,-1.37141
0.70849,-1.37053
0.71096,-1.36983
0.71296,-1.36925
0.71462,-1.36877
0.71601,-1.36836
0.71721,-1.36800
0.71825,-1.36770
0.71915,-1.36743
0.71988,-1.36721
0.72036,-1.36706
0.72019,-1.36711
0.71737,-1.36796
0.38606,0.40439
-0.51856,1.35275
0.58855,-1.39197
0.58878,-1.39196
0.58906,-1.39194
0.58940,-1.39192
0.58983,-1.39189
0.59038,-1.39185
0.59110,-1.39180
0.59206,-1.39173
0.59338,-1.39163
0.59518,-1.39149
0.59764,-1.39129
0.60096,-1.39100
0.60532,-1.39058
0.61082,-1.39001
0.61751,-1.38923
0.62536,-1.38820
0.63427,-1.38689
0.64411,-1.38528
0.65459,-1.38337
0.66521,-1.38123
0.67531,-1.37902
0.68430,-1.37690
0.69183,-1.37503
0.69786,-1.37345
0.70260,-1.37218
0.70629,-1.37115
0.70919,-1.37034
0.71150,-1.36968
0.71338,-1.36913
0.71494,-1.36868
0.71625,-1.36829
0.71737,-1.36796
0.71835,-1.36767
0.71921,-1.36741
0.71998,-1.36718
0.72067,-1.36697
0.72129,-1.36678
0.72180,-1.36663
0.72207,-1.36654
0.72158,-1.36669
0.58885,-1.39195
0.58911,-1.39194
0.58942,-1.39191
0.58980,-1.39189
0.59028,-1.39185
0.59090,-1.39181
0.59172,-1.39175
0.59282,-1.39167
0.59432,-1.39156
0.59638,-1.39139
0.59917,-1.39116
0.60289,-1.39082
0.60768,-1.39034
0.61359,-1.38969
0.62061,-1.38883
0.62867,-1.38773
0.63768,-1.38636
0.64748,-1.38469
0.65776,-1.38275
0.66805,-1.38063
0.67771,-1.37847
0.68622,-1.37643
0.69331,-1.37464
0.69899,-1.37315
0.70344,-1.37194
0.70693,-1.37098
0.70968,-1.37020
0.71188,-1.36957
0.71367,-1.36905
0.71516,-1.36861
0.71641,-1.36824
0.71749,-1.36792
0.71841,-1.36765
0.71922,-1.36740
0.71994,-1.36719
0.72058,-1.36700
0.72116,-1.36682
0.72169,-1.36666
0.72219,-1.36651
0.72265,-1.36637
0.58916,-1.39193
0.58944,-1.39191
0.58979,-1.39189
0.59021,-1.39186
0.59074,-1.39182
0.59144,-1.39177
0.59236,-1.39171
0.59361,-1.39161
0.59532,-1.39148
0.59766,-1.39129
0.60081,-1.39101
0.60493,-1.39062
0.61013,-1.39008
0.61641,-1.38936
0.62368,-1.38843
0.63188,-1.38726
0.64089,-1.38583
0.65056,-1.38413
0.66060,-1.38219
0.67051,-1.38009
0.67974,-1.37799
0.68781,-1.37604
0.69451,-1.37433
0.69988,-1.37291
0.70410,-1.37176
0.70743,-1.37084
0.71006,-1.37009
0.71217,-1.36948
0.71390,-1.36898
0.71534,-1.36856
0.71655,-1.36820
0.71759,-1.36789
0.71848,-1.36763
0.71926,-1.36739
0.71994,-1.36719
0.72054,-1.36701
0.72108,-1.36685
0.72156,-1.36670
0.72200,-1.36656
0.72242,-1.36644
0.58947,-1.39191
0.58978,-1.39189
0.59015,-1.39186
0.59061,-1.39183
0.59120,-1.39179
0.59198,-1.39173
0.59302,-1.39166
0.59443,-1.39155
0.59638,-1.39139
0.59902,-1.39117
0.60255,-1.39085
0.60709,-1.39040
0.61268,-1.38980
0.61925,-1.38901
0.62671,-1.38801
0.63496,-1.38679
0.64391,-1.38532
0.65340,-1.38360
0.66314,-1.38166
0.67268,-1.37961
0.68149,-1.37758
0.68916,-1.37570
0.69552,-1.37407
0.70062,-1.37271
0.70465,-1.37161
0.70784,-1.37072
0.71037,-1.37000
0.71241,-1.36941
0.71409,-1.36893
0.71548,-1.36852
0.71666,-1.36817
0.71767,-1.36787
0.71855,-1.36761
0.71930,-1.36738
0.71996,-1.36718
0.72054,-1.36701
0.72106,-1.36685
0.72151,-1.36671
0.72192,-1.36659
0.72229,-1.36648
