-0.62417,1.36128
-0.62416,1.36128
-0.62414,1.36128
-0.62412,1.36128
-0.62410,1.36128
-0.62408,1.36128
-0.62405,1.36127
-0.62402,1.36127
-0.62398,1.36127
-0.62393,1.36127
-0.62386,1.36127
-0.62379,1.36127
-0.62368,1.36127
-0.62355,1.36127
-0.62339,1.36127
-0.62318,1.36127
-0.62291,1.36126
-0.62260,1.36126
-0.62224,1.36126
-0.62184,1.36125
-0.62142,1.36125
-0.62099,1.36124
-0.62056,1.36123
-0.62013,1.36123
-0.61971,1.36122
-0.61933,1.36122
-0.61900,1.36121
-0.61875,1.36121
-0.61856,1.36120
-0.61842,1.36120
-0.61832,1.36120
-0.61824,1.36120
-0.61819,1.36120
-0.61814,1.36120
-0.61811,1.36120
-0.61808,1.36120
-0.61805,1.36119
-0.61803,1.36119
-0.61801,1.36119
-0.61799,1.36119
-0.62418,1.36128
-0.62416,1.36128
-0.62415,1.36128
-0.62413,1.36128
-0.62411,1.36128
-0.62408,1.36128
-0.62405,1.36127
-0.62402,1.36127
-0.62398,1.36127
-0.62393,1.36127
-0.62387,1.36127
-0.62379,1.36127
-0.62368,1.36127
-0.62355,1.36127
-0.62338,1.36127
-0.62317,1.36127
-0.62290,1.36126
-0.62257,1.36126
-0.62220,1.36126
-0.62178,1.36125
-0.62135,1.36125
-0.62090,1.36124
-0.62045,1.36123
-0.62001,1.36123
-0.61959,1.36122
-0.61922,1.36121
-0.61891,1.36121
-0.61867,1.36121
-0.61850,1.36120
-0.61838,1.36120
-0.61828,1.36120
-0.61821,1.36120
-0.61816,1.36120
-0.61812,1.36120
-0.61809,1.36120
-0.61806,1.36119
-0.61803,1.36119
-0.61801,1.36119
-0.61799,1.36119
-0.61797,1.36119
-0.62420,1.36128
-0.62418,1.36128
-0.62416,1.36128
-0.62414,1.36128
-0.62411,1.36128
-0.62409,1.36128
-0.62406,1.36127
-0.62402,1.36127
-0.62398,1.36127
-0.62393,1.36127
-0.62387,1.36127
-0.62379,1.36127
-0.62368,1.36127
-0.62355,1.36127
-0.62338,1.36127
-0.62316,1.36127
-0.62288,1.36126
-0.62254,1.36126
-0.62215,1.36126
-0.62172,1.36125
-0.62126,1.36124
-0.62079,1.36124
-0.62033,1.36123
-0.61988,1.36122
-0.61946,1.36122
-0.61910,1.36121
-0.61882,1.36121
-0.61860,1.36120
-0.61845,1.36120
-0.61833,1.36120
-0.61825,1.36120
-0.61818,1.36120
-0.61813,1.36120
-0.61809,1.36120
-0.61806,1.36119
-0.61803,1.36119
-0.61801,1.36119
-0.61798,1.36119
-0.61796,1.36119
-0.61794,1.36119
-0.62425,1.36128
-0.62422,1.36128
-0.62419,1.36128
-0.62416,1.36128
-0.62413,1.36128
-0.62410,1.36128
-0.62407,1.36127
-0.62403,1.36127
-0.62399,1.36127
-0.62393,1.36127
-0.62387,1.36127
-0.62379,1.36127
-0.62368,1.36127
-0.62355,1.36127
-0.62337,1.36127
-0.62314,1.36127
-0.62286,1.36126
-0.62250,1.36126
-0.62209,1.36125
-0.62164,1.36125
-0.62116,1.36124
-0.62068,1.36124
-0.62020,1.36123
-0.61974,1.36122
-0.61933,1.36122
-0.61899,1.36121
-0.61873,1.36121
-0.61853,1.36120
-0.61839,1.36120
-0.61829,1.36120
-0.61821,1.36120
-0.61815,1.36120
-0.61810,1.36120
-0.61807,1.36119
-0.61803,1.36119
-0.61800,1.36119
-0.61798,1.36119
-0.61796,1.36119
-0.61794,1.36119
-0.61792,1.36119
-0.62422,1.36128
-0.62427,1.36128
-0.62424,1.36128
-0.62420,1.36128
-0.62417,1.36128
-0.62413,1.36128
-0.62409,1.36128
-0.62405,1.36127
-0.62400,1.36127
-0.62394,1.36127
-0.62387,1.36127
-0.62379,1.36127
-0.62368,1.36127
-0.62354,1.36127
-0.62336,1.36127
-0.62312,1.36127
-0.62282,1.36126
-0.62245,1.36126
-0.62202,1.36125
-0.62155,1.36125
-0.62105,1.36124
-0.62054,1.36123
-0.62005,1.36123
-0.61960,1.36122
-0.61920,1.36121
-0.61889,1.36121
-0.61865,1.36120
-0.61847,1.36120
-0.61834,1.36120
-0.61824,1.36120
-0.61817,1.36120
-0.61812,1.36120
-0.61807,1.36120
-0.61803,1.36119
-0.61800,1.36119
-0.61798,1.36119
-0.61795,1.36119
-0.61793,1.36119
-0.61791,1.36119
-0.61789,1.36119
0.58253,-1.39233
0.57908,-1.39250
0.56714,-1.39291
-0.62412,1.36128
-0.62419,1.36128
-0.62417,1.36128
-0.62412,1.36128
-0.62408,1.36127
-0.62402,1.36127
-0.62396,1.36127
-0.62388,1.36127
-0.62379,1.36127
-0.62368,1.36127
-0.62353,1.36127
-0.62334,1.36127
-0.62309,1.36127
-0.62278,1.36126
-0.62239,1.36126
-0.62193,1.36125
-0.62143,1.36125
-0.62091,1.36124
-0.62039,1.36123
-0.61989,1.36122
-0.61945,1.36122
-0.61907,1.36121
-0.61878,1.36121
-0.61856,1.36120
-0.61840,1.36120
-0.61829,1.36120
-0.61820,1.36120
-0.61813,1.36120
-0.61808,1.36120
-0.61804,1.36119
-0.61800,1.36119
-0.61797,1.36119
-0.61795,1.36119
-0.61792,1.36119
-0.61790,1.36119
-0.61789,1.36119
-0.61787,1.36119
0.58553,-1.39216
0.58478,-1.39221
0.58367,-1.39227
0.58192,-1.39236
0.57890,-1.39251
0.57163,-1.39279
-0.62362,1.36127
-0.62402,1.36127
-0.62401,1.36127
-0.62396,1.36127
-0.62388,1.36127
-0.62379,1.36127
-0.62366,1.36127
-0.62351,1.36127
-0.62330,1.36127
-0.62304,1.36126
-0.62270,1.36126
-0.62228,1.36126
-0.62180,1.36125
-0.62128,1.36124
-0.62074,1.36124
-0.62021,1.36123
-0.61972,1.36122
-0.61929,1.36122
-0.61895,1.36121
-0.61868,1.36121
-0.61848,1.36120
-0.61834,1.36120
-0.61823,1.36120
-0.61815,1.36120
-0.61809,1.36120
-0.61804,1.36119
-0.61800,1.36119
-0.61796,1.36119
-0.61794,1.36119
-0.61791,1.36119
-0.61789,1.36119
-0.61788,1.36119
-0.61786,1.36119
-0.61785,1.36119
0.58643,-1.39211
0.58611,-1.39213
0.58566,-1.39215
0.58509,-1.39219
0.58432,-1.39223
0.58328,-1.39229
0.58180,-1.39237
0.57964,-1.39248
0.57610,-1.39263
0.56834,-1.39288
-0.62280,1.36126
-0.62352,1.36127
-0.62351,1.36127
-0.62338,1.36127
-0.62317,1.36127
-0.62290,1.36126
-0.62254,1.36126
-0.62210,1.36125
-0.62160,1.36125
-0.62106,1.36124
-0.62052,1.36123
-0.62000,1.36123
-0.61954,1.36122
-0.61914,1.36121
-0.61883,1.36121
-0.61859,1.36120
-0.61841,1.36120
-0.61827,1.36120
-0.61817,1.36120
-0.61810,1.36120
-0.61804,1.36119
-0.61799,1.36119
-0.61796,1.36119
-0.61793,1.36119
-0.61790,1.36119
-0.61788,1.36119
-0.61786,1.36119
-0.61785,1.36119
-0.61783,1.36119
-0.61782,1.36119
0.58673,-1.39209
0.58660,-1.39210
0.58639,-1.39211
0.58611,-1.39213
0.58573,-1.39215
0.58525,-1.39218
0.58466,-1.39221
0.58392,-1.39226
0.58298,-1.39231
0.58178,-1.39237
0.58024,-1.39245
0.57826,-1.39254
0.57560,-1.39265
0.57174,-1.39279
0.56502,-1.39295
0.54342,-1.39281
-0.62166,1.36125
-0.62155,1.36125
-0.62118,1.36124
-0.62071,1.36124
-0.62023,1.36123
-0.61977,1.36122
-0.61935,1.36122
-0.61900,1.36121
-0.61871,1.36121
-0.61849,1.36120
-0.61832,1.36120
-0.61820,1.36120
-0.61811,1.36120
-0.61804,1.36119
-0.61799,1.36119
-0.61795,1.36119
-0.61792,1.36119
-0.61789,1.36119
-0.61787,1.36119
-0.61785,1.36119
-0.61783,1.36119
-0.61782,1.36119
-0.61781,1.36119
-0.61780,1.36119
0.58682,-1.39208
0.58676,-1.39209
0.58667,-1.39209
0.58653,-1.39210
0.58632,-1.39211
0.58605,-1.39213
0.58570,-1.39215
0.58527,-1.39218
0.58475,-1.39221
0.58411,-1.39224
0.58333,-1.39229
0.58238,-1.39234
0.58121,-1.39240
0.57979,-1.39247
0.57802,-1.39255
0.57575,-1.39265
0.57267,-1.39276
0.56806,-1.39289
0.55968,-1.39301
0.52779,-1.39208
-0.61991,1.36123
-0.61955,1.36122
-0.61920,1.36121
-0.61887,1.36121
-0.61861,1.36120
-0.61840,1.36120
-0.61824,1.36120
-0.61812,1.36120
-0.61804,1.36119
-0.61798,1.36119
-0.61793,1.36119
-0.61790,1.36119
-0.61787,1.36119
-0.61785,1.36119
-0.61783,1.36119
-0.61782,1.36119
-0.61780,1.36119
-0.61779,1.36119
-0.61778,1.36119
-0.61777,1.36119
0.58686,-1.39208
0.58683,-1.39208
0.58678,-1.39209
0.58670,-1.39209
0.58659,-1.39210
0.58642,-1.39211
0.58620,-1.39212
0.58591,-1.39214
0.58555,-1.39216
0.58511,-1.39219
0.58457,-1.39222
0.58390,-1.39226
0.58308,-1.39230
0.58206,-1.39236
0.58081,-1.39242
0.57924,-1.39250
0.57726,-1.39258
0.57469,-1.39269
0.57122,-1.39280
0.56619,-1.39293
0.55752,-1.39301
0.52893,-1.39215
-0.61917,1.36121
-0.61879,1.36121
-0.61850,1.36120
-0.61829,1.36120
-0.61814,1.36120
-0.61804,1.36119
-0.61797,1.36119
-0.61792,1.36119
-0.61788,1.36119
-0.61785,1.36119
-0.61783,1.36119
-0.61781,1.36119
-0.61780,1.36119
-0.61778,1.36119
-0.61777,1.36119
-0.61776,1.36119
-0.61776,1.36119
-0.61775,1.36119
0.58689,-1.39208
0.58687,-1.39208
0.58683,-1.39208
0.58679,-1.39209
0.58671,-1.39209
0.58660,-1.39210
0.58645,-1.39211
0.58625,-1.39212
0.58598,-1.39213
0.58565,-1.39215
0.58523,-1.39218
0.58470,-1.39221
0.58404,-1.39225
0.58321,-1.39229
0.58217,-1.39235
0.58086,-1.39242
0.57922,-1.39250
0.57715,-1.39259
0.57453,-1.39269
0.57111,-1.39281
0.56643,-1.39292
0.55909,-1.39301
0.54187,-1.39276
-0.61887,1.36121
-0.61840,1.36120
-0.61817,1.36120
-0.61803,1.36119
-0.61795,1.36119
-0.61789,1.36119
-0.61785,1.36119
-0.61782,1.36119
-0.61780,1.36119
-0.61778,1.36119
-0.61777,1.36119
-0.61776,1.36119
-0.61775,1.36119
-0.61774,1.36119
-0.61774,1.36119
-0.61773,1.36119
-0.61772,1.36119
0.58690,-1.39208
0.58689,-1.39208
0.58687,-1.39208
0.58683,-1.39208
0.58678,-1.39209
0.58671,-1.39209
0.58660,-1.39210
0.58645,-1.39211
0.58624,-1.39212
0.58597,-1.39214
0.58562,-1.39216
0.58518,-1.39218
0.58462,-1.39221
0.58391,-1.39226
0.58300,-1.39231
0.58184,-1.39237
0.58038,-1.39244
0.57854,-1.39253
0.57625,-1.39263
0.57338,-1.39273
0.56971,-1.39285
0.56470,-1.39295
0.55658,-1.39301
0.53457,-1.39246
-0.61829,1.36120
-0.61802,1.36119
-0.61791,1.36119
-0.61784,1.36119
-0.61781,1.36119
-0.61778,1.36119
-0.61776,1.36119
-0.61774,1.36119
-0.61773,1.36119
-0.61772,1.36119
-0.61772,1.36119
-0.61771,1.36119
-0.61771,1.36119
-0.61770,1.36119
-0.61770,1.36119
-0.61769,1.36119
0.58692,-1.39208
0.58691,-1.39208
0.58689,-1.39208
0.58687,-1.39208
0.58683,-1.39208
0.58678,-1.39209
0.58670,-1.39209
0.58658,-1.39210
0.58642,-1.39211
0.58619,-1.39212
0.58590,-1.39214
0.58552,-1.39216
0.58503,-1.39219
0.58440,-1.39223
0.58358,-1.39227
0.58252,-1.39233
0.58118,-1.39240
0.57948,-1.39249
0.57736,-1.39258
0.57474,-1.39269
0.57148,-1.39280
0.56723,-1.39291
0.56104,-1.39300
0.54890,-1.39294
-0.61799,1.36119
-0.61781,1.36119
-0.61775,1.36119
-0.61772,1.36119
-0.61770,1.36119
-0.61769,1.36119
-0.61768,1.36119
-0.61768,1.36119
-0.61767,1.36119
-0.61767,1.36119
-0.61767,1.36119
-0.61767,1.36119
-0.61766,1.36119
-0.61766,1.36119
-0.61766,1.36119
-0.61766,1.36119
0.58693,-1.39208
0.58692,-1.39208
0.58691,-1.39208
0.58689,-1.39208
0.58686,-1.39208
0.58683,-1.39208
0.58677,-1.39209
0.58668,-1.39209
0.58655,-1.39210
0.58637,-1.39211
0.58612,-1.39213
0.58578,-1.39215
0.58535,-1.39217
0.58478,-1.39221
0.58404,-1.39225
0.58307,-1.39230
0.58181,-1.39237
0.58020,-1.39245
0.57817,-1.39254
0.57567,-1.39265
0.57257,-1.39276
0.56860,-1.39287
0.56297,-1.39298
0.55260,-1.39299
0.47913,-1.38633
-0.61736,1.36118
-0.61746,1.36118
-0.61751,1.36118
-0.61754,1.36119
-0.61756,1.36119
-0.61757,1.36119
-0.61758,1.36119
-0.61759,1.36119
-0.61760,1.36119
-0.61760,1.36119
-0.61761,1.36119
-0.61761,1.36119
-0.61761,1.36119
-0.61762,1.36119
-0.61762,1.36119
0.58693,-1.39208
0.58693,-1.39208
0.58692,-1.39208
0.58691,-1.39208
0.58689,-1.39208
0.58686,-1.39208
0.58682,-1.39208
0.58676,-1.39209
0.58666,-1.39209
0.58651,-1.39210
0.58630,-1.39211
0.58601,-1.39213
0.58562,-1.39216
0.58511,-1.39219
0.58443,-1.39223
0.58354,-1.39228
0.58235,-1.39234
0.58081,-1.39242
0.57885,-1.39251
0.57638,-1.39262
0.57330,-1.39274
0.56931,-1.39286
0.56353,-1.39297
0.55219,-1.39299
-0.61360,1.36110
-0.61630,1.36116
-0.61684,1.36117
-0.61710,1.36118
-0.61724,1.36118
-0.61733,1.36118
-0.61739,1.36118
-0.61744,1.36118
-0.61747,1.36118
-0.61750,1.36118
-0.61752,1.36119
-0.61753,1.36119
-0.61754,1.36119
-0.61755,1.36119
-0.61756,1.36119
-0.61757,1.36119
0.58694,-1.39208
0.58694,-1.39208
0.58693,-1.39208
0.58692,-1.39208
0.58691,-1.39208
0.58689,-1.39208
0.58686,-1.39208
0.58682,-1.39208
0.58675,-1.39209
0.58663,-1.39209
0.58646,-1.39211
0.58622,-1.39212
0.58588,-1.39214
0.58541,-1.39217
0.58480,-1.39220
0.58397,-1.39225
0.58287,-1.39231
0.58139,-1.39239
0.57946,-1.39249
0.57697,-1.39260
0.57377,-1.39272
0.56945,-1.39285
0.56270,-1.39298
0.54463,-1.39285
-0.61346,1.36110
-0.61507,1.36114
-0.61588,1.36115
-0.61640,1.36116
-0.61673,1.36117
-0.61696,1.36117
-0.61711,1.36118
-0.61721,1.36118
-0.61729,1.36118
-0.61735,1.36118
-0.61739,1.36118
-0.61742,1.36118
-0.61745,1.36118
-0.61747,1.36118
-0.61749,1.36118
-0.61750,1.36118
0.58695,-1.39208
0.58694,-1.39208
0.58694,-1.39208
0.58693,-1.39208
0.58692,-1.39208
0.58691,-1.39208
0.58689,-1.39208
0.58686,-1.39208
0.58681,-1.39208
0.58673,-1.39209
0.58660,-1.39210
0.58640,-1.39211
0.58611,-1.39213
0.58570,-1.39215
0.58514,-1.39218
0.58439,-1.39223
0.58336,-1.39229
0.58195,-1.39236
0.58004,-1.39246
0.57747,-1.39258
0.57396,-1.39271
0.56879,-1.39287
0.55848,-1.39301
-0.60988,1.36100
-0.61304,1.36109
-0.61422,1.36112
-0.61502,1.36113
-0.61562,1.36115
-0.61608,1.36116
-0.61643,1.36116
-0.61669,1.36117
-0.61688,1.36117
-0.61703,1.36118
-0.61713,1.36118
-0.61722,1.36118
-0.61728,1.36118
-0.61733,1.36118
-0.61737,1.36118
-0.61740,1.36118
-0.61742,1.36118
0.58695,-1.39207
0.58695,-1.39207
0.58694,-1.39208
0.58694,-1.39208
0.58693,-1.39208
0.58692,-1.39208
0.58691,-1.39208
0.58689,-1.39208
0.58686,-1.39208
0.58680,-1.39208
0.58671,-1.39209
0.58656,-1.39210
0.58632,-1.39211
0.58596,-1.39214
0.58547,-1.39217
0.58478,-1.39221
0.58383,-1.39226
0.58249,-1.39233
0.58059,-1.39243
0.57784,-1.39256
0.57363,-1.39273
0.56551,-1.39294
-0.60571,1.36087
-0.61102,1.36103
-0.61265,1.36108
-0.61365,1.36110
-0.61439,1.36112
-0.61498,1.36113
-0.61547,1.36114
-0.61587,1.36115
-0.61621,1.36116
-0.61647,1.36117
-0.61669,1.36117
-0.61685,1.36117
-0.61698,1.36117
-0.61708,1.36118
-0.61716,1.36118
-0.61723,1.36118
-0.61728,1.36118
-0.61732,1.36118
0.58696,-1.39207
0.58695,-1.39207
0.58695,-1.39207
0.58695,-1.39208
0.58694,-1.39208
0.58693,-1.39208
0.58693,-1.39208
0.58691,-1.39208
0.58689,-1.39208
0.58685,-1.39208
0.58679,-1.39208
0.58669,-1.39209
0.58650,-1.39210
0.58621,-1.39212
0.58577,-1.39215
0.58515,-1.39218
0.58426,-1.39224
0.58299,-1.39231
0.58106,-1.39241
0.57787,-1.39256
0.57055,-1.39282
-0.59989,1.36064
-0.60812,1.36095
-0.61079,1.36103
-0.61223,1.36107
-0.61319,1.36109
-0.61390,1.36111
-0.61448,1.36112
-0.61496,1.36113
-0.61538,1.36114
-0.61574,1.36115
-0.61604,1.36116
-0.61630,1.36116
-0.61652,1.36117
-0.61670,1.36117
-0.61684,1.36117
-0.61696,1.36117
-0.61705,1.36118
-0.61713,1.36118
-0.61719,1.36118
0.58696,-1.39207
0.58696,-1.39207
0.58696,-1.39207
0.58695,-1.39207
0.58695,-1.39207
0.58694,-1.39208
0.58694,-1.39208
0.58693,-1.39208
0.58691,-1.39208
0.58689,-1.39208
0.58685,-1.39208
0.58679,-1.39209
0.58666,-1.39209
0.58643,-1.39211
0.58605,-1.39213
0.58548,-1.39216
0.58464,-1.39221
0.58336,-1.39229
0.58109,-1.39241
-0.41763,1.33194
-0.57243,1.35893
-0.60068,1.36067
-0.60750,1.36093
-0.61026,1.36101
-0.61178,1.36106
-0.61277,1.36108
-0.61349,1.36110
-0.61406,1.36111
-0.61454,1.36112
-0.61496,1.36113
-0.61532,1.36114
-0.61564,1.36115
-0.61593,1.36115
-0.61618,1.36116
-0.61639,1.36116
-0.61657,1.36117
-0.61672,1.36117
-0.61685,1.36117
-0.61695,1.36117
-0.61704,1.36118
0.58696,-1.39207
0.58696,-1.39207
0.58696,-1.39207
0.58696,-1.39207
0.58696,-1.39207
0.58695,-1.39207
0.58695,-1.39208
0.58694,-1.39208
0.58693,-1.39208
0.58692,-1.39208
0.58690,-1.39208
0.58686,-1.39208
0.58678,-1.39209
0.58662,-1.39210
0.58630,-1.39212
0.58575,-1.39215
0.58483,-1.39220
0.58236,-1.39234
-0.40791,1.32933
-0.49855,1.34955
-0.57027,1.35875
-0.59801,1.36055
-0.60626,1.36089
-0.60954,1.36099
-0.61126,1.36104
-0.61234,1.36107
-0.61311,1.36109
-0.61371,1.36110
-0.61419,1.36112
-0.61461,1.36113
-0.61497,1.36113
-0.61529,1.36114
-0.61559,1.36115
-0.61585,1.36115
-0.61608,1.36116
-0.61629,1.36116
-0.61647,1.36116
-0.61663,1.36117
-0.61676,1.36117
-0.61687,1.36117
0.58697,-1.39207
0.58697,-1.39207
0.58697,-1.39207
0.58696,-1.39207
0.58696,-1.39207
0.58696,-1.39207
0.58696,-1.39207
0.58695,-1.39207
0.58695,-1.39208
0.58694,-1.39208
0.58692,-1.39208
0.58690,-1.39208
0.58686,-1.39208
0.58676,-1.39209
0.58652,-1.39210
0.58591,-1.39214
-0.24928,1.27176
-0.37972,1.32119
-0.43619,1.33662
-0.49849,1.34953
-0.56094,1.35792
-0.59361,1.36034
-0.60447,1.36082
-0.60861,1.36096
-0.61067,1.36102
-0.61190,1.36106
-0.61274,1.36108
-0.61337,1.36110
-0.61388,1.36111
-0.61430,1.36112
-0.61466,1.36113
-0.61499,1.36113
-0.61528,1.36114
-0.61555,1.36115
-0.61580,1.36115
-0.61602,1.36116
-0.61622,1.36116
-0.61640,1.36116
-0.61655,1.36117
-0.61669,1.36117
0.58697,-1.39207
0.58697,-1.39207
0.58697,-1.39207
0.58697,-1.39207
0.58697,-1.39207
0.58697,-1.39207
0.58696,-1.39207
0.58696,-1.39207
0.58696,-1.39207
0.58695,-1.39207
0.58695,-1.39208
0.58693,-1.39208
0.58691,-1.39208
0.58686,-1.39208
0.58669,-1.39209
-0.19643,1.24564
-0.35049,1.31182
-0.39543,1.32584
-0.43782,1.33702
-0.48938,1.34792
-0.54794,1.35657
-0.58715,1.35997
-0.60198,1.36073
-0.60744,1.36093
-0.60997,1.36100
-0.61141,1.36105
-0.61236,1.36107
-0.61305,1.36109
-0.61358,1.36110
-0.61402,1.36111
-0.61439,1.36112
-0.61472,1.36113
-0.61502,1.36113
-0.61529,1.36114
-0.61554,1.36115
-0.61577,1.36115
-0.61598,1.36115
-0.61617,1.36116
-0.61635,1.36116
-0.61650,1.36117
0.58698,-1.39207
0.58698,-1.39207
0.58698,-1.39207
0.58698,-1.39207
0.58697,-1.39207
0.58697,-1.39207
0.58697,-1.39207
0.58697,-1.39207
0.58697,-1.39207
0.58697,-1.39207
0.58696,-1.39207
0.58696,-1.39207
0.58695,-1.39207
0.58693,-1.39208
0.58685,-1.39208
-0.30583,1.29565
-0.35863,1.31453
-0.39492,1.32569
-0.43155,1.33549
-0.47658,1.34549
-0.53189,1.35461
-0.57788,1.35935
-0.59846,1.36057
-0.60591,1.36087
-0.60913,1.36098
-0.61086,1.36103
-0.61195,1.36106
-0.61271,1.36108
-0.61329,1.36109
-0.61375,1.36111
-0.61414,1.36111
-0.61448,1.36112
-0.61477,1.36113
-0.61505,1.36114
-0.61530,1.36114
-0.61553,1.36115
-0.61575,1.36115
-0.61595,1.36115
-0.61614,1.36116
-0.61631,1.36116
0.58698,-1.39207
0.58698,-1.39207
0.58698,-1.39207
0.58698,-1.39207
0.58698,-1.39207
0.58698,-1.39207
0.58698,-1.39207
0.58698,-1.39207
0.58698,-1.39207
0.58698,-1.39207
0.58698,-1.39207
0.58699,-1.39207
0.58699,-1.39207
0.58700,-1.39207
0.58731,-1.39205
-0.29981,1.29329
-0.35145,1.31214
-0.38639,1.32320
-0.42034,1.33265
-0.46089,1.34226
-0.51264,1.35185
-0.56448,1.35825
-0.59314,1.36031
-0.60377,1.36080
-0.60806,1.36095
-0.61021,1.36101
-0.61149,1.36105
-0.61235,1.36107
-0.61299,1.36109
-0.61349,1.36110
-0.61390,1.36111
-0.61424,1.36112
-0.61455,1.36112
-0.61483,1.36113
-0.61508,1.36114
-0.61531,1.36114
-0.61554,1.36115
-0.61574,1.36115
-0.61594,1.36115
-0.61612,1.36116
0.58698,-1.39207
0.58699,-1.39207
0.58699,-1.39207
0.58699,-1.39207
0.58699,-1.39207
0.58699,-1.39207
0.58699,-1.39207
0.58699,-1.39207
0.58700,-1.39207
0.58700,-1.39207
0.58701,-1.39207
0.58702,-1.39207
0.58705,-1.39207
0.58712,-1.39206
0.58760,-1.39203
-0.24684,1.27064
-0.33055,1.30488
-0.37008,1.31821
-0.40393,1.32824
-0.44149,1.33789
-0.48927,1.34790
-0.54468,1.35620
-0.58425,1.35979
-0.60044,1.36066
-0.60654,1.36090
-0.60935,1.36099
-0.61092,1.36103
-0.61194,1.36106
-0.61265,1.36108
-0.61320,1.36109
-0.61364,1.36110
-0.61401,1.36111
-0.61433,1.36112
-0.61462,1.36113
-0.61487,1.36113
-0.61511,1.36114
-0.61533,1.36114
-0.61555,1.36115
-0.61575,1.36115
-0.61594,1.36115
0.58699,-1.39207
0.58699,-1.39207
0.58699,-1.39207
0.58699,-1.39207
0.58700,-1.39207
0.58700,-1.39207
0.58700,-1.39207
0.58701,-1.39207
0.58702,-1.39207
0.58703,-1.39207
0.58704,-1.39207
0.58707,-1.39207
0.58714,-1.39206
0.58729,-1.39205
0.58770,-1.39203
0.58906,-1.39194
-0.27617,1.28361
-0.34084,1.30852
-0.37957,1.32115
-0.41628,1.33158
-0.45997,1.34207
-0.51507,1.35222
-0.56733,1.35850
-0.59420,1.36037
-0.60402,1.36081
-0.60806,1.36095
-0.61014,1.36101
-0.61139,1.36104
-0.61224,1.36107
-0.61287,1.36108
-0.61336,1.36110
-0.61376,1.36111
-0.61411,1.36111
-0.61440,1.36112
-0.61467,1.36113
-0.61491,1.36113
-0.61514,1.36114
-0.61536,1.36114
-0.61556,1.36115
-0.61576,1.36115
0.58700,-1.39207
0.58700,-1.39207
0.58700,-1.39207
0.58700,-1.39207
0.58701,-1.39207
0.58701,-1.39207
0.58702,-1.39207
0.58703,-1.39207
0.58704,-1.39207
0.58706,-1.39207
0.58709,-1.39207
0.58715,-1.39206
0.58725,-1.39206
0.58745,-1.39204
0.58782,-1.39202
0.58843,-1.39198
0.58961,-1.39190
-0.26339,1.27809
-0.33722,1.30725
-0.37992,1.32125
-0.42137,1.33291
-0.47182,1.34455
-0.53227,1.35466
-0.57894,1.35943
-0.59852,1.36058
-0.60565,1.36086
-0.60881,1.36097
-0.61054,1.36102
-0.61164,1.36105
-0.61241,1.36107
-0.61299,1.36109
-0.61346,1.36110
-0.61384,1.36111
-0.61417,1.36112
-0.61445,1.36112
-0.61471,1.36113
-0.61495,1.36113
-0.61517,1.36114
-0.61538,1.36114
-0.61558,1.36115
0.58700,-1.39207
0.58701,-1.39207
0.58701,-1.39207
0.58702,-1.39207
0.58702,-1.39207
0.58703,-1.39207
0.58704,-1.39207
0.58705,-1.39207
0.58708,-1.39207
0.58711,-1.39206
0.58716,-1.39206
0.58724,-1.39206
0.58738,-1.39205
0.58761,-1.39203
0.58796,-1.39201
0.58844,-1.39198
0.58903,-1.39194
0.58973,-1.39189
0.59344,-1.39163
-0.30547,1.29551
-0.36157,1.31549
-0.40919,1.32968
-0.46516,1.34317
-0.53139,1.35454
-0.57999,1.35950
-0.59904,1.36060
-0.60583,1.36087
-0.60888,1.36097
-0.61057,1.36102
-0.61166,1.36105
-0.61242,1.36107
-0.61300,1.36109
-0.61347,1.36110
-0.61385,1.36111
-0.61418,1.36112
-0.61447,1.36112
-0.61473,1.36113
-0.61497,1.36113
-0.61519,1.36114
-0.61540,1.36114
0.58701,-1.39207
0.58702,-1.39207
0.58702,-1.39207
0.58703,-1.39207
0.58704,-1.39207
0.58705,-1.39207
0.58707,-1.39207
0.58709,-1.39207
0.58712,-1.39206
0.58717,-1.39206
0.58724,-1.39206
0.58735,-1.39205
0.58752,-1.39204
0.58778,-1.39202
0.58813,-1.39200
0.58860,-1.39197
0.58914,-1.39193
0.58972,-1.39189
0.59026,-1.39186
0.59073,-1.39182
0.59131,-1.39178
-0.25633,1.27496
-0.34430,1.30972
-0.40778,1.32930
-0.48241,1.34662
-0.55741,1.35757
-0.59288,1.36030
-0.60382,1.36080
-0.60798,1.36094
-0.61007,1.36101
-0.61133,1.36104
-0.61220,1.36107
-0.61285,1.36108
-0.61335,1.36110
-0.61377,1.36111
-0.61413,1.36111
-0.61444,1.36112
-0.61471,1.36113
-0.61496,1.36113
-0.61519,1.36114
0.58702,-1.39207
0.58703,-1.39207
0.58704,-1.39207
0.58705,-1.39207
0.58706,-1.39207
0.58708,-1.39207
0.58710,-1.39207
0.58713,-1.39206
0.58717,-1.39206
0.58724,-1.39206
0.58733,-1.39205
0.58747,-1.39204
0.58767,-1.39203
0.58795,-1.39201
0.58833,-1.39199
0.58882,-1.39195
0.58940,-1.39192
0.59006,-1.39187
0.59076,-1.39182
0.59147,-1.39177
0.59218,-1.39172
0.59284,-1.39167
0.59339,-1.39163
0.59370,-1.39161
0.59352,-1.39162
-0.05869,1.15547
-0.38516,1.32283
-0.51935,1.35286
-0.58934,1.36010
-0.60401,1.36081
-0.60840,1.36096
-0.61042,1.36102
-0.61162,1.36105
-0.61244,1.36107
-0.61306,1.36109
-0.61355,1.36110
-0.61397,1.36111
-0.61432,1.36112
-0.61464,1.36113
-0.61491,1.36113
0.58704,-1.39207
0.58704,-1.39207
0.58705,-1.39207
0.58707,-1.39207
0.58708,-1.39207
0.58711,-1.39207
0.58714,-1.39206
0.58718,-1.39206
0.58723,-1.39206
0.58731,-1.39205
0.58743,-1.39204
0.58759,-1.39203
0.58782,-1.39202
0.58814,-1.39200
0.58856,-1.39197
0.58909,-1.39194
0.58973,-1.39189
0.59047,-1.39184
0.59131,-1.39178
0.59222,-1.39172
0.59318,-1.39165
0.59415,-1.39157
0.59506,-1.39150
0.59586,-1.39144
0.59653,-1.39138
0.59704,-1.39134
0.59738,-1.39131
0.59746,-1.39130
0.59695,-1.39135
0.59430,-1.39156
-0.52257,1.35333
-0.59904,1.36060
-0.60757,1.36093
-0.61023,1.36101
-0.61159,1.36105
-0.61247,1.36107
-0.61312,1.36109
-0.61364,1.36110
-0.61408,1.36111
-0.61446,1.36112
0.58705,-1.39207
0.58706,-1.39207
0.58708,-1.39207
0.58709,-1.39207
0.58711,-1.39206
0.58714,-1.39206
0.58718,-1.39206
0.58723,-1.39206
0.58730,-1.39205
0.58740,-1.39205
0.58753,-1.39204
0.58772,-1.39203
0.58798,-1.39201
0.58834,-1.39199
0.58880,-1.39196
0.58938,-1.39192
0.59007,-1.39187
0.59089,-1.39181
0.59181,-1.39175
0.59282,-1.39167
0.59387,-1.39159
0.59490,-1.39151
0.59583,-1.39144
0.59662,-1.39137
0.59728,-1.39132
0.59780,-1.39128
0.59822,-1.39124
0.59854,-1.39121
0.59878,-1.39119
0.59895,-1.39118
0.59899,-1.39117
0.59872,-1.39120
0.59638,-1.39139
-0.54566,1.35631
-0.60428,1.36082
-0.60946,1.36099
-0.61131,1.36104
-0.61234,1.36107
-0.61307,1.36109
-0.61365,1.36110
0.58707,-1.39207
0.58708,-1.39207
0.58710,-1.39207
0.58712,-1.39206
0.58715,-1.39206
0.58718,-1.39206
0.58723,-1.39206
0.58729,-1.39205
0.58737,-1.39205
0.58748,-1.39204
0.58764,-1.39203
0.58786,-1.39202
0.58815,-1.39200
0.58855,-1.39197
0.58905,-1.39194
0.58968,-1.39190
0.59042,-1.39185
0.59129,-1.39178
0.59226,-1.39171
0.59331,-1.39164
0.59437,-1.39155
0.59538,-1.39148
0.59627,-1.39140
0.59702,-1.39134
0.59762,-1.39129
0.59809,-1.39125
0.59847,-1.39122
0.59877,-1.39119
0.59902,-1.39117
0.59922,-1.39115
0.59939,-1.39114
0.59953,-1.39113
0.59962,-1.39112
0.59963,-1.39112
0.59938,-1.39114
0.59671,-1.39137
-0.58357,1.35975
-0.60753,1.36093
-0.61073,1.36103
-0.61209,1.36106
0.58709,-1.39207
0.58711,-1.39207
0.58713,-1.39206
0.58715,-1.39206
0.58718,-1.39206
0.58722,-1.39206
0.58728,-1.39205
0.58735,-1.39205
0.58744,-1.39204
0.58757,-1.39204
0.58775,-1.39202
0.58800,-1.39201
0.58834,-1.39199
0.58877,-1.39196
0.58932,-1.39192
0.58998,-1.39188
0.59076,-1.39182
0.59166,-1.39176
0.59265,-1.39168
0.59370,-1.39161
0.59475,-1.39152
0.59572,-1.39145
0.59656,-1.39138
0.59726,-1.39132
0.59781,-1.39128
0.59825,-1.39124
0.59860,-1.39121
0.59888,-1.39118
0.59911,-1.39116
0.59930,-1.39115
0.59946,-1.39113
0.59960,-1.39112
0.59972,-1.39111
0.59982,-1.39110
0.59991,-1.39109
0.59996,-1.39109
0.59994,-1.39109
0.59961,-1.39112
-0.10713,1.19148
-0.60107,1.36069
0.58711,-1.39206
0.58713,-1.39206
0.58716,-1.39206
0.58718,-1.39206
0.58722,-1.39206
0.58727,-1.39206
0.58733,-1.39205
0.58741,-1.39205
0.58752,-1.39204
0.58767,-1.39203
0.58788,-1.39202
0.58816,-1.39200
0.58853,-1.39197
0.58901,-1.39194
0.58959,-1.39190
0.59029,-1.39185
0.59109,-1.39180
0.59200,-1.39173
0.59300,-1.39166
0.59403,-1.39158
0.59505,-1.39150
0.59597,-1.39143
0.59677,-1.39136
0.59742,-1.39131
0.59794,-1.39126
0.59835,-1.39123
0.59868,-1.39120
0.59894,-1.39118
0.59915,-1.39116
0.59933,-1.39114
0.59948,-1.39113
0.59961,-1.39112
0.59973,-1.39111
0.59983,-1.39110
0.59992,-1.39109
0.60000,-1.39109
0.60007,-1.39108
0.60013,-1.39107
0.60016,-1.39107
0.60011,-1.39108
0.58714,-1.39206
0.58716,-1.39206
0.58719,-1.39206
0.58722,-1.39206
0.58726,-1.39206
0.58731,-1.39205
0.58738,-1.39205
0.58747,-1.39204
0.58760,-1.39203
0.58777,-1.39202
0.58801,-1.39201
0.58832,-1.39199
0.58873,-1.39196
0.58925,-1.39193
0.58986,-1.39188
0.59058,-1.39183
0.59141,-1.39178
0.59232,-1.39171
0.59330,-1.39164
0.59431,-1.39156
0.59529,-1.39148
0.59618,-1.39141
0.59693,-1.39135
0.59754,-1.39130
0.59803,-1.39126
0.59842,-1.39122
0.59873,-1.39120
0.59898,-1.39117
0.59919,-1.39116
0.59936,-1.39114
0.59950,-1.39113
0.59963,-1.39112
0.59974,-1.39111
0.59983,-1.39110
0.59991,-1.39109
0.59999,-1.39109
0.60006,-1.39108
0.60012,-1.39107
0.60018,-1.39107
0.60023,-1.39106
0.58716,-1.39206
0.58719,-1.39206
0.58722,-1.39206
0.58725,-1.39206
0.58730,-1.39205
0.58735,-1.39205
0.58743,-1.39204
0.58754,-1.39204
0.58768,-1.39203
0.58788,-1.39202
0.58814,-1.39200
0.58850,-1.39198
0.58895,-1.39195
0.58949,-1.39191
0.59014,-1.39187
0.59087,-1.39181
0.59170,-1.39175
0.59261,-1.39169
0.59358,-1.39162
0.59456,-1.39154
0.59550,-1.39147
0.59634,-1.39140
0.59706,-1.39134
0.59764,-1.39129
0.59811,-1.39125
0.59848,-1.39122
0.59878,-1.39119
0.59902,-1.39117
0.59921,-1.39115
0.59938,-1.39114
0.59952,-1.39113
0.59964,-1.39112
0.59974,-1.39111
0.59983,-1.39110
0.59991,-1.39109
0.59998,-1.39109
0.60005,-1.39108
0.60010,-1.39108
0.60016,-1.39107
0.60020,-1.39107
0.58719,-1.39206
0.58722,-1.39206
0.58725,-1.39206
0.58729,-1.39205
0.58734,-1.39205
0.58740,-1.39205
0.58749,-1.39204
0.58761,-1.39203
0.58777,-1.39202
0.58799,-1.39201
0.58829,-1.39199
0.58868,-1.39196
0.58917,-1.39193
0.58974,-1.39189
0.59041,-1.39185
0.59116,-1.39179
0.59198,-1.39173
0.59288,-1.39167
0.59383,-1.39160
0.59478,-1.39152
0.59568,-1.39145
0.59649,-1.39139
0.59717,-1.39133
0.59772,-1.39128
0.59817,-1.39124
0.59852,-1.39121
0.59881,-1.39119
0.59904,-1.39117
0.59924,-1.39115
0.59940,-1.39114
0.59953,-1.39113
0.59965,-1.39112
0.59975,-1.39111
0.59984,-1.39110
0.59992,-1.39109
0.59998,-1.39109
0.60004,-1.39108
0.60010,-1.39108
0.60015,-1.39107
0.60019,-1.39107
