-1.45094,0.58581
-1.45063,0.58663
-1.45027,0.58754
-1.44986,0.58859
-1.44938,0.58982
-1.44881,0.59128
-1.44813,0.59304
-1.44729,0.59519
-1.44626,0.59782
-1.44497,0.60111
-1.44335,0.60525
-1.44126,0.61055
-1.43854,0.61742
-1.43496,0.62645
-1.43017,0.63841
-1.42377,0.65426
-1.41523,0.67512
-1.40398,0.70209
-1.38942,0.73605
-1.37092,0.77755
-1.34768,0.82685
-1.31846,0.88411
-1.28124,0.94928
-1.23330,1.02136
-1.17223,1.09695
-1.09882,1.16949
-1.02004,1.23101
-0.94692,1.27630
-0.88733,1.30585
-0.84254,1.32389
-0.80990,1.33478
-0.78607,1.34152
-0.76832,1.34589
-0.75471,1.34886
-0.74390,1.35098
-0.73500,1.35257
-0.72741,1.35382
-0.72074,1.35484
-0.71471,1.35569
-0.70915,1.35642
-1.45118,0.58520
-1.45079,0.58619
-1.45039,0.58723
-1.44995,0.58837
-1.44944,0.58966
-1.44886,0.59117
-1.44816,0.59296
-1.44732,0.59512
-1.44628,0.59776
-1.44500,0.60104
-1.44337,0.60518
-1.44128,0.61048
-1.43856,0.61739
-1.43494,0.62650
-1.43008,0.63864
-1.42353,0.65486
-1.41471,0.67637
-1.40299,0.70442
-1.38768,0.74004
-1.36801,0.78390
-1.34301,0.83636
-1.31116,0.89756
-1.27015,0.96710
-1.21712,1.04300
-1.15040,1.12035
-1.07286,1.19140
-0.99370,1.24852
-0.92384,1.28851
-0.86886,1.31372
-0.82814,1.32892
-0.79847,1.33814
-0.77661,1.34392
-0.76012,1.34772
-0.74728,1.35034
-0.73691,1.35224
-0.72826,1.35369
-0.72080,1.35483
-0.71419,1.35576
-0.70820,1.35654
-0.70269,1.35720
-1.45177,0.58368
-1.45123,0.58508
-1.45071,0.58641
-1.45018,0.58777
-1.44962,0.58922
-1.44899,0.59084
-1.44826,0.59271
-1.44739,0.59492
-1.44634,0.59761
-1.44505,0.60092
-1.44341,0.60508
-1.44131,0.61043
-1.43855,0.61739
-1.43489,0.62663
-1.42993,0.63900
-1.42320,0.65566
-1.41406,0.67794
-1.40180,0.70725
-1.38560,0.74478
-1.36457,0.79136
-1.33749,0.84743
-1.30255,0.91301
-1.25711,0.98713
-1.19844,1.06648
-1.12608,1.14453
-1.04539,1.21278
-0.96727,1.26473
-0.90148,1.29942
-0.85111,1.32071
-0.81411,1.33348
-0.78705,1.34127
-0.76690,1.34621
-0.75149,1.34951
-0.73930,1.35182
-0.72934,1.35352
-0.72093,1.35481
-0.71363,1.35584
-0.70716,1.35667
-0.70130,1.35736
-0.69594,1.35794
-1.45299,0.58052
-1.45218,0.58263
-1.45144,0.58454
-1.45074,0.58634
-1.45004,0.58813
-1.44931,0.59002
-1.44850,0.59209
-1.44758,0.59445
-1.44648,0.59726
-1.44515,0.60067
-1.44348,0.60492
-1.44134,0.61035
-1.43854,0.61744
-1.43479,0.62686
-1.42971,0.63955
-1.42275,0.65676
-1.41322,0.67998
-1.40029,0.71078
-1.38304,0.75057
-1.36038,0.80032
-1.33082,0.86054
-1.29220,0.93097
-1.24164,1.00971
-1.17684,1.09179
-1.09920,1.16916
-1.01669,1.23331
-0.94097,1.27954
-0.87977,1.30915
-0.83383,1.32698
-0.80020,1.33765
-0.77542,1.34421
-0.75675,1.34843
-0.74228,1.35128
-0.73071,1.35329
-0.72115,1.35478
-0.71304,1.35592
-0.70600,1.35681
-0.69975,1.35753
-0.69414,1.35813
-0.68904,1.35862
-1.45215,0.58269
-1.45343,0.57939
-1.45270,0.58127
-1.45181,0.58359
-1.45090,0.58592
-1.44998,0.58828
-1.44902,0.59074
-1.44798,0.59343
-1.44678,0.59650
-1.44535,0.60014
-1.44361,0.60459
-1.44139,0.61022
-1.43850,0.61754
-1.43463,0.62726
-1.42937,0.64041
-1.42210,0.65835
-1.41207,0.68275
-1.39833,0.71539
-1.37978,0.75791
-1.35511,0.81144
-1.32253,0.87646
-1.27949,0.95214
-1.22306,1.03521
-1.15188,1.11881
-1.06980,1.19387
-0.98707,1.25271
-0.91495,1.29295
-0.85856,1.31785
-0.81676,1.33264
-0.78611,1.34151
-0.76334,1.34701
-0.74600,1.35058
-0.73242,1.35301
-0.72147,1.35473
-0.71240,1.35600
-0.70469,1.35697
-0.69801,1.35773
-0.69213,1.35833
-0.68688,1.35882
-0.68216,1.35922
-0.17251,-0.88091
-0.23391,-0.78799
-0.33817,-0.59489
-1.44968,0.58907
-1.45155,0.58425
-1.45090,0.58591
-1.44987,0.58857
-1.44867,0.59165
-1.44731,0.59513
-1.44573,0.59917
-1.44383,0.60401
-1.44147,0.61003
-1.43841,0.61776
-1.43434,0.62800
-1.42879,0.64185
-1.42110,0.66081
-1.41040,0.68677
-1.39560,0.72177
-1.37539,0.76769
-1.34819,0.82581
-1.31184,0.89632
-1.26351,0.97742
-1.20054,1.06392
-1.12322,1.14724
-1.03811,1.21815
-0.95690,1.27072
-0.88923,1.30501
-0.83759,1.32566
-0.79957,1.33783
-0.77158,1.34513
-0.75062,1.34969
-0.73455,1.35265
-0.72189,1.35467
-0.71166,1.35610
-0.70319,1.35714
-0.69602,1.35794
-0.68985,1.35855
-0.68445,1.35903
-0.67967,1.35942
-0.67541,1.35973
-0.04416,-1.04110
-0.09571,-0.98136
-0.14098,-0.92401
-0.18602,-0.86155
-0.23635,-0.78402
-0.30855,-0.65508
-1.43687,0.62161
-1.44727,0.59523
-1.44716,0.59551
-1.44581,0.59898
-1.44385,0.60397
-1.44131,0.61043
-1.43800,0.61878
-1.43361,0.62982
-1.42762,0.64474
-1.41930,0.66521
-1.40765,0.69334
-1.39140,0.73149
-1.36899,0.78177
-1.33850,0.84541
-1.29745,0.92194
-1.24295,1.00785
-1.17323,1.09584
-1.09083,1.17642
-1.00465,1.24141
-0.92652,1.28714
-0.86369,1.31582
-0.81654,1.33272
-0.78191,1.34260
-0.75635,1.34852
-0.73714,1.35220
-0.72239,1.35460
-0.71078,1.35621
-0.70143,1.35735
-0.69372,1.35817
-0.68724,1.35879
-0.68169,1.35926
-0.67687,1.35963
-0.67264,1.35992
-0.66890,1.36016
0.11984,-1.19910
0.03222,-1.12031
-0.03068,-1.05584
-0.07786,-1.00268
-0.11696,-0.95506
-0.15290,-0.90805
-0.18849,-0.85794
-0.22588,-0.80090
-0.26933,-0.72799
-0.33097,-0.60997
-1.41112,0.68484
-1.43405,0.62871
-1.43362,0.62979
-1.42983,0.63926
-1.42365,0.65456
-1.41461,0.67661
-1.40171,0.70745
-1.38350,0.74955
-1.35817,0.80501
-1.32354,0.87454
-1.27699,0.95618
-1.21614,1.04428
-1.14070,1.13022
-1.05536,1.20522
-0.97026,1.26296
-0.89616,1.30188
-0.83807,1.32549
-0.79497,1.33912
-0.76346,1.34699
-0.74026,1.35165
-0.72291,1.35452
-0.70966,1.35636
-0.69930,1.35759
-0.69100,1.35844
-0.68420,1.35905
-0.67851,1.35951
-0.67367,1.35985
-0.66949,1.36012
-0.66584,1.36033
-0.66262,1.36050
0.30158,-1.32300
0.20299,-1.26252
0.10765,-1.18888
0.03220,-1.12029
-0.02379,-1.06325
-0.06662,-1.01575
-0.10164,-0.97413
-0.13241,-0.93526
-0.16112,-0.89681
-0.18897,-0.85723
-0.21662,-0.81549
-0.24471,-0.77024
-0.27439,-0.71898
-0.30771,-0.65674
-0.34982,-0.56983
-0.42503,-0.38383
-1.36136,0.79820
-1.35523,0.81119
-1.33180,0.85863
-1.29563,0.92508
-1.24595,1.00355
-1.18168,1.08628
-1.10398,1.16493
-1.01861,1.23200
-0.93593,1.28223
-0.86578,1.31498
-0.81184,1.33418
-0.77241,1.34493
-0.74397,1.35097
-0.72334,1.35445
-0.70812,1.35655
-0.69661,1.35787
-0.68769,1.35875
-0.68059,1.35935
-0.67479,1.35978
-0.66996,1.36009
-0.66586,1.36033
-0.66233,1.36052
-0.65925,1.36066
-0.65655,1.36078
0.40198,-1.36663
0.33879,-1.34140
0.25542,-1.29674
0.16486,-1.23481
0.08463,-1.16893
0.02161,-1.10992
-0.02677,-1.06006
-0.06515,-1.01744
-0.09722,-0.97953
-0.12545,-0.94426
-0.15139,-0.91009
-0.17602,-0.87593
-0.19995,-0.84097
-0.22365,-0.80444
-0.24767,-0.76530
-0.27285,-0.72174
-0.30047,-0.67071
-0.33266,-0.60645
-0.37450,-0.51385
-0.45554,-0.29134
-1.20265,1.06131
-1.14363,1.12727
-1.06834,1.19504
-0.98391,1.25469
-0.90246,1.29896
-0.83474,1.32666
-0.78419,1.34201
-0.74843,1.35012
-0.72347,1.35443
-0.70584,1.35683
-0.69307,1.35824
-0.68352,1.35911
-0.67616,1.35968
-0.67031,1.36007
-0.66554,1.36035
-0.66156,1.36055
-0.65819,1.36071
-0.65529,1.36082
-0.65278,1.36092
-0.65057,1.36099
0.45049,-1.38050
0.41159,-1.36976
0.35553,-1.34884
0.28116,-1.31184
0.19683,-1.25821
0.11725,-1.19695
0.05143,-1.13865
-0.00044,-1.08771
-0.04182,-1.04369
-0.07618,-1.00465
-0.10607,-0.96868
-0.13317,-0.93427
-0.15860,-0.90027
-0.18311,-0.86577
-0.20727,-0.82990
-0.23160,-0.79172
-0.25668,-0.75002
-0.28308,-0.70325
-0.31156,-0.64919
-0.34350,-0.58352
-0.38303,-0.49349
-0.45362,-0.29735
-1.06164,1.20032
-0.95825,1.26995
-0.86986,1.31331
-0.80146,1.33728
-0.75417,1.34897
-0.72297,1.35451
-0.70230,1.35725
-0.68813,1.35871
-0.67802,1.35955
-0.67050,1.36006
-0.66470,1.36039
-0.66008,1.36062
-0.65632,1.36078
-0.65318,1.36090
-0.65051,1.36099
-0.64823,1.36106
-0.64624,1.36111
-0.64450,1.36115
0.47867,-1.38625
0.45262,-1.38100
0.41478,-1.37076
0.36086,-1.35109
0.28970,-1.31660
0.20837,-1.26624
0.13001,-1.20745
0.06366,-1.15001
0.01043,-1.09876
-0.03251,-1.05387
-0.06838,-1.01372
-0.09970,-0.97652
-0.12817,-0.94076
-0.15495,-0.90526
-0.18083,-0.86905
-0.20634,-0.83131
-0.23193,-0.79120
-0.25792,-0.74789
-0.28461,-0.70045
-0.31238,-0.64757
-0.34217,-0.58637
-0.37690,-0.50818
-0.42857,-0.37359
-0.98159,1.25600
-0.83691,1.32590
-0.76347,1.34698
-0.72136,1.35475
-0.69646,1.35789
-0.68081,1.35933
-0.67031,1.36007
-0.66284,1.36049
-0.65729,1.36074
-0.65301,1.36091
-0.64960,1.36102
-0.64682,1.36109
-0.64450,1.36115
-0.64254,1.36119
-0.64085,1.36122
-0.63939,1.36124
-0.63811,1.36125
0.49786,-1.38916
0.47936,-1.38637
0.45281,-1.38104
0.41426,-1.37060
0.35950,-1.35053
0.28769,-1.31549
0.20620,-1.26475
0.12806,-1.20586
0.06186,-1.14835
0.00850,-1.09681
-0.03484,-1.05133
-0.07134,-1.01029
-0.10344,-0.97192
-0.13286,-0.93468
-0.16073,-0.89735
-0.18777,-0.85899
-0.21447,-0.81883
-0.24108,-0.77625
-0.26776,-0.73076
-0.29465,-0.68177
-0.32213,-0.62807
-0.35149,-0.56618
-0.38650,-0.48501
-0.44362,-0.32874
-0.80126,1.33732
-0.71809,1.35522
-0.68582,1.35891
-0.66878,1.36016
-0.65844,1.36070
-0.65157,1.36096
-0.64672,1.36110
-0.64314,1.36118
-0.64041,1.36122
-0.63825,1.36125
-0.63651,1.36127
-0.63507,1.36128
-0.63385,1.36129
-0.63281,1.36130
-0.63190,1.36130
-0.63111,1.36130
0.51219,-1.39081
0.49861,-1.38926
0.47947,-1.38639
0.45181,-1.38081
0.41138,-1.36970
0.35384,-1.34811
0.27887,-1.31055
0.19522,-1.25707
0.11659,-1.19640
0.05089,-1.13814
-0.00186,-1.08625
-0.04487,-1.04032
-0.08138,-0.99853
-0.11385,-0.95899
-0.14391,-0.92013
-0.17263,-0.88074
-0.20064,-0.83993
-0.22825,-0.79711
-0.25557,-0.75192
-0.28264,-0.70406
-0.30970,-0.65285
-0.33759,-0.59611
-0.36875,-0.52727
-0.41092,-0.42254
-0.67040,0.94852
-0.65890,1.36068
-0.64398,1.36116
-0.63658,1.36127
-0.63229,1.36130
-0.62958,1.36130
-0.62778,1.36130
-0.62656,1.36129
-0.62569,1.36129
-0.62506,1.36128
-0.62459,1.36128
-0.62421,1.36128
-0.62389,1.36127
-0.62361,1.36127
-0.62336,1.36127
-0.62312,1.36127
0.52347,-1.39178
0.51327,-1.39091
0.49922,-1.38934
0.47924,-1.38635
0.45002,-1.38039
0.40685,-1.36824
0.34509,-1.34426
0.26532,-1.30268
0.17850,-1.24499
0.09933,-1.18177
0.03458,-1.12259
-0.01704,-1.07041
-0.05931,-1.02411
-0.09558,-0.98153
-0.12826,-0.94064
-0.15891,-0.89985
-0.18846,-0.85799
-0.21736,-0.81432
-0.24576,-0.76849
-0.27366,-0.72029
-0.30126,-0.66920
-0.32931,-0.61339
-0.36001,-0.54723
-0.39995,-0.45129
-0.50685,-0.08788
-0.55918,1.35775
-0.58035,1.35953
-0.58985,1.36013
-0.59564,1.36044
-0.59967,1.36063
-0.60269,1.36075
-0.60507,1.36084
-0.60699,1.36091
-0.60858,1.36096
-0.60989,1.36100
-0.61098,1.36103
-0.61188,1.36106
-0.61262,1.36108
-0.61322,1.36109
-0.61370,1.36110
0.53265,-1.39236
0.52486,-1.39188
0.51439,-1.39102
0.49983,-1.38942
0.47886,-1.38628
0.44772,-1.37984
0.40107,-1.36632
0.33388,-1.33912
0.24817,-1.29228
0.15792,-1.22952
0.07866,-1.16362
0.01536,-1.10371
-0.03481,-1.05137
-0.07618,-1.00465
-0.11221,-0.96103
-0.14522,-0.91839
-0.17660,-0.87510
-0.20711,-0.83014
-0.23701,-0.78294
-0.26635,-0.73324
-0.29533,-0.68048
-0.32481,-0.62263
-0.35730,-0.55330
-0.40123,-0.44799
-0.24417,1.26908
-0.41535,1.33134
-0.47759,1.34569
-0.51486,1.35219
-0.53884,1.35550
-0.55509,1.35734
-0.56663,1.35844
-0.57517,1.35915
-0.58170,1.35962
-0.58681,1.35995
-0.59089,1.36019
-0.59418,1.36037
-0.59686,1.36050
-0.59905,1.36060
-0.60085,1.36068
-0.60233,1.36074
0.54033,-1.39271
0.53429,-1.39245
0.52638,-1.39198
0.51565,-1.39114
0.50056,-1.38951
0.47848,-1.38622
0.44514,-1.37921
0.39430,-1.36398
0.32057,-1.33271
0.22811,-1.27949
0.13469,-1.21124
0.05603,-1.14296
-0.00538,-1.08261
-0.05398,-1.03013
-0.09457,-0.98275
-0.13058,-0.93764
-0.16420,-0.89255
-0.19666,-0.84589
-0.22851,-0.79669
-0.25997,-0.74435
-0.29136,-0.68795
-0.32385,-0.62459
-0.36129,-0.54433
-0.42204,-0.39203
-0.23804,1.26653
-0.31973,1.30093
-0.37765,1.32056
-0.42543,1.33395
-0.46393,1.34291
-0.49383,1.34872
-0.51662,1.35245
-0.53397,1.35488
-0.54732,1.35650
-0.55772,1.35760
-0.56593,1.35838
-0.57249,1.35894
-0.57779,1.35934
-0.58209,1.35965
-0.58560,1.35988
-0.58848,1.36005
0.54690,-1.39290
0.54216,-1.39277
0.53611,-1.39253
0.52811,-1.39210
0.51717,-1.39127
0.50156,-1.38963
0.47834,-1.38619
0.44254,-1.37857
0.38682,-1.36129
0.30539,-1.32500
0.20557,-1.26431
0.10957,-1.19050
0.03223,-1.12032
-0.02705,-1.05976
-0.07418,-1.00699
-0.11426,-0.95847
-0.15069,-0.91104
-0.18551,-0.86229
-0.21984,-0.81044
-0.25431,-0.75406
-0.28966,-0.69111
-0.32816,-0.61577
-0.37934,-0.50235
-0.11565,1.19727
-0.22078,1.25816
-0.27319,1.28234
-0.31695,1.29989
-0.35741,1.31413
-0.39513,1.32575
-0.42926,1.33492
-0.45892,1.34184
-0.48381,1.34689
-0.50425,1.35051
-0.52084,1.35308
-0.53426,1.35492
-0.54511,1.35625
-0.55391,1.35722
-0.56107,1.35793
-0.56693,1.35847
-0.57172,1.35887
0.55263,-1.39299
0.54889,-1.39294
0.54421,-1.39283
0.53820,-1.39263
0.53018,-1.39222
0.51909,-1.39144
0.50304,-1.38981
0.47872,-1.38626
0.44029,-1.37800
0.37892,-1.35833
0.28840,-1.31589
0.18069,-1.24660
0.08286,-1.16736
0.00746,-1.09576
-0.04963,-1.03502
-0.09560,-0.98150
-0.13575,-0.93090
-0.17348,-0.87954
-0.21095,-0.82425
-0.24984,-0.76164
-0.29251,-0.68579
-0.34723,-0.57546
-0.00678,1.11011
-0.14975,1.21908
-0.20549,1.25040
-0.24627,1.27037
-0.28147,1.28584
-0.31440,1.29893
-0.34627,1.31039
-0.37716,1.32041
-0.40655,1.32896
-0.43372,1.33602
-0.45807,1.34166
-0.47931,1.34603
-0.49746,1.34936
-0.51273,1.35186
-0.52547,1.35374
-0.53604,1.35515
-0.54477,1.35621
-0.55198,1.35701
0.55775,-1.39301
0.55479,-1.39301
0.55116,-1.39298
0.54660,-1.39289
0.54069,-1.39272
0.53275,-1.39237
0.52163,-1.39164
0.50531,-1.39008
0.48004,-1.38648
0.43885,-1.37762
0.37086,-1.35518
0.26934,-1.30505
0.15302,-1.22574
0.05418,-1.14123
-0.01882,-1.06854
-0.07393,-1.00728
-0.11943,-0.95194
-0.16097,-0.89701
-0.20271,-0.83682
-0.24948,-0.76224
-0.31640,-0.63958
0.11923,0.96047
-0.06707,1.16209
-0.14269,1.21475
-0.19036,1.24239
-0.22671,1.26108
-0.25770,1.27557
-0.28607,1.28775
-0.31325,1.29849
-0.33987,1.30818
-0.36608,1.31694
-0.39161,1.32473
-0.41603,1.33151
-0.43882,1.33726
-0.45959,1.34198
-0.47807,1.34579
-0.49420,1.34879
-0.50805,1.35112
-0.51981,1.35293
-0.52970,1.35432
0.56241,-1.39299
0.56008,-1.39301
0.55729,-1.39302
0.55384,-1.39300
0.54947,-1.39295
0.54377,-1.39282
0.53604,-1.39253
0.52510,-1.39190
0.50877,-1.39046
0.48280,-1.38695
0.43877,-1.37760
0.36258,-1.35181
0.24674,-1.29139
0.12068,-1.19980
0.02176,-1.11006
-0.04871,-1.03605
-0.10287,-0.97262
-0.15071,-0.91102
-0.20230,-0.83743
0.47953,0.14237
0.36711,0.45370
0.10384,0.98236
-0.05119,1.14938
-0.12678,1.20464
-0.17451,1.23361
-0.21002,1.25274
-0.23935,1.26715
-0.26538,1.27897
-0.28969,1.28923
-0.31316,1.29846
-0.33625,1.30691
-0.35913,1.31469
-0.38170,1.32179
-0.40372,1.32818
-0.42482,1.33380
-0.44461,1.33862
-0.46276,1.34267
-0.47906,1.34598
-0.49341,1.34865
-0.50585,1.35077
0.56676,-1.39292
0.56498,-1.39295
0.56286,-1.39298
0.56029,-1.39300
0.55710,-1.39302
0.55304,-1.39300
0.54768,-1.39292
0.54036,-1.39271
0.52987,-1.39221
0.51391,-1.39097
0.48762,-1.38771
0.44044,-1.37804
0.35275,-1.34764
0.21583,-1.27132
0.07806,-1.16308
-0.02079,-1.06645
-0.09282,-0.98486
-0.17649,-0.87520
0.48227,0.13488
0.45236,0.22184
0.37384,0.43633
0.15354,0.90756
-0.02011,1.12253
-0.10582,1.19058
-0.15749,1.22373
-0.19431,1.24451
-0.22361,1.25956
-0.24874,1.27151
-0.27153,1.28163
-0.29302,1.29058
-0.31385,1.29872
-0.33440,1.30626
-0.35484,1.31328
-0.37517,1.31980
-0.39526,1.32579
-0.41484,1.33120
-0.43358,1.33599
-0.45114,1.34012
-0.46723,1.34360
-0.48168,1.34648
0.57093,-1.39281
0.56963,-1.39285
0.56810,-1.39289
0.56627,-1.39293
0.56403,-1.39296
0.56122,-1.39300
0.55761,-1.39301
0.55280,-1.39299
0.54616,-1.39288
0.53650,-1.39255
0.52138,-1.39162
0.49521,-1.38881
0.44386,-1.37890
0.33567,-1.33996
0.15917,-1.23048
-0.00061,-1.08753
0.52141,0.01100
0.48944,0.11382
0.47458,0.15749
0.45239,0.22176
0.39607,0.37781
0.22078,0.78702
0.02235,1.08105
-0.08035,1.17224
-0.13891,1.21239
-0.17867,1.23595
-0.20907,1.25225
-0.23428,1.26474
-0.25647,1.27502
-0.27687,1.28391
-0.29624,1.29187
-0.31509,1.29919
-0.33372,1.30602
-0.35234,1.31244
-0.37098,1.31849
-0.38957,1.32413
-0.40789,1.32933
-0.42568,1.33402
-0.44259,1.33815
-0.45833,1.34171
0.57505,-1.39267
0.57421,-1.39271
0.57322,-1.39274
0.57206,-1.39278
0.57064,-1.39282
0.56888,-1.39287
0.56664,-1.39292
0.56371,-1.39297
0.55977,-1.39301
0.55422,-1.39301
0.54594,-1.39288
0.53241,-1.39235
0.50699,-1.39026
0.44770,-1.37984
0.27361,-1.30753
0.53257,-0.04434
0.49670,0.09248
0.48550,0.12545
0.47411,0.15887
0.45644,0.21013
0.41604,0.32373
0.28908,0.64256
0.07709,1.01784
-0.04960,1.14807
-0.11823,1.19901
-0.16245,1.22667
-0.19491,1.24483
-0.22094,1.25824
-0.24320,1.26895
-0.26315,1.27799
-0.28168,1.28593
-0.29939,1.29312
-0.31669,1.29979
-0.33387,1.30607
-0.35110,1.31203
-0.36846,1.31769
-0.38589,1.32305
-0.40323,1.32804
-0.42021,1.33261
-0.43654,1.33671
0.57924,-1.39250
0.57887,-1.39251
0.57843,-1.39253
0.57791,-1.39256
0.57728,-1.39258
0.57649,-1.39262
0.57547,-1.39266
0.57415,-1.39271
0.57237,-1.39277
0.56991,-1.39284
0.56633,-1.39292
0.56077,-1.39300
0.55103,-1.39297
0.52959,-1.39219
0.43131,-1.37559
0.50809,0.05907
0.49469,0.09842
0.48564,0.12507
0.47590,0.15363
0.46151,0.19551
0.43203,0.27942
0.34615,0.50673
0.14569,0.92017
-0.01154,1.11463
-0.09447,1.18258
-0.14497,1.21616
-0.18046,1.23695
-0.20798,1.25169
-0.23084,1.26309
-0.25084,1.27247
-0.26901,1.28055
-0.28605,1.28774
-0.30244,1.29432
-0.31853,1.30048
-0.33458,1.30632
-0.35076,1.31191
-0.36715,1.31728
-0.38371,1.32240
-0.40029,1.32722
-0.41664,1.33168
0.58365,-1.39227
0.58379,-1.39226
0.58394,-1.39225
0.58411,-1.39224
0.58431,-1.39223
0.58454,-1.39222
0.58481,-1.39220
0.58512,-1.39219
0.58552,-1.39216
0.58607,-1.39213
0.58694,-1.39208
0.58857,-1.39197
0.59236,-1.39171
0.60563,-1.39055
0.82444,-1.32716
0.50975,0.05440
0.49648,0.09318
0.48779,0.11874
0.47899,0.14458
0.46700,0.17958
0.44508,0.24260
0.38870,0.39741
0.22681,0.77513
0.03818,1.06397
-0.06562,1.16096
-0.12511,1.20355
-0.16491,1.22810
-0.19466,1.24470
-0.21868,1.25711
-0.23917,1.26706
-0.25740,1.27544
-0.27417,1.28276
-0.29001,1.28936
-0.30535,1.29546
-0.32049,1.30121
-0.33568,1.30671
-0.35108,1.31202
-0.36675,1.31715
-0.38266,1.32208
-0.39867,1.32676
0.58846,-1.39198
0.58917,-1.39193
0.59000,-1.39187
0.59098,-1.39181
0.59216,-1.39172
0.59360,-1.39161
0.59539,-1.39147
0.59771,-1.39128
0.60084,-1.39101
0.60530,-1.39059
0.61219,-1.38985
0.62411,-1.38837
0.64850,-1.38451
0.71336,-1.36914
0.92867,-1.27087
0.52569,0.00999
0.50173,0.07781
0.49186,0.10677
0.48333,0.13185
0.47304,0.16200
0.45648,0.21000
0.41986,0.31323
0.31091,0.59214
0.10847,0.97590
-0.02709,1.12880
-0.10054,1.18689
-0.14681,1.21729
-0.17993,1.23665
-0.20581,1.25057
-0.22733,1.26139
-0.24606,1.27028
-0.26295,1.27790
-0.27862,1.28465
-0.29354,1.29079
-0.30807,1.29651
-0.32250,1.30195
-0.33705,1.30720
-0.35188,1.31229
-0.36703,1.31724
-0.38248,1.32203
0.59386,-1.39159
0.59526,-1.39148
0.59692,-1.39135
0.59889,-1.39118
0.60129,-1.39097
0.60428,-1.39069
0.60809,-1.39030
0.61314,-1.38975
0.62011,-1.38890
0.63027,-1.38750
0.64618,-1.38492
0.67320,-1.37950
0.72286,-1.36630
0.81436,-1.33184
0.95466,-1.25407
1.13131,-1.10290
0.51648,0.03540
0.49913,0.08542
0.48950,0.11372
0.48009,0.14138
0.46730,0.17871
0.44367,0.24661
0.38190,0.41533
0.21284,0.80241
0.03269,1.07001
-0.06575,1.16106
-0.12303,1.20219
-0.16169,1.22622
-0.19068,1.24256
-0.21405,1.25479
-0.23389,1.26455
-0.25141,1.27273
-0.26735,1.27983
-0.28226,1.28617
-0.29653,1.29199
-0.31050,1.29745
-0.32444,1.30267
-0.33856,1.30772
-0.35300,1.31266
-0.36781,1.31749
0.60008,-1.39108
0.60234,-1.39087
0.60502,-1.39061
0.60826,-1.39028
0.61225,-1.38985
0.61728,-1.38925
0.62382,-1.38841
0.63260,-1.38715
0.64487,-1.38515
0.66279,-1.38174
0.69006,-1.37547
0.73252,-1.36327
0.79677,-1.33945
0.88337,-1.29747
0.98053,-1.23616
1.07340,-1.16070
1.16854,-1.06038
0.52040,0.02461
0.50005,0.08275
0.48941,0.11397
0.47872,0.14540
0.46325,0.19048
0.43172,0.28028
0.34124,0.51893
0.14454,0.92199
-0.00528,1.10872
-0.08571,1.17622
-0.13519,1.21004
-0.17000,1.23104
-0.19685,1.24587
-0.21892,1.25723
-0.23790,1.26646
-0.25481,1.27427
-0.27028,1.28110
-0.28481,1.28723
-0.29876,1.29288
-0.31245,1.29819
-0.32615,1.30329
-0.34005,1.30825
-0.35430,1.31310
0.60740,-1.39037
0.61073,-1.39002
0.61471,-1.38956
0.61955,-1.38897
0.62559,-1.38817
0.63327,-1.38705
0.64333,-1.38542
0.65688,-1.38293
0.67565,-1.37894
0.70220,-1.37228
0.73989,-1.36086
0.79177,-1.34153
0.85786,-1.31102
0.93281,-1.26827
1.00769,-1.21599
1.07456,-1.15963
1.12951,-1.10487
1.17554,-1.05189
1.28296,-0.85727
0.50828,0.05883
0.49398,0.10057
0.48196,0.13588
0.46557,0.18374
0.43243,0.27828
0.33604,0.53173
0.13525,0.93647
-0.00979,1.11298
-0.08763,1.17763
-0.13604,1.21058
-0.17043,1.23129
-0.19716,1.24603
-0.21925,1.25740
-0.23835,1.26668
-0.25541,1.27454
-0.27105,1.28142
-0.28573,1.28761
-0.29980,1.29329
-0.31359,1.29862
-0.32736,1.30373
-0.34131,1.30868
0.61613,-1.38939
0.62078,-1.38881
0.62637,-1.38806
0.63321,-1.38706
0.64176,-1.38568
0.65268,-1.38373
0.66690,-1.38088
0.68578,-1.37654
0.71115,-1.36978
0.74513,-1.35909
0.78946,-1.34248
0.84421,-1.31786
0.90675,-1.28416
0.97216,-1.24209
1.03502,-1.19417
1.09101,-1.14412
1.13770,-1.09596
1.17460,-1.05305
1.20239,-1.01754
1.22241,-0.99013
1.24323,-0.95981
0.52274,0.01852
0.49828,0.08796
0.48233,0.13479
0.45928,0.20196
0.40242,0.36075
0.23005,0.76867
0.03711,1.06516
-0.06361,1.15937
-0.12108,1.20090
-0.15989,1.22516
-0.18922,1.24177
-0.21311,1.25431
-0.23359,1.26441
-0.25180,1.27291
-0.26845,1.28030
-0.28402,1.28690
-0.29886,1.29291
-0.31329,1.29851
-0.32758,1.30381
0.62658,-1.38803
0.63281,-1.38712
0.64032,-1.38592
0.64950,-1.38432
0.66094,-1.38212
0.67540,-1.37900
0.69394,-1.37448
0.71788,-1.36781
0.74868,-1.35787
0.78755,-1.34325
0.83470,-1.32246
0.88879,-1.29446
0.94699,-1.25915
1.00572,-1.21750
1.06159,-1.17138
1.11202,-1.12323
1.15570,-1.07560
1.19255,-1.03045
1.22326,-0.98893
1.24873,-0.95162
1.26970,-0.91889
1.28650,-0.89133
1.29890,-0.87022
1.30555,-0.85863
1.30181,-0.86515
0.66256,-0.20333
0.48811,0.11783
0.44104,0.25406
0.26934,0.68645
0.03282,1.06986
-0.07461,1.16790
-0.13142,1.20764
-0.16908,1.23051
-0.19771,1.24632
-0.22137,1.25846
-0.24204,1.26841
-0.26076,1.27693
-0.27815,1.28445
-0.29462,1.29122
-0.31048,1.29744
0.63900,-1.38614
0.64703,-1.38477
0.65667,-1.38297
0.66838,-1.38056
0.68279,-1.37727
0.70070,-1.37269
0.72309,-1.36623
0.75105,-1.35705
0.78551,-1.34408
0.82686,-1.32615
0.87451,-1.30229
0.92679,-1.27204
0.98129,-1.23561
1.03538,-1.19388
1.08670,-1.14825
1.13356,-1.10049
1.17516,-1.05236
1.21155,-1.00519
1.24323,-0.95990
1.27074,-0.91722
1.29437,-0.87799
1.31426,-0.84318
1.33050,-0.81358
1.34329,-0.78955
1.35299,-0.77090
1.35998,-0.75728
1.36437,-0.74862
1.36546,-0.74646
1.35882,-0.75955
1.31193,-0.83463
0.43893,0.26003
0.13514,0.93664
-0.05286,1.15075
-0.12591,1.20407
-0.16821,1.23001
-0.19883,1.24691
-0.22390,1.25971
-0.24595,1.27023
-0.26619,1.27932
-0.28527,1.28742
0.65346,-1.38358
0.66341,-1.38161
0.67521,-1.37904
0.68937,-1.37565
0.70649,-1.37110
0.72732,-1.36492
0.75268,-1.35648
0.78337,-1.34494
0.81989,-1.32935
0.86217,-1.30880
0.90932,-1.28263
0.95972,-1.25066
1.01131,-1.21319
1.06199,-1.17102
1.10993,-1.12537
1.15390,-1.07769
1.19336,-1.02939
1.22838,-0.98165
1.25922,-0.93548
1.28607,-0.89203
1.30894,-0.85265
1.32779,-0.81859
1.34278,-0.79051
1.35435,-0.76827
1.36312,-0.75110
1.36972,-0.73798
1.37472,-0.72797
1.37849,-0.72034
1.38129,-0.71466
1.38313,-0.71091
1.38362,-0.70992
1.38059,-0.71608
1.35096,-0.77483
0.41875,0.31629
0.02679,1.07635
-0.10371,1.18911
-0.15902,1.22465
-0.19433,1.24452
-0.22207,1.25880
-0.24635,1.27041
0.66982,-1.38024
0.68159,-1.37755
0.69537,-1.37411
0.71162,-1.36964
0.73092,-1.36378
0.75391,-1.35604
0.78129,-1.34576
0.81363,-1.33216
0.85119,-1.31440
0.89365,-1.29172
0.94003,-1.26367
0.98879,-1.23018
1.03806,-1.19165
1.08599,-1.14892
1.13108,-1.10319
1.17237,-1.05578
1.20952,-1.00796
1.24262,-0.96082
1.27182,-0.91547
1.29715,-0.87323
1.31849,-0.83558
1.33581,-0.80369
1.34935,-0.77794
1.35966,-0.75789
1.36742,-0.74258
1.37326,-0.73091
1.37771,-0.72193
1.38118,-0.71489
1.38393,-0.70928
1.38616,-0.70472
1.38797,-0.70100
1.38940,-0.69805
1.39037,-0.69606
1.39048,-0.69583
1.38781,-0.70133
1.35556,-0.76591
0.31538,0.58156
-0.05188,1.14994
-0.14079,1.21357
-0.18519,1.23957
0.68763,-1.37608
0.70095,-1.37262
0.71631,-1.36827
0.73414,-1.36275
0.75498,-1.35566
0.77942,-1.34650
0.80807,-1.33461
0.84137,-1.31925
0.87944,-1.29962
0.92183,-1.27510
0.96749,-1.24534
1.01486,-1.21042
1.06217,-1.17086
1.10769,-1.12764
1.15015,-1.08200
1.18883,-1.03522
1.22360,-0.98845
1.25459,-0.94267
1.28191,-0.89898
1.30551,-0.85871
1.32525,-0.82327
1.34114,-0.79363
1.35347,-0.76997
1.36282,-0.75169
1.36983,-0.73776
1.37512,-0.72715
1.37917,-0.71897
1.38233,-0.71254
1.38487,-0.70737
1.38694,-0.70312
1.38867,-0.69956
1.39014,-0.69652
1.39141,-0.69390
1.39250,-0.69165
1.39339,-0.68980
1.39396,-0.68862
1.39377,-0.68902
1.39033,-0.69614
0.61399,-0.14450
0.09601,0.99308
0.70621,-1.37118
0.72068,-1.36696
0.73715,-1.36177
0.75604,-1.35528
0.77788,-1.34711
0.80325,-1.33670
0.83271,-1.32340
0.86664,-1.30647
0.90505,-1.28515
0.94736,-1.25891
0.99241,-1.22752
1.03858,-1.19122
1.08409,-1.15073
1.12734,-1.10720
1.16727,-1.06194
1.20343,-1.01616
1.23584,-0.97084
1.26472,-0.92683
1.29016,-0.88516
1.31208,-0.84708
1.33035,-0.81386
1.34499,-0.78630
1.35634,-0.76440
1.36494,-0.74750
1.37141,-0.73462
1.37630,-0.72477
1.38007,-0.71714
1.38302,-0.71113
1.38539,-0.70629
1.38734,-0.70230
1.38896,-0.69896
1.39034,-0.69612
1.39154,-0.69365
1.39258,-0.69148
1.39351,-0.68955
1.39435,-0.68782
1.39509,-0.68629
1.39569,-0.68503
1.39602,-0.68435
1.39544,-0.68556
0.72483,-1.36570
0.74002,-1.36082
0.75717,-1.35488
0.77671,-1.34756
0.79918,-1.33843
0.82519,-1.32692
0.85527,-1.31234
0.88975,-1.29392
0.92850,-1.27098
0.97080,-1.24304
1.01534,-1.21005
1.06038,-1.17245
1.10414,-1.13121
1.14517,-1.08764
1.18264,-1.04307
1.21636,-0.99858
1.24652,-0.95497
1.27339,-0.91293
1.29707,-0.87338
1.31744,-0.83747
1.33439,-0.80633
1.34797,-0.78061
1.35849,-0.76020
1.36649,-0.74442
1.37254,-0.73234
1.37714,-0.72307
1.38070,-0.71586
1.38350,-0.71015
1.38576,-0.70553
1.38761,-0.70173
1.38916,-0.69854
1.39048,-0.69583
1.39161,-0.69350
1.39259,-0.69146
1.39346,-0.68966
1.39423,-0.68806
1.39493,-0.68661
1.39557,-0.68528
1.39617,-0.68404
1.39671,-0.68291
0.74282,-1.35988
0.75840,-1.35444
0.77591,-1.34787
0.79584,-1.33984
0.81877,-1.32986
0.84532,-1.31731
0.87601,-1.30148
0.91108,-1.28159
0.95026,-1.25700
0.99263,-1.22735
1.03669,-1.19279
1.08058,-1.15403
1.12256,-1.11228
1.16137,-1.06897
1.19644,-1.02539
1.22784,-0.98242
1.25590,-0.94064
1.28091,-0.90062
1.30296,-0.86316
1.32194,-0.82932
1.33772,-0.80008
1.35037,-0.77597
1.36021,-0.75682
1.36772,-0.74198
1.37342,-0.73057
1.37779,-0.72176
1.38118,-0.71488
1.38387,-0.70940
1.38604,-0.70496
1.38783,-0.70128
1.38933,-0.69820
1.39060,-0.69558
1.39169,-0.69333
1.39264,-0.69137
1.39346,-0.68966
1.39419,-0.68816
1.39483,-0.68682
1.39541,-0.68561
1.39594,-0.68451
1.39644,-0.68348
0.75973,-1.35395
0.77546,-1.34805
0.79317,-1.34095
0.81339,-1.33227
0.83675,-1.32148
0.86389,-1.30791
0.89528,-1.29080
0.93105,-1.26938
0.97074,-1.24308
1.01321,-1.21171
1.05675,-1.17566
1.09941,-1.13592
1.13953,-1.09394
1.17610,-1.05121
1.20886,-1.00886
1.23807,-0.96756
1.26418,-0.92768
1.28749,-0.88966
1.30807,-0.85420
1.32580,-0.82226
1.34055,-0.79474
1.35240,-0.77205
1.36164,-0.75400
1.36873,-0.73996
1.37415,-0.72910
1.37832,-0.72069
1.38158,-0.71407
1.38417,-0.70878
1.38628,-0.70448
1.38801,-0.70091
1.38947,-0.69791
1.39071,-0.69536
1.39177,-0.69316
1.39269,-0.69126
1.39349,-0.68960
1.39419,-0.68815
1.39481,-0.68687
1.39535,-0.68574
1.39584,-0.68472
1.39628,-0.68381
