-1.56014,0.27012
-1.55988,0.27103
-1.55959,0.27206
-1.55925,0.27323
-1.55885,0.27460
-1.55838,0.27623
-1.55781,0.27818
-1.55712,0.28054
-1.55628,0.28343
-1.55523,0.28701
-1.55390,0.29148
-1.55221,0.29714
-1.55002,0.30439
-1.54716,0.31375
-1.54339,0.32588
-1.53843,0.34153
-1.53198,0.36146
-1.52373,0.38626
-1.51348,0.41624
-1.50107,0.45150
-1.48629,0.49230
-1.46869,0.53951
-1.44734,0.59508
-1.42061,0.66203
-1.38622,0.74339
-1.34179,0.83886
-1.28665,0.94035
-1.22395,1.03404
-1.16003,1.11026
-1.10092,1.16766
-1.04986,1.20944
-1.00746,1.23957
-0.97279,1.26147
-0.94436,1.27772
-0.92066,1.29013
-0.90045,1.29991
-0.88276,1.30787
-0.86688,1.31455
-0.85231,1.32027
-0.83872,1.32527
-1.56034,0.26943
-1.56002,0.27055
-1.55968,0.27171
-1.55932,0.27299
-1.55890,0.27443
-1.55842,0.27611
-1.55784,0.27809
-1.55715,0.28046
-1.55630,0.28336
-1.55525,0.28694
-1.55392,0.29141
-1.55223,0.29708
-1.55003,0.30436
-1.54714,0.31381
-1.54332,0.32612
-1.53825,0.34212
-1.53159,0.36264
-1.52302,0.38836
-1.51228,0.41968
-1.49917,0.45679
-1.48341,0.50011
-1.46443,0.55075
-1.44111,0.61095
-1.41160,0.68389
-1.37348,0.77194
-1.32469,0.87237
-1.26564,0.97414
-1.20086,1.06355
-1.13701,1.13391
-1.07932,1.18612
-1.03009,1.22396
-0.98932,1.25132
-0.95585,1.27133
-0.92816,1.28631
-0.90484,1.29785
-0.88475,1.30700
-0.86702,1.31449
-0.85104,1.32075
-0.83637,1.32610
-0.82274,1.33073
-1.56082,0.26772
-1.56037,0.26929
-1.55995,0.27079
-1.55951,0.27231
-1.55904,0.27393
-1.55852,0.27573
-1.55792,0.27781
-1.55721,0.28025
-1.55635,0.28320
-1.55529,0.28680
-1.55395,0.29131
-1.55225,0.29701
-1.55003,0.30436
-1.54710,0.31393
-1.54320,0.32648
-1.53800,0.34290
-1.53111,0.36411
-1.52217,0.39090
-1.51086,0.42375
-1.49694,0.46300
-1.48004,0.50921
-1.45945,0.56378
-1.43384,0.62926
-1.40113,0.70882
-1.35886,0.80356
-1.30551,0.90776
-1.24285,1.00800
-1.17653,1.09215
-1.11312,1.15668
-1.05689,1.20406
-1.00930,1.23834
-0.96990,1.26319
-0.93739,1.28147
-0.91029,1.29524
-0.88729,1.30589
-0.86734,1.31436
-0.84969,1.32126
-0.83380,1.32700
-0.81929,1.33185
-0.80591,1.33599
-1.56183,0.26412
-1.56116,0.26652
-1.56054,0.26868
-1.55997,0.27071
-1.55939,0.27272
-1.55878,0.27482
-1.55812,0.27712
-1.55736,0.27974
-1.55646,0.28281
-1.55536,0.28653
-1.55400,0.29113
-1.55227,0.29694
-1.55001,0.30441
-1.54703,0.31417
-1.54303,0.32703
-1.53765,0.34397
-1.53048,0.36601
-1.52109,0.39405
-1.50913,0.42871
-1.49426,0.47043
-1.47602,0.52001
-1.45353,0.57914
-1.42524,0.65064
-1.38886,0.73733
-1.34203,0.83837
-1.28406,0.94465
-1.21818,1.04164
-1.15081,1.11994
-1.08803,1.17882
-1.03316,1.22176
-0.98697,1.25279
-0.94872,1.27532
-0.91704,1.29193
-0.89049,1.30446
-0.86787,1.31414
-0.84825,1.32180
-0.83093,1.32799
-0.81543,1.33307
-0.80141,1.33731
-0.78863,1.34086
-1.56019,0.26628
-1.56208,0.26280
-1.56156,0.26497
-1.56083,0.26760
-1.56009,0.27024
-1.55934,0.27288
-1.55855,0.27562
-1.55768,0.27861
-1.55670,0.28198
-1.55553,0.28595
-1.55411,0.29077
-1.55231,0.29680
-1.54998,0.30451
-1.54690,0.31458
-1.54276,0.32789
-1.53716,0.34550
-1.52963,0.36858
-1.51970,0.39815
-1.50693,0.43495
-1.49092,0.47961
-1.47108,0.53316
-1.44634,0.59761
-1.41491,0.67590
-1.37436,0.76999
-1.32260,0.87632
-1.26010,0.98263
-1.19143,1.07491
-1.12336,1.14712
-1.06123,1.20067
-1.00754,1.23950
-0.96256,1.26748
-0.92534,1.28775
-0.89449,1.30265
-0.86864,1.31382
-0.84667,1.32238
-0.82769,1.32909
-0.81108,1.33442
-0.79636,1.33874
-0.78319,1.34228
-0.77133,1.34520
-0.28170,-0.70588
-0.34836,-0.57351
-0.45256,-0.31483
-1.55782,0.27334
-1.56045,0.26830
-1.56003,0.27021
-1.55921,0.27320
-1.55823,0.27663
-1.55712,0.28048
-1.55583,0.28490
-1.55428,0.29014
-1.55236,0.29659
-1.54990,0.30475
-1.54666,0.31534
-1.54230,0.32932
-1.53639,0.34787
-1.52840,0.37230
-1.51777,0.40378
-1.50400,0.44322
-1.48659,0.49144
-1.46481,0.54971
-1.43739,0.62031
-1.40231,0.70602
-1.35710,0.80726
-1.30022,0.91711
-1.23338,1.02126
-1.16229,1.10782
-1.09365,1.17400
-1.03204,1.22255
-0.97935,1.25749
-0.93550,1.28247
-0.89940,1.30039
-0.86964,1.31341
-0.84487,1.32305
-0.82398,1.33032
-0.80611,1.33592
-0.79064,1.34032
-0.77708,1.34381
-0.76510,1.34663
-0.75442,1.34893
-0.15980,-0.89864
-0.20405,-0.83482
-0.24834,-0.76421
-0.29636,-0.67867
-0.35095,-0.56785
-0.42373,-0.39204
-1.53534,0.30416
-1.55657,0.28041
-1.55685,0.28084
-1.55582,0.28467
-1.55425,0.29009
-1.55220,0.29700
-1.54956,0.30580
-1.54607,0.31719
-1.54138,0.33219
-1.53501,0.35208
-1.52637,0.37832
-1.51483,0.41227
-1.49979,0.45501
-1.48064,0.50755
-1.45651,0.57138
-1.42595,0.64885
-1.38678,0.74206
-1.33660,0.84917
-1.27456,0.96008
-1.20362,1.06011
-1.13023,1.14053
-1.06086,1.20095
-0.99957,1.24474
-0.94786,1.27579
-0.90537,1.29759
-0.87083,1.31292
-0.84271,1.32383
-0.81960,1.33174
-0.80035,1.33761
-0.78409,1.34205
-0.77015,1.34547
-0.75807,1.34816
-0.74749,1.35031
-0.73816,1.35203
-0.04873,-1.03603
-0.10428,-0.97089
-0.14925,-0.91300
-0.18798,-0.85870
-0.22422,-0.80357
-0.26076,-0.74304
-0.29905,-0.67355
-0.33972,-0.59191
-0.38513,-0.48948
-0.44486,-0.33375
-1.43422,0.33552
-1.54477,0.31549
-1.54559,0.31700
-1.54286,0.32664
-1.53817,0.34177
-1.53139,0.36282
-1.52200,0.39104
-1.50935,0.42780
-1.49279,0.47427
-1.47162,0.53155
-1.44489,0.60117
-1.41101,0.68518
-1.36767,0.78454
-1.31258,0.89489
-1.24550,1.00414
-1.17042,1.09893
-1.09435,1.17337
-1.02383,1.22836
-0.96280,1.26733
-0.91247,1.29417
-0.87208,1.31240
-0.83996,1.32482
-0.81430,1.33342
-0.79353,1.33952
-0.77646,1.34396
-0.76219,1.34727
-0.75007,1.34980
-0.73964,1.35177
-0.73057,1.35332
-0.72263,1.35457
0.07333,-1.15883
0.00300,-1.09123
-0.05622,-1.02762
-0.10430,-0.97088
-0.14399,-0.92003
-0.17828,-0.87272
-0.20956,-0.82642
-0.23958,-0.77876
-0.26946,-0.72782
-0.29957,-0.67254
-0.32969,-0.61280
-0.35970,-0.54830
-0.39008,-0.47710
-0.42229,-0.39394
-0.46144,-0.28225
-0.55747,-0.05123
-1.47279,0.46018
-1.48843,0.47841
-1.47571,0.51808
-1.45503,0.57389
-1.42736,0.64461
-1.39145,0.73088
-1.34495,0.83211
-1.28546,0.94212
-1.21313,1.04803
-1.13296,1.13781
-1.05310,1.20692
-0.98100,1.25646
-0.92082,1.29003
-0.87310,1.31197
-0.83616,1.32616
-0.80759,1.33548
-0.78523,1.34175
-0.76739,1.34611
-0.75286,1.34924
-0.74080,1.35156
-0.73062,1.35331
-0.72189,1.35468
-0.71433,1.35575
-0.70774,1.35661
0.17530,-1.24264
0.10582,-1.18733
0.03832,-1.12621
-0.02104,-1.06619
-0.07050,-1.01127
-0.11145,-0.96199
-0.14625,-0.91702
-0.17703,-0.87450
-0.20544,-0.83270
-0.23258,-0.79016
-0.25916,-0.74578
-0.28547,-0.69891
-0.31153,-0.64933
-0.33726,-0.59695
-0.36273,-0.54129
-0.38839,-0.48080
-0.41510,-0.41218
-0.44452,-0.32851
-0.48182,-0.21043
-0.59674,0.06527
-1.38922,0.69637
-1.36767,0.77977
-1.32101,0.87780
-1.25714,0.98646
-1.17751,1.09075
-1.08933,1.17757
-1.00388,1.24185
-0.93069,1.28495
-0.87340,1.31183
-0.83054,1.32810
-0.79872,1.33807
-0.77475,1.34437
-0.75628,1.34853
-0.74167,1.35140
-0.72982,1.35344
-0.72001,1.35495
-0.71174,1.35609
-0.70467,1.35698
-0.69856,1.35767
-0.69324,1.35823
0.24840,-1.29244
0.18809,-1.25198
0.12215,-1.20102
0.05725,-1.14410
-0.00095,-1.08718
-0.05031,-1.03426
-0.09162,-0.98632
-0.12684,-0.94248
-0.15793,-0.90120
-0.18651,-0.86084
-0.21373,-0.81999
-0.24035,-0.77748
-0.26677,-0.73252
-0.29315,-0.68461
-0.31949,-0.63346
-0.34576,-0.57875
-0.37201,-0.51985
-0.39837,-0.45563
-0.42522,-0.38380
-0.45364,-0.29895
-0.48792,-0.18399
-0.57445,0.06322
-1.29889,0.87436
-1.23310,1.01808
-1.13793,1.13214
-1.03526,1.21995
-0.94315,1.27826
-0.87220,1.31230
-0.82175,1.33102
-0.78634,1.34144
-0.76094,1.34753
-0.74214,1.35131
-0.72774,1.35377
-0.71637,1.35546
-0.70716,1.35667
-0.69954,1.35756
-0.69311,1.35824
-0.68762,1.35876
-0.68287,1.35917
-0.67875,1.35950
0.30253,-1.32351
0.25215,-1.29475
0.19250,-1.25514
0.12763,-1.20552
0.06385,-1.15019
0.00647,-1.09476
-0.04249,-1.04295
-0.08375,-0.99573
-0.11916,-0.95229
-0.15065,-0.91110
-0.17978,-0.87057
-0.20773,-0.82920
-0.23530,-0.78575
-0.26290,-0.73928
-0.29067,-0.68925
-0.31848,-0.63547
-0.34609,-0.57800
-0.37325,-0.51687
-0.39981,-0.45183
-0.42588,-0.38165
-0.45226,-0.30252
-0.48180,-0.20253
-0.53028,-0.02965
-1.16506,0.90860
-1.09098,1.17238
-0.96263,1.26683
-0.86831,1.31377
-0.80720,1.33552
-0.76795,1.34594
-0.74167,1.35138
-0.72316,1.35447
-0.70954,1.35637
-0.69913,1.35760
-0.69091,1.35845
-0.68426,1.35905
-0.67875,1.35949
-0.67411,1.35983
-0.67015,1.36009
-0.66672,1.36029
-0.66375,1.36045
0.34527,-1.34435
0.30398,-1.32427
0.25249,-1.29496
0.19178,-1.25463
0.12622,-1.20437
0.06228,-1.14875
0.00507,-1.09334
-0.04368,-1.04163
-0.08490,-0.99436
-0.12051,-0.95057
-0.15246,-0.90865
-0.18231,-0.86693
-0.21124,-0.82382
-0.24002,-0.77801
-0.26902,-0.72854
-0.29822,-0.67501
-0.32730,-0.61756
-0.35577,-0.55674
-0.38320,-0.49314
-0.40938,-0.42677
-0.43461,-0.35624
-0.46008,-0.27660
-0.48933,-0.17264
-0.54248,0.02878
-1.01328,1.18120
-0.86014,1.31580
-0.78048,1.34269
-0.73787,1.35198
-0.71234,1.35597
-0.69565,1.35795
-0.68402,1.35906
-0.67553,1.35972
-0.66910,1.36014
-0.66407,1.36043
-0.66002,1.36063
-0.65669,1.36077
-0.65390,1.36088
-0.65150,1.36096
-0.64943,1.36103
-0.64762,1.36108
0.38035,-1.35889
0.34703,-1.34514
0.30421,-1.32439
0.25071,-1.29386
0.18781,-1.25178
0.12045,-1.19961
0.05552,-1.14248
-0.00198,-1.08613
-0.05072,-1.03380
-0.09197,-0.98589
-0.12785,-0.94117
-0.16036,-0.89786
-0.19108,-0.85414
-0.22118,-0.80834
-0.25134,-0.75911
-0.28179,-0.70562
-0.31226,-0.64783
-0.34215,-0.58643
-0.37083,-0.52248
-0.39787,-0.45668
-0.42335,-0.38853
-0.44810,-0.31495
-0.47428,-0.22673
-0.50849,-0.09158
-0.64048,0.50266
-0.71318,1.35287
-0.67749,1.35923
-0.66019,1.36051
-0.65030,1.36095
-0.64414,1.36113
-0.64009,1.36122
-0.63733,1.36126
-0.63540,1.36128
-0.63399,1.36129
-0.63293,1.36130
-0.63209,1.36130
-0.63138,1.36131
-0.63076,1.36131
-0.63020,1.36131
-0.62968,1.36131
0.40970,-1.36917
0.38308,-1.35992
0.34849,-1.34578
0.30373,-1.32414
0.24757,-1.29192
0.18169,-1.24734
0.11182,-1.19241
0.04545,-1.13301
-0.01254,-1.07516
-0.06136,-1.02178
-0.10271,-0.97283
-0.13893,-0.92673
-0.17213,-0.88145
-0.20391,-0.83500
-0.23538,-0.78560
-0.26709,-0.73194
-0.29897,-0.67358
-0.33043,-0.61109
-0.36066,-0.54576
-0.38906,-0.47875
-0.41554,-0.41006
-0.44084,-0.33719
-0.46686,-0.25223
-0.49847,-0.12858
-0.54226,0.30123
-0.50423,1.34769
-0.54214,1.35559
-0.56033,1.35777
-0.57177,1.35884
-0.57988,1.35948
-0.58605,1.35990
-0.59095,1.36019
-0.59496,1.36041
-0.59828,1.36057
-0.60105,1.36069
-0.60335,1.36078
-0.60526,1.36086
-0.60683,1.36091
-0.60811,1.36095
-0.60915,1.36099
0.43456,-1.37650
0.41340,-1.37035
0.38596,-1.36098
0.34994,-1.34642
0.30292,-1.32371
0.24359,-1.28943
0.17411,-1.24175
0.10125,-1.18342
0.03321,-1.12128
-0.02533,-1.06160
-0.07424,-1.00692
-0.11574,-0.95661
-0.15243,-0.90869
-0.18651,-0.86084
-0.21960,-0.81082
-0.25270,-0.75681
-0.28608,-0.69774
-0.31930,-0.63379
-0.35146,-0.56623
-0.38175,-0.49654
-0.40997,-0.42502
-0.43682,-0.34912
-0.46440,-0.25992
-0.49788,-0.12384
-0.29673,0.83275
-0.30037,1.29235
-0.37976,1.32102
-0.43263,1.33569
-0.46982,1.34411
-0.49680,1.34923
-0.51696,1.35250
-0.53245,1.35468
-0.54464,1.35619
-0.55442,1.35727
-0.56235,1.35805
-0.56886,1.35864
-0.57421,1.35908
-0.57863,1.35941
-0.58229,1.35967
-0.58531,1.35986
0.45586,-1.38174
0.43906,-1.37769
0.41749,-1.37161
0.38921,-1.36217
0.35167,-1.34718
0.30214,-1.32330
0.23918,-1.28664
0.16557,-1.23535
0.08933,-1.17307
0.01949,-1.10782
-0.03961,-1.04611
-0.08864,-0.98989
-0.13039,-0.93789
-0.16773,-0.88762
-0.20298,-0.83641
-0.23771,-0.78179
-0.27272,-0.72196
-0.30790,-0.65635
-0.34242,-0.58583
-0.37529,-0.51192
-0.40617,-0.43498
-0.43587,-0.35162
-0.46720,-0.24827
-0.50471,-0.04854
-0.08385,1.16770
-0.18497,1.23908
-0.25446,1.27402
-0.31244,1.29815
-0.36148,1.31544
-0.40213,1.32772
-0.43524,1.33639
-0.46202,1.34251
-0.48369,1.34687
-0.50131,1.35002
-0.51571,1.35232
-0.52754,1.35403
-0.53730,1.35531
-0.54538,1.35628
-0.55208,1.35703
-0.55764,1.35760
0.47435,-1.38549
0.46098,-1.38286
0.44409,-1.37897
0.42217,-1.37301
0.39312,-1.36357
0.35406,-1.34821
0.30184,-1.32314
0.23483,-1.28385
0.15648,-1.22842
0.07645,-1.16163
0.00466,-1.09292
-0.05504,-1.02895
-0.10427,-0.97090
-0.14645,-0.91673
-0.18476,-0.86337
-0.22158,-0.80771
-0.25840,-0.74704
-0.29574,-0.67969
-0.33309,-0.60551
-0.36948,-0.52545
-0.40447,-0.43919
-0.43935,-0.34009
-0.47882,-0.19348
0.05857,0.95583
-0.05743,1.15381
-0.12694,1.20462
-0.18146,1.23746
-0.23021,1.26276
-0.27544,1.28329
-0.31719,1.29997
-0.35491,1.31330
-0.38819,1.32373
-0.41701,1.33178
-0.44163,1.33792
-0.46247,1.34261
-0.48003,1.34617
-0.49478,1.34889
-0.50714,1.35098
-0.51748,1.35259
-0.52613,1.35384
0.49062,-1.38818
0.47999,-1.38649
0.46677,-1.38405
0.44990,-1.38037
0.42780,-1.37463
0.39813,-1.36532
0.35765,-1.34975
0.30264,-1.32356
0.23111,-1.28145
0.14728,-1.22126
0.06284,-1.14926
-0.01116,-1.07660
-0.07160,-1.00998
-0.12124,-0.94964
-0.16418,-0.89256
-0.20393,-0.83496
-0.24295,-0.77314
-0.28267,-0.70394
-0.32343,-0.62531
-0.36477,-0.53603
-0.40685,-0.43192
-0.45295,-0.28725
0.14781,0.70103
0.04552,1.05481
-0.03578,1.13627
-0.09178,1.18060
-0.13744,1.21144
-0.17834,1.23576
-0.21686,1.25620
-0.25384,1.27383
-0.28927,1.28906
-0.32275,1.30205
-0.35380,1.31293
-0.38204,1.32190
-0.40726,1.32916
-0.42945,1.33497
-0.44872,1.33958
-0.46532,1.34321
-0.47949,1.34607
-0.49151,1.34831
0.50519,-1.39008
0.49675,-1.38903
0.48644,-1.38754
0.47352,-1.38534
0.45687,-1.38196
0.43482,-1.37657
0.40482,-1.36758
0.36319,-1.35207
0.30541,-1.32501
0.22877,-1.27992
0.13829,-1.21413
0.04840,-1.13580
-0.02835,-1.05836
-0.08983,-0.98845
-0.14025,-0.92497
-0.18453,-0.86367
-0.22660,-0.79969
-0.26921,-0.72804
-0.31431,-0.64326
-0.36375,-0.53657
-0.41831,-0.36680
0.32387,0.53133
0.16518,0.88724
0.05643,1.04294
-0.01406,1.11693
-0.06534,1.16072
-0.10685,1.19128
-0.14323,1.21508
-0.17692,1.23497
-0.20919,1.25231
-0.24058,1.26772
-0.27119,1.28149
-0.30083,1.29370
-0.32916,1.30439
-0.35578,1.31359
-0.38035,1.32139
-0.40264,1.32788
-0.42254,1.33322
-0.44005,1.33756
-0.45529,1.34105
0.51846,-1.39140
0.51184,-1.39079
0.50387,-1.38992
0.49406,-1.38866
0.48165,-1.38676
0.46551,-1.38379
0.44389,-1.37891
0.41404,-1.37054
0.37174,-1.35553
0.31131,-1.32806
0.22863,-1.27983
0.12943,-1.20697
0.03222,-1.12030
-0.04820,-1.03660
-0.11133,-0.96210
-0.16341,-0.89358
-0.21062,-0.82458
-0.25808,-0.74679
-0.31061,-0.64235
0.44754,0.03702
0.43326,0.26889
0.32510,0.55721
0.18615,0.85168
0.08028,1.01371
0.00911,1.09461
-0.04212,1.14182
-0.08251,1.17384
-0.11684,1.19808
-0.14777,1.21788
-0.17681,1.23491
-0.20483,1.25006
-0.23226,1.26378
-0.25929,1.27628
-0.28583,1.28765
-0.31167,1.29790
-0.33649,1.30700
-0.35994,1.31496
-0.38170,1.32180
-0.40154,1.32757
-0.41933,1.33239
0.53081,-1.39228
0.52574,-1.39196
0.51973,-1.39150
0.51243,-1.39084
0.50335,-1.38986
0.49177,-1.38833
0.47656,-1.38588
0.45593,-1.38175
0.42695,-1.37438
0.38472,-1.36051
0.32185,-1.33333
0.23137,-1.28160
0.11937,-1.19869
0.01136,-1.09966
-0.07458,-1.00644
-0.14162,-0.92294
-0.20071,-0.83834
-0.18465,-0.63869
0.50462,0.04481
0.48079,0.13516
0.43795,0.26167
0.35189,0.49206
0.22308,0.78241
0.11125,0.97193
0.03437,1.06816
-0.01975,1.12220
-0.06106,1.15735
-0.09505,1.18300
-0.12476,1.20332
-0.15194,1.22041
-0.17766,1.23539
-0.20259,1.24889
-0.22713,1.26129
-0.25146,1.27276
-0.27559,1.28337
-0.29938,1.29313
-0.32257,1.30198
-0.34483,1.30991
-0.36583,1.31686
-0.38527,1.32287
0.54258,-1.39280
0.53891,-1.39267
0.53460,-1.39248
0.52942,-1.39219
0.52307,-1.39176
0.51508,-1.39109
0.50478,-1.39002
0.49110,-1.38823
0.47227,-1.38509
0.44519,-1.37922
0.40417,-1.36734
0.33907,-1.34150
0.23705,-1.28523
0.10294,-1.18479
-0.02444,-1.06232
-0.12601,-0.94154
0.40881,-0.22015
0.51730,0.01723
0.50180,0.07392
0.48172,0.13540
0.44810,0.23362
0.38086,0.41791
0.26566,0.69441
0.14756,0.91718
0.06217,1.03625
0.00300,1.10069
-0.04078,1.14069
-0.07566,1.16871
-0.10524,1.19018
-0.13158,1.20774
-0.15595,1.22282
-0.17917,1.23623
-0.20178,1.24847
-0.22414,1.25983
-0.24644,1.27046
-0.26873,1.28043
-0.29090,1.28972
-0.31273,1.29830
-0.33392,1.30609
-0.35414,1.31305
0.55412,-1.39302
0.55177,-1.39300
0.54902,-1.39296
0.54575,-1.39288
0.54176,-1.39277
0.53679,-1.39257
0.53045,-1.39224
0.52215,-1.39168
0.51093,-1.39067
0.49514,-1.38878
0.47165,-1.38495
0.43390,-1.37625
0.36736,-1.35366
0.24365,-1.28920
0.05226,-1.13796
0.38985,-0.32833
0.52882,-0.01557
0.51525,0.03462
0.50198,0.07569
0.48524,0.12574
0.45830,0.20459
0.40618,0.35053
0.30851,0.59777
0.18823,0.84814
0.09302,0.99710
0.02697,1.07616
-0.02061,1.12298
-0.05738,1.15441
-0.08767,1.17766
-0.11394,1.19613
-0.13769,1.21162
-0.15986,1.22514
-0.18112,1.23732
-0.20195,1.24856
-0.22265,1.25909
-0.24342,1.26906
-0.26431,1.27850
-0.28523,1.28740
-0.30598,1.29571
-0.32628,1.30335
0.56578,-1.39295
0.56475,-1.39297
0.56354,-1.39298
0.56210,-1.39300
0.56034,-1.39301
0.55813,-1.39302
0.55531,-1.39301
0.55161,-1.39298
0.54662,-1.39288
0.53969,-1.39266
0.52959,-1.39214
0.51380,-1.39086
0.48610,-1.38722
0.42636,-1.37323
0.23335,-1.24169
0.54832,-0.07651
0.52900,-0.00480
0.51617,0.03436
0.50424,0.06987
0.48975,0.11279
0.46770,0.17751
0.42717,0.29296
0.34817,0.50170
0.23244,0.76388
0.12767,0.94798
0.05309,1.04703
0.00037,1.10326
-0.03924,1.13938
-0.07098,1.16513
-0.09782,1.18497
-0.12152,1.20120
-0.14320,1.21507
-0.16363,1.22736
-0.18336,1.23856
-0.20280,1.24901
-0.22225,1.25889
-0.24186,1.26833
-0.26169,1.27735
-0.28167,1.28593
-0.30159,1.29400
0.57792,-1.39257
0.57829,-1.39255
0.57871,-1.39253
0.57918,-1.39251
0.57973,-1.39248
0.58035,-1.39245
0.58107,-1.39241
0.58192,-1.39236
0.58300,-1.39229
0.58450,-1.39219
0.58687,-1.39203
0.59127,-1.39167
0.60139,-1.39066
0.63560,-1.38521
0.90158,-1.09138
0.55990,-0.08283
0.53325,-0.01276
0.51958,0.02581
0.50802,0.05932
0.49499,0.09759
0.47655,0.15180
0.44482,0.24340
0.38325,0.41179
0.27935,0.66442
0.16755,0.88430
0.08280,1.01054
0.02333,1.08002
-0.02025,1.12266
-0.05423,1.15187
-0.08226,1.17367
-0.10646,1.19102
-0.12814,1.20552
-0.14818,1.21813
-0.16723,1.22945
-0.18576,1.23988
-0.20414,1.24970
-0.22263,1.25908
-0.24138,1.26811
-0.26044,1.27679
-0.27971,1.28511
0.59097,-1.39182
0.59289,-1.39168
0.59512,-1.39151
0.59774,-1.39129
0.60087,-1.39101
0.60468,-1.39065
0.60942,-1.39016
0.61549,-1.38947
0.62358,-1.38843
0.63495,-1.38677
0.65209,-1.38380
0.68046,-1.37775
0.73358,-1.36274
0.84778,-1.31539
1.08886,-1.13186
0.61606,-0.16864
0.54461,-0.03825
0.52619,0.00865
0.51368,0.04352
0.50131,0.07931
0.48549,0.12571
0.46051,0.19852
0.41410,0.32911
0.32822,0.55081
0.21526,0.79776
0.11894,0.96089
0.05034,1.05021
0.00116,1.10250
-0.03617,1.13675
-0.06618,1.16140
-0.09149,1.18044
-0.11368,1.19596
-0.13381,1.20916
-0.15259,1.22080
-0.17057,1.23137
-0.18820,1.24122
-0.20579,1.25056
-0.22358,1.25955
-0.24172,1.26826
-0.26022,1.27670
0.60537,-1.39059
0.60908,-1.39021
0.61342,-1.38972
0.61855,-1.38911
0.62475,-1.38829
0.63236,-1.38719
0.64196,-1.38565
0.65440,-1.38340
0.67111,-1.37995
0.69452,-1.37432
0.72884,-1.36442
0.78128,-1.34571
0.86218,-1.30868
0.97832,-1.23740
1.11926,-1.11376
1.23907,-0.87423
0.58832,-0.11681
0.54008,-0.02493
0.52279,0.01893
0.50966,0.05554
0.49543,0.09677
0.47560,0.15480
0.44181,0.25202
0.37780,0.42611
0.27474,0.67465
0.16737,0.88460
0.08590,1.00652
0.02812,1.07494
-0.01450,1.11739
-0.04778,1.14657
-0.07513,1.16831
-0.09858,1.18551
-0.11939,1.19978
-0.13842,1.21208
-0.15631,1.22304
-0.17356,1.23307
-0.19055,1.24249
-0.20760,1.25150
-0.22493,1.26021
-0.24265,1.26870
0.62163,-1.38872
0.62744,-1.38792
0.63425,-1.38691
0.64238,-1.38559
0.65223,-1.38382
0.66440,-1.38141
0.67979,-1.37798
0.69971,-1.37296
0.72613,-1.36529
0.76191,-1.35315
0.81075,-1.33342
0.87614,-1.30138
0.95832,-1.25154
1.05119,-1.18033
1.14407,-1.08835
1.22736,-0.98022
1.27771,-0.82415
0.60568,-0.13626
0.54283,-0.02912
0.52300,0.01942
0.50814,0.06045
0.49162,0.10821
0.46763,0.17813
0.42535,0.29820
0.34762,0.50314
0.23901,0.75057
0.14009,0.92900
0.06775,1.02949
0.01578,1.08787
-0.02339,1.12550
-0.05457,1.15214
-0.08055,1.17240
-0.10305,1.18866
-0.12316,1.20228
-0.14164,1.21410
-0.15908,1.22468
-0.17595,1.23443
-0.19262,1.24361
-0.20940,1.25242
-0.22648,1.26098
0.64024,-1.38595
0.64850,-1.38452
0.65822,-1.38267
0.66981,-1.38025
0.68387,-1.37701
0.70120,-1.37256
0.72290,-1.36629
0.75046,-1.35726
0.78572,-1.34399
0.83063,-1.32438
0.88645,-1.29575
0.95247,-1.25551
1.02528,-1.20209
1.09947,-1.13577
1.16921,-1.05941
1.22945,-0.97956
1.27750,-0.90413
1.31181,-0.83055
0.91130,-0.41782
0.56568,-0.07074
0.53141,-0.00019
0.51260,0.04890
0.49399,0.10181
0.46816,0.17684
0.42342,0.30366
0.34293,0.51485
0.23431,0.76013
0.13740,0.93319
0.06648,1.03105
0.01515,1.08852
-0.02383,1.12590
-0.05503,1.15252
-0.08116,1.17285
-0.10384,1.18921
-0.12414,1.20292
-0.14279,1.21481
-0.16037,1.22545
-0.17734,1.23521
-0.19409,1.24440
-0.21091,1.25319
0.66166,-1.38198
0.67270,-1.37962
0.68567,-1.37658
0.70107,-1.37260
0.71959,-1.36730
0.74211,-1.36012
0.76968,-1.35027
0.80350,-1.33659
0.84464,-1.31765
0.89361,-1.29174
0.94973,-1.25734
1.01098,-1.21343
1.07436,-1.15979
1.13653,-1.09721
1.19412,-1.02832
1.24427,-0.95817
1.28544,-0.89269
1.31764,-0.83611
1.34141,-0.79023
1.35533,-0.75366
1.29669,-0.67511
0.62390,-0.14336
0.54176,-0.01951
0.51380,0.04777
0.48842,0.11886
0.45153,0.22496
0.38458,0.40855
0.27849,0.66641
0.17022,0.87978
0.08880,1.00272
0.03080,1.07206
-0.01239,1.11543
-0.04646,1.14547
-0.07472,1.16799
-0.09910,1.18588
-0.12080,1.20072
-0.14064,1.21347
-0.15920,1.22475
-0.17697,1.23500
-0.19436,1.24454
0.68617,-1.37646
0.70018,-1.37284
0.71651,-1.36822
0.73569,-1.36225
0.75836,-1.35446
0.78528,-1.34418
0.81722,-1.33056
0.85484,-1.31256
0.89839,-1.28901
0.94746,-1.25884
1.00082,-1.22123
1.05668,-1.17571
1.11296,-1.12226
1.16749,-1.06166
1.21807,-0.99617
1.26294,-0.92957
1.30139,-0.86577
1.33378,-0.80725
1.36101,-0.75487
1.38396,-0.70859
1.40321,-0.66832
1.41890,-0.63440
1.43047,-0.60824
1.43590,-0.59340
1.42529,-0.59811
0.83519,-0.29801
0.52428,0.02599
0.47436,0.16042
0.39926,0.36981
0.27490,0.67442
0.15547,0.90446
0.07338,1.02253
0.01714,1.08648
-0.02462,1.12661
-0.05797,1.15489
-0.08611,1.17652
-0.11084,1.19403
-0.13321,1.20879
-0.15393,1.22162
-0.17353,1.23306
0.71369,-1.36905
0.73061,-1.36389
0.75004,-1.35741
0.77245,-1.34921
0.79834,-1.33880
0.82823,-1.32551
0.86257,-1.30860
0.90155,-1.28719
0.94502,-1.26044
0.99231,-1.22759
1.04235,-1.18805
1.09376,-1.14146
1.14502,-1.08780
1.19448,-1.02793
1.24051,-0.96394
1.28196,-0.89886
1.31853,-0.83546
1.35068,-0.77530
1.37915,-0.71891
1.40451,-0.66643
1.42700,-0.61826
1.44653,-0.57519
1.46292,-0.53809
1.47612,-0.50753
1.48629,-0.48349
1.49368,-0.46571
1.49834,-0.45431
1.49939,-0.45140
1.49158,-0.46830
1.00617,-0.37747
0.47320,0.16475
0.34296,0.51503
0.18415,0.85554
0.08161,1.01209
0.01843,1.08514
-0.02622,1.12804
-0.06146,1.15768
-0.09134,1.18034
-0.11789,1.19879
-0.14221,1.21446
0.74368,-1.35960
0.76308,-1.35273
0.78494,-1.34431
0.80960,-1.33395
0.83742,-1.32117
0.86871,-1.30538
0.90371,-1.28594
0.94244,-1.26212
0.98465,-1.23320
1.02975,-1.19851
1.07689,-1.15748
1.12495,-1.10976
1.17261,-1.05548
1.21845,-0.99568
1.26112,-0.93250
1.29985,-0.86855
1.33458,-0.80596
1.36574,-0.74587
1.39383,-0.68886
1.41906,-0.63555
1.44129,-0.58698
1.46021,-0.54443
1.47564,-0.50878
1.48778,-0.48009
1.49711,-0.45762
1.50420,-0.44025
1.50959,-0.42687
1.51369,-0.41659
1.51673,-0.40890
1.51873,-0.40379
1.51922,-0.40243
1.51578,-0.41075
1.47657,-0.48516
0.46073,0.20061
0.26971,0.68587
0.11436,0.96756
0.03209,1.07067
-0.01977,1.12223
-0.05894,1.15567
-0.09187,1.18072
0.77512,-1.34819
0.79625,-1.33968
0.81958,-1.32950
0.84537,-1.31730
0.87388,-1.30264
0.90533,-1.28499
0.93992,-1.26375
0.97765,-1.23822
1.01834,-1.20769
1.06150,-1.17146
1.10639,-1.12896
1.15195,-1.07994
1.19691,-1.02478
1.23989,-0.96489
1.27979,-0.90248
1.31609,-0.83990
1.34890,-0.77880
1.37863,-0.72007
1.40558,-0.66431
1.42974,-0.61243
1.45081,-0.56574
1.46842,-0.52559
1.48252,-0.49263
1.49343,-0.46655
1.50172,-0.44636
1.50802,-0.43081
1.51285,-0.41874
1.51662,-0.40922
1.51963,-0.40158
1.52206,-0.39534
1.52404,-0.39024
1.52561,-0.38618
1.52666,-0.38343
1.52676,-0.38311
1.52374,-0.39064
1.48063,-0.47324
0.41613,0.32481
0.18541,0.85332
0.05936,1.03965
-0.00653,1.10992
0.80665,-1.33524
0.82864,-1.32533
0.85249,-1.31375
0.87844,-1.30017
0.90674,-1.28417
0.93765,-1.26521
0.97137,-1.24265
1.00798,-1.21578
1.04733,-1.18383
1.08900,-1.14606
1.13221,-1.10197
1.17586,-1.05151
1.21861,-0.99546
1.25914,-0.93561
1.29657,-0.87424
1.33060,-0.81341
1.36147,-0.75434
1.38957,-0.69770
1.41510,-0.64408
1.43792,-0.59449
1.45764,-0.55032
1.47394,-0.51278
1.48687,-0.48231
1.49680,-0.45840
1.50433,-0.43996
1.51004,-0.42577
1.51444,-0.41474
1.51789,-0.40602
1.52065,-0.39897
1.52291,-0.39316
1.52481,-0.38827
1.52643,-0.38408
1.52782,-0.38045
1.52902,-0.37733
1.52999,-0.37478
1.53062,-0.37313
1.53039,-0.37368
1.52649,-0.38348
0.83580,-0.26050
0.32090,0.56885
0.83698,-1.32138
0.85902,-1.31044
0.88265,-1.29787
0.90813,-1.28335
0.93576,-1.26641
0.96586,-1.24648
0.99868,-1.22285
1.03435,-1.19475
1.07272,-1.16133
1.11332,-1.12191
1.15529,-1.07609
1.19738,-1.02416
1.23819,-0.96739
1.27650,-0.90788
1.31162,-0.84791
1.34350,-0.78915
1.37249,-0.73246
1.39894,-0.67825
1.42299,-0.62711
1.44442,-0.58007
1.46283,-0.53847
1.47796,-0.50339
1.48990,-0.47506
1.49907,-0.45288
1.50603,-0.43577
1.51133,-0.42257
1.51542,-0.41227
1.51864,-0.40410
1.52123,-0.39749
1.52335,-0.39204
1.52513,-0.38745
1.52665,-0.38352
1.52796,-0.38011
1.52911,-0.37711
1.53013,-0.37443
1.53105,-0.37202
1.53186,-0.36989
1.53253,-0.36813
1.53288,-0.36719
1.53222,-0.36885
0.86510,-1.30728
0.88664,-1.29567
0.90960,-1.28248
0.93432,-1.26733
0.96116,-1.24970
0.99049,-1.22895
1.02261,-1.20429
1.05764,-1.17488
1.09540,-1.13987
1.13529,-1.09861
1.17629,-1.05098
1.21701,-0.99769
1.25600,-0.94049
1.29219,-0.88172
1.32514,-0.82348
1.35500,-0.76702
1.38219,-0.71285
1.40706,-0.66120
1.42967,-0.61260
1.44977,-0.56810
1.46697,-0.52895
1.48107,-0.49607
1.49218,-0.46957
1.50073,-0.44880
1.50725,-0.43274
1.51224,-0.42029
1.51611,-0.41054
1.51916,-0.40277
1.52163,-0.39646
1.52366,-0.39125
1.52536,-0.38687
1.52680,-0.38312
1.52804,-0.37990
1.52912,-0.37707
1.53008,-0.37458
1.53092,-0.37236
1.53169,-0.37034
1.53240,-0.36848
1.53305,-0.36676
1.53365,-0.36518
0.89047,-1.29353
0.91120,-1.28153
0.93334,-1.26795
0.95727,-1.25234
0.98340,-1.23411
1.01217,-1.21254
1.04388,-1.18677
1.07860,-1.15590
1.11606,-1.11909
1.15550,-1.07585
1.19567,-1.02640
1.23507,-0.97197
1.27229,-0.91474
1.30643,-0.85710
1.33732,-0.80086
1.36528,-0.74683
1.39078,-0.69521
1.41416,-0.64610
1.43542,-0.60000
1.45429,-0.55791
1.47041,-0.52101
1.48360,-0.49008
1.49401,-0.46515
1.50205,-0.44557
1.50821,-0.43036
1.51294,-0.41852
1.51663,-0.40920
1.51957,-0.40175
1.52194,-0.39567
1.52390,-0.39063
1.52554,-0.38639
1.52693,-0.38278
1.52813,-0.37966
1.52917,-0.37695
1.53008,-0.37458
1.53087,-0.37249
1.53158,-0.37063
1.53222,-0.36895
1.53281,-0.36741
1.53335,-0.36598
0.91292,-1.28051
0.93279,-1.26830
0.95413,-1.25444
0.97739,-1.23841
1.00304,-1.21956
1.03152,-1.19708
1.06312,-1.17003
1.09784,-1.13748
1.13524,-1.09867
1.17436,-1.05336
1.21375,-1.00220
1.25181,-0.94695
1.28723,-0.89011
1.31938,-0.83398
1.34832,-0.77994
1.37451,-0.72840
1.39845,-0.67930
1.42044,-0.63264
1.44045,-0.58890
1.45819,-0.54906
1.47334,-0.51421
1.48574,-0.48501
1.49555,-0.46145
1.50315,-0.44288
1.50900,-0.42840
1.51352,-0.41706
1.51707,-0.40810
1.51990,-0.40090
1.52219,-0.39502
1.52410,-0.39012
1.52569,-0.38599
1.52705,-0.38247
1.52822,-0.37943
1.52923,-0.37679
1.53011,-0.37449
1.53088,-0.37248
1.53156,-0.37070
1.53216,-0.36912
1.53269,-0.36771
1.53318,-0.36643
