-1.38123,0.75466
-1.38082,0.75559
-1.38036,0.75662
-1.37983,0.75781
-1.37921,0.75920
-1.37847,0.76085
-1.37758,0.76284
-1.37649,0.76526
-1.37515,0.76824
-1.37347,0.77195
-1.37135,0.77662
-1.36861,0.78260
-1.36504,0.79034
-1.36030,0.80049
-1.35396,0.81387
-1.34540,0.83151
-1.33392,0.85449
-1.31867,0.88371
-1.29882,0.91955
-1.27357,0.96167
-1.24207,1.00910
-1.20322,1.06062
-1.15560,1.11493
-1.09785,1.17034
-1.03032,1.22378
-0.95772,1.27025
-0.88930,1.30498
-0.83320,1.32720
-0.79155,1.34006
-0.76195,1.34732
-0.74099,1.35152
-0.72590,1.35406
-0.71472,1.35569
-0.70616,1.35679
-0.69937,1.35758
-0.69376,1.35817
-0.68898,1.35863
-0.68477,1.35900
-0.68095,1.35932
-0.67743,1.35959
-1.38153,0.75397
-1.38104,0.75510
-1.38051,0.75627
-1.37994,0.75756
-1.37929,0.75902
-1.37853,0.76072
-1.37762,0.76274
-1.37653,0.76518
-1.37518,0.76816
-1.37351,0.77187
-1.37138,0.77654
-1.36864,0.78252
-1.36506,0.79030
-1.36028,0.80054
-1.35383,0.81413
-1.34508,0.83217
-1.33322,0.85586
-1.31733,0.88621
-1.29645,0.92368
-1.26961,0.96794
-1.23579,1.01792
-1.19371,1.07219
-1.14187,1.12905
-1.07930,1.18612
-1.00778,1.23934
-0.93415,1.28318
-0.86835,1.31393
-0.81670,1.33266
-0.77920,1.34328
-0.75265,1.34928
-0.73373,1.35279
-0.71994,1.35496
-0.70957,1.35637
-0.70149,1.35734
-0.69497,1.35804
-0.68951,1.35858
-0.68480,1.35900
-0.68062,1.35935
-0.67682,1.35963
-0.67332,1.35988
-1.38230,0.75226
-1.38160,0.75384
-1.38093,0.75534
-1.38024,0.75687
-1.37951,0.75851
-1.37870,0.76034
-1.37775,0.76246
-1.37662,0.76496
-1.37526,0.76799
-1.37357,0.77173
-1.37143,0.77644
-1.36867,0.78246
-1.36505,0.79030
-1.36021,0.80068
-1.35364,0.81453
-1.34464,0.83306
-1.33234,0.85758
-1.31570,0.88923
-1.29361,0.92857
-1.26492,0.97524
-1.22840,1.02805
-1.18259,1.08524
-1.12601,1.14459
-1.05848,1.20281
-0.98363,1.25486
-0.91032,1.29521
-0.84819,1.32181
-0.80117,1.33737
-0.76752,1.34607
-0.74368,1.35102
-0.72652,1.35396
-0.71383,1.35581
-0.70414,1.35703
-0.69647,1.35789
-0.69020,1.35852
-0.68489,1.35899
-0.68027,1.35937
-0.67616,1.35968
-0.67244,1.35994
-0.66902,1.36015
-1.38388,0.74868
-1.38282,0.75107
-1.38187,0.75323
-1.38096,0.75526
-1.38006,0.75729
-1.37911,0.75942
-1.37806,0.76176
-1.37686,0.76443
-1.37544,0.76760
-1.37370,0.77145
-1.37151,0.77625
-1.36871,0.78238
-1.36503,0.79036
-1.36009,0.80094
-1.35334,0.81515
-1.34404,0.83428
-1.33120,0.85980
-1.31366,0.89299
-1.29012,0.93450
-1.25923,0.98394
-1.21952,1.03987
-1.16938,1.10011
-1.10760,1.16168
-1.03518,1.22028
-0.95807,1.27005
-0.88658,1.30619
-0.82890,1.32867
-0.78646,1.34142
-0.75632,1.34852
-0.73483,1.35260
-0.71919,1.35506
-0.70745,1.35663
-0.69835,1.35769
-0.69106,1.35843
-0.68503,1.35898
-0.67990,1.35940
-0.67542,1.35973
-0.67145,1.36000
-0.66787,1.36022
-0.66460,1.36040
-1.38279,0.75114
-1.38444,0.74741
-1.38350,0.74953
-1.38234,0.75215
-1.38117,0.75479
-1.37999,0.75745
-1.37874,0.76024
-1.37738,0.76328
-1.37582,0.76674
-1.37397,0.77085
-1.37168,0.77588
-1.36878,0.78223
-1.36498,0.79047
-1.35988,0.80139
-1.35288,0.81611
-1.34317,0.83604
-1.32965,0.86282
-1.31098,0.89789
-1.28567,0.94197
-1.25210,0.99459
-1.20856,1.05395
-1.15342,1.11722
-1.08605,1.18048
-1.00929,1.23833
-0.93144,1.28460
-0.86322,1.31600
-0.81048,1.33460
-0.77240,1.34494
-0.74537,1.35070
-0.72593,1.35406
-0.71159,1.35611
-0.70069,1.35743
-0.69214,1.35833
-0.68523,1.35896
-0.67949,1.35943
-0.67459,1.35979
-0.67034,1.36007
-0.66658,1.36029
-0.66322,1.36047
-0.66018,1.36062
-0.11871,-0.95285
-0.18027,-0.86985
-0.28021,-0.70848
-1.37959,0.75834
-1.38201,0.75290
-1.38118,0.75478
-1.37984,0.75779
-1.37828,0.76127
-1.37652,0.76520
-1.37446,0.76976
-1.37198,0.77522
-1.36888,0.78201
-1.36486,0.79072
-1.35949,0.80222
-1.35211,0.81771
-1.34182,0.83876
-1.32738,0.86719
-1.30726,0.90462
-1.27967,0.95184
-1.24275,1.00813
-1.19459,1.07113
-1.13375,1.13710
-1.06079,1.20101
-0.98086,1.25657
-0.90420,1.29814
-0.84050,1.32462
-0.79283,1.33971
-0.75874,1.34801
-0.73443,1.35267
-0.71677,1.35541
-0.70359,1.35710
-0.69348,1.35820
-0.68549,1.35894
-0.67902,1.35947
-0.67364,1.35986
-0.66907,1.36015
-0.66512,1.36037
-0.66165,1.36055
-0.65858,1.36069
-0.65583,1.36080
0.03075,-1.11888
-0.03287,-1.05347
-0.08484,-0.99443
-0.13270,-0.93489
-0.18263,-0.86645
-0.25155,-0.75874
-1.36285,0.79505
-1.37647,0.76531
-1.37633,0.76562
-1.37456,0.76955
-1.37200,0.77518
-1.36867,0.78246
-1.36433,0.79187
-1.35852,0.80426
-1.35056,0.82094
-1.33941,0.84361
-1.32366,0.87430
-1.30153,0.91481
-1.27094,0.96584
-1.22975,1.02622
-1.17606,1.09267
-1.10913,1.16029
-1.03137,1.22303
-0.95035,1.27440
-0.87696,1.31035
-0.81859,1.33206
-0.77578,1.34412
-0.74522,1.35073
-0.72328,1.35446
-0.70719,1.35667
-0.69511,1.35803
-0.68581,1.35891
-0.67846,1.35951
-0.67252,1.35993
-0.66760,1.36023
-0.66345,1.36046
-0.65988,1.36063
-0.65677,1.36077
-0.65404,1.36087
-0.65161,1.36096
0.23621,-1.28474
0.12916,-1.20676
0.04795,-1.13538
-0.01131,-1.07644
-0.05776,-1.02587
-0.09786,-0.97876
-0.13523,-0.93159
-0.17247,-0.88096
-0.21420,-0.81924
-0.27318,-0.72115
-1.32845,0.86512
-1.35911,0.80302
-1.35854,0.80423
-1.35350,0.81482
-1.34524,0.83185
-1.33308,0.85613
-1.31558,0.88945
-1.29074,0.93346
-1.25624,0.98844
-1.20989,1.05227
-1.15032,1.12044
-1.07819,1.18704
-0.99803,1.24574
-0.91885,1.29102
-0.85044,1.32097
-0.79753,1.33840
-0.75905,1.34795
-0.73152,1.35316
-0.71166,1.35610
-0.69708,1.35782
-0.68614,1.35889
-0.67775,1.35956
-0.67116,1.36002
-0.66586,1.36033
-0.66150,1.36056
-0.65783,1.36072
-0.65471,1.36085
-0.65200,1.36094
-0.64963,1.36102
-0.64753,1.36108
0.40631,-1.36806
0.32299,-1.33390
0.22216,-1.27557
0.12913,-1.20674
0.05681,-1.14368
0.00254,-1.09076
-0.03990,-1.04580
-0.07530,-1.00568
-0.10668,-0.96793
-0.13572,-0.93094
-0.16340,-0.89366
-0.19069,-0.85472
-0.21902,-0.81174
-0.25074,-0.76011
-0.29169,-0.68733
-0.36962,-0.52526
-1.26058,0.98190
-1.25226,0.99435
-1.22082,1.03816
-1.17374,1.09527
-1.11268,1.15706
-1.04033,1.21652
-0.96253,1.26749
-0.88813,1.30550
-0.82528,1.32988
-0.77716,1.34379
-0.74223,1.35129
-0.71729,1.35533
-0.69941,1.35757
-0.68641,1.35886
-0.67677,1.35964
-0.66945,1.36012
-0.66374,1.36045
-0.65917,1.36066
-0.65543,1.36082
-0.65230,1.36093
-0.64964,1.36102
-0.64734,1.36108
-0.64533,1.36113
-0.64356,1.36117
0.47548,-1.38569
0.43337,-1.37617
0.36965,-1.35470
0.28521,-1.31411
0.19477,-1.25675
0.11551,-1.19550
0.05298,-1.14010
0.00436,-1.09262
-0.03466,-1.05152
-0.06745,-1.01479
-0.09622,-0.98075
-0.12238,-0.94819
-0.14683,-0.91623
-0.17029,-0.88403
-0.19353,-0.85054
-0.21755,-0.81404
-0.24383,-0.77170
-0.27483,-0.71819
-0.31649,-0.63942
-0.40312,-0.44311
-1.06313,1.19917
-1.00096,1.24383
-0.93015,1.28527
-0.86079,1.31697
-0.80184,1.33717
-0.75690,1.34840
-0.72471,1.35424
-0.70221,1.35726
-0.68649,1.35885
-0.67532,1.35974
-0.66718,1.36026
-0.66106,1.36058
-0.65631,1.36078
-0.65253,1.36092
-0.64943,1.36102
-0.64684,1.36109
-0.64464,1.36114
-0.64274,1.36118
-0.64108,1.36121
-0.63963,1.36123
0.50554,-1.39010
0.48155,-1.38674
0.44494,-1.37917
0.39055,-1.36265
0.31712,-1.33099
0.23326,-1.28284
0.15363,-1.22621
0.08700,-1.17102
0.03373,-1.12178
-0.00925,-1.07859
-0.04511,-1.04005
-0.07616,-1.00468
-0.10399,-0.97124
-0.12971,-0.93877
-0.15414,-0.90636
-0.17804,-0.87305
-0.20215,-0.83766
-0.22727,-0.79868
-0.25444,-0.75385
-0.28545,-0.69891
-0.32523,-0.62178
-0.40105,-0.44845
-0.92429,1.28828
-0.84149,1.32427
-0.77986,1.34311
-0.73563,1.35247
-0.70582,1.35683
-0.68618,1.35888
-0.67307,1.35989
-0.66402,1.36043
-0.65751,1.36074
-0.65265,1.36092
-0.64888,1.36104
-0.64587,1.36112
-0.64341,1.36117
-0.64135,1.36121
-0.63960,1.36124
-0.63809,1.36125
-0.63678,1.36127
-0.63563,1.36128
0.52246,-1.39170
0.50682,-1.39025
0.48355,-1.38707
0.44855,-1.38004
0.39722,-1.36500
0.32805,-1.33635
0.24769,-1.29199
0.16898,-1.23792
0.10107,-1.18326
0.04562,-1.13317
0.00035,-1.08852
-0.03760,-1.04832
-0.07053,-1.01123
-0.10007,-0.97605
-0.12736,-0.94180
-0.15323,-0.90761
-0.17835,-0.87260
-0.20333,-0.83588
-0.22872,-0.79635
-0.25523,-0.75250
-0.28414,-0.70131
-0.31893,-0.63452
-0.37351,-0.51618
-0.85905,1.31765
-0.75830,1.34811
-0.71167,1.35610
-0.68516,1.35897
-0.66935,1.36013
-0.65932,1.36066
-0.65253,1.36092
-0.64767,1.36107
-0.64405,1.36116
-0.64124,1.36121
-0.63900,1.36124
-0.63716,1.36127
-0.63563,1.36128
-0.63433,1.36129
-0.63321,1.36130
-0.63224,1.36130
-0.63139,1.36130
0.53386,-1.39243
0.52287,-1.39174
0.50694,-1.39026
0.48323,-1.38702
0.44764,-1.37982
0.39566,-1.36446
0.32602,-1.33537
0.24551,-1.29062
0.16673,-1.23623
0.09857,-1.18111
0.04263,-1.13032
-0.00330,-1.08476
-0.04202,-1.04346
-0.07580,-1.00509
-0.10626,-0.96844
-0.13449,-0.93255
-0.16128,-0.89659
-0.18720,-0.85983
-0.21271,-0.82155
-0.23827,-0.78087
-0.26462,-0.73627
-0.29334,-0.68423
-0.32882,-0.61441
-0.39003,-0.47633
-0.73551,1.35249
-0.68309,1.35915
-0.66253,1.36051
-0.65154,1.36096
-0.64480,1.36114
-0.64029,1.36123
-0.63710,1.36127
-0.63473,1.36129
-0.63291,1.36130
-0.63148,1.36130
-0.63032,1.36130
-0.62936,1.36130
-0.62855,1.36130
-0.62785,1.36130
-0.62725,1.36130
-0.62672,1.36129
0.54235,-1.39278
0.53431,-1.39245
0.52294,-1.39174
0.50633,-1.39019
0.48142,-1.38672
0.44379,-1.37888
0.38874,-1.36199
0.31557,-1.33021
0.23250,-1.28235
0.15294,-1.22567
0.08515,-1.16939
0.02985,-1.11801
-0.01561,-1.07193
-0.05416,-1.02993
-0.08806,-0.99059
-0.11884,-0.95269
-0.14753,-0.91530
-0.17478,-0.87769
-0.20109,-0.83926
-0.22685,-0.79934
-0.25265,-0.75689
-0.27964,-0.70951
-0.31065,-0.65099
-0.35449,-0.55956
-0.67605,1.33872
-0.64510,1.36113
-0.63528,1.36128
-0.63037,1.36130
-0.62750,1.36130
-0.62569,1.36129
-0.62449,1.36128
-0.62366,1.36127
-0.62308,1.36127
-0.62266,1.36126
-0.62234,1.36126
-0.62208,1.36125
-0.62187,1.36125
-0.62168,1.36125
-0.62151,1.36125
-0.62135,1.36125
0.54902,-1.39294
0.54298,-1.39280
0.53467,-1.39247
0.52280,-1.39173
0.50525,-1.39007
0.47857,-1.38623
0.43776,-1.37734
0.37783,-1.35791
0.29911,-1.32169
0.21239,-1.26899
0.13218,-1.20921
0.06551,-1.15171
0.01165,-1.09999
-0.03271,-1.05365
-0.07063,-1.01111
-0.10432,-0.97084
-0.13520,-0.93163
-0.16413,-0.89264
-0.19169,-0.85324
-0.21832,-0.81283
-0.24458,-0.77045
-0.27157,-0.72401
-0.30184,-0.66809
-0.34286,-0.58490
-0.46303,-0.26536
-0.57671,1.35926
-0.59184,1.36024
-0.59852,1.36058
-0.60255,1.36075
-0.60534,1.36085
-0.60742,1.36093
-0.60906,1.36098
-0.61038,1.36102
-0.61146,1.36105
-0.61236,1.36107
-0.61311,1.36109
-0.61372,1.36110
-0.61422,1.36112
-0.61463,1.36113
-0.61496,1.36113
0.55446,-1.39301
0.54984,-1.39296
0.54365,-1.39282
0.53503,-1.39248
0.52257,-1.39171
0.50385,-1.38991
0.47489,-1.38558
0.42991,-1.37522
0.36353,-1.35221
0.27796,-1.31003
0.18751,-1.25155
0.10745,-1.18870
0.04267,-1.13037
-0.00926,-1.07859
-0.05227,-1.03206
-0.08949,-0.98887
-0.12298,-0.94742
-0.15399,-0.90657
-0.18327,-0.86553
-0.21136,-0.82362
-0.23893,-0.77980
-0.26720,-0.73174
-0.29913,-0.67327
-0.34421,-0.58200
-0.30924,1.29696
-0.46323,1.34276
-0.51467,1.35216
-0.54377,1.35609
-0.56181,1.35800
-0.57374,1.35904
-0.58208,1.35965
-0.58817,1.36003
-0.59279,1.36029
-0.59639,1.36048
-0.59924,1.36061
-0.60153,1.36071
-0.60339,1.36078
-0.60491,1.36084
-0.60615,1.36088
-0.60717,1.36092
0.55901,-1.39301
0.55543,-1.39301
0.55074,-1.39297
0.54440,-1.39284
0.53546,-1.39250
0.52235,-1.39170
0.50228,-1.38972
0.47057,-1.38477
0.42036,-1.37246
0.34607,-1.34470
0.25290,-1.29520
0.15943,-1.23068
0.08059,-1.16534
0.01833,-1.10667
-0.03150,-1.05495
-0.07325,-1.00808
-0.10995,-0.96385
-0.14351,-0.92065
-0.17504,-0.87733
-0.20529,-0.83291
-0.23514,-0.78599
-0.26627,-0.73337
-0.30313,-0.66561
-0.36645,-0.53256
-0.30374,1.29483
-0.37855,1.32084
-0.43051,1.33523
-0.47179,1.34454
-0.50368,1.35041
-0.52751,1.35402
-0.54511,1.35625
-0.55819,1.35765
-0.56807,1.35857
-0.57565,1.35918
-0.58158,1.35961
-0.58627,1.35992
-0.59003,1.36014
-0.59307,1.36031
-0.59554,1.36044
-0.59755,1.36053
0.56291,-1.39298
0.56010,-1.39301
0.55650,-1.39301
0.55177,-1.39298
0.54529,-1.39286
0.53605,-1.39253
0.52227,-1.39169
0.50070,-1.38953
0.46574,-1.38383
0.40916,-1.36899
0.32542,-1.33508
0.22439,-1.27704
0.12918,-1.20677
0.05262,-1.13977
-0.00679,-1.08115
-0.05464,-1.02939
-0.09546,-0.98168
-0.13217,-0.93557
-0.16657,-0.88925
-0.19989,-0.84106
-0.23352,-0.78861
-0.27045,-0.72600
-0.32144,-0.62947
-0.19480,1.24477
-0.28798,1.28853
-0.33596,1.30681
-0.37601,1.32006
-0.41255,1.33059
-0.44581,1.33890
-0.47502,1.34519
-0.49960,1.34972
-0.51961,1.35290
-0.53562,1.35509
-0.54832,1.35661
-0.55840,1.35767
-0.56644,1.35842
-0.57288,1.35897
-0.57808,1.35936
-0.58229,1.35966
-0.58572,1.35988
0.56633,-1.39293
0.56410,-1.39296
0.56132,-1.39300
0.55775,-1.39301
0.55299,-1.39300
0.54643,-1.39289
0.53693,-1.39257
0.52249,-1.39171
0.49933,-1.38935
0.46058,-1.38276
0.39622,-1.36465
0.30131,-1.32286
0.19263,-1.25522
0.09722,-1.17994
0.02382,-1.11210
-0.03273,-1.05362
-0.07904,-1.00129
-0.11972,-0.95157
-0.15781,-0.90136
-0.19561,-0.84744
-0.23624,-0.78420
-0.28913,-0.69210
-0.10458,1.18972
-0.22439,1.25994
-0.27411,1.28274
-0.31126,1.29774
-0.34356,1.30946
-0.37370,1.31934
-0.40256,1.32786
-0.43008,1.33512
-0.45569,1.34113
-0.47876,1.34592
-0.49891,1.34961
-0.51604,1.35237
-0.53034,1.35441
-0.54214,1.35590
-0.55182,1.35699
-0.55973,1.35780
-0.56620,1.35840
-0.57148,1.35885
0.56938,-1.39286
0.56761,-1.39290
0.56545,-1.39294
0.56274,-1.39298
0.55923,-1.39301
0.55451,-1.39301
0.54793,-1.39292
0.53828,-1.39263
0.52328,-1.39177
0.49845,-1.38924
0.45525,-1.38159
0.38110,-1.35916
0.27279,-1.30706
0.15710,-1.22889
0.06322,-1.14960
-0.00649,-1.08146
-0.06059,-1.02265
-0.10652,-0.96812
-0.14960,-0.91251
-0.19527,-0.84795
-0.25910,-0.74586
-0.00150,1.10508
-0.15384,1.22155
-0.21821,1.25688
-0.26046,1.27680
-0.29339,1.29073
-0.32174,1.30167
-0.34778,1.31091
-0.37264,1.31901
-0.39680,1.32623
-0.42027,1.33263
-0.44275,1.33819
-0.46380,1.34289
-0.48303,1.34674
-0.50014,1.34982
-0.51505,1.35222
-0.52779,1.35406
-0.53855,1.35546
-0.54753,1.35652
-0.55500,1.35733
0.57217,-1.39277
0.57077,-1.39282
0.56910,-1.39286
0.56705,-1.39291
0.56445,-1.39296
0.56105,-1.39300
0.55646,-1.39301
0.54998,-1.39296
0.54032,-1.39271
0.52492,-1.39188
0.49840,-1.38923
0.44971,-1.38032
0.36232,-1.35170
0.23718,-1.28535
0.11570,-1.19565
0.02499,-1.11325
-0.04135,-1.04420
-0.09548,-0.98165
-0.14919,-0.91306
0.46556,0.18375
0.29653,0.62557
-0.01458,1.11746
-0.14073,1.21353
-0.20438,1.24983
-0.24628,1.27038
-0.27821,1.28447
-0.30493,1.29530
-0.32879,1.30425
-0.35110,1.31203
-0.37256,1.31899
-0.39353,1.32529
-0.41408,1.33100
-0.43408,1.33611
-0.45325,1.34059
-0.47127,1.34443
-0.48784,1.34764
-0.50273,1.35025
-0.51584,1.35234
-0.52718,1.35398
-0.53685,1.35525
0.57478,-1.39268
0.57370,-1.39272
0.57244,-1.39277
0.57090,-1.39281
0.56899,-1.39287
0.56657,-1.39292
0.56338,-1.39297
0.55903,-1.39301
0.55281,-1.39299
0.54336,-1.39281
0.52779,-1.39208
0.49942,-1.38937
0.44304,-1.37869
0.33496,-1.33962
0.18677,-1.25102
0.06068,-1.14727
-0.02942,-1.05721
-0.12289,-0.94753
0.46832,0.17576
0.43259,0.27785
0.30793,0.59912
0.02873,1.07428
-0.11538,1.19710
-0.18640,1.24023
-0.23119,1.26326
-0.26402,1.27837
-0.29056,1.28958
-0.31353,1.29860
-0.33443,1.30627
-0.35415,1.31305
-0.37319,1.31918
-0.39186,1.32480
-0.41025,1.32997
-0.42833,1.33468
-0.44593,1.33893
-0.46279,1.34267
-0.47864,1.34590
-0.49322,1.34861
-0.50635,1.35085
-0.51792,1.35265
0.57728,-1.39258
0.57650,-1.39262
0.57558,-1.39265
0.57448,-1.39270
0.57314,-1.39274
0.57146,-1.39280
0.56929,-1.39286
0.56643,-1.39292
0.56247,-1.39298
0.55674,-1.39301
0.54779,-1.39292
0.53229,-1.39234
0.50151,-1.38963
0.43117,-1.37557
0.27928,-1.31078
0.08677,-1.17081
0.50577,0.06530
0.47568,0.15428
0.45989,0.20017
0.43263,0.27774
0.34571,0.50783
0.09472,0.99482
-0.08114,1.17283
-0.16490,1.22810
-0.21490,1.25522
-0.24999,1.27209
-0.27735,1.28411
-0.30030,1.29348
-0.32062,1.30126
-0.33934,1.30800
-0.35710,1.31403
-0.37432,1.31953
-0.39125,1.32463
-0.40801,1.32936
-0.42462,1.33375
-0.44096,1.33777
-0.45684,1.34139
-0.47199,1.34458
-0.48616,1.34733
-0.49912,1.34964
0.57976,-1.39247
0.57925,-1.39250
0.57866,-1.39252
0.57796,-1.39255
0.57710,-1.39259
0.57605,-1.39263
0.57470,-1.39269
0.57295,-1.39275
0.57058,-1.39282
0.56727,-1.39291
0.56234,-1.39299
0.55431,-1.39301
0.53927,-1.39267
0.50384,-1.38990
0.38455,-1.36045
0.51850,0.02641
0.48270,0.13371
0.47167,0.16599
0.45936,0.20171
0.43794,0.26280
0.37876,0.42352
0.17676,0.86845
-0.03679,1.13729
-0.13942,1.21271
-0.19701,1.24595
-0.23558,1.26536
-0.26456,1.27861
-0.28813,1.28859
-0.30845,1.29666
-0.32674,1.30351
-0.34375,1.30953
-0.35998,1.31497
-0.37578,1.31998
-0.39138,1.32466
-0.40690,1.32906
-0.42238,1.33317
-0.43775,1.33700
-0.45282,1.34050
-0.46737,1.34363
-0.48112,1.34638
0.58229,-1.39234
0.58206,-1.39236
0.58180,-1.39237
0.58149,-1.39239
0.58110,-1.39241
0.58063,-1.39243
0.58001,-1.39246
0.57922,-1.39250
0.57814,-1.39255
0.57666,-1.39261
0.57452,-1.39269
0.57119,-1.39280
0.56537,-1.39294
0.55264,-1.39299
0.49382,-1.38862
0.49290,0.10370
0.48079,0.13932
0.47181,0.16560
0.46137,0.19590
0.44438,0.24459
0.40372,0.35726
0.26178,0.70282
0.02166,1.08177
-0.10844,1.19238
-0.17678,1.23489
-0.22020,1.25787
-0.25159,1.27282
-0.27636,1.28369
-0.29716,1.29224
-0.31545,1.29933
-0.33212,1.30545
-0.34776,1.31090
-0.36277,1.31588
-0.37745,1.32050
-0.39202,1.32485
-0.40660,1.32897
-0.42122,1.33287
-0.43584,1.33654
-0.45028,1.33993
-0.46433,1.34300
0.58496,-1.39220
0.58504,-1.39219
0.58514,-1.39219
0.58524,-1.39218
0.58536,-1.39217
0.58550,-1.39216
0.58566,-1.39215
0.58585,-1.39214
0.58609,-1.39213
0.58643,-1.39211
0.58696,-1.39207
0.58795,-1.39201
0.59026,-1.39186
0.59840,-1.39123
0.75387,-1.35605
0.49427,0.09969
0.48248,0.13436
0.47400,0.15918
0.46478,0.18604
0.45109,0.22546
0.42266,0.30547
0.33322,0.53862
0.10124,0.98595
-0.06839,1.16312
-0.15263,1.22083
-0.20294,1.24907
-0.23775,1.26639
-0.26433,1.27851
-0.28607,1.28775
-0.30477,1.29523
-0.32147,1.30157
-0.33686,1.30713
-0.35140,1.31213
-0.36543,1.31673
-0.37924,1.32105
-0.39302,1.32514
-0.40688,1.32905
-0.42087,1.33278
-0.43492,1.33631
-0.44888,1.33961
0.58788,-1.39202
0.58832,-1.39199
0.58882,-1.39195
0.58942,-1.39191
0.59014,-1.39187
0.59101,-1.39180
0.59211,-1.39172
0.59353,-1.39162
0.59545,-1.39147
0.59820,-1.39124
0.60246,-1.39086
0.60990,-1.39011
0.62542,-1.38819
0.66905,-1.38041
0.84623,-1.31687
0.50658,0.06368
0.48729,0.12020
0.47805,0.14735
0.46941,0.17259
0.45814,0.20522
0.43800,0.26264
0.38487,0.40751
0.20739,0.81279
-0.01067,1.11382
-0.12104,1.20087
-0.18191,1.23776
-0.22180,1.25867
-0.25111,1.27260
-0.27440,1.28286
-0.29395,1.29096
-0.31107,1.29767
-0.32656,1.30344
-0.34094,1.30856
-0.35463,1.31321
-0.36792,1.31752
-0.38107,1.32160
-0.39426,1.32550
-0.40760,1.32925
-0.42112,1.33285
-0.43476,1.33628
0.59117,-1.39179
0.59203,-1.39173
0.59304,-1.39166
0.59425,-1.39156
0.59573,-1.39145
0.59757,-1.39130
0.59992,-1.39109
0.60305,-1.39080
0.60739,-1.39037
0.61379,-1.38967
0.62393,-1.38840
0.64160,-1.38571
0.67577,-1.37892
0.74556,-1.35895
0.87099,-1.30417
1.05043,-1.18115
0.49967,0.08384
0.48493,0.12714
0.47572,0.15417
0.46596,0.18262
0.45145,0.22444
0.42068,0.31095
0.32164,0.56664
0.08631,1.00597
-0.07282,1.16654
-0.15275,1.22090
-0.20114,1.24813
-0.23490,1.26504
-0.26075,1.27693
-0.28187,1.28601
-0.29994,1.29334
-0.31597,1.29952
-0.33060,1.30490
-0.34428,1.30971
-0.35737,1.31411
-0.37014,1.31822
-0.38283,1.32213
-0.39562,1.32589
-0.40860,1.32952
-0.42181,1.33303
0.59498,-1.39151
0.59637,-1.39139
0.59803,-1.39126
0.60002,-1.39108
0.60250,-1.39086
0.60563,-1.39055
0.60972,-1.39013
0.61526,-1.38950
0.62309,-1.38851
0.63472,-1.38682
0.65294,-1.38368
0.68270,-1.37729
0.73141,-1.36363
0.80461,-1.33612
0.89622,-1.29026
0.99017,-1.22917
1.08954,-1.14553
0.50265,0.07514
0.48577,0.12469
0.47563,0.15443
0.46447,0.18693
0.44653,0.23847
0.40325,0.35852
0.25385,0.71970
0.02063,1.08285
-0.10339,1.18889
-0.16940,1.23070
-0.21167,1.25358
-0.24227,1.26852
-0.26630,1.27937
-0.28629,1.28784
-0.30361,1.29478
-0.31909,1.30069
-0.33329,1.30586
-0.34662,1.31051
-0.35941,1.31478
-0.37192,1.31878
-0.38438,1.32260
-0.39696,1.32628
-0.40977,1.32984
0.59950,-1.39113
0.60155,-1.39094
0.60403,-1.39071
0.60705,-1.39041
0.61083,-1.39001
0.61569,-1.38945
0.62210,-1.38864
0.63086,-1.38741
0.64323,-1.38543
0.66127,-1.38205
0.68805,-1.37598
0.72744,-1.36488
0.78215,-1.34542
0.85013,-1.31493
0.92322,-1.27425
0.99137,-1.22828
1.04853,-1.18279
1.09691,-1.13838
1.22913,-0.97978
0.49299,0.10346
0.48009,0.14136
0.46796,0.17679
0.44937,0.23038
0.40432,0.35562
0.24558,0.73701
0.01240,1.09131
-0.10702,1.19141
-0.17101,1.23162
-0.21241,1.25395
-0.24265,1.26869
-0.26658,1.27949
-0.28660,1.28796
-0.30402,1.29494
-0.31964,1.30090
-0.33399,1.30611
-0.34746,1.31080
-0.36036,1.31509
-0.37296,1.31911
-0.38548,1.32293
-0.39810,1.32660
0.60491,-1.39062
0.60781,-1.39033
0.61132,-1.38995
0.61565,-1.38945
0.62110,-1.38877
0.62813,-1.38781
0.63743,-1.38640
0.65004,-1.38422
0.66750,-1.38075
0.69189,-1.37501
0.72562,-1.36545
0.77043,-1.34998
0.82582,-1.32663
0.88800,-1.29490
0.95083,-1.25662
1.00840,-1.21544
1.05710,-1.17534
1.09591,-1.13936
1.12531,-1.10937
1.14657,-1.08606
1.16880,-1.06010
0.50432,0.07028
0.48414,0.12948
0.46835,0.17565
0.44157,0.25255
0.35639,0.48101
0.10480,0.98103
-0.06925,1.16379
-0.15097,1.21982
-0.19946,1.24725
-0.23331,1.26428
-0.25944,1.27635
-0.28101,1.28565
-0.29966,1.29323
-0.31634,1.29966
-0.33161,1.30526
-0.34589,1.31026
-0.35950,1.31481
-0.37268,1.31902
-0.38568,1.32299
0.61146,-1.38994
0.61539,-1.38948
0.62017,-1.38889
0.62607,-1.38810
0.63351,-1.38701
0.64307,-1.38546
0.65559,-1.38318
0.67223,-1.37971
0.69452,-1.37433
0.72412,-1.36591
0.76239,-1.35298
0.80948,-1.33400
0.86362,-1.30804
0.92125,-1.27546
0.97800,-1.23796
1.03026,-1.19810
1.07600,-1.15830
1.11488,-1.12030
1.14748,-1.08503
1.17463,-1.05301
1.19704,-1.02461
1.21501,-1.00045
1.22826,-0.98181
1.23537,-0.97153
1.23138,-0.97732
0.57686,-0.09622
0.47432,0.15827
0.41695,0.32122
0.15104,0.91160
-0.07271,1.16645
-0.16011,1.22529
-0.20840,1.25191
-0.24145,1.26814
-0.26708,1.27971
-0.28852,1.28875
-0.30739,1.29625
-0.32455,1.30271
-0.34051,1.30841
-0.35562,1.31354
-0.37012,1.31822
0.61933,-1.38900
0.62448,-1.38832
0.63072,-1.38743
0.63841,-1.38624
0.64802,-1.38459
0.66023,-1.38226
0.67593,-1.37888
0.69627,-1.37387
0.72253,-1.36640
0.75585,-1.35535
0.79672,-1.33947
0.84446,-1.31774
0.89697,-1.28983
0.95119,-1.25638
1.00393,-1.21887
1.05277,-1.17913
1.09650,-1.13878
1.13503,-1.09889
1.16876,-1.06015
1.19815,-1.02315
1.22343,-0.98869
1.24466,-0.95776
1.26192,-0.93125
1.27545,-0.90958
1.28566,-0.89272
1.29298,-0.88037
1.29756,-0.87253
1.29870,-0.87057
1.29176,-0.88244
1.24770,-0.95294
0.41390,0.32957
0.01230,1.09141
-0.14210,1.21438
-0.20363,1.24944
-0.24068,1.26777
-0.26809,1.28015
-0.29083,1.28969
-0.31097,1.29763
-0.32954,1.30452
-0.34704,1.31065
0.62864,-1.38774
0.63513,-1.38676
0.64294,-1.38548
0.65247,-1.38377
0.66424,-1.38144
0.67895,-1.37818
0.69748,-1.37355
0.72086,-1.36691
0.75010,-1.35738
0.78589,-1.34392
0.82819,-1.32553
0.87589,-1.30154
0.92686,-1.27200
0.97842,-1.23767
1.02808,-1.19987
1.07411,-1.16005
1.11574,-1.11940
1.15293,-1.07881
1.18584,-1.03904
1.21455,-1.00107
1.23899,-0.96621
1.25905,-0.93574
1.27492,-0.91045
1.28709,-0.89034
1.29625,-0.87477
1.30313,-0.86287
1.30830,-0.85378
1.31221,-0.84686
1.31509,-0.84170
1.31698,-0.83829
1.31748,-0.83740
1.31437,-0.84299
1.28353,-0.89628
0.38311,0.41216
-0.07756,1.17015
-0.18461,1.23925
-0.23255,1.26391
-0.26404,1.27838
-0.28916,1.28901
-0.31134,1.29777
0.63936,-1.38608
0.64721,-1.38474
0.65657,-1.38299
0.66783,-1.38068
0.68154,-1.37757
0.69840,-1.37331
0.71924,-1.36740
0.74497,-1.35915
0.77639,-1.34769
0.81386,-1.33206
0.85698,-1.31147
0.90438,-1.28554
0.95392,-1.25457
1.00320,-1.21943
1.05017,-1.18138
1.09356,-1.14165
1.13288,-1.10124
1.16811,-1.06094
1.19931,-1.02162
1.22639,-0.98448
1.24916,-0.95098
1.26755,-0.92234
1.28184,-0.89909
1.29265,-0.88093
1.30073,-0.86704
1.30679,-0.85645
1.31140,-0.84829
1.31497,-0.84191
1.31781,-0.83681
1.32009,-0.83267
1.32195,-0.82930
1.32342,-0.82662
1.32441,-0.82481
1.32452,-0.82461
1.32179,-0.82960
1.28836,-0.88820
0.21396,0.80024
-0.14129,1.21388
-0.21655,1.25605
-0.25583,1.27473
0.65129,-1.38399
0.66040,-1.38223
0.67112,-1.37996
0.68387,-1.37701
0.69920,-1.37309
0.71779,-1.36783
0.74046,-1.36067
0.76802,-1.35089
0.80110,-1.33762
0.83981,-1.32000
0.88344,-1.29743
0.93043,-1.26977
0.97860,-1.23754
1.02574,-1.20176
1.07017,-1.16366
1.11095,-1.12433
1.14784,-1.08462
1.18089,-1.04527
1.21010,-1.00718
1.23532,-0.97160
1.25635,-0.93994
1.27318,-0.91327
1.28617,-0.89188
1.29594,-0.87531
1.30324,-0.86267
1.30873,-0.85304
1.31291,-0.84561
1.31617,-0.83977
1.31877,-0.83508
1.32089,-0.83123
1.32266,-0.82800
1.32417,-0.82524
1.32547,-0.82286
1.32658,-0.82082
1.32749,-0.81915
1.32807,-0.81807
1.32788,-0.81844
1.32437,-0.82489
0.55124,-0.04903
-0.02114,1.12347
0.66405,-1.38148
0.67422,-1.37927
0.68605,-1.37647
0.69999,-1.37288
0.71660,-1.36819
0.73657,-1.36196
0.76072,-1.35359
0.78980,-1.34234
0.82426,-1.32735
0.86398,-1.30786
0.90797,-1.28344
0.95445,-1.25421
1.00122,-1.22093
1.04626,-1.18473
1.08819,-1.14683
1.12641,-1.10820
1.16088,-1.06955
1.19171,-1.03153
1.21892,-0.99502
1.24234,-0.96124
1.26176,-0.93149
1.27725,-0.90665
1.28917,-0.88683
1.29815,-0.87151
1.30488,-0.85981
1.30995,-0.85087
1.31383,-0.84395
1.31687,-0.83849
1.31931,-0.83410
1.32130,-0.83048
1.32296,-0.82745
1.32437,-0.82487
1.32560,-0.82263
1.32666,-0.82067
1.32761,-0.81892
1.32846,-0.81735
1.32922,-0.81596
1.32983,-0.81482
1.33016,-0.81421
1.32958,-0.81530
0.67717,-1.37859
0.68815,-1.37595
0.70084,-1.37265
0.71569,-1.36846
0.73332,-1.36301
0.75446,-1.35585
0.77990,-1.34631
0.81034,-1.33362
0.84606,-1.31695
0.88668,-1.29564
0.93091,-1.26947
0.97676,-1.23884
1.02204,-1.20473
1.06494,-1.16838
1.10440,-1.13095
1.14014,-1.09326
1.17227,-1.05589
1.20099,-1.01940
1.22631,-0.98461
1.24805,-0.95266
1.26605,-0.92472
1.28038,-0.90150
1.29142,-0.88302
1.29977,-0.86871
1.30605,-0.85775
1.31081,-0.84934
1.31448,-0.84279
1.31737,-0.83760
1.31969,-0.83341
1.32158,-0.82996
1.32317,-0.82707
1.32452,-0.82461
1.32567,-0.82249
1.32668,-0.82065
1.32756,-0.81902
1.32835,-0.81757
1.32906,-0.81625
1.32971,-0.81504
1.33032,-0.81392
1.33087,-0.81290
0.69019,-1.37544
0.70176,-1.37240
0.71508,-1.36864
0.73066,-1.36387
0.74917,-1.35770
0.77137,-1.34962
0.79805,-1.33891
0.82982,-1.32477
0.86676,-1.30640
0.90819,-1.28330
0.95252,-1.25550
0.99760,-1.22366
1.04126,-1.18897
1.08197,-1.15273
1.11901,-1.11601
1.15236,-1.07947
1.18229,-1.04351
1.20903,-1.00862
1.23260,-0.97555
1.25283,-0.94537
1.26957,-0.91909
1.28291,-0.89731
1.29322,-0.87996
1.30104,-0.86650
1.30697,-0.85614
1.31148,-0.84815
1.31498,-0.84189
1.31775,-0.83692
1.31997,-0.83289
1.32181,-0.82956
1.32334,-0.82676
1.32464,-0.82438
1.32576,-0.82234
1.32672,-0.82057
1.32756,-0.81902
1.32830,-0.81765
1.32896,-0.81644
1.32955,-0.81535
1.33009,-0.81435
1.33059,-0.81342
0.70275,-1.37213
0.71473,-1.36874
0.72855,-1.36454
0.74477,-1.35922
0.76412,-1.35234
0.78738,-1.34332
0.81534,-1.33140
0.84847,-1.31576
0.88662,-1.29567
0.92877,-1.27081
0.97303,-1.24148
1.01712,-1.20865
1.05902,-1.17366
1.09749,-1.13780
1.13217,-1.10200
1.16326,-1.06673
1.19114,-1.03227
1.21607,-0.99898
1.23806,-0.96759
1.25693,-0.93904
1.27256,-0.91427
1.28504,-0.89376
1.29472,-0.87741
1.30210,-0.86466
1.30772,-0.85481
1.31203,-0.84717
1.31539,-0.84116
1.31806,-0.83636
1.32021,-0.83245
1.32199,-0.82922
1.32349,-0.82650
1.32475,-0.82418
1.32584,-0.82219
1.32678,-0.82046
1.32759,-0.81896
1.32831,-0.81764
1.32893,-0.81648
1.32949,-0.81546
1.32998,-0.81454
1.33043,-0.81371
