-0.61806,1.36119
-0.61806,1.36119
-0.61806,1.36119
-0.61806,1.36119
-0.61806,1.36119
-0.61806,1.36119
-0.61806,1.36119
-0.61806,1.36119
-0.61805,1.36119
-0.61805,1.36119
-0.61805,1.36119
-0.61804,1.36119
-0.61803,1.36119
-0.61802,1.36119
-0.61801,1.36119
-0.61800,1.36119
-0.61798,1.36119
-0.61796,1.36119
-0.61794,1.36119
-0.61791,1.36119
-0.61789,1.36119
-0.61786,1.36119
-0.61783,1.36119
-0.61780,1.36119
-0.61777,1.36119
-0.61775,1.36119
-0.61773,1.36119
-0.61771,1.36119
-0.61770,1.36119
-0.61769,1.36119
-0.61768,1.36119
-0.61768,1.36119
-0.61767,1.36119
-0.61767,1.36119
-0.61767,1.36119
-0.61767,1.36119
-0.61766,1.36119
-0.61766,1.36119
-0.61766,1.36119
-0.61766,1.36119
-0.61807,1.36119
-0.61806,1.36119
-0.61806,1.36119
-0.61806,1.36119
-0.61806,1.36119
-0.61806,1.36119
-0.61806,1.36119
-0.61806,1.36119
-0.61805,1.36119
-0.61805,1.36119
-0.61805,1.36119
-0.61804,1.36119
-0.61803,1.36119
-0.61802,1.36119
-0.61801,1.36119
-0.61800,1.36119
-0.61798,1.36119
-0.61796,1.36119
-0.61794,1.36119
-0.61791,1.36119
-0.61788,1.36119
-0.61785,1.36119
-0.61782,1.36119
-0.61779,1.36119
-0.61777,1.36119
-0.61774,1.36119
-0.61772,1.36119
-0.61771,1.36119
-0.61769,1.36119
-0.61769,1.36119
-0.61768,1.36119
-0.61768,1.36119
-0.61767,1.36119
-0.61767,1.36119
-0.61767,1.36119
-0.61766,1.36119
-0.61766,1.36119
-0.61766,1.36119
-0.61766,1.36119
-0.61766,1.36119
-0.61807,1.36120
-0.61807,1.36119
-0.61806,1.36119
-0.61806,1.36119
-0.61806,1.36119
-0.61806,1.36119
-0.61806,1.36119
-0.61806,1.36119
-0.61805,1.36119
-0.61805,1.36119
-0.61805,1.36119
-0.61804,1.36119
-0.61803,1.36119
-0.61802,1.36119
-0.61801,1.36119
-0.61800,1.36119
-0.61798,1.36119
-0.61796,1.36119
-0.61793,1.36119
-0.61791,1.36119
-0.61788,1.36119
-0.61784,1.36119
-0.61781,1.36119
-0.61778,1.36119
-0.61776,1.36119
-0.61773,1.36119
-0.61771,1.36119
-0.61770,1.36119
-0.61769,1.36119
-0.61768,1.36119
-0.61768,1.36119
-0.61767,1.36119
-0.61767,1.36119
-0.61767,1.36119
-0.61767,1.36119
-0.61766,1.36119
-0.61766,1.36119
-0.61766,1.36119
-0.61766,1.36119
-0.61766,1.36119
-0.61807,1.36120
-0.61807,1.36120
-0.61807,1.36119
-0.61806,1.36119
-0.61806,1.36119
-0.61806,1.36119
-0.61806,1.36119
-0.61806,1.36119
-0.61805,1.36119
-0.61805,1.36119
-0.61805,1.36119
-0.61804,1.36119
-0.61803,1.36119
-0.61802,1.36119
-0.61801,1.36119
-0.61800,1.36119
-0.61798,1.36119
-0.61796,1.36119
-0.61793,1.36119
-0.61790,1.36119
-0.61787,1.36119
-0.61784,1.36119
-0.61781,1.36119
-0.61778,1.36119
-0.61775,1.36119
-0.61773,1.36119
-0.61771,1.36119
-0.61770,1.36119
-0.61769,1.36119
-0.61768,1.36119
-0.61767,1.36119
-0.61767,1.36119
-0.61767,1.36119
-0.61767,1.36119
-0.61766,1.36119
-0.61766,1.36119
-0.61766,1.36119
-0.61766,1.36119
-0.61766,1.36119
-0.61766,1.36119
-0.61807,1.36120
-0.61807,1.36120
-0.61807,1.36120
-0.61807,1.36120
-0.61806,1.36119
-0.61806,1.36119
-0.61806,1.36119
-0.61806,1.36119
-0.61805,1.36119
-0.61805,1.36119
-0.61805,1.36119
-0.61804,1.36119
-0.61803,1.36119
-0.61802,1.36119
-0.61801,1.36119
-0.61800,1.36119
-0.61798,1.36119
-0.61795,1.36119
-0.61793,1.36119
-0.61789,1.36119
-0.61786,1.36119
-0.61783,1.36119
-0.61780,1.36119
-0.61777,1.36119
-0.61774,1.36119
-0.61772,1.36119
-0.61770,1.36119
-0.61769,1.36119
-0.61768,1.36119
-0.61768,1.36119
-0.61767,1.36119
-0.61767,1.36119
-0.61767,1.36119
-0.61766,1.36119
-0.61766,1.36119
-0.61766,1.36119
-0.61766,1.36119
-0.61766,1.36119
-0.61766,1.36119
-0.61765,1.36119
0.58685,-1.39208
0.58674,-1.39209
0.58639,-1.39211
-0.61806,1.36119
-0.61807,1.36120
-0.61806,1.36119
-0.61806,1.36119
-0.61806,1.36119
-0.61806,1.36119
-0.61805,1.36119
-0.61805,1.36119
-0.61804,1.36119
-0.61803,1.36119
-0.61802,1.36119
-0.61801,1.36119
-0.61799,1.36119
-0.61797,1.36119
-0.61795,1.36119
-0.61792,1.36119
-0.61789,1.36119
-0.61785,1.36119
-0.61782,1.36119
-0.61779,1.36119
-0.61776,1.36119
-0.61773,1.36119
-0.61771,1.36119
-0.61770,1.36119
-0.61769,1.36119
-0.61768,1.36119
-0.61767,1.36119
-0.61767,1.36119
-0.61767,1.36119
-0.61766,1.36119
-0.61766,1.36119
-0.61766,1.36119
-0.61766,1.36119
-0.61766,1.36119
-0.61765,1.36119
-0.61765,1.36119
-0.61765,1.36119
0.58694,-1.39208
0.58692,-1.39208
0.58688,-1.39208
0.58683,-1.39208
0.58674,-1.39209
0.58652,-1.39210
-0.61803,1.36119
-0.61806,1.36119
-0.61805,1.36119
-0.61805,1.36119
-0.61805,1.36119
-0.61804,1.36119
-0.61803,1.36119
-0.61802,1.36119
-0.61801,1.36119
-0.61799,1.36119
-0.61797,1.36119
-0.61794,1.36119
-0.61791,1.36119
-0.61788,1.36119
-0.61784,1.36119
-0.61781,1.36119
-0.61777,1.36119
-0.61775,1.36119
-0.61772,1.36119
-0.61771,1.36119
-0.61769,1.36119
-0.61768,1.36119
-0.61768,1.36119
-0.61767,1.36119
-0.61767,1.36119
-0.61766,1.36119
-0.61766,1.36119
-0.61766,1.36119
-0.61766,1.36119
-0.61766,1.36119
-0.61765,1.36119
-0.61765,1.36119
-0.61765,1.36119
-0.61765,1.36119
0.58697,-1.39207
0.58696,-1.39207
0.58694,-1.39208
0.58693,-1.39208
0.58690,-1.39208
0.58687,-1.39208
0.58683,-1.39208
0.58676,-1.39209
0.58665,-1.39209
0.58642,-1.39211
-0.61798,1.36119
-0.61802,1.36119
-0.61802,1.36119
-0.61801,1.36119
-0.61800,1.36119
-0.61798,1.36119
-0.61796,1.36119
-0.61793,1.36119
-0.61790,1.36119
-0.61786,1.36119
-0.61783,1.36119
-0.61779,1.36119
-0.61776,1.36119
-0.61774,1.36119
-0.61772,1.36119
-0.61770,1.36119
-0.61769,1.36119
-0.61768,1.36119
-0.61767,1.36119
-0.61767,1.36119
-0.61766,1.36119
-0.61766,1.36119
-0.61766,1.36119
-0.61766,1.36119
-0.61765,1.36119
-0.61765,1.36119
-0.61765,1.36119
-0.61765,1.36119
-0.61765,1.36119
-0.61765,1.36119
0.58698,-1.39207
0.58697,-1.39207
0.58697,-1.39207
0.58696,-1.39207
0.58695,-1.39208
0.58693,-1.39208
0.58691,-1.39208
0.58689,-1.39208
0.58686,-1.39208
0.58682,-1.39208
0.58678,-1.39209
0.58672,-1.39209
0.58664,-1.39209
0.58652,-1.39210
0.58632,-1.39211
0.58569,-1.39215
-0.61790,1.36119
-0.61789,1.36119
-0.61787,1.36119
-0.61784,1.36119
-0.61781,1.36119
-0.61778,1.36119
-0.61775,1.36119
-0.61773,1.36119
-0.61771,1.36119
-0.61769,1.36119
-0.61768,1.36119
-0.61767,1.36119
-0.61767,1.36119
-0.61766,1.36119
-0.61766,1.36119
-0.61766,1.36119
-0.61766,1.36119
-0.61765,1.36119
-0.61765,1.36119
-0.61765,1.36119
-0.61765,1.36119
-0.61765,1.36119
-0.61765,1.36119
-0.61765,1.36119
0.58698,-1.39207
0.58698,-1.39207
0.58697,-1.39207
0.58697,-1.39207
0.58696,-1.39207
0.58695,-1.39207
0.58694,-1.39208
0.58693,-1.39208
0.58692,-1.39208
0.58690,-1.39208
0.58687,-1.39208
0.58684,-1.39208
0.58681,-1.39208
0.58676,-1.39209
0.58671,-1.39209
0.58664,-1.39209
0.58655,-1.39210
0.58641,-1.39211
0.58617,-1.39212
0.58525,-1.39218
-0.61779,1.36119
-0.61776,1.36119
-0.61774,1.36119
-0.61772,1.36119
-0.61770,1.36119
-0.61769,1.36119
-0.61768,1.36119
-0.61767,1.36119
-0.61766,1.36119
-0.61766,1.36119
-0.61766,1.36119
-0.61765,1.36119
-0.61765,1.36119
-0.61765,1.36119
-0.61765,1.36119
-0.61765,1.36119
-0.61765,1.36119
-0.61765,1.36119
-0.61765,1.36119
-0.61765,1.36119
0.58698,-1.39207
0.58698,-1.39207
0.58698,-1.39207
0.58697,-1.39207
0.58697,-1.39207
0.58697,-1.39207
0.58696,-1.39207
0.58695,-1.39207
0.58694,-1.39208
0.58693,-1.39208
0.58691,-1.39208
0.58689,-1.39208
0.58686,-1.39208
0.58683,-1.39208
0.58680,-1.39208
0.58675,-1.39209
0.58669,-1.39209
0.58661,-1.39210
0.58651,-1.39210
0.58636,-1.39211
0.58610,-1.39213
0.58528,-1.39218
-0.61774,1.36119
-0.61771,1.36119
-0.61769,1.36119
-0.61768,1.36119
-0.61767,1.36119
-0.61766,1.36119
-0.61766,1.36119
-0.61766,1.36119
-0.61765,1.36119
-0.61765,1.36119
-0.61765,1.36119
-0.61765,1.36119
-0.61765,1.36119
-0.61765,1.36119
-0.61765,1.36119
-0.61765,1.36119
-0.61765,1.36119
-0.61764,1.36119
0.58698,-1.39207
0.58698,-1.39207
0.58698,-1.39207
0.58698,-1.39207
0.58698,-1.39207
0.58697,-1.39207
0.58697,-1.39207
0.58696,-1.39207
0.58695,-1.39207
0.58694,-1.39208
0.58693,-1.39208
0.58691,-1.39208
0.58689,-1.39208
0.58687,-1.39208
0.58684,-1.39208
0.58680,-1.39208
0.58675,-1.39209
0.58668,-1.39209
0.58661,-1.39210
0.58650,-1.39210
0.58636,-1.39211
0.58615,-1.39212
0.58565,-1.39215
-0.61772,1.36119
-0.61769,1.36119
-0.61767,1.36119
-0.61766,1.36119
-0.61766,1.36119
-0.61765,1.36119
-0.61765,1.36119
-0.61765,1.36119
-0.61765,1.36119
-0.61765,1.36119
-0.61765,1.36119
-0.61765,1.36119
-0.61764,1.36119
-0.61764,1.36119
-0.61764,1.36119
-0.61764,1.36119
-0.61764,1.36119
0.58698,-1.39207
0.58698,-1.39207
0.58698,-1.39207
0.58698,-1.39207
0.58698,-1.39207
0.58698,-1.39207
0.58697,-1.39207
0.58697,-1.39207
0.58696,-1.39207
0.58695,-1.39207
0.58694,-1.39208
0.58693,-1.39208
0.58691,-1.39208
0.58689,-1.39208
0.58686,-1.39208
0.58683,-1.39208
0.58678,-1.39209
0.58673,-1.39209
0.58666,-1.39209
0.58657,-1.39210
0.58646,-1.39211
0.58631,-1.39211
0.58607,-1.39213
0.58544,-1.39217
-0.61768,1.36119
-0.61766,1.36119
-0.61766,1.36119
-0.61765,1.36119
-0.61765,1.36119
-0.61765,1.36119
-0.61765,1.36119
-0.61764,1.36119
-0.61764,1.36119
-0.61764,1.36119
-0.61764,1.36119
-0.61764,1.36119
-0.61764,1.36119
-0.61764,1.36119
-0.61764,1.36119
-0.61764,1.36119
0.58698,-1.39207
0.58698,-1.39207
0.58698,-1.39207
0.58698,-1.39207
0.58698,-1.39207
0.58698,-1.39207
0.58697,-1.39207
0.58697,-1.39207
0.58697,-1.39207
0.58696,-1.39207
0.58695,-1.39207
0.58694,-1.39208
0.58692,-1.39208
0.58690,-1.39208
0.58688,-1.39208
0.58685,-1.39208
0.58681,-1.39208
0.58676,-1.39209
0.58669,-1.39209
0.58661,-1.39210
0.58651,-1.39210
0.58639,-1.39211
0.58621,-1.39212
0.58585,-1.39214
-0.61766,1.36119
-0.61765,1.36119
-0.61764,1.36119
-0.61764,1.36119
-0.61764,1.36119
-0.61764,1.36119
-0.61764,1.36119
-0.61764,1.36119
-0.61764,1.36119
-0.61764,1.36119
-0.61764,1.36119
-0.61764,1.36119
-0.61764,1.36119
-0.61764,1.36119
-0.61764,1.36119
-0.61764,1.36119
0.58698,-1.39207
0.58698,-1.39207
0.58698,-1.39207
0.58698,-1.39207
0.58698,-1.39207
0.58698,-1.39207
0.58698,-1.39207
0.58697,-1.39207
0.58697,-1.39207
0.58696,-1.39207
0.58696,-1.39207
0.58695,-1.39208
0.58693,-1.39208
0.58692,-1.39208
0.58689,-1.39208
0.58686,-1.39208
0.58683,-1.39208
0.58678,-1.39209
0.58672,-1.39209
0.58664,-1.39209
0.58655,-1.39210
0.58643,-1.39211
0.58626,-1.39212
0.58596,-1.39214
0.58389,-1.39226
-0.61762,1.36119
-0.61763,1.36119
-0.61763,1.36119
-0.61763,1.36119
-0.61763,1.36119
-0.61763,1.36119
-0.61763,1.36119
-0.61763,1.36119
-0.61763,1.36119
-0.61763,1.36119
-0.61764,1.36119
-0.61764,1.36119
-0.61764,1.36119
-0.61764,1.36119
-0.61764,1.36119
0.58698,-1.39207
0.58698,-1.39207
0.58698,-1.39207
0.58698,-1.39207
0.58698,-1.39207
0.58698,-1.39207
0.58698,-1.39207
0.58698,-1.39207
0.58697,-1.39207
0.58697,-1.39207
0.58696,-1.39207
0.58695,-1.39207
0.58694,-1.39208
0.58693,-1.39208
0.58691,-1.39208
0.58688,-1.39208
0.58684,-1.39208
0.58680,-1.39208
0.58674,-1.39209
0.58666,-1.39209
0.58657,-1.39210
0.58645,-1.39211
0.58628,-1.39212
0.58595,-1.39214
-0.61737,1.36118
-0.61755,1.36119
-0.61758,1.36119
-0.61760,1.36119
-0.61761,1.36119
-0.61762,1.36119
-0.61762,1.36119
-0.61762,1.36119
-0.61763,1.36119
-0.61763,1.36119
-0.61763,1.36119
-0.61763,1.36119
-0.61763,1.36119
-0.61763,1.36119
-0.61763,1.36119
-0.61763,1.36119
0.58698,-1.39207
0.58698,-1.39207
0.58698,-1.39207
0.58698,-1.39207
0.58698,-1.39207
0.58698,-1.39207
0.58698,-1.39207
0.58698,-1.39207
0.58698,-1.39207
0.58697,-1.39207
0.58697,-1.39207
0.58696,-1.39207
0.58695,-1.39207
0.58694,-1.39208
0.58692,-1.39208
0.58689,-1.39208
0.58686,-1.39208
0.58681,-1.39208
0.58675,-1.39209
0.58668,-1.39209
0.58658,-1.39210
0.58645,-1.39211
0.58625,-1.39212
0.58573,-1.39215
-0.61736,1.36118
-0.61747,1.36118
-0.61752,1.36119
-0.61755,1.36119
-0.61758,1.36119
-0.61759,1.36119
-0.61760,1.36119
-0.61761,1.36119
-0.61761,1.36119
-0.61762,1.36119
-0.61762,1.36119
-0.61762,1.36119
-0.61762,1.36119
-0.61763,1.36119
-0.61763,1.36119
-0.61763,1.36119
0.58698,-1.39207
0.58698,-1.39207
0.58698,-1.39207
0.58698,-1.39207
0.58698,-1.39207
0.58698,-1.39207
0.58698,-1.39207
0.58698,-1.39207
0.58698,-1.39207
0.58698,-1.39207
0.58697,-1.39207
0.58697,-1.39207
0.58696,-1.39207
0.58694,-1.39208
0.58693,-1.39208
0.58690,-1.39208
0.58687,-1.39208
0.58683,-1.39208
0.58677,-1.39209
0.58669,-1.39209
0.58659,-1.39210
0.58643,-1.39211
0.58613,-1.39213
-0.61712,1.36118
-0.61733,1.36118
-0.61741,1.36118
-0.61746,1.36118
-0.61750,1.36118
-0.61753,1.36119
-0.61756,1.36119
-0.61757,1.36119
-0.61759,1.36119
-0.61760,1.36119
-0.61760,1.36119
-0.61761,1.36119
-0.61761,1.36119
-0.61762,1.36119
-0.61762,1.36119
-0.61762,1.36119
-0.61762,1.36119
0.58698,-1.39207
0.58698,-1.39207
0.58698,-1.39207
0.58698,-1.39207
0.58698,-1.39207
0.58698,-1.39207
0.58698,-1.39207
0.58698,-1.39207
0.58698,-1.39207
0.58698,-1.39207
0.58698,-1.39207
0.58697,-1.39207
0.58696,-1.39207
0.58695,-1.39207
0.58694,-1.39208
0.58692,-1.39208
0.58689,-1.39208
0.58685,-1.39208
0.58679,-1.39208
0.58671,-1.39209
0.58658,-1.39210
0.58634,-1.39211
-0.61683,1.36117
-0.61720,1.36118
-0.61730,1.36118
-0.61737,1.36118
-0.61742,1.36118
-0.61746,1.36118
-0.61749,1.36118
-0.61752,1.36119
-0.61754,1.36119
-0.61756,1.36119
-0.61757,1.36119
-0.61759,1.36119
-0.61759,1.36119
-0.61760,1.36119
-0.61761,1.36119
-0.61761,1.36119
-0.61761,1.36119
-0.61762,1.36119
0.58698,-1.39207
0.58698,-1.39207
0.58698,-1.39207
0.58698,-1.39207
0.58698,-1.39207
0.58698,-1.39207
0.58698,-1.39207
0.58698,-1.39207
0.58698,-1.39207
0.58698,-1.39207
0.58698,-1.39207
0.58697,-1.39207
0.58697,-1.39207
0.58696,-1.39207
0.58695,-1.39208
0.58693,-1.39208
0.58690,-1.39208
0.58686,-1.39208
0.58680,-1.39208
0.58671,-1.39209
0.58649,-1.39210
-0.61643,1.36116
-0.61700,1.36118
-0.61718,1.36118
-0.61728,1.36118
-0.61734,1.36118
-0.61739,1.36118
-0.61743,1.36118
-0.61746,1.36118
-0.61749,1.36118
-0.61751,1.36118
-0.61753,1.36119
-0.61755,1.36119
-0.61756,1.36119
-0.61757,1.36119
-0.61758,1.36119
-0.61759,1.36119
-0.61760,1.36119
-0.61760,1.36119
-0.61761,1.36119
0.58698,-1.39207
0.58698,-1.39207
0.58698,-1.39207
0.58698,-1.39207
0.58698,-1.39207
0.58698,-1.39207
0.58698,-1.39207
0.58698,-1.39207
0.58698,-1.39207
0.58698,-1.39207
0.58698,-1.39207
0.58698,-1.39207
0.58697,-1.39207
0.58697,-1.39207
0.58696,-1.39207
0.58694,-1.39208
0.58691,-1.39208
0.58687,-1.39208
0.58680,-1.39208
-0.59828,1.36057
-0.61443,1.36112
-0.61649,1.36117
-0.61696,1.36117
-0.61714,1.36118
-0.61725,1.36118
-0.61731,1.36118
-0.61736,1.36118
-0.61740,1.36118
-0.61743,1.36118
-0.61746,1.36118
-0.61748,1.36118
-0.61751,1.36118
-0.61752,1.36119
-0.61754,1.36119
-0.61755,1.36119
-0.61757,1.36119
-0.61758,1.36119
-0.61758,1.36119
-0.61759,1.36119
-0.61760,1.36119
0.58698,-1.39207
0.58698,-1.39207
0.58698,-1.39207
0.58698,-1.39207
0.58698,-1.39207
0.58698,-1.39207
0.58698,-1.39207
0.58698,-1.39207
0.58698,-1.39207
0.58698,-1.39207
0.58698,-1.39207
0.58698,-1.39207
0.58698,-1.39207
0.58697,-1.39207
0.58696,-1.39207
0.58695,-1.39208
0.58692,-1.39208
0.58684,-1.39208
-0.59687,1.36050
-0.60797,1.36094
-0.61427,1.36112
-0.61630,1.36116
-0.61687,1.36117
-0.61710,1.36118
-0.61721,1.36118
-0.61728,1.36118
-0.61734,1.36118
-0.61738,1.36118
-0.61741,1.36118
-0.61744,1.36118
-0.61746,1.36118
-0.61748,1.36118
-0.61750,1.36118
-0.61752,1.36119
-0.61753,1.36119
-0.61755,1.36119
-0.61756,1.36119
-0.61757,1.36119
-0.61758,1.36119
-0.61759,1.36119
0.58698,-1.39207
0.58698,-1.39207
0.58698,-1.39207
0.58698,-1.39207
0.58698,-1.39207
0.58698,-1.39207
0.58698,-1.39207
0.58698,-1.39207
0.58698,-1.39207
0.58698,-1.39207
0.58698,-1.39207
0.58698,-1.39207
0.58698,-1.39207
0.58698,-1.39207
0.58697,-1.39207
0.58695,-1.39207
-0.56321,1.35813
-0.59241,1.36027
-0.60081,1.36068
-0.60796,1.36094
-0.61354,1.36110
-0.61599,1.36116
-0.61675,1.36117
-0.61703,1.36118
-0.61717,1.36118
-0.61725,1.36118
-0.61731,1.36118
-0.61735,1.36118
-0.61739,1.36118
-0.61742,1.36118
-0.61744,1.36118
-0.61746,1.36118
-0.61748,1.36118
-0.61750,1.36118
-0.61752,1.36119
-0.61753,1.36119
-0.61754,1.36119
-0.61756,1.36119
-0.61757,1.36119
-0.61757,1.36119
0.58698,-1.39207
0.58698,-1.39207
0.58698,-1.39207
0.58698,-1.39207
0.58698,-1.39207
0.58698,-1.39207
0.58698,-1.39207
0.58698,-1.39207
0.58698,-1.39207
0.58698,-1.39207
0.58698,-1.39207
0.58698,-1.39207
0.58698,-1.39207
0.58698,-1.39207
0.58697,-1.39207
-0.54697,1.35646
-0.58717,1.35997
-0.59496,1.36041
-0.60102,1.36069
-0.60703,1.36091
-0.61248,1.36107
-0.61553,1.36115
-0.61658,1.36117
-0.61695,1.36117
-0.61712,1.36118
-0.61722,1.36118
-0.61729,1.36118
-0.61733,1.36118
-0.61737,1.36118
-0.61740,1.36118
-0.61742,1.36118
-0.61744,1.36118
-0.61746,1.36118
-0.61748,1.36118
-0.61750,1.36118
-0.61751,1.36118
-0.61753,1.36119
-0.61754,1.36119
-0.61755,1.36119
-0.61756,1.36119
0.58698,-1.39207
0.58698,-1.39207
0.58698,-1.39207
0.58698,-1.39207
0.58698,-1.39207
0.58698,-1.39207
0.58698,-1.39207
0.58698,-1.39207
0.58698,-1.39207
0.58698,-1.39207
0.58698,-1.39207
0.58698,-1.39207
0.58698,-1.39207
0.58698,-1.39207
0.58698,-1.39207
-0.57776,1.35934
-0.58870,1.36007
-0.59488,1.36040
-0.60020,1.36065
-0.60566,1.36087
-0.61111,1.36104
-0.61484,1.36113
-0.61633,1.36116
-0.61685,1.36117
-0.61707,1.36118
-0.61718,1.36118
-0.61726,1.36118
-0.61731,1.36118
-0.61735,1.36118
-0.61738,1.36118
-0.61740,1.36118
-0.61743,1.36118
-0.61745,1.36118
-0.61747,1.36118
-0.61748,1.36118
-0.61750,1.36118
-0.61751,1.36118
-0.61753,1.36119
-0.61754,1.36119
-0.61755,1.36119
0.58698,-1.39207
0.58698,-1.39207
0.58698,-1.39207
0.58698,-1.39207
0.58698,-1.39207
0.58698,-1.39207
0.58698,-1.39207
0.58698,-1.39207
0.58698,-1.39207
0.58698,-1.39207
0.58698,-1.39207
0.58698,-1.39207
0.58698,-1.39207
0.58698,-1.39207
0.58699,-1.39207
-0.57636,1.35924
-0.58735,1.35998
-0.59352,1.36033
-0.59866,1.36058
-0.60387,1.36080
-0.60935,1.36099
-0.61382,1.36111
-0.61596,1.36115
-0.61670,1.36117
-0.61699,1.36118
-0.61714,1.36118
-0.61723,1.36118
-0.61729,1.36118
-0.61733,1.36118
-0.61736,1.36118
-0.61739,1.36118
-0.61741,1.36118
-0.61743,1.36118
-0.61745,1.36118
-0.61747,1.36118
-0.61748,1.36118
-0.61750,1.36118
-0.61751,1.36118
-0.61752,1.36119
-0.61754,1.36119
0.58698,-1.39207
0.58698,-1.39207
0.58698,-1.39207
0.58698,-1.39207
0.58698,-1.39207
0.58698,-1.39207
0.58698,-1.39207
0.58698,-1.39207
0.58698,-1.39207
0.58698,-1.39207
0.58698,-1.39207
0.58698,-1.39207
0.58699,-1.39207
0.58699,-1.39207
0.58700,-1.39207
-0.56252,1.35807
-0.58318,1.35972
-0.59076,1.36018
-0.59627,1.36047
-0.60150,1.36071
-0.60702,1.36091
-0.61221,1.36107
-0.61531,1.36114
-0.61647,1.36116
-0.61689,1.36117
-0.61708,1.36118
-0.61719,1.36118
-0.61726,1.36118
-0.61731,1.36118
-0.61734,1.36118
-0.61737,1.36118
-0.61740,1.36118
-0.61742,1.36118
-0.61744,1.36118
-0.61745,1.36118
-0.61747,1.36118
-0.61748,1.36118
-0.61750,1.36118
-0.61751,1.36118
-0.61752,1.36119
0.58698,-1.39207
0.58698,-1.39207
0.58698,-1.39207
0.58698,-1.39207
0.58698,-1.39207
0.58698,-1.39207
0.58698,-1.39207
0.58698,-1.39207
0.58698,-1.39207
0.58698,-1.39207
0.58699,-1.39207
0.58699,-1.39207
0.58699,-1.39207
0.58699,-1.39207
0.58701,-1.39207
0.58705,-1.39207
-0.57051,1.35877
-0.58528,1.35986
-0.59239,1.36027
-0.59809,1.36056
-0.60377,1.36080
-0.60958,1.36099
-0.61404,1.36111
-0.61603,1.36116
-0.61672,1.36117
-0.61700,1.36118
-0.61714,1.36118
-0.61722,1.36118
-0.61728,1.36118
-0.61732,1.36118
-0.61735,1.36118
-0.61738,1.36118
-0.61740,1.36118
-0.61742,1.36118
-0.61744,1.36118
-0.61746,1.36118
-0.61747,1.36118
-0.61749,1.36118
-0.61750,1.36118
-0.61751,1.36118
0.58698,-1.39207
0.58698,-1.39207
0.58698,-1.39207
0.58698,-1.39207
0.58698,-1.39207
0.58698,-1.39207
0.58698,-1.39207
0.58698,-1.39207
0.58699,-1.39207
0.58699,-1.39207
0.58699,-1.39207
0.58699,-1.39207
0.58699,-1.39207
0.58700,-1.39207
0.58701,-1.39207
0.58703,-1.39207
0.58706,-1.39207
-0.56712,1.35848
-0.58455,1.35981
-0.59245,1.36028
-0.59881,1.36059
-0.60513,1.36085
-0.61114,1.36104
-0.61492,1.36113
-0.61634,1.36116
-0.61683,1.36117
-0.61705,1.36118
-0.61716,1.36118
-0.61724,1.36118
-0.61729,1.36118
-0.61733,1.36118
-0.61736,1.36118
-0.61738,1.36118
-0.61741,1.36118
-0.61743,1.36118
-0.61744,1.36118
-0.61746,1.36118
-0.61747,1.36118
-0.61749,1.36118
-0.61750,1.36118
0.58698,-1.39207
0.58698,-1.39207
0.58698,-1.39207
0.58698,-1.39207
0.58698,-1.39207
0.58699,-1.39207
0.58699,-1.39207
0.58699,-1.39207
0.58699,-1.39207
0.58699,-1.39207
0.58699,-1.39207
0.58699,-1.39207
0.58700,-1.39207
0.58700,-1.39207
0.58701,-1.39207
0.58703,-1.39207
0.58705,-1.39207
0.58707,-1.39207
0.58718,-1.39206
-0.57768,1.35934
-0.58924,1.36010
-0.59706,1.36051
-0.60437,1.36082
-0.61106,1.36104
-0.61500,1.36113
-0.61637,1.36116
-0.61684,1.36117
-0.61705,1.36118
-0.61717,1.36118
-0.61724,1.36118
-0.61729,1.36118
-0.61733,1.36118
-0.61736,1.36118
-0.61739,1.36118
-0.61741,1.36118
-0.61743,1.36118
-0.61744,1.36118
-0.61746,1.36118
-0.61747,1.36118
-0.61749,1.36118
0.58698,-1.39207
0.58698,-1.39207
0.58698,-1.39207
0.58699,-1.39207
0.58699,-1.39207
0.58699,-1.39207
0.58699,-1.39207
0.58699,-1.39207
0.58699,-1.39207
0.58699,-1.39207
0.58699,-1.39207
0.58699,-1.39207
0.58700,-1.39207
0.58701,-1.39207
0.58702,-1.39207
0.58703,-1.39207
0.58705,-1.39207
0.58707,-1.39207
0.58708,-1.39207
0.58710,-1.39207
0.58712,-1.39206
-0.56519,1.35831
-0.58597,1.35990
-0.59685,1.36050
-0.60629,1.36089
-0.61326,1.36109
-0.61594,1.36115
-0.61670,1.36117
-0.61699,1.36118
-0.61713,1.36118
-0.61722,1.36118
-0.61727,1.36118
-0.61732,1.36118
-0.61735,1.36118
-0.61738,1.36118
-0.61740,1.36118
-0.61742,1.36118
-0.61744,1.36118
-0.61746,1.36118
-0.61747,1.36118
0.58698,-1.39207
0.58698,-1.39207
0.58699,-1.39207
0.58699,-1.39207
0.58699,-1.39207
0.58699,-1.39207
0.58699,-1.39207
0.58699,-1.39207
0.58699,-1.39207
0.58699,-1.39207
0.58699,-1.39207
0.58700,-1.39207
0.58700,-1.39207
0.58701,-1.39207
0.58703,-1.39207
0.58704,-1.39207
0.58706,-1.39207
0.58708,-1.39207
0.58710,-1.39207
0.58712,-1.39206
0.58714,-1.39206
0.58716,-1.39206
0.58718,-1.39206
0.58719,-1.39206
0.58719,-1.39206
-0.49680,1.34924
-0.59332,1.36032
-0.60998,1.36100
-0.61568,1.36115
-0.61672,1.36117
-0.61702,1.36118
-0.61715,1.36118
-0.61724,1.36118
-0.61729,1.36118
-0.61733,1.36118
-0.61737,1.36118
-0.61739,1.36118
-0.61742,1.36118
-0.61744,1.36118
-0.61746,1.36118
0.58699,-1.39207
0.58699,-1.39207
0.58699,-1.39207
0.58699,-1.39207
0.58699,-1.39207
0.58699,-1.39207
0.58699,-1.39207
0.58699,-1.39207
0.58699,-1.39207
0.58699,-1.39207
0.58700,-1.39207
0.58700,-1.39207
0.58701,-1.39207
0.58702,-1.39207
0.58703,-1.39207
0.58705,-1.39207
0.58707,-1.39207
0.58709,-1.39207
0.58712,-1.39206
0.58714,-1.39206
0.58717,-1.39206
0.58720,-1.39206
0.58723,-1.39206
0.58726,-1.39206
0.58728,-1.39205
0.58729,-1.39205
0.58731,-1.39205
0.58731,-1.39205
0.58729,-1.39205
0.58721,-1.39206
-0.61027,1.36101
-0.61637,1.36116
-0.61696,1.36117
-0.61714,1.36118
-0.61723,1.36118
-0.61729,1.36118
-0.61734,1.36118
-0.61737,1.36118
-0.61740,1.36118
-0.61743,1.36118
0.58699,-1.39207
0.58699,-1.39207
0.58699,-1.39207
0.58699,-1.39207
0.58699,-1.39207
0.58699,-1.39207
0.58699,-1.39207
0.58699,-1.39207
0.58699,-1.39207
0.58700,-1.39207
0.58700,-1.39207
0.58701,-1.39207
0.58701,-1.39207
0.58703,-1.39207
0.58704,-1.39207
0.58706,-1.39207
0.58708,-1.39207
0.58710,-1.39207
0.58713,-1.39206
0.58716,-1.39206
0.58720,-1.39206
0.58723,-1.39206
0.58726,-1.39206
0.58728,-1.39205
0.58730,-1.39205
0.58732,-1.39205
0.58733,-1.39205
0.58734,-1.39205
0.58735,-1.39205
0.58735,-1.39205
0.58736,-1.39205
0.58735,-1.39205
0.58727,-1.39205
-0.61229,1.36107
-0.61674,1.36117
-0.61709,1.36118
-0.61721,1.36118
-0.61728,1.36118
-0.61733,1.36118
-0.61737,1.36118
0.58699,-1.39207
0.58699,-1.39207
0.58699,-1.39207
0.58699,-1.39207
0.58699,-1.39207
0.58699,-1.39207
0.58699,-1.39207
0.58699,-1.39207
0.58700,-1.39207
0.58700,-1.39207
0.58700,-1.39207
0.58701,-1.39207
0.58702,-1.39207
0.58703,-1.39207
0.58705,-1.39207
0.58707,-1.39207
0.58709,-1.39207
0.58712,-1.39206
0.58715,-1.39206
0.58718,-1.39206
0.58721,-1.39206
0.58724,-1.39206
0.58727,-1.39205
0.58729,-1.39205
0.58731,-1.39205
0.58733,-1.39205
0.58734,-1.39205
0.58735,-1.39205
0.58736,-1.39205
0.58736,-1.39205
0.58737,-1.39205
0.58737,-1.39205
0.58738,-1.39205
0.58738,-1.39205
0.58737,-1.39205
0.58728,-1.39205
-0.61527,1.36114
-0.61696,1.36117
-0.61718,1.36118
-0.61727,1.36118
0.58699,-1.39207
0.58699,-1.39207
0.58699,-1.39207
0.58699,-1.39207
0.58699,-1.39207
0.58699,-1.39207
0.58699,-1.39207
0.58699,-1.39207
0.58700,-1.39207
0.58700,-1.39207
0.58701,-1.39207
0.58701,-1.39207
0.58703,-1.39207
0.58704,-1.39207
0.58706,-1.39207
0.58708,-1.39207
0.58710,-1.39207
0.58713,-1.39206
0.58716,-1.39206
0.58719,-1.39206
0.58722,-1.39206
0.58725,-1.39206
0.58728,-1.39205
0.58730,-1.39205
0.58732,-1.39205
0.58733,-1.39205
0.58734,-1.39205
0.58735,-1.39205
0.58736,-1.39205
0.58737,-1.39205
0.58737,-1.39205
0.58737,-1.39205
0.58738,-1.39205
0.58738,-1.39205
0.58738,-1.39205
0.58739,-1.39205
0.58739,-1.39205
0.58738,-1.39205
-0.51517,1.35224
-0.61651,1.36117
0.58699,-1.39207
0.58699,-1.39207
0.58699,-1.39207
0.58699,-1.39207
0.58699,-1.39207
0.58699,-1.39207
0.58699,-1.39207
0.58700,-1.39207
0.58700,-1.39207
0.58700,-1.39207
0.58701,-1.39207
0.58702,-1.39207
0.58703,-1.39207
0.58705,-1.39207
0.58706,-1.39207
0.58709,-1.39207
0.58711,-1.39206
0.58714,-1.39206
0.58717,-1.39206
0.58720,-1.39206
0.58723,-1.39206
0.58726,-1.39206
0.58729,-1.39205
0.58731,-1.39205
0.58732,-1.39205
0.58734,-1.39205
0.58735,-1.39205
0.58735,-1.39205
0.58736,-1.39205
0.58737,-1.39205
0.58737,-1.39205
0.58738,-1.39205
0.58738,-1.39205
0.58738,-1.39205
0.58738,-1.39205
0.58739,-1.39205
0.58739,-1.39205
0.58739,-1.39205
0.58739,-1.39205
0.58739,-1.39205
0.58699,-1.39207
0.58699,-1.39207
0.58699,-1.39207
0.58699,-1.39207
0.58699,-1.39207
0.58699,-1.39207
0.58700,-1.39207
0.58700,-1.39207
0.58700,-1.39207
0.58701,-1.39207
0.58701,-1.39207
0.58702,-1.39207
0.58704,-1.39207
0.58705,-1.39207
0.58707,-1.39207
0.58709,-1.39207
0.58712,-1.39206
0.58715,-1.39206
0.58718,-1.39206
0.58721,-1.39206
0.58724,-1.39206
0.58727,-1.39205
0.58729,-1.39205
0.58731,-1.39205
0.58733,-1.39205
0.58734,-1.39205
0.58735,-1.39205
0.58736,-1.39205
0.58736,-1.39205
0.58737,-1.39205
0.58737,-1.39205
0.58738,-1.39205
0.58738,-1.39205
0.58738,-1.39205
0.58738,-1.39205
0.58739,-1.39205
0.58739,-1.39205
0.58739,-1.39205
0.58739,-1.39205
0.58739,-1.39205
0.58699,-1.39207
0.58699,-1.39207
0.58699,-1.39207
0.58699,-1.39207
0.58699,-1.39207
0.58699,-1.39207
0.58700,-1.39207
0.58700,-1.39207
0.58700,-1.39207
0.58701,-1.39207
0.58702,-1.39207
0.58703,-1.39207
0.58704,-1.39207
0.58706,-1.39207
0.58708,-1.39207
0.58710,-1.39207
0.58713,-1.39206
0.58716,-1.39206
0.58719,-1.39206
0.58722,-1.39206
0.58725,-1.39206
0.58727,-1.39205
0.58730,-1.39205
0.58731,-1.39205
0.58733,-1.39205
0.58734,-1.39205
0.58735,-1.39205
0.58736,-1.39205
0.58736,-1.39205
0.58737,-1.39205
0.58737,-1.39205
0.58738,-1.39205
0.58738,-1.39205
0.58738,-1.39205
0.58738,-1.39205
0.58739,-1.39205
0.58739,-1.39205
0.58739,-1.39205
0.58739,-1.39205
0.58739,-1.39205
0.58699,-1.39207
0.58699,-1.39207
0.58699,-1.39207
0.58699,-1.39207
0.58699,-1.39207
0.58700,-1.39207
0.58700,-1.39207
0.58700,-1.39207
0.58701,-1.39207
0.58701,-1.39207
0.58702,-1.39207
0.58704,-1.39207
0.58705,-1.39207
0.58707,-1.39207
0.58709,-1.39207
0.58711,-1.39206
0.58714,-1.39206
0.58717,-1.39206
0.58719,-1.39206
0.58722,-1.39206
0.58725,-1.39206
0.58728,-1.39205
0.58730,-1.39205
0.58732,-1.39205
0.58733,-1.39205
0.58734,-1.39205
0.58735,-1.39205
0.58736,-1.39205
0.58736,-1.39205
0.58737,-1.39205
0.58737,-1.39205
0.58738,-1.39205
0.58738,-1.39205
0.58738,-1.39205
0.58738,-1.39205
0.58739,-1.39205
0.58739,-1.39205
0.58739,-1.39205
0.58739,-1.39205
0.58739,-1.39205
