-0.69102,1.35844
-0.69086,1.35845
-0.69068,1.35847
-0.69048,1.35849
-0.69024,1.35851
-0.68995,1.35854
-0.68962,1.35857
-0.68921,1.35861
-0.68871,1.35865
-0.68809,1.35871
-0.68733,1.35878
-0.68636,1.35887
-0.68514,1.35897
-0.68357,1.35911
-0.68158,1.35927
-0.67906,1.35947
-0.67595,1.35970
-0.67224,1.35995
-0.66800,1.36021
-0.66341,1.36046
-0.65861,1.36069
-0.65375,1.36088
-0.64890,1.36104
-0.64413,1.36116
-0.63957,1.36124
-0.63543,1.36128
-0.63195,1.36130
-0.62923,1.36130
-0.62721,1.36130
-0.62576,1.36129
-0.62470,1.36128
-0.62392,1.36127
-0.62334,1.36127
-0.62288,1.36126
-0.62251,1.36126
-0.62220,1.36126
-0.62194,1.36125
-0.62171,1.36125
-0.62149,1.36125
-0.62129,1.36124
-0.69114,1.35843
-0.69095,1.35844
-0.69074,1.35846
-0.69052,1.35848
-0.69027,1.35851
-0.68998,1.35854
-0.68963,1.35857
-0.68922,1.35861
-0.68872,1.35865
-0.68810,1.35871
-0.68734,1.35878
-0.68637,1.35886
-0.68514,1.35897
-0.68357,1.35911
-0.68154,1.35927
-0.67897,1.35947
-0.67577,1.35971
-0.67193,1.35997
-0.66754,1.36024
-0.66275,1.36050
-0.65775,1.36073
-0.65269,1.36092
-0.64767,1.36107
-0.64279,1.36118
-0.63822,1.36125
-0.63420,1.36129
-0.63092,1.36130
-0.62843,1.36130
-0.62661,1.36129
-0.62529,1.36128
-0.62433,1.36128
-0.62361,1.36127
-0.62306,1.36127
-0.62263,1.36126
-0.62227,1.36126
-0.62197,1.36125
-0.62171,1.36125
-0.62147,1.36125
-0.62126,1.36124
-0.62106,1.36124
-0.69144,1.35840
-0.69116,1.35842
-0.69090,1.35845
-0.69064,1.35847
-0.69035,1.35850
-0.69004,1.35853
-0.68968,1.35856
-0.68926,1.35860
-0.68875,1.35865
-0.68813,1.35871
-0.68736,1.35878
-0.68638,1.35886
-0.68514,1.35897
-0.68355,1.35911
-0.68148,1.35928
-0.67884,1.35948
-0.67554,1.35972
-0.67156,1.35999
-0.66699,1.36027
-0.66200,1.36053
-0.65678,1.36077
-0.65152,1.36096
-0.64633,1.36111
-0.64137,1.36121
-0.63684,1.36127
-0.63299,1.36130
-0.62995,1.36130
-0.62768,1.36130
-0.62603,1.36129
-0.62484,1.36128
-0.62395,1.36127
-0.62329,1.36127
-0.62277,1.36126
-0.62235,1.36126
-0.62201,1.36125
-0.62171,1.36125
-0.62145,1.36125
-0.62122,1.36124
-0.62101,1.36124
-0.62081,1.36124
-0.69207,1.35833
-0.69165,1.35838
-0.69127,1.35841
-0.69092,1.35845
-0.69057,1.35848
-0.69020,1.35851
-0.68980,1.35855
-0.68935,1.35860
-0.68881,1.35864
-0.68817,1.35870
-0.68739,1.35877
-0.68640,1.35886
-0.68514,1.35897
-0.68351,1.35911
-0.68139,1.35928
-0.67867,1.35950
-0.67525,1.35974
-0.67111,1.36002
-0.66633,1.36031
-0.66111,1.36058
-0.65567,1.36081
-0.65020,1.36100
-0.64487,1.36114
-0.63987,1.36123
-0.63545,1.36128
-0.63181,1.36130
-0.62902,1.36130
-0.62696,1.36129
-0.62547,1.36129
-0.62438,1.36128
-0.62357,1.36127
-0.62295,1.36126
-0.62246,1.36126
-0.62206,1.36125
-0.62172,1.36125
-0.62143,1.36125
-0.62118,1.36124
-0.62095,1.36124
-0.62074,1.36124
-0.62055,1.36123
-0.69164,1.35838
-0.69230,1.35831
-0.69192,1.35835
-0.69146,1.35839
-0.69100,1.35844
-0.69054,1.35848
-0.69006,1.35853
-0.68954,1.35858
-0.68896,1.35863
-0.68827,1.35869
-0.68745,1.35877
-0.68642,1.35886
-0.68512,1.35897
-0.68344,1.35912
-0.68125,1.35930
-0.67843,1.35951
-0.67486,1.35977
-0.67052,1.36006
-0.66551,1.36035
-0.66004,1.36063
-0.65436,1.36086
-0.64870,1.36104
-0.64327,1.36117
-0.63831,1.36125
-0.63406,1.36129
-0.63067,1.36130
-0.62813,1.36130
-0.62627,1.36129
-0.62492,1.36128
-0.62392,1.36127
-0.62317,1.36127
-0.62258,1.36126
-0.62212,1.36125
-0.62173,1.36125
-0.62141,1.36125
-0.62113,1.36124
-0.62089,1.36124
-0.62067,1.36124
-0.62047,1.36123
-0.62029,1.36123
0.49326,-1.38854
0.41848,-1.37190
0.21849,-1.27311
-0.69038,1.35850
-0.69133,1.35841
-0.69100,1.35844
-0.69048,1.35849
-0.68988,1.35854
-0.68922,1.35861
-0.68845,1.35868
-0.68755,1.35876
-0.68646,1.35886
-0.68508,1.35898
-0.68331,1.35913
-0.68102,1.35931
-0.67806,1.35954
-0.67430,1.35981
-0.66973,1.36011
-0.66445,1.36041
-0.65870,1.36068
-0.65279,1.36092
-0.64698,1.36109
-0.64152,1.36121
-0.63669,1.36127
-0.63268,1.36130
-0.62958,1.36130
-0.62727,1.36130
-0.62560,1.36129
-0.62436,1.36128
-0.62344,1.36127
-0.62274,1.36126
-0.62219,1.36126
-0.62175,1.36125
-0.62138,1.36125
-0.62108,1.36124
-0.62081,1.36124
-0.62058,1.36123
-0.62038,1.36123
-0.62020,1.36123
-0.62003,1.36123
0.55741,-1.39302
0.54168,-1.39276
0.51802,-1.39134
0.48004,-1.38648
0.41471,-1.37074
0.28028,-1.31135
-0.68441,1.35904
-0.68920,1.35861
-0.68915,1.35861
-0.68849,1.35867
-0.68756,1.35876
-0.68638,1.35886
-0.68490,1.35899
-0.68300,1.35915
-0.68056,1.35935
-0.67740,1.35959
-0.67340,1.35987
-0.66855,1.36018
-0.66297,1.36048
-0.65696,1.36076
-0.65086,1.36098
-0.64499,1.36114
-0.63964,1.36123
-0.63504,1.36128
-0.63134,1.36130
-0.62852,1.36130
-0.62644,1.36129
-0.62492,1.36128
-0.62379,1.36127
-0.62293,1.36126
-0.62228,1.36126
-0.62176,1.36125
-0.62135,1.36125
-0.62101,1.36124
-0.62073,1.36124
-0.62048,1.36123
-0.62027,1.36123
-0.62009,1.36123
-0.61993,1.36123
-0.61978,1.36122
0.57584,-1.39264
0.56933,-1.39286
0.56024,-1.39300
0.54818,-1.39293
0.53204,-1.39233
0.50959,-1.39054
0.47743,-1.38603
0.43046,-1.37537
0.35809,-1.34993
0.23352,-1.28301
-0.67457,1.35979
-0.68319,1.35914
-0.68301,1.35915
-0.68144,1.35928
-0.67901,1.35947
-0.67573,1.35971
-0.67154,1.35999
-0.66645,1.36030
-0.66066,1.36060
-0.65451,1.36085
-0.64842,1.36105
-0.64271,1.36118
-0.63766,1.36126
-0.63342,1.36129
-0.63006,1.36130
-0.62750,1.36130
-0.62561,1.36129
-0.62421,1.36128
-0.62317,1.36127
-0.62239,1.36126
-0.62178,1.36125
-0.62131,1.36124
-0.62093,1.36124
-0.62063,1.36124
-0.62037,1.36123
-0.62015,1.36123
-0.61997,1.36123
-0.61980,1.36122
-0.61966,1.36122
-0.61953,1.36122
0.58184,-1.39237
0.57925,-1.39250
0.57518,-1.39267
0.56933,-1.39286
0.56155,-1.39299
0.55165,-1.39298
0.53922,-1.39267
0.52345,-1.39178
0.50314,-1.38982
0.47691,-1.38594
0.44344,-1.37879
0.40133,-1.36641
0.34856,-1.34581
0.28204,-1.31234
0.19435,-1.25645
0.05195,-1.13914
-0.66132,1.36057
-0.66006,1.36062
-0.65583,1.36080
-0.65063,1.36099
-0.64526,1.36113
-0.64020,1.36123
-0.63569,1.36128
-0.63189,1.36130
-0.62884,1.36130
-0.62651,1.36129
-0.62476,1.36128
-0.62347,1.36127
-0.62251,1.36126
-0.62180,1.36125
-0.62125,1.36124
-0.62083,1.36124
-0.62050,1.36123
-0.62023,1.36123
-0.62001,1.36123
-0.61982,1.36122
-0.61966,1.36122
-0.61952,1.36122
-0.61940,1.36122
-0.61929,1.36122
0.58379,-1.39226
0.58261,-1.39233
0.58075,-1.39242
0.57789,-1.39256
0.57375,-1.39272
0.56816,-1.39289
0.56099,-1.39300
0.55207,-1.39299
0.54107,-1.39274
0.52750,-1.39206
0.51072,-1.39066
0.48998,-1.38807
0.46455,-1.38359
0.43367,-1.37625
0.39643,-1.36473
0.35149,-1.34709
0.29692,-1.32052
0.22998,-1.28071
0.14464,-1.21917
0.00224,-1.09045
-0.64168,1.36120
-0.63783,1.36126
-0.63399,1.36129
-0.63056,1.36130
-0.62771,1.36130
-0.62550,1.36129
-0.62386,1.36127
-0.62267,1.36126
-0.62180,1.36125
-0.62117,1.36124
-0.62070,1.36124
-0.62034,1.36123
-0.62006,1.36123
-0.61984,1.36122
-0.61965,1.36122
-0.61949,1.36122
-0.61936,1.36122
-0.61924,1.36121
-0.61914,1.36121
-0.61905,1.36121
0.58462,-1.39222
0.58396,-1.39225
0.58294,-1.39231
0.58138,-1.39239
0.57905,-1.39251
0.57571,-1.39265
0.57118,-1.39280
0.56532,-1.39294
0.55793,-1.39301
0.54873,-1.39294
0.53727,-1.39259
0.52299,-1.39174
0.50517,-1.39006
0.48303,-1.38698
0.45564,-1.38168
0.42198,-1.37295
0.38099,-1.35912
0.33180,-1.33814
0.27405,-1.30779
0.20740,-1.26558
0.12807,-1.20587
0.00515,-1.09342
-0.63370,1.36129
-0.62962,1.36130
-0.62664,1.36129
-0.62443,1.36128
-0.62286,1.36126
-0.62178,1.36125
-0.62104,1.36124
-0.62052,1.36123
-0.62013,1.36123
-0.61984,1.36122
-0.61962,1.36122
-0.61943,1.36122
-0.61928,1.36122
-0.61915,1.36121
-0.61905,1.36121
-0.61895,1.36121
-0.61887,1.36121
-0.61880,1.36121
0.58510,-1.39219
0.58466,-1.39221
0.58401,-1.39225
0.58304,-1.39230
0.58158,-1.39238
0.57942,-1.39249
0.57636,-1.39262
0.57221,-1.39277
0.56680,-1.39292
0.55988,-1.39301
0.55113,-1.39298
0.54004,-1.39270
0.52595,-1.39196
0.50803,-1.39038
0.48532,-1.38735
0.45679,-1.38194
0.42150,-1.37280
0.37880,-1.35828
0.32879,-1.33671
0.27234,-1.30680
0.21016,-1.26747
0.13995,-1.21545
0.04587,-1.13341
-0.63047,1.36130
-0.62557,1.36129
-0.62317,1.36127
-0.62173,1.36125
-0.62083,1.36124
-0.62024,1.36123
-0.61984,1.36122
-0.61954,1.36122
-0.61932,1.36122
-0.61915,1.36121
-0.61901,1.36121
-0.61889,1.36121
-0.61880,1.36121
-0.61872,1.36121
-0.61864,1.36120
-0.61858,1.36120
-0.61853,1.36120
0.58542,-1.39217
0.58511,-1.39219
0.58466,-1.39221
0.58400,-1.39225
0.58301,-1.39231
0.58153,-1.39238
0.57935,-1.39249
0.57626,-1.39263
0.57207,-1.39278
0.56655,-1.39292
0.55941,-1.39301
0.55025,-1.39296
0.53844,-1.39264
0.52318,-1.39176
0.50346,-1.38986
0.47819,-1.38617
0.44633,-1.37951
0.40722,-1.36836
0.36100,-1.35115
0.30877,-1.32675
0.25200,-1.29465
0.19093,-1.25401
0.12141,-1.20040
0.02101,-1.10932
-0.62442,1.36128
-0.62161,1.36125
-0.62043,1.36123
-0.61978,1.36122
-0.61937,1.36122
-0.61909,1.36121
-0.61889,1.36121
-0.61874,1.36121
-0.61863,1.36120
-0.61853,1.36120
-0.61846,1.36120
-0.61840,1.36120
-0.61835,1.36120
-0.61830,1.36120
-0.61826,1.36120
-0.61823,1.36120
0.58566,-1.39215
0.58543,-1.39217
0.58511,-1.39219
0.58464,-1.39221
0.58395,-1.39225
0.58291,-1.39231
0.58133,-1.39239
0.57899,-1.39251
0.57567,-1.39265
0.57114,-1.39281
0.56511,-1.39295
0.55725,-1.39302
0.54700,-1.39290
0.53360,-1.39241
0.51605,-1.39117
0.49315,-1.38852
0.46373,-1.38342
0.42699,-1.37440
0.38293,-1.35985
0.33266,-1.33854
0.27791,-1.31000
0.21969,-1.27392
0.15600,-1.22804
0.07644,-1.16163
-0.62127,1.36124
-0.61938,1.36122
-0.61878,1.36121
-0.61846,1.36120
-0.61828,1.36120
-0.61816,1.36120
-0.61809,1.36120
-0.61803,1.36119
-0.61799,1.36119
-0.61797,1.36119
-0.61795,1.36119
-0.61793,1.36119
-0.61791,1.36119
-0.61790,1.36119
-0.61789,1.36119
-0.61788,1.36119
0.58585,-1.39214
0.58568,-1.39215
0.58544,-1.39217
0.58511,-1.39219
0.58461,-1.39222
0.58387,-1.39226
0.58274,-1.39232
0.58100,-1.39241
0.57841,-1.39253
0.57469,-1.39269
0.56958,-1.39285
0.56273,-1.39298
0.55368,-1.39300
0.54174,-1.39276
0.52590,-1.39195
0.50493,-1.39003
0.47746,-1.38604
0.44243,-1.37854
0.39960,-1.36582
0.34995,-1.34642
0.29531,-1.31965
0.23698,-1.28523
0.17356,-1.24134
0.09626,-1.17911
-0.07662,-1.00414
-0.61476,1.36113
-0.61586,1.36115
-0.61634,1.36116
-0.61662,1.36117
-0.61681,1.36117
-0.61695,1.36117
-0.61706,1.36118
-0.61715,1.36118
-0.61723,1.36118
-0.61729,1.36118
-0.61734,1.36118
-0.61738,1.36118
-0.61741,1.36118
-0.61744,1.36118
-0.61746,1.36118
0.58601,-1.39213
0.58588,-1.39214
0.58570,-1.39215
0.58545,-1.39217
0.58510,-1.39219
0.58458,-1.39222
0.58377,-1.39226
0.58252,-1.39233
0.58056,-1.39243
0.57761,-1.39257
0.57334,-1.39274
0.56742,-1.39290
0.55942,-1.39301
0.54872,-1.39294
0.53440,-1.39245
0.51515,-1.39109
0.48943,-1.38798
0.45584,-1.38172
0.41368,-1.37042
0.36361,-1.35224
0.30738,-1.32603
0.24640,-1.29118
0.17905,-1.24540
0.09391,-1.17707
-0.57854,1.35940
-0.60415,1.36081
-0.60954,1.36099
-0.61213,1.36106
-0.61361,1.36110
-0.61453,1.36112
-0.61516,1.36114
-0.61560,1.36115
-0.61593,1.36115
-0.61619,1.36116
-0.61639,1.36116
-0.61655,1.36117
-0.61668,1.36117
-0.61678,1.36117
-0.61686,1.36117
-0.61693,1.36117
0.58615,-1.39212
0.58604,-1.39213
0.58590,-1.39214
0.58572,-1.39215
0.58547,-1.39217
0.58509,-1.39219
0.58453,-1.39222
0.58365,-1.39227
0.58224,-1.39235
0.58001,-1.39246
0.57658,-1.39261
0.57158,-1.39279
0.56459,-1.39296
0.55506,-1.39301
0.54214,-1.39277
0.52454,-1.39186
0.50058,-1.38951
0.46839,-1.38435
0.42660,-1.37429
0.37516,-1.35687
0.31539,-1.33012
0.24841,-1.29243
0.17096,-1.23940
0.05695,-1.14381
-0.57728,1.35931
-0.59222,1.36026
-0.60006,1.36065
-0.60513,1.36085
-0.60848,1.36096
-0.61072,1.36103
-0.61225,1.36107
-0.61332,1.36109
-0.61410,1.36111
-0.61468,1.36113
-0.61512,1.36114
-0.61546,1.36114
-0.61573,1.36115
-0.61595,1.36115
-0.61613,1.36116
-0.61627,1.36116
0.58626,-1.39212
0.58618,-1.39212
0.58607,-1.39213
0.58593,-1.39214
0.58575,-1.39215
0.58548,-1.39216
0.58509,-1.39219
0.58449,-1.39222
0.58352,-1.39228
0.58192,-1.39236
0.57933,-1.39249
0.57529,-1.39266
0.56933,-1.39286
0.56094,-1.39300
0.54936,-1.39295
0.53339,-1.39240
0.51124,-1.39071
0.48057,-1.38657
0.43902,-1.37767
0.38511,-1.36066
0.31879,-1.33183
0.23939,-1.28677
0.13518,-1.21163
-0.54643,1.35640
-0.57350,1.35902
-0.58430,1.35979
-0.59178,1.36024
-0.59755,1.36053
-0.60204,1.36073
-0.60549,1.36086
-0.60808,1.36095
-0.61000,1.36101
-0.61144,1.36105
-0.61251,1.36107
-0.61334,1.36110
-0.61397,1.36111
-0.61447,1.36112
-0.61486,1.36113
-0.61517,1.36114
-0.61542,1.36114
0.58636,-1.39211
0.58630,-1.39212
0.58621,-1.39212
0.58611,-1.39213
0.58597,-1.39214
0.58578,-1.39215
0.58551,-1.39216
0.58510,-1.39219
0.58445,-1.39223
0.58337,-1.39229
0.58155,-1.39238
0.57849,-1.39253
0.57363,-1.39273
0.56641,-1.39292
0.55613,-1.39301
0.54173,-1.39276
0.52139,-1.39162
0.49237,-1.38841
0.45094,-1.38061
0.39277,-1.36344
0.31308,-1.32896
0.19968,-1.26021
-0.51421,1.35209
-0.55586,1.35742
-0.56997,1.35873
-0.57900,1.35943
-0.58582,1.35989
-0.59139,1.36022
-0.59606,1.36046
-0.60000,1.36064
-0.60326,1.36078
-0.60590,1.36087
-0.60801,1.36094
-0.60967,1.36100
-0.61097,1.36103
-0.61200,1.36106
-0.61280,1.36108
-0.61344,1.36110
-0.61395,1.36111
-0.61436,1.36112
0.58645,-1.39211
0.58640,-1.39211
0.58634,-1.39211
0.58626,-1.39212
0.58615,-1.39212
0.58601,-1.39213
0.58582,-1.39214
0.58555,-1.39216
0.58512,-1.39219
0.58442,-1.39223
0.58323,-1.39229
0.58110,-1.39241
0.57741,-1.39258
0.57142,-1.39280
0.56243,-1.39299
0.54944,-1.39295
0.53076,-1.39226
0.50326,-1.38984
0.46126,-1.38290
0.39337,-1.36365
0.26396,-1.30188
-0.47503,1.34519
-0.53232,1.35467
-0.55395,1.35722
-0.56633,1.35841
-0.57482,1.35912
-0.58132,1.35959
-0.58665,1.35994
-0.59120,1.36021
-0.59518,1.36042
-0.59865,1.36058
-0.60166,1.36071
-0.60422,1.36081
-0.60636,1.36089
-0.60813,1.36095
-0.60957,1.36099
-0.61074,1.36103
-0.61169,1.36105
-0.61245,1.36107
-0.61306,1.36109
0.58654,-1.39210
0.58649,-1.39210
0.58644,-1.39211
0.58638,-1.39211
0.58631,-1.39211
0.58621,-1.39212
0.58607,-1.39213
0.58588,-1.39214
0.58560,-1.39216
0.58517,-1.39218
0.58442,-1.39223
0.58307,-1.39230
0.58052,-1.39243
0.57589,-1.39264
0.56818,-1.39289
0.55635,-1.39301
0.53869,-1.39265
0.51122,-1.39071
0.46175,-1.38301
0.02454,1.07874
-0.34562,1.31017
-0.47999,1.34616
-0.52759,1.35403
-0.54956,1.35675
-0.56236,1.35805
-0.57103,1.35882
-0.57755,1.35933
-0.58282,1.35970
-0.58728,1.35998
-0.59119,1.36021
-0.59467,1.36039
-0.59777,1.36054
-0.60053,1.36067
-0.60296,1.36076
-0.60507,1.36084
-0.60687,1.36091
-0.60839,1.36096
-0.60965,1.36100
-0.61069,1.36103
-0.61154,1.36105
0.58661,-1.39210
0.58658,-1.39210
0.58654,-1.39210
0.58650,-1.39210
0.58644,-1.39211
0.58637,-1.39211
0.58627,-1.39212
0.58615,-1.39212
0.58596,-1.39214
0.58569,-1.39215
0.58525,-1.39218
0.58445,-1.39222
0.58288,-1.39231
0.57965,-1.39248
0.57330,-1.39274
0.56208,-1.39299
0.54282,-1.39279
0.48951,-1.38800
0.04660,1.05451
-0.15070,1.21966
-0.33784,1.30747
-0.46359,1.34284
-0.51825,1.35270
-0.54363,1.35607
-0.55793,1.35763
-0.56730,1.35850
-0.57413,1.35907
-0.57951,1.35947
-0.58399,1.35977
-0.58786,1.36002
-0.59130,1.36021
-0.59440,1.36038
-0.59721,1.36052
-0.59976,1.36063
-0.60206,1.36073
-0.60410,1.36081
-0.60589,1.36087
-0.60743,1.36093
-0.60874,1.36097
-0.60984,1.36100
0.58669,-1.39209
0.58667,-1.39209
0.58664,-1.39209
0.58660,-1.39210
0.58656,-1.39210
0.58651,-1.39210
0.58645,-1.39211
0.58636,-1.39211
0.58625,-1.39212
0.58608,-1.39213
0.58582,-1.39214
0.58537,-1.39217
0.58451,-1.39222
0.58255,-1.39233
0.57766,-1.39257
0.56529,-1.39294
0.33792,0.52711
0.11128,0.97191
-0.01678,1.11949
-0.15056,1.21958
-0.30678,1.29601
-0.43866,1.33722
-0.50535,1.35069
-0.53623,1.35517
-0.55292,1.35711
-0.56341,1.35815
-0.57081,1.35880
-0.57647,1.35925
-0.58107,1.35958
-0.58498,1.35984
-0.58841,1.36005
-0.59149,1.36022
-0.59430,1.36037
-0.59688,1.36050
-0.59926,1.36061
-0.60143,1.36070
-0.60339,1.36078
-0.60515,1.36085
-0.60669,1.36090
-0.60803,1.36095
0.58676,-1.39209
0.58675,-1.39209
0.58673,-1.39209
0.58671,-1.39209
0.58668,-1.39209
0.58665,-1.39209
0.58661,-1.39210
0.58656,-1.39210
0.58649,-1.39210
0.58639,-1.39211
0.58624,-1.39212
0.58601,-1.39213
0.58557,-1.39216
0.58457,-1.39222
0.58120,-1.39240
0.38065,0.41859
0.17657,0.86879
0.07518,1.02025
-0.02037,1.12277
-0.13092,1.20731
-0.26859,1.28036
-0.40628,1.32888
-0.48845,1.34775
-0.52712,1.35397
-0.54716,1.35648
-0.55924,1.35775
-0.56744,1.35851
-0.57353,1.35902
-0.57836,1.35939
-0.58239,1.35967
-0.58586,1.35989
-0.58894,1.36008
-0.59174,1.36024
-0.59432,1.36037
-0.59672,1.36049
-0.59895,1.36060
-0.60101,1.36069
-0.60291,1.36076
-0.60463,1.36083
-0.60615,1.36088
0.58684,-1.39208
0.58683,-1.39208
0.58683,-1.39208
0.58682,-1.39208
0.58680,-1.39208
0.58679,-1.39208
0.58677,-1.39209
0.58675,-1.39209
0.58671,-1.39209
0.58667,-1.39209
0.58661,-1.39210
0.58651,-1.39210
0.58633,-1.39211
0.58596,-1.39214
0.58430,-1.39223
0.26265,0.70094
0.15884,0.89887
0.07635,1.01877
-0.00655,1.10992
-0.10364,1.18906
-0.22691,1.26118
-0.36635,1.31702
-0.46626,1.34340
-0.51566,1.35231
-0.54036,1.35568
-0.55457,1.35728
-0.56387,1.35819
-0.57056,1.35878
-0.57573,1.35919
-0.57994,1.35950
-0.58351,1.35974
-0.58664,1.35994
-0.58945,1.36011
-0.59203,1.36025
-0.59442,1.36038
-0.59667,1.36049
-0.59878,1.36059
-0.60076,1.36068
-0.60260,1.36075
-0.60428,1.36082
0.58692,-1.39208
0.58692,-1.39208
0.58693,-1.39208
0.58693,-1.39208
0.58693,-1.39208
0.58694,-1.39208
0.58694,-1.39208
0.58695,-1.39207
0.58696,-1.39207
0.58697,-1.39207
0.58698,-1.39207
0.58701,-1.39207
0.58708,-1.39207
0.58734,-1.39205
0.59339,-1.39163
0.27248,0.67959
0.17452,0.87235
0.09597,0.99314
0.01844,1.08512
-0.07023,1.16455
-0.18180,1.23770
-0.31815,1.30034
-0.43618,1.33662
-0.50050,1.34988
-0.53189,1.35461
-0.54909,1.35670
-0.55988,1.35782
-0.56738,1.35851
-0.57302,1.35898
-0.57752,1.35932
-0.58126,1.35959
-0.58448,1.35981
-0.58734,1.35998
-0.58993,1.36014
-0.59233,1.36027
-0.59458,1.36039
-0.59671,1.36049
-0.59874,1.36059
-0.60064,1.36067
-0.60243,1.36074
0.58701,-1.39207
0.58702,-1.39207
0.58704,-1.39207
0.58706,-1.39207
0.58708,-1.39207
0.58711,-1.39207
0.58714,-1.39206
0.58719,-1.39206
0.58725,-1.39206
0.58733,-1.39205
0.58747,-1.39204
0.58770,-1.39203
0.58821,-1.39199
0.58974,-1.39189
0.59902,-1.39117
0.34038,0.52104
0.21767,0.79307
0.13324,0.93955
0.05569,1.04397
-0.02840,1.12996
-0.13070,1.20717
-0.25972,1.27647
-0.39305,1.32515
-0.47851,1.34587
-0.52036,1.35301
-0.54211,1.35589
-0.55507,1.35734
-0.56373,1.35818
-0.57005,1.35873
-0.57496,1.35913
-0.57896,1.35943
-0.58235,1.35966
-0.58530,1.35986
-0.58795,1.36002
-0.59038,1.36016
-0.59264,1.36029
-0.59478,1.36040
-0.59682,1.36050
-0.59877,1.36059
-0.60062,1.36067
0.58711,-1.39206
0.58714,-1.39206
0.58717,-1.39206
0.58721,-1.39206
0.58725,-1.39206
0.58731,-1.39205
0.58739,-1.39205
0.58748,-1.39204
0.58762,-1.39203
0.58783,-1.39202
0.58816,-1.39200
0.58876,-1.39196
0.58999,-1.39187
0.59298,-1.39166
0.60098,-1.39100
0.62651,-1.38804
0.30672,0.60196
0.19692,0.83234
0.11162,0.97143
0.02759,1.07550
-0.06828,1.16304
-0.18730,1.24072
-0.32765,1.30383
-0.44186,1.33798
-0.50219,1.35016
-0.53193,1.35462
-0.54851,1.35663
-0.55903,1.35773
-0.56641,1.35842
-0.57196,1.35889
-0.57639,1.35924
-0.58005,1.35951
-0.58320,1.35972
-0.58596,1.35990
-0.58846,1.36005
-0.59077,1.36018
-0.59293,1.36030
-0.59499,1.36041
-0.59697,1.36051
-0.59887,1.36059
0.58723,-1.39206
0.58727,-1.39205
0.58733,-1.39205
0.58739,-1.39205
0.58747,-1.39204
0.58757,-1.39204
0.58770,-1.39203
0.58787,-1.39202
0.58813,-1.39200
0.58852,-1.39197
0.58915,-1.39193
0.59026,-1.39186
0.59231,-1.39171
0.59620,-1.39141
0.60324,-1.39079
0.61495,-1.38953
0.63654,-1.38654
0.32251,0.56455
0.20435,0.81853
0.11082,0.97258
0.01612,1.08751
-0.09353,1.18191
-0.22785,1.26164
-0.37059,1.31837
-0.46665,1.34348
-0.51376,1.35202
-0.53780,1.35537
-0.55189,1.35700
-0.56120,1.35794
-0.56791,1.35855
-0.57308,1.35898
-0.57725,1.35930
-0.58074,1.35955
-0.58375,1.35976
-0.58642,1.35993
-0.58884,1.36007
-0.59108,1.36020
-0.59319,1.36032
-0.59520,1.36042
-0.59714,1.36051
0.58737,-1.39205
0.58744,-1.39204
0.58751,-1.39204
0.58761,-1.39203
0.58773,-1.39203
0.58789,-1.39202
0.58810,-1.39200
0.58839,-1.39198
0.58881,-1.39195
0.58945,-1.39191
0.59047,-1.39184
0.59213,-1.39172
0.59488,-1.39151
0.59931,-1.39115
0.60602,-1.39051
0.61515,-1.38951
0.62608,-1.38810
0.63870,-1.38619
0.69917,-1.37310
0.26325,0.69965
0.15233,0.90953
0.04367,1.05783
-0.07935,1.17149
-0.22569,1.26058
-0.37487,1.31970
-0.46976,1.34412
-0.51513,1.35223
-0.53836,1.35544
-0.55213,1.35703
-0.56131,1.35795
-0.56798,1.35856
-0.57315,1.35899
-0.57734,1.35931
-0.58086,1.35956
-0.58390,1.35977
-0.58658,1.35994
-0.58901,1.36008
-0.59126,1.36021
-0.59337,1.36033
-0.59538,1.36043
0.58754,-1.39204
0.58764,-1.39203
0.58775,-1.39202
0.58789,-1.39202
0.58807,-1.39200
0.58830,-1.39199
0.58861,-1.39197
0.58905,-1.39194
0.58968,-1.39190
0.59062,-1.39183
0.59205,-1.39173
0.59424,-1.39156
0.59757,-1.39130
0.60247,-1.39086
0.60930,-1.39017
0.61803,-1.38916
0.62806,-1.38782
0.63840,-1.38624
0.64800,-1.38459
0.65607,-1.38308
0.66566,-1.38114
0.33046,0.54533
0.18973,0.84545
0.04689,1.05417
-0.11605,1.19755
-0.29591,1.29174
-0.43482,1.33629
-0.50083,1.34993
-0.53129,1.35453
-0.54796,1.35657
-0.55856,1.35769
-0.56605,1.35839
-0.57175,1.35888
-0.57632,1.35923
-0.58013,1.35951
-0.58341,1.35974
-0.58628,1.35992
-0.58886,1.36007
-0.59121,1.36021
-0.59340,1.36033
0.58775,-1.39202
0.58788,-1.39202
0.58803,-1.39201
0.58823,-1.39199
0.58848,-1.39198
0.58881,-1.39196
0.58925,-1.39193
0.58986,-1.39188
0.59073,-1.39182
0.59198,-1.39173
0.59382,-1.39160
0.59650,-1.39138
0.60037,-1.39105
0.60580,-1.39054
0.61307,-1.38975
0.62218,-1.38863
0.63280,-1.38712
0.64440,-1.38523
0.65643,-1.38301
0.66840,-1.38055
0.67981,-1.37798
0.69009,-1.37547
0.69838,-1.37331
0.70308,-1.37204
0.70042,-1.37277
0.43367,0.27483
0.09880,0.98929
-0.19709,1.24599
-0.41678,1.33171
-0.50215,1.35015
-0.53455,1.35496
-0.55085,1.35689
-0.56096,1.35792
-0.56812,1.35857
-0.57363,1.35903
-0.57812,1.35937
-0.58192,1.35964
-0.58522,1.35985
-0.58814,1.36003
-0.59076,1.36018
0.58801,-1.39201
0.58818,-1.39200
0.58839,-1.39198
0.58865,-1.39197
0.58898,-1.39194
0.58942,-1.39191
0.59000,-1.39187
0.59080,-1.39182
0.59191,-1.39174
0.59349,-1.39162
0.59572,-1.39145
0.59889,-1.39118
0.60332,-1.39078
0.60935,-1.39017
0.61725,-1.38926
0.62705,-1.38796
0.63858,-1.38621
0.65156,-1.38394
0.66565,-1.38114
0.68042,-1.37783
0.69529,-1.37413
0.70951,-1.37024
0.72234,-1.36646
0.73323,-1.36304
0.74195,-1.36017
0.74845,-1.35795
0.75264,-1.35649
0.75370,-1.35612
0.74736,-1.35833
0.71177,-1.36960
-0.20459,1.24993
-0.46980,1.34413
-0.52809,1.35410
-0.54932,1.35672
-0.56074,1.35790
-0.56839,1.35859
-0.57420,1.35907
-0.57894,1.35943
-0.58297,1.35971
-0.58650,1.35993
0.58832,-1.39199
0.58853,-1.39197
0.58880,-1.39196
0.58914,-1.39193
0.58956,-1.39190
0.59012,-1.39187
0.59085,-1.39182
0.59184,-1.39174
0.59320,-1.39164
0.59509,-1.39150
0.59773,-1.39128
0.60140,-1.39096
0.60642,-1.39047
0.61313,-1.38975
0.62174,-1.38869
0.63230,-1.38720
0.64469,-1.38518
0.65868,-1.38257
0.67392,-1.37934
0.68982,-1.37553
0.70555,-1.37136
0.72013,-1.36713
0.73279,-1.36318
0.74319,-1.35975
0.75144,-1.35691
0.75785,-1.35463
0.76281,-1.35283
0.76662,-1.35141
0.76947,-1.35034
0.77136,-1.34962
0.77186,-1.34943
0.76876,-1.35061
0.74009,-1.36079
-0.26236,1.27764
-0.50399,1.35046
-0.54302,1.35600
-0.55833,1.35767
-0.56730,1.35850
-0.57379,1.35904
-0.57902,1.35943
0.58868,-1.39196
0.58895,-1.39195
0.58928,-1.39192
0.58970,-1.39190
0.59022,-1.39186
0.59089,-1.39181
0.59177,-1.39175
0.59295,-1.39166
0.59456,-1.39154
0.59678,-1.39136
0.59984,-1.39110
0.60404,-1.39071
0.60970,-1.39013
0.61712,-1.38927
0.62645,-1.38805
0.63771,-1.38635
0.65075,-1.38409
0.66535,-1.38121
0.68105,-1.37768
0.69717,-1.37363
0.71274,-1.36932
0.72678,-1.36509
0.73863,-1.36128
0.74816,-1.35806
0.75560,-1.35544
0.76135,-1.35336
0.76583,-1.35171
0.76936,-1.35038
0.77219,-1.34930
0.77450,-1.34842
0.77639,-1.34768
0.77790,-1.34710
0.77891,-1.34670
0.77903,-1.34665
0.77623,-1.34775
0.74432,-1.35937
-0.39008,1.32428
-0.52780,1.35406
-0.55343,1.35717
-0.56505,1.35830
0.58910,-1.39194
0.58942,-1.39191
0.58982,-1.39189
0.59031,-1.39185
0.59092,-1.39181
0.59170,-1.39175
0.59273,-1.39168
0.59411,-1.39157
0.59598,-1.39143
0.59855,-1.39121
0.60206,-1.39090
0.60683,-1.39043
0.61316,-1.38974
0.62128,-1.38875
0.63128,-1.38735
0.64310,-1.38545
0.65658,-1.38298
0.67143,-1.37989
0.68718,-1.37620
0.70305,-1.37205
0.71807,-1.36775
0.73135,-1.36364
0.74239,-1.36002
0.75116,-1.35701
0.75796,-1.35459
0.76322,-1.35268
0.76731,-1.35115
0.77054,-1.34993
0.77316,-1.34893
0.77531,-1.34810
0.77712,-1.34740
0.77868,-1.34679
0.78002,-1.34627
0.78117,-1.34581
0.78212,-1.34543
0.78273,-1.34519
0.78252,-1.34527
0.77887,-1.34671
0.42060,0.31117
-0.48249,1.34664
0.58956,-1.39190
0.58994,-1.39188
0.59039,-1.39185
0.59095,-1.39181
0.59165,-1.39176
0.59255,-1.39169
0.59373,-1.39160
0.59531,-1.39148
0.59746,-1.39130
0.60040,-1.39105
0.60440,-1.39067
0.60977,-1.39012
0.61678,-1.38932
0.62557,-1.38817
0.63615,-1.38660
0.64839,-1.38452
0.66210,-1.38188
0.67696,-1.37864
0.69248,-1.37486
0.70787,-1.37071
0.72222,-1.36650
0.73473,-1.36256
0.74504,-1.35913
0.75319,-1.35630
0.75951,-1.35403
0.76441,-1.35224
0.76822,-1.35081
0.77125,-1.34966
0.77371,-1.34872
0.77573,-1.34794
0.77743,-1.34728
0.77888,-1.34671
0.78015,-1.34621
0.78126,-1.34578
0.78225,-1.34538
0.78314,-1.34503
0.78392,-1.34471
0.78457,-1.34445
0.78492,-1.34431
0.78430,-1.34456
0.59005,-1.39187
0.59047,-1.39184
0.59099,-1.39181
0.59161,-1.39176
0.59240,-1.39170
0.59342,-1.39163
0.59475,-1.39152
0.59655,-1.39138
0.59901,-1.39117
0.60235,-1.39087
0.60688,-1.39043
0.61288,-1.38978
0.62056,-1.38884
0.62996,-1.38754
0.64101,-1.38581
0.65352,-1.38357
0.66728,-1.38079
0.68198,-1.37746
0.69712,-1.37365
0.71194,-1.36955
0.72558,-1.36546
0.73738,-1.36169
0.74705,-1.35844
0.75470,-1.35576
0.76064,-1.35362
0.76525,-1.35192
0.76887,-1.35057
0.77175,-1.34947
0.77409,-1.34858
0.77602,-1.34783
0.77764,-1.34720
0.77903,-1.34665
0.78022,-1.34618
0.78127,-1.34577
0.78219,-1.34541
0.78301,-1.34508
0.78376,-1.34478
0.78444,-1.34451
0.78508,-1.34425
0.78566,-1.34402
0.59056,-1.39184
0.59102,-1.39180
0.59159,-1.39176
0.59228,-1.39171
0.59315,-1.39165
0.59429,-1.39156
0.59580,-1.39144
0.59784,-1.39127
0.60063,-1.39103
0.60442,-1.39067
0.60952,-1.39015
0.61617,-1.38939
0.62448,-1.38832
0.63441,-1.38687
0.64580,-1.38499
0.65844,-1.38262
0.67213,-1.37974
0.68656,-1.37635
0.70123,-1.37255
0.71544,-1.36853
0.72841,-1.36458
0.73956,-1.36097
0.74867,-1.35788
0.75589,-1.35534
0.76152,-1.35330
0.76591,-1.35168
0.76936,-1.35038
0.77213,-1.34933
0.77438,-1.34846
0.77625,-1.34774
0.77782,-1.34713
0.77916,-1.34660
0.78031,-1.34615
0.78131,-1.34575
0.78219,-1.34540
0.78296,-1.34510
0.78365,-1.34482
0.78427,-1.34457
0.78484,-1.34435
0.78537,-1.34413
0.59107,-1.39180
0.59157,-1.39176
0.59218,-1.39172
0.59294,-1.39166
0.59391,-1.39159
0.59518,-1.39149
0.59687,-1.39135
0.59919,-1.39116
0.60235,-1.39087
0.60664,-1.39045
0.61234,-1.38984
0.61962,-1.38896
0.62852,-1.38775
0.63888,-1.38616
0.65049,-1.38414
0.66315,-1.38166
0.67666,-1.37871
0.69073,-1.37530
0.70491,-1.37154
0.71851,-1.36762
0.73084,-1.36381
0.74140,-1.36036
0.75003,-1.35740
0.75688,-1.35498
0.76225,-1.35303
0.76645,-1.35148
0.76977,-1.35023
0.77244,-1.34921
0.77462,-1.34837
0.77644,-1.34767
0.77797,-1.34707
0.77927,-1.34656
0.78040,-1.34612
0.78137,-1.34573
0.78222,-1.34539
0.78297,-1.34509
0.78363,-1.34483
0.78421,-1.34460
0.78473,-1.34439
0.78520,-1.34420
