-0.61857,1.36120
-0.61857,1.36120
-0.61856,1.36120
-0.61856,1.36120
-0.61856,1.36120
-0.61856,1.36120
-0.61855,1.36120
-0.61855,1.36120
-0.61854,1.36120
-0.61853,1.36120
-0.61852,1.36120
-0.61851,1.36120
-0.61850,1.36120
-0.61848,1.36120
-0.61846,1.36120
-0.61843,1.36120
-0.61839,1.36120
-0.61835,1.36120
-0.61829,1.36120
-0.61824,1.36120
-0.61818,1.36120
-0.61812,1.36120
-0.61806,1.36119
-0.61799,1.36119
-0.61793,1.36119
-0.61788,1.36119
-0.61783,1.36119
-0.61780,1.36119
-0.61777,1.36119
-0.61775,1.36119
-0.61773,1.36119
-0.61772,1.36119
-0.61772,1.36119
-0.61771,1.36119
-0.61770,1.36119
-0.61770,1.36119
-0.61770,1.36119
-0.61769,1.36119
-0.61769,1.36119
-0.61769,1.36119
-0.61857,1.36120
-0.61857,1.36120
-0.61856,1.36120
-0.61856,1.36120
-0.61856,1.36120
-0.61856,1.36120
-0.61855,1.36120
-0.61855,1.36120
-0.61854,1.36120
-0.61853,1.36120
-0.61852,1.36120
-0.61851,1.36120
-0.61850,1.36120
-0.61848,1.36120
-0.61846,1.36120
-0.61843,1.36120
-0.61839,1.36120
-0.61834,1.36120
-0.61829,1.36120
-0.61823,1.36120
-0.61817,1.36120
-0.61810,1.36120
-0.61804,1.36119
-0.61798,1.36119
-0.61792,1.36119
-0.61786,1.36119
-0.61782,1.36119
-0.61779,1.36119
-0.61776,1.36119
-0.61774,1.36119
-0.61773,1.36119
-0.61772,1.36119
-0.61771,1.36119
-0.61771,1.36119
-0.61770,1.36119
-0.61770,1.36119
-0.61769,1.36119
-0.61769,1.36119
-0.61769,1.36119
-0.61768,1.36119
-0.61857,1.36120
-0.61857,1.36120
-0.61857,1.36120
-0.61856,1.36120
-0.61856,1.36120
-0.61856,1.36120
-0.61855,1.36120
-0.61855,1.36120
-0.61854,1.36120
-0.61853,1.36120
-0.61852,1.36120
-0.61851,1.36120
-0.61850,1.36120
-0.61848,1.36120
-0.61846,1.36120
-0.61842,1.36120
-0.61839,1.36120
-0.61834,1.36120
-0.61828,1.36120
-0.61822,1.36120
-0.61816,1.36120
-0.61809,1.36120
-0.61802,1.36119
-0.61796,1.36119
-0.61790,1.36119
-0.61785,1.36119
-0.61781,1.36119
-0.61778,1.36119
-0.61775,1.36119
-0.61774,1.36119
-0.61772,1.36119
-0.61772,1.36119
-0.61771,1.36119
-0.61770,1.36119
-0.61770,1.36119
-0.61769,1.36119
-0.61769,1.36119
-0.61769,1.36119
-0.61768,1.36119
-0.61768,1.36119
-0.61858,1.36120
-0.61857,1.36120
-0.61857,1.36120
-0.61857,1.36120
-0.61856,1.36120
-0.61856,1.36120
-0.61855,1.36120
-0.61855,1.36120
-0.61854,1.36120
-0.61853,1.36120
-0.61853,1.36120
-0.61851,1.36120
-0.61850,1.36120
-0.61848,1.36120
-0.61845,1.36120
-0.61842,1.36120
-0.61838,1.36120
-0.61833,1.36120
-0.61827,1.36120
-0.61821,1.36120
-0.61814,1.36120
-0.61807,1.36120
-0.61800,1.36119
-0.61794,1.36119
-0.61788,1.36119
-0.61783,1.36119
-0.61779,1.36119
-0.61777,1.36119
-0.61775,1.36119
-0.61773,1.36119
-0.61772,1.36119
-0.61771,1.36119
-0.61770,1.36119
-0.61770,1.36119
-0.61769,1.36119
-0.61769,1.36119
-0.61769,1.36119
-0.61768,1.36119
-0.61768,1.36119
-0.61768,1.36119
-0.61857,1.36120
-0.61858,1.36120
-0.61858,1.36120
-0.61857,1.36120
-0.61857,1.36120
-0.61856,1.36120
-0.61856,1.36120
-0.61855,1.36120
-0.61854,1.36120
-0.61854,1.36120
-0.61853,1.36120
-0.61851,1.36120
-0.61850,1.36120
-0.61848,1.36120
-0.61845,1.36120
-0.61842,1.36120
-0.61838,1.36120
-0.61832,1.36120
-0.61826,1.36120
-0.61820,1.36120
-0.61812,1.36120
-0.61805,1.36119
-0.61798,1.36119
-0.61792,1.36119
-0.61786,1.36119
-0.61782,1.36119
-0.61778,1.36119
-0.61776,1.36119
-0.61774,1.36119
-0.61772,1.36119
-0.61771,1.36119
-0.61771,1.36119
-0.61770,1.36119
-0.61769,1.36119
-0.61769,1.36119
-0.61769,1.36119
-0.61768,1.36119
-0.61768,1.36119
-0.61768,1.36119
-0.61767,1.36119
0.58662,-1.39210
0.58633,-1.39211
0.58536,-1.39217
-0.61856,1.36120
-0.61857,1.36120
-0.61857,1.36120
-0.61856,1.36120
-0.61855,1.36120
-0.61855,1.36120
-0.61854,1.36120
-0.61853,1.36120
-0.61851,1.36120
-0.61850,1.36120
-0.61848,1.36120
-0.61845,1.36120
-0.61842,1.36120
-0.61837,1.36120
-0.61831,1.36120
-0.61825,1.36120
-0.61818,1.36120
-0.61810,1.36120
-0.61803,1.36119
-0.61796,1.36119
-0.61790,1.36119
-0.61784,1.36119
-0.61780,1.36119
-0.61777,1.36119
-0.61775,1.36119
-0.61773,1.36119
-0.61772,1.36119
-0.61771,1.36119
-0.61770,1.36119
-0.61769,1.36119
-0.61769,1.36119
-0.61768,1.36119
-0.61768,1.36119
-0.61768,1.36119
-0.61768,1.36119
-0.61767,1.36119
-0.61767,1.36119
0.58686,-1.39208
0.58680,-1.39208
0.58671,-1.39209
0.58657,-1.39210
0.58632,-1.39211
0.58573,-1.39215
-0.61849,1.36120
-0.61855,1.36120
-0.61855,1.36120
-0.61854,1.36120
-0.61853,1.36120
-0.61851,1.36120
-0.61850,1.36120
-0.61847,1.36120
-0.61844,1.36120
-0.61841,1.36120
-0.61836,1.36120
-0.61830,1.36120
-0.61823,1.36120
-0.61816,1.36120
-0.61808,1.36120
-0.61801,1.36119
-0.61794,1.36119
-0.61787,1.36119
-0.61783,1.36119
-0.61779,1.36119
-0.61776,1.36119
-0.61774,1.36119
-0.61772,1.36119
-0.61771,1.36119
-0.61770,1.36119
-0.61769,1.36119
-0.61769,1.36119
-0.61768,1.36119
-0.61768,1.36119
-0.61768,1.36119
-0.61767,1.36119
-0.61767,1.36119
-0.61767,1.36119
-0.61767,1.36119
0.58694,-1.39208
0.58691,-1.39208
0.58687,-1.39208
0.58683,-1.39208
0.58676,-1.39209
0.58668,-1.39209
0.58656,-1.39210
0.58638,-1.39211
0.58609,-1.39213
0.58546,-1.39217
-0.61837,1.36120
-0.61848,1.36120
-0.61847,1.36120
-0.61846,1.36120
-0.61843,1.36120
-0.61839,1.36120
-0.61834,1.36120
-0.61827,1.36120
-0.61820,1.36120
-0.61813,1.36120
-0.61805,1.36119
-0.61798,1.36119
-0.61791,1.36119
-0.61785,1.36119
-0.61781,1.36119
-0.61777,1.36119
-0.61775,1.36119
-0.61773,1.36119
-0.61771,1.36119
-0.61770,1.36119
-0.61769,1.36119
-0.61769,1.36119
-0.61768,1.36119
-0.61768,1.36119
-0.61768,1.36119
-0.61767,1.36119
-0.61767,1.36119
-0.61767,1.36119
-0.61767,1.36119
-0.61766,1.36119
0.58696,-1.39207
0.58695,-1.39207
0.58693,-1.39208
0.58691,-1.39208
0.58688,-1.39208
0.58684,-1.39208
0.58679,-1.39208
0.58673,-1.39209
0.58665,-1.39209
0.58655,-1.39210
0.58643,-1.39211
0.58626,-1.39212
0.58605,-1.39213
0.58573,-1.39215
0.58519,-1.39218
0.58348,-1.39228
-0.61821,1.36120
-0.61820,1.36120
-0.61814,1.36120
-0.61808,1.36120
-0.61801,1.36119
-0.61794,1.36119
-0.61788,1.36119
-0.61783,1.36119
-0.61779,1.36119
-0.61776,1.36119
-0.61774,1.36119
-0.61772,1.36119
-0.61770,1.36119
-0.61769,1.36119
-0.61769,1.36119
-0.61768,1.36119
-0.61768,1.36119
-0.61767,1.36119
-0.61767,1.36119
-0.61767,1.36119
-0.61767,1.36119
-0.61766,1.36119
-0.61766,1.36119
-0.61766,1.36119
0.58697,-1.39207
0.58697,-1.39207
0.58696,-1.39207
0.58695,-1.39208
0.58693,-1.39208
0.58691,-1.39208
0.58688,-1.39208
0.58684,-1.39208
0.58680,-1.39208
0.58675,-1.39209
0.58668,-1.39209
0.58660,-1.39210
0.58651,-1.39210
0.58639,-1.39211
0.58625,-1.39212
0.58606,-1.39213
0.58581,-1.39214
0.58544,-1.39217
0.58477,-1.39221
0.58227,-1.39235
-0.61796,1.36119
-0.61791,1.36119
-0.61786,1.36119
-0.61781,1.36119
-0.61778,1.36119
-0.61775,1.36119
-0.61772,1.36119
-0.61771,1.36119
-0.61770,1.36119
-0.61769,1.36119
-0.61768,1.36119
-0.61767,1.36119
-0.61767,1.36119
-0.61767,1.36119
-0.61767,1.36119
-0.61766,1.36119
-0.61766,1.36119
-0.61766,1.36119
-0.61766,1.36119
-0.61766,1.36119
0.58697,-1.39207
0.58697,-1.39207
0.58697,-1.39207
0.58696,-1.39207
0.58695,-1.39207
0.58694,-1.39208
0.58692,-1.39208
0.58689,-1.39208
0.58687,-1.39208
0.58683,-1.39208
0.58678,-1.39209
0.58673,-1.39209
0.58666,-1.39209
0.58658,-1.39210
0.58647,-1.39210
0.58635,-1.39211
0.58618,-1.39212
0.58597,-1.39214
0.58569,-1.39215
0.58529,-1.39218
0.58459,-1.39222
0.58236,-1.39234
-0.61786,1.36119
-0.61780,1.36119
-0.61776,1.36119
-0.61773,1.36119
-0.61771,1.36119
-0.61769,1.36119
-0.61768,1.36119
-0.61768,1.36119
-0.61767,1.36119
-0.61767,1.36119
-0.61766,1.36119
-0.61766,1.36119
-0.61766,1.36119
-0.61766,1.36119
-0.61766,1.36119
-0.61766,1.36119
-0.61765,1.36119
-0.61765,1.36119
0.58698,-1.39207
0.58697,-1.39207
0.58697,-1.39207
0.58697,-1.39207
0.58696,-1.39207
0.58695,-1.39207
0.58694,-1.39208
0.58692,-1.39208
0.58690,-1.39208
0.58687,-1.39208
0.58684,-1.39208
0.58679,-1.39208
0.58674,-1.39209
0.58667,-1.39209
0.58659,-1.39210
0.58648,-1.39210
0.58634,-1.39211
0.58617,-1.39212
0.58596,-1.39214
0.58568,-1.39215
0.58531,-1.39218
0.58472,-1.39221
0.58336,-1.39229
-0.61781,1.36119
-0.61775,1.36119
-0.61771,1.36119
-0.61769,1.36119
-0.61768,1.36119
-0.61767,1.36119
-0.61767,1.36119
-0.61766,1.36119
-0.61766,1.36119
-0.61766,1.36119
-0.61766,1.36119
-0.61765,1.36119
-0.61765,1.36119
-0.61765,1.36119
-0.61765,1.36119
-0.61765,1.36119
-0.61765,1.36119
0.58698,-1.39207
0.58698,-1.39207
0.58697,-1.39207
0.58697,-1.39207
0.58697,-1.39207
0.58696,-1.39207
0.58695,-1.39207
0.58694,-1.39208
0.58692,-1.39208
0.58690,-1.39208
0.58687,-1.39208
0.58683,-1.39208
0.58679,-1.39209
0.58673,-1.39209
0.58665,-1.39209
0.58656,-1.39210
0.58644,-1.39211
0.58629,-1.39212
0.58610,-1.39213
0.58587,-1.39214
0.58557,-1.39216
0.58517,-1.39218
0.58452,-1.39222
0.58279,-1.39232
-0.61773,1.36119
-0.61769,1.36119
-0.61768,1.36119
-0.61767,1.36119
-0.61766,1.36119
-0.61766,1.36119
-0.61765,1.36119
-0.61765,1.36119
-0.61765,1.36119
-0.61765,1.36119
-0.61765,1.36119
-0.61765,1.36119
-0.61765,1.36119
-0.61765,1.36119
-0.61765,1.36119
-0.61765,1.36119
0.58698,-1.39207
0.58698,-1.39207
0.58698,-1.39207
0.58697,-1.39207
0.58697,-1.39207
0.58697,-1.39207
0.58696,-1.39207
0.58695,-1.39207
0.58694,-1.39208
0.58692,-1.39208
0.58689,-1.39208
0.58686,-1.39208
0.58682,-1.39208
0.58677,-1.39209
0.58670,-1.39209
0.58662,-1.39210
0.58650,-1.39210
0.58636,-1.39211
0.58619,-1.39212
0.58598,-1.39213
0.58571,-1.39215
0.58537,-1.39217
0.58487,-1.39220
0.58391,-1.39226
-0.61769,1.36119
-0.61766,1.36119
-0.61765,1.36119
-0.61765,1.36119
-0.61765,1.36119
-0.61764,1.36119
-0.61764,1.36119
-0.61764,1.36119
-0.61764,1.36119
-0.61764,1.36119
-0.61764,1.36119
-0.61764,1.36119
-0.61764,1.36119
-0.61764,1.36119
-0.61764,1.36119
-0.61764,1.36119
0.58698,-1.39207
0.58698,-1.39207
0.58698,-1.39207
0.58698,-1.39207
0.58697,-1.39207
0.58697,-1.39207
0.58697,-1.39207
0.58696,-1.39207
0.58695,-1.39208
0.58693,-1.39208
0.58691,-1.39208
0.58688,-1.39208
0.58685,-1.39208
0.58680,-1.39208
0.58674,-1.39209
0.58666,-1.39209
0.58656,-1.39210
0.58642,-1.39211
0.58626,-1.39212
0.58605,-1.39213
0.58580,-1.39215
0.58548,-1.39216
0.58503,-1.39219
0.58421,-1.39224
0.57857,-1.39253
-0.61760,1.36119
-0.61761,1.36119
-0.61762,1.36119
-0.61762,1.36119
-0.61763,1.36119
-0.61763,1.36119
-0.61763,1.36119
-0.61763,1.36119
-0.61763,1.36119
-0.61763,1.36119
-0.61763,1.36119
-0.61763,1.36119
-0.61763,1.36119
-0.61763,1.36119
-0.61763,1.36119
0.58698,-1.39207
0.58698,-1.39207
0.58698,-1.39207
0.58698,-1.39207
0.58698,-1.39207
0.58697,-1.39207
0.58697,-1.39207
0.58696,-1.39207
0.58696,-1.39207
0.58694,-1.39208
0.58693,-1.39208
0.58690,-1.39208
0.58687,-1.39208
0.58683,-1.39208
0.58677,-1.39209
0.58670,-1.39209
0.58660,-1.39210
0.58647,-1.39210
0.58631,-1.39211
0.58611,-1.39213
0.58586,-1.39214
0.58554,-1.39216
0.58507,-1.39219
0.58417,-1.39224
-0.61705,1.36118
-0.61744,1.36118
-0.61752,1.36119
-0.61756,1.36119
-0.61758,1.36119
-0.61759,1.36119
-0.61760,1.36119
-0.61761,1.36119
-0.61761,1.36119
-0.61762,1.36119
-0.61762,1.36119
-0.61762,1.36119
-0.61762,1.36119
-0.61763,1.36119
-0.61763,1.36119
-0.61763,1.36119
0.58698,-1.39207
0.58698,-1.39207
0.58698,-1.39207
0.58698,-1.39207
0.58698,-1.39207
0.58698,-1.39207
0.58697,-1.39207
0.58697,-1.39207
0.58696,-1.39207
0.58695,-1.39207
0.58694,-1.39208
0.58692,-1.39208
0.58689,-1.39208
0.58685,-1.39208
0.58680,-1.39208
0.58673,-1.39209
0.58664,-1.39209
0.58652,-1.39210
0.58636,-1.39211
0.58616,-1.39212
0.58590,-1.39214
0.58555,-1.39216
0.58501,-1.39219
0.58358,-1.39227
-0.61703,1.36118
-0.61727,1.36118
-0.61738,1.36118
-0.61746,1.36118
-0.61751,1.36118
-0.61754,1.36119
-0.61756,1.36119
-0.61758,1.36119
-0.61759,1.36119
-0.61760,1.36119
-0.61760,1.36119
-0.61761,1.36119
-0.61761,1.36119
-0.61761,1.36119
-0.61762,1.36119
-0.61762,1.36119
0.58698,-1.39207
0.58698,-1.39207
0.58698,-1.39207
0.58698,-1.39207
0.58698,-1.39207
0.58698,-1.39207
0.58698,-1.39207
0.58697,-1.39207
0.58697,-1.39207
0.58696,-1.39207
0.58695,-1.39207
0.58694,-1.39208
0.58691,-1.39208
0.58688,-1.39208
0.58683,-1.39208
0.58677,-1.39209
0.58668,-1.39209
0.58657,-1.39210
0.58641,-1.39211
0.58620,-1.39212
0.58591,-1.39214
0.58550,-1.39216
0.58467,-1.39221
-0.61651,1.36117
-0.61697,1.36117
-0.61714,1.36118
-0.61726,1.36118
-0.61735,1.36118
-0.61741,1.36118
-0.61746,1.36118
-0.61750,1.36118
-0.61753,1.36119
-0.61755,1.36119
-0.61756,1.36119
-0.61758,1.36119
-0.61759,1.36119
-0.61759,1.36119
-0.61760,1.36119
-0.61760,1.36119
-0.61761,1.36119
0.58698,-1.39207
0.58698,-1.39207
0.58698,-1.39207
0.58698,-1.39207
0.58698,-1.39207
0.58698,-1.39207
0.58698,-1.39207
0.58698,-1.39207
0.58697,-1.39207
0.58697,-1.39207
0.58696,-1.39207
0.58695,-1.39208
0.58693,-1.39208
0.58690,-1.39208
0.58686,-1.39208
0.58680,-1.39208
0.58672,-1.39209
0.58661,-1.39210
0.58646,-1.39211
0.58623,-1.39212
0.58589,-1.39214
0.58523,-1.39218
-0.61590,1.36115
-0.61668,1.36117
-0.61692,1.36117
-0.61706,1.36118
-0.61717,1.36118
-0.61725,1.36118
-0.61732,1.36118
-0.61738,1.36118
-0.61743,1.36118
-0.61747,1.36118
-0.61750,1.36118
-0.61752,1.36119
-0.61754,1.36119
-0.61756,1.36119
-0.61757,1.36119
-0.61758,1.36119
-0.61759,1.36119
-0.61759,1.36119
0.58698,-1.39207
0.58698,-1.39207
0.58698,-1.39207
0.58698,-1.39207
0.58698,-1.39207
0.58698,-1.39207
0.58698,-1.39207
0.58698,-1.39207
0.58698,-1.39207
0.58697,-1.39207
0.58697,-1.39207
0.58696,-1.39207
0.58694,-1.39208
0.58692,-1.39208
0.58688,-1.39208
0.58683,-1.39208
0.58676,-1.39209
0.58665,-1.39209
0.58649,-1.39210
0.58623,-1.39212
0.58564,-1.39216
-0.61503,1.36113
-0.61625,1.36116
-0.61664,1.36117
-0.61686,1.36117
-0.61699,1.36118
-0.61710,1.36118
-0.61718,1.36118
-0.61725,1.36118
-0.61731,1.36118
-0.61736,1.36118
-0.61741,1.36118
-0.61745,1.36118
-0.61748,1.36118
-0.61750,1.36118
-0.61752,1.36119
-0.61754,1.36119
-0.61755,1.36119
-0.61756,1.36119
-0.61757,1.36119
0.58698,-1.39207
0.58698,-1.39207
0.58698,-1.39207
0.58698,-1.39207
0.58698,-1.39207
0.58698,-1.39207
0.58698,-1.39207
0.58698,-1.39207
0.58698,-1.39207
0.58698,-1.39207
0.58697,-1.39207
0.58697,-1.39207
0.58696,-1.39207
0.58694,-1.39208
0.58691,-1.39208
0.58686,-1.39208
0.58679,-1.39208
0.58668,-1.39209
0.58650,-1.39210
-0.57706,1.35929
-0.61071,1.36103
-0.61514,1.36114
-0.61616,1.36116
-0.61657,1.36117
-0.61679,1.36117
-0.61693,1.36117
-0.61704,1.36118
-0.61712,1.36118
-0.61719,1.36118
-0.61725,1.36118
-0.61730,1.36118
-0.61735,1.36118
-0.61739,1.36118
-0.61743,1.36118
-0.61746,1.36118
-0.61748,1.36118
-0.61751,1.36118
-0.61752,1.36119
-0.61754,1.36119
-0.61755,1.36119
0.58698,-1.39207
0.58698,-1.39207
0.58698,-1.39207
0.58698,-1.39207
0.58698,-1.39207
0.58698,-1.39207
0.58698,-1.39207
0.58698,-1.39207
0.58698,-1.39207
0.58698,-1.39207
0.58698,-1.39207
0.58697,-1.39207
0.58697,-1.39207
0.58695,-1.39207
0.58693,-1.39208
0.58688,-1.39208
0.58681,-1.39208
0.58660,-1.39210
-0.57422,1.35907
-0.59700,1.36051
-0.61036,1.36102
-0.61474,1.36113
-0.61598,1.36115
-0.61646,1.36116
-0.61671,1.36117
-0.61687,1.36117
-0.61698,1.36118
-0.61707,1.36118
-0.61714,1.36118
-0.61720,1.36118
-0.61725,1.36118
-0.61730,1.36118
-0.61734,1.36118
-0.61738,1.36118
-0.61741,1.36118
-0.61744,1.36118
-0.61747,1.36118
-0.61749,1.36118
-0.61751,1.36118
-0.61753,1.36119
0.58698,-1.39207
0.58698,-1.39207
0.58698,-1.39207
0.58698,-1.39207
0.58698,-1.39207
0.58698,-1.39207
0.58698,-1.39207
0.58698,-1.39207
0.58698,-1.39207
0.58698,-1.39207
0.58698,-1.39207
0.58698,-1.39207
0.58697,-1.39207
0.58697,-1.39207
0.58694,-1.39208
0.58689,-1.39208
-0.51089,1.35157
-0.56535,1.35833
-0.58220,1.35965
-0.59699,1.36051
-0.60880,1.36097
-0.61407,1.36111
-0.61571,1.36115
-0.61633,1.36116
-0.61663,1.36117
-0.61681,1.36117
-0.61693,1.36117
-0.61702,1.36118
-0.61709,1.36118
-0.61716,1.36118
-0.61721,1.36118
-0.61726,1.36118
-0.61730,1.36118
-0.61734,1.36118
-0.61737,1.36118
-0.61740,1.36118
-0.61743,1.36118
-0.61746,1.36118
-0.61748,1.36118
-0.61750,1.36118
0.58698,-1.39207
0.58698,-1.39207
0.58698,-1.39207
0.58698,-1.39207
0.58698,-1.39207
0.58698,-1.39207
0.58698,-1.39207
0.58698,-1.39207
0.58698,-1.39207
0.58698,-1.39207
0.58698,-1.39207
0.58698,-1.39207
0.58698,-1.39207
0.58697,-1.39207
0.58696,-1.39207
-0.48312,1.34676
-0.55511,1.35734
-0.57041,1.35877
-0.58263,1.35968
-0.59504,1.36041
-0.60654,1.36090
-0.61307,1.36109
-0.61534,1.36114
-0.61615,1.36116
-0.61652,1.36117
-0.61674,1.36117
-0.61687,1.36117
-0.61697,1.36117
-0.61705,1.36118
-0.61711,1.36118
-0.61717,1.36118
-0.61722,1.36118
-0.61726,1.36118
-0.61730,1.36118
-0.61733,1.36118
-0.61737,1.36118
-0.61740,1.36118
-0.61743,1.36118
-0.61745,1.36118
-0.61747,1.36118
0.58698,-1.39207
0.58698,-1.39207
0.58698,-1.39207
0.58698,-1.39207
0.58698,-1.39207
0.58698,-1.39207
0.58698,-1.39207
0.58698,-1.39207
0.58698,-1.39207
0.58698,-1.39207
0.58698,-1.39207
0.58698,-1.39207
0.58698,-1.39207
0.58698,-1.39207
0.58697,-1.39207
-0.53725,1.35530
-0.55807,1.35764
-0.57025,1.35875
-0.58095,1.35957
-0.59218,1.36026
-0.60362,1.36079
-0.61160,1.36105
-0.61481,1.36113
-0.61592,1.36115
-0.61640,1.36116
-0.61666,1.36117
-0.61681,1.36117
-0.61692,1.36117
-0.61701,1.36118
-0.61708,1.36118
-0.61713,1.36118
-0.61718,1.36118
-0.61722,1.36118
-0.61726,1.36118
-0.61730,1.36118
-0.61733,1.36118
-0.61737,1.36118
-0.61739,1.36118
-0.61742,1.36118
-0.61745,1.36118
0.58698,-1.39207
0.58698,-1.39207
0.58698,-1.39207
0.58698,-1.39207
0.58698,-1.39207
0.58698,-1.39207
0.58698,-1.39207
0.58698,-1.39207
0.58698,-1.39207
0.58698,-1.39207
0.58698,-1.39207
0.58698,-1.39207
0.58698,-1.39207
0.58699,-1.39207
0.58701,-1.39207
-0.53464,1.35497
-0.55546,1.35738
-0.56754,1.35852
-0.57783,1.35935
-0.58848,1.36005
-0.59990,1.36064
-0.60939,1.36099
-0.61400,1.36111
-0.61561,1.36115
-0.61624,1.36116
-0.61656,1.36117
-0.61675,1.36117
-0.61687,1.36117
-0.61697,1.36117
-0.61704,1.36118
-0.61710,1.36118
-0.61715,1.36118
-0.61719,1.36118
-0.61723,1.36118
-0.61727,1.36118
-0.61730,1.36118
-0.61733,1.36118
-0.61736,1.36118
-0.61739,1.36118
-0.61742,1.36118
0.58698,-1.39207
0.58698,-1.39207
0.58698,-1.39207
0.58698,-1.39207
0.58698,-1.39207
0.58698,-1.39207
0.58698,-1.39207
0.58698,-1.39207
0.58698,-1.39207
0.58699,-1.39207
0.58699,-1.39207
0.58699,-1.39207
0.58699,-1.39207
0.58700,-1.39207
0.58703,-1.39207
-0.50967,1.35138
-0.54747,1.35652
-0.56209,1.35803
-0.57302,1.35898
-0.58360,1.35975
-0.59501,1.36041
-0.60596,1.36088
-0.61261,1.36108
-0.61511,1.36114
-0.61602,1.36116
-0.61643,1.36116
-0.61666,1.36117
-0.61681,1.36117
-0.61692,1.36117
-0.61700,1.36118
-0.61706,1.36118
-0.61711,1.36118
-0.61716,1.36118
-0.61720,1.36118
-0.61724,1.36118
-0.61727,1.36118
-0.61731,1.36118
-0.61734,1.36118
-0.61737,1.36118
-0.61739,1.36118
0.58698,-1.39207
0.58698,-1.39207
0.58698,-1.39207
0.58698,-1.39207
0.58698,-1.39207
0.58698,-1.39207
0.58699,-1.39207
0.58699,-1.39207
0.58699,-1.39207
0.58699,-1.39207
0.58699,-1.39207
0.58699,-1.39207
0.58700,-1.39207
0.58701,-1.39207
0.58704,-1.39207
0.58716,-1.39206
-0.52393,1.35352
-0.55148,1.35696
-0.56530,1.35832
-0.57667,1.35926
-0.58826,1.36004
-0.60038,1.36066
-0.60987,1.36100
-0.61416,1.36111
-0.61564,1.36115
-0.61624,1.36116
-0.61655,1.36117
-0.61673,1.36117
-0.61686,1.36117
-0.61695,1.36117
-0.61702,1.36118
-0.61708,1.36118
-0.61713,1.36118
-0.61717,1.36118
-0.61721,1.36118
-0.61724,1.36118
-0.61728,1.36118
-0.61731,1.36118
-0.61734,1.36118
-0.61737,1.36118
0.58698,-1.39207
0.58698,-1.39207
0.58699,-1.39207
0.58699,-1.39207
0.58699,-1.39207
0.58699,-1.39207
0.58699,-1.39207
0.58699,-1.39207
0.58699,-1.39207
0.58699,-1.39207
0.58699,-1.39207
0.58700,-1.39207
0.58701,-1.39207
0.58702,-1.39207
0.58705,-1.39207
0.58710,-1.39207
0.58720,-1.39206
-0.51784,1.35264
-0.55008,1.35681
-0.56542,1.35833
-0.57813,1.35937
-0.59108,1.36020
-0.60369,1.36079
-0.61177,1.36106
-0.61482,1.36113
-0.61589,1.36115
-0.61635,1.36116
-0.61661,1.36117
-0.61677,1.36117
-0.61688,1.36117
-0.61697,1.36117
-0.61703,1.36118
-0.61709,1.36118
-0.61714,1.36118
-0.61718,1.36118
-0.61721,1.36118
-0.61725,1.36118
-0.61728,1.36118
-0.61731,1.36118
-0.61734,1.36118
0.58699,-1.39207
0.58699,-1.39207
0.58699,-1.39207
0.58699,-1.39207
0.58699,-1.39207
0.58699,-1.39207
0.58699,-1.39207
0.58699,-1.39207
0.58699,-1.39207
0.58699,-1.39207
0.58700,-1.39207
0.58701,-1.39207
0.58702,-1.39207
0.58704,-1.39207
0.58706,-1.39207
0.58710,-1.39207
0.58715,-1.39206
0.58721,-1.39206
0.58752,-1.39204
-0.53710,1.35528
-0.55912,1.35774
-0.57460,1.35910
-0.58951,1.36011
-0.60353,1.36079
-0.61193,1.36106
-0.61490,1.36113
-0.61591,1.36115
-0.61636,1.36116
-0.61661,1.36117
-0.61677,1.36117
-0.61688,1.36117
-0.61697,1.36117
-0.61703,1.36118
-0.61709,1.36118
-0.61714,1.36118
-0.61718,1.36118
-0.61722,1.36118
-0.61725,1.36118
-0.61728,1.36118
-0.61731,1.36118
0.58699,-1.39207
0.58699,-1.39207
0.58699,-1.39207
0.58699,-1.39207
0.58699,-1.39207
0.58699,-1.39207
0.58699,-1.39207
0.58699,-1.39207
0.58699,-1.39207
0.58700,-1.39207
0.58700,-1.39207
0.58701,-1.39207
0.58703,-1.39207
0.58705,-1.39207
0.58708,-1.39207
0.58712,-1.39206
0.58716,-1.39206
0.58721,-1.39206
0.58726,-1.39206
0.58730,-1.39205
0.58734,-1.39205
-0.51439,1.35212
-0.55279,1.35710
-0.57418,1.35907
-0.59350,1.36033
-0.60819,1.36095
-0.61396,1.36111
-0.61561,1.36115
-0.61623,1.36116
-0.61654,1.36117
-0.61672,1.36117
-0.61685,1.36117
-0.61694,1.36117
-0.61702,1.36118
-0.61708,1.36118
-0.61713,1.36118
-0.61718,1.36118
-0.61722,1.36118
-0.61725,1.36118
-0.61728,1.36118
0.58699,-1.39207
0.58699,-1.39207
0.58699,-1.39207
0.58699,-1.39207
0.58699,-1.39207
0.58699,-1.39207
0.58699,-1.39207
0.58700,-1.39207
0.58700,-1.39207
0.58700,-1.39207
0.58701,-1.39207
0.58702,-1.39207
0.58704,-1.39207
0.58706,-1.39207
0.58710,-1.39207
0.58714,-1.39206
0.58718,-1.39206
0.58724,-1.39206
0.58730,-1.39205
0.58736,-1.39205
0.58742,-1.39205
0.58747,-1.39204
0.58752,-1.39204
0.58754,-1.39204
0.58753,-1.39204
-0.40633,1.32890
-0.56714,1.35849
-0.60122,1.36069
-0.61341,1.36110
-0.61564,1.36115
-0.61629,1.36116
-0.61659,1.36117
-0.61676,1.36117
-0.61688,1.36117
-0.61698,1.36117
-0.61705,1.36118
-0.61711,1.36118
-0.61716,1.36118
-0.61720,1.36118
-0.61724,1.36118
0.58699,-1.39207
0.58699,-1.39207
0.58699,-1.39207
0.58699,-1.39207
0.58699,-1.39207
0.58699,-1.39207
0.58700,-1.39207
0.58700,-1.39207
0.58700,-1.39207
0.58701,-1.39207
0.58702,-1.39207
0.58703,-1.39207
0.58705,-1.39207
0.58708,-1.39207
0.58711,-1.39206
0.58716,-1.39206
0.58721,-1.39206
0.58727,-1.39205
0.58734,-1.39205
0.58742,-1.39205
0.58750,-1.39204
0.58758,-1.39203
0.58766,-1.39203
0.58773,-1.39203
0.58778,-1.39202
0.58783,-1.39202
0.58785,-1.39202
0.58786,-1.39202
0.58782,-1.39202
0.58759,-1.39203
-0.60185,1.36072
-0.61490,1.36113
-0.61617,1.36116
-0.61656,1.36117
-0.61676,1.36117
-0.61689,1.36117
-0.61698,1.36118
-0.61706,1.36118
-0.61712,1.36118
-0.61718,1.36118
0.58699,-1.39207
0.58699,-1.39207
0.58699,-1.39207
0.58699,-1.39207
0.58699,-1.39207
0.58700,-1.39207
0.58700,-1.39207
0.58700,-1.39207
0.58701,-1.39207
0.58702,-1.39207
0.58703,-1.39207
0.58704,-1.39207
0.58707,-1.39207
0.58710,-1.39207
0.58713,-1.39206
0.58718,-1.39206
0.58724,-1.39206
0.58731,-1.39205
0.58739,-1.39205
0.58747,-1.39204
0.58756,-1.39204
0.58764,-1.39203
0.58772,-1.39203
0.58779,-1.39202
0.58785,-1.39202
0.58789,-1.39202
0.58792,-1.39201
0.58795,-1.39201
0.58797,-1.39201
0.58799,-1.39201
0.58799,-1.39201
0.58797,-1.39201
0.58777,-1.39202
-0.60614,1.36088
-0.61568,1.36115
-0.61645,1.36116
-0.61672,1.36117
-0.61687,1.36117
-0.61698,1.36117
-0.61706,1.36118
0.58699,-1.39207
0.58699,-1.39207
0.58699,-1.39207
0.58699,-1.39207
0.58700,-1.39207
0.58700,-1.39207
0.58700,-1.39207
0.58701,-1.39207
0.58702,-1.39207
0.58702,-1.39207
0.58704,-1.39207
0.58706,-1.39207
0.58708,-1.39207
0.58711,-1.39206
0.58716,-1.39206
0.58721,-1.39206
0.58727,-1.39205
0.58734,-1.39205
0.58742,-1.39205
0.58751,-1.39204
0.58760,-1.39203
0.58769,-1.39203
0.58776,-1.39202
0.58782,-1.39202
0.58787,-1.39202
0.58791,-1.39201
0.58795,-1.39201
0.58797,-1.39201
0.58799,-1.39201
0.58801,-1.39201
0.58802,-1.39201
0.58804,-1.39201
0.58804,-1.39201
0.58804,-1.39201
0.58802,-1.39201
0.58780,-1.39202
-0.61250,1.36107
-0.61617,1.36116
-0.61664,1.36117
-0.61683,1.36117
0.58699,-1.39207
0.58699,-1.39207
0.58700,-1.39207
0.58700,-1.39207
0.58700,-1.39207
0.58700,-1.39207
0.58701,-1.39207
0.58701,-1.39207
0.58702,-1.39207
0.58703,-1.39207
0.58705,-1.39207
0.58707,-1.39207
0.58710,-1.39207
0.58713,-1.39206
0.58718,-1.39206
0.58723,-1.39206
0.58730,-1.39205
0.58737,-1.39205
0.58746,-1.39204
0.58754,-1.39204
0.58763,-1.39203
0.58771,-1.39203
0.58779,-1.39202
0.58784,-1.39202
0.58789,-1.39202
0.58793,-1.39201
0.58796,-1.39201
0.58798,-1.39201
0.58800,-1.39201
0.58802,-1.39201
0.58803,-1.39201
0.58804,-1.39201
0.58805,-1.39200
0.58806,-1.39200
0.58807,-1.39200
0.58807,-1.39200
0.58807,-1.39200
0.58804,-1.39201
-0.43307,1.33586
-0.61520,1.36114
0.58699,-1.39207
0.58700,-1.39207
0.58700,-1.39207
0.58700,-1.39207
0.58700,-1.39207
0.58701,-1.39207
0.58701,-1.39207
0.58702,-1.39207
0.58703,-1.39207
0.58704,-1.39207
0.58706,-1.39207
0.58708,-1.39207
0.58711,-1.39206
0.58715,-1.39206
0.58720,-1.39206
0.58726,-1.39206
0.58733,-1.39205
0.58740,-1.39205
0.58749,-1.39204
0.58757,-1.39204
0.58766,-1.39203
0.58774,-1.39203
0.58780,-1.39202
0.58786,-1.39202
0.58790,-1.39201
0.58794,-1.39201
0.58796,-1.39201
0.58799,-1.39201
0.58800,-1.39201
0.58802,-1.39201
0.58803,-1.39201
0.58804,-1.39201
0.58805,-1.39200
0.58806,-1.39200
0.58807,-1.39200
0.58808,-1.39200
0.58808,-1.39200
0.58809,-1.39200
0.58809,-1.39200
0.58809,-1.39200
0.58700,-1.39207
0.58700,-1.39207
0.58700,-1.39207
0.58700,-1.39207
0.58701,-1.39207
0.58701,-1.39207
0.58702,-1.39207
0.58702,-1.39207
0.58703,-1.39207
0.58705,-1.39207
0.58707,-1.39207
0.58709,-1.39207
0.58713,-1.39206
0.58717,-1.39206
0.58722,-1.39206
0.58728,-1.39205
0.58735,-1.39205
0.58743,-1.39204
0.58751,-1.39204
0.58760,-1.39203
0.58768,-1.39203
0.58775,-1.39202
0.58782,-1.39202
0.58787,-1.39202
0.58791,-1.39201
0.58794,-1.39201
0.58797,-1.39201
0.58799,-1.39201
0.58801,-1.39201
0.58802,-1.39201
0.58803,-1.39201
0.58804,-1.39201
0.58805,-1.39200
0.58806,-1.39200
0.58807,-1.39200
0.58808,-1.39200
0.58808,-1.39200
0.58809,-1.39200
0.58809,-1.39200
0.58810,-1.39200
0.58700,-1.39207
0.58700,-1.39207
0.58700,-1.39207
0.58701,-1.39207
0.58701,-1.39207
0.58701,-1.39207
0.58702,-1.39207
0.58703,-1.39207
0.58704,-1.39207
0.58706,-1.39207
0.58708,-1.39207
0.58711,-1.39206
0.58715,-1.39206
0.58719,-1.39206
0.58725,-1.39206
0.58731,-1.39205
0.58738,-1.39205
0.58745,-1.39204
0.58753,-1.39204
0.58762,-1.39203
0.58770,-1.39203
0.58777,-1.39202
0.58783,-1.39202
0.58788,-1.39202
0.58792,-1.39201
0.58795,-1.39201
0.58797,-1.39201
0.58799,-1.39201
0.58801,-1.39201
0.58802,-1.39201
0.58804,-1.39201
0.58805,-1.39201
0.58805,-1.39200
0.58806,-1.39200
0.58807,-1.39200
0.58807,-1.39200
0.58808,-1.39200
0.58808,-1.39200
0.58809,-1.39200
0.58809,-1.39200
0.58700,-1.39207
0.58700,-1.39207
0.58701,-1.39207
0.58701,-1.39207
0.58701,-1.39207
0.58702,-1.39207
0.58703,-1.39207
0.58704,-1.39207
0.58705,-1.39207
0.58707,-1.39207
0.58709,-1.39207
0.58712,-1.39206
0.58717,-1.39206
0.58721,-1.39206
0.58727,-1.39205
0.58733,-1.39205
0.58740,-1.39205
0.58748,-1.39204
0.58755,-1.39204
0.58763,-1.39203
0.58771,-1.39203
0.58778,-1.39202
0.58784,-1.39202
0.58788,-1.39202
0.58792,-1.39201
0.58795,-1.39201
0.58798,-1.39201
0.58799,-1.39201
0.58801,-1.39201
0.58802,-1.39201
0.58804,-1.39201
0.58805,-1.39201
0.58805,-1.39200
0.58806,-1.39200
0.58807,-1.39200
0.58807,-1.39200
0.58808,-1.39200
0.58808,-1.39200
0.58809,-1.39200
0.58809,-1.39200
