-1.02133,1.23011
-1.02060,1.23062
-1.01978,1.23118
-1.01885,1.23183
-1.01775,1.23258
-1.01645,1.23348
-1.01488,1.23455
-1.01298,1.23584
-1.01066,1.23741
-1.00777,1.23934
-1.00414,1.24175
-0.99953,1.24476
-0.99361,1.24858
-0.98593,1.25343
-0.97594,1.25956
-0.96302,1.26721
-0.94660,1.27648
-0.92640,1.28720
-0.90261,1.29888
-0.87598,1.31076
-0.84754,1.32205
-0.81831,1.33215
-0.78909,1.34073
-0.76059,1.34762
-0.73382,1.35278
-0.71013,1.35630
-0.69074,1.35846
-0.67601,1.35969
-0.66535,1.36036
-0.65777,1.36072
-0.65235,1.36093
-0.64840,1.36105
-0.64543,1.36113
-0.64314,1.36118
-0.64130,1.36121
-0.63978,1.36123
-0.63847,1.36125
-0.63730,1.36126
-0.63624,1.36127
-0.63526,1.36128
-1.02188,1.22973
-1.02099,1.23035
-1.02006,1.23099
-1.01904,1.23169
-1.01789,1.23249
-1.01655,1.23341
-1.01496,1.23449
-1.01305,1.23579
-1.01071,1.23737
-1.00783,1.23930
-1.00420,1.24171
-0.99959,1.24473
-0.99364,1.24856
-0.98589,1.25345
-0.97575,1.25968
-0.96254,1.26749
-0.94564,1.27701
-0.92470,1.28807
-0.89994,1.30013
-0.87213,1.31237
-0.84243,1.32393
-0.81196,1.33414
-0.78171,1.34265
-0.75265,1.34928
-0.72601,1.35404
-0.70320,1.35714
-0.68516,1.35897
-0.67177,1.35998
-0.66220,1.36052
-0.65538,1.36082
-0.65046,1.36099
-0.64682,1.36109
-0.64405,1.36116
-0.64188,1.36120
-0.64011,1.36123
-0.63861,1.36125
-0.63731,1.36126
-0.63615,1.36128
-0.63509,1.36128
-0.63411,1.36129
-1.02324,1.22878
-1.02199,1.22965
-1.02079,1.23048
-1.01958,1.23132
-1.01829,1.23221
-1.01685,1.23320
-1.01518,1.23434
-1.01322,1.23568
-1.01085,1.23728
-1.00793,1.23923
-1.00428,1.24165
-0.99964,1.24469
-0.99364,1.24856
-0.98579,1.25352
-0.97545,1.25986
-0.96189,1.26786
-0.94443,1.27767
-0.92266,1.28910
-0.89680,1.30159
-0.86768,1.31420
-0.83661,1.32601
-0.80488,1.33628
-0.77369,1.34463
-0.74429,1.35091
-0.71812,1.35522
-0.69648,1.35789
-0.67988,1.35940
-0.66781,1.36022
-0.65920,1.36066
-0.65305,1.36091
-0.64856,1.36105
-0.64520,1.36113
-0.64259,1.36119
-0.64052,1.36122
-0.63880,1.36125
-0.63734,1.36126
-0.63605,1.36128
-0.63491,1.36129
-0.63386,1.36129
-0.63289,1.36130
-1.02608,1.22678
-1.02419,1.22812
-1.02247,1.22932
-1.02086,1.23044
-1.01925,1.23155
-1.01758,1.23270
-1.01573,1.23396
-1.01363,1.23540
-1.01115,1.23707
-1.00815,1.23908
-1.00443,1.24156
-0.99971,1.24465
-0.99360,1.24859
-0.98559,1.25364
-0.97499,1.26013
-0.96101,1.26837
-0.94287,1.27851
-0.92013,1.29038
-0.89300,1.30332
-0.86244,1.31632
-0.82990,1.32833
-0.79692,1.33858
-0.76497,1.34665
-0.73557,1.35248
-0.71023,1.35628
-0.69001,1.35853
-0.67490,1.35977
-0.66405,1.36043
-0.65632,1.36078
-0.65074,1.36098
-0.64662,1.36110
-0.64349,1.36117
-0.64103,1.36121
-0.63904,1.36124
-0.63738,1.36126
-0.63595,1.36128
-0.63470,1.36129
-0.63358,1.36129
-0.63257,1.36130
-0.63164,1.36130
-1.02413,1.22816
-1.02710,1.22606
-1.02541,1.22726
-1.02332,1.22872
-1.02123,1.23018
-1.01913,1.23164
-1.01693,1.23315
-1.01454,1.23478
-1.01182,1.23662
-1.00862,1.23877
-1.00472,1.24137
-0.99982,1.24458
-0.99352,1.24864
-0.98525,1.25385
-0.97428,1.26056
-0.95974,1.26910
-0.94077,1.27965
-0.91686,1.29201
-0.88826,1.30544
-0.85608,1.31881
-0.82201,1.33096
-0.78788,1.34105
-0.75548,1.34870
-0.72652,1.35396
-0.70243,1.35723
-0.68381,1.35909
-0.67018,1.36008
-0.66046,1.36061
-0.65349,1.36089
-0.64840,1.36105
-0.64460,1.36115
-0.64166,1.36120
-0.63933,1.36124
-0.63743,1.36126
-0.63584,1.36128
-0.63447,1.36129
-0.63327,1.36129
-0.63220,1.36130
-0.63124,1.36130
-0.63037,1.36130
0.10190,-1.18397
-0.00037,-1.08778
-0.11731,-0.95463
-1.01842,1.23212
-1.02273,1.22914
-1.02124,1.23017
-1.01886,1.23182
-1.01612,1.23370
-1.01303,1.23580
-1.00947,1.23820
-1.00522,1.24103
-0.99999,1.24447
-0.99332,1.24876
-0.98463,1.25424
-0.97310,1.26127
-0.95779,1.27022
-0.93773,1.28128
-0.91239,1.29421
-0.88207,1.30816
-0.84811,1.32184
-0.81254,1.33397
-0.77754,1.34369
-0.74519,1.35074
-0.71724,1.35534
-0.69479,1.35806
-0.67789,1.35955
-0.66568,1.36034
-0.65695,1.36076
-0.65064,1.36099
-0.64598,1.36111
-0.64245,1.36119
-0.63970,1.36123
-0.63750,1.36126
-0.63571,1.36128
-0.63420,1.36129
-0.63291,1.36130
-0.63178,1.36130
-0.63079,1.36130
-0.62991,1.36130
-0.62911,1.36130
0.36051,-1.35095
0.26491,-1.30244
0.16685,-1.23632
0.07647,-1.16165
-0.00377,-1.08428
-0.08828,-0.99032
-0.99004,1.25085
-1.01294,1.23586
-1.01270,1.23603
-1.00963,1.23809
-1.00526,1.24101
-0.99964,1.24470
-0.99245,1.24932
-0.98310,1.25519
-0.97073,1.26268
-0.95431,1.27219
-0.93282,1.28387
-0.90570,1.29742
-0.87342,1.31184
-0.83765,1.32564
-0.80088,1.33745
-0.76568,1.34649
-0.73419,1.35271
-0.70793,1.35657
-0.68743,1.35877
-0.67226,1.35995
-0.66132,1.36057
-0.65345,1.36089
-0.64770,1.36107
-0.64342,1.36117
-0.64015,1.36123
-0.63759,1.36126
-0.63555,1.36128
-0.63388,1.36129
-0.63249,1.36130
-0.63131,1.36130
-0.63028,1.36130
-0.62939,1.36130
-0.62859,1.36130
-0.62789,1.36130
0.50121,-1.38959
0.44954,-1.38028
0.38061,-1.35897
0.30108,-1.32274
0.21924,-1.27362
0.14153,-1.21671
0.07199,-1.15761
0.01113,-1.09946
-0.04570,-1.03940
-0.11041,-0.96329
-0.93916,1.28051
-0.98403,1.25461
-0.98312,1.25517
-0.97524,1.25998
-0.96277,1.26735
-0.94545,1.27711
-0.92252,1.28918
-0.89367,1.30301
-0.85974,1.31738
-0.82294,1.33065
-0.78620,1.34149
-0.75219,1.34937
-0.72277,1.35454
-0.69886,1.35763
-0.68046,1.35936
-0.66688,1.36028
-0.65703,1.36076
-0.64988,1.36101
-0.64462,1.36115
-0.64068,1.36122
-0.63768,1.36126
-0.63535,1.36128
-0.63350,1.36129
-0.63199,1.36130
-0.63075,1.36130
-0.62969,1.36130
-0.62879,1.36130
-0.62800,1.36130
-0.62731,1.36130
-0.62669,1.36129
0.54826,-1.39293
0.52809,-1.39210
0.49592,-1.38891
0.44953,-1.38027
0.39009,-1.36248
0.32231,-1.33356
0.25238,-1.29488
0.18544,-1.25006
0.12457,-1.20301
0.07112,-1.15682
0.02505,-1.11331
-0.01507,-1.07250
-0.05157,-1.03285
-0.08742,-0.99135
-0.12833,-0.94055
-0.19998,-0.84093
-0.86366,1.31583
-0.85623,1.31876
-0.83086,1.32800
-0.79950,1.33785
-0.76732,1.34612
-0.73744,1.35215
-0.71158,1.35611
-0.69042,1.35849
-0.67397,1.35983
-0.66167,1.36055
-0.65267,1.36092
-0.64612,1.36111
-0.64132,1.36121
-0.63776,1.36126
-0.63508,1.36128
-0.63301,1.36130
-0.63139,1.36130
-0.63008,1.36130
-0.62900,1.36130
-0.62809,1.36130
-0.62731,1.36130
-0.62663,1.36129
-0.62604,1.36129
-0.62552,1.36129
0.56315,-1.39298
0.55420,-1.39301
0.53983,-1.39269
0.51740,-1.39129
0.48456,-1.38723
0.44038,-1.37802
0.38606,-1.36101
0.32499,-1.33487
0.26175,-1.30056
0.20067,-1.26090
0.14469,-1.21921
0.09513,-1.17813
0.05199,-1.13918
0.01442,-1.10277
-0.01895,-1.06840
-0.04979,-1.03484
-0.07998,-1.00018
-0.11204,-0.96125
-0.15142,-0.91006
-0.23205,-0.79100
-0.74611,1.35056
-0.72373,1.35439
-0.70206,1.35728
-0.68317,1.35914
-0.66798,1.36021
-0.65647,1.36078
-0.64808,1.36106
-0.64208,1.36120
-0.63778,1.36126
-0.63467,1.36129
-0.63237,1.36130
-0.63062,1.36130
-0.62925,1.36130
-0.62815,1.36130
-0.62725,1.36130
-0.62649,1.36129
-0.62584,1.36129
-0.62527,1.36128
-0.62478,1.36128
-0.62435,1.36128
0.56945,-1.39285
0.56442,-1.39296
0.55669,-1.39301
0.54470,-1.39285
0.52651,-1.39199
0.50012,-1.38945
0.46416,-1.38351
0.41841,-1.37188
0.36416,-1.35246
0.30433,-1.32445
0.24290,-1.28898
0.18378,-1.24885
0.12971,-1.20721
0.08181,-1.16642
0.03986,-1.12768
0.00288,-1.09110
-0.03042,-1.05613
-0.06135,-1.02179
-0.09132,-0.98667
-0.12237,-0.94820
-0.15940,-0.89917
-0.23001,-0.79429
-0.70039,1.35746
-0.67815,1.35954
-0.66237,1.36051
-0.65095,1.36098
-0.64305,1.36118
-0.63769,1.36126
-0.63404,1.36129
-0.63147,1.36130
-0.62960,1.36130
-0.62819,1.36130
-0.62709,1.36130
-0.62620,1.36129
-0.62547,1.36129
-0.62486,1.36128
-0.62434,1.36128
-0.62389,1.36127
-0.62350,1.36127
-0.62315,1.36127
0.57301,-1.39275
0.56972,-1.39285
0.56484,-1.39295
0.55746,-1.39301
0.54622,-1.39289
0.52943,-1.39218
0.50529,-1.39007
0.47232,-1.38511
0.42976,-1.37518
0.37802,-1.35798
0.31907,-1.33196
0.25652,-1.29741
0.19471,-1.25671
0.13725,-1.21329
0.08604,-1.17018
0.04136,-1.12911
0.00242,-1.09063
-0.03196,-1.05446
-0.06304,-1.01986
-0.09215,-0.98568
-0.12111,-0.94980
-0.15366,-0.90702
-0.20360,-0.83547
-0.68271,1.35918
-0.65683,1.36076
-0.64462,1.36115
-0.63741,1.36126
-0.63299,1.36130
-0.63012,1.36130
-0.62815,1.36130
-0.62673,1.36129
-0.62566,1.36129
-0.62483,1.36128
-0.62416,1.36128
-0.62361,1.36127
-0.62315,1.36127
-0.62276,1.36126
-0.62242,1.36126
-0.62213,1.36125
-0.62187,1.36125
0.57542,-1.39266
0.57310,-1.39274
0.56975,-1.39285
0.56478,-1.39295
0.55726,-1.39302
0.54587,-1.39288
0.52890,-1.39215
0.50453,-1.38999
0.47117,-1.38489
0.42782,-1.37463
0.37464,-1.35667
0.31356,-1.32920
0.24854,-1.29251
0.18446,-1.24935
0.12537,-1.20366
0.07328,-1.15878
0.02839,-1.11658
-0.01023,-1.07758
-0.04385,-1.04144
-0.07387,-1.00735
-0.10182,-0.97391
-0.12990,-0.93852
-0.16267,-0.89466
-0.21926,-0.81136
-0.65092,1.36098
-0.63684,1.36127
-0.63105,1.36130
-0.62787,1.36130
-0.62588,1.36129
-0.62455,1.36128
-0.62359,1.36127
-0.62288,1.36126
-0.62233,1.36126
-0.62190,1.36125
-0.62155,1.36125
-0.62125,1.36124
-0.62101,1.36124
-0.62079,1.36124
-0.62061,1.36124
-0.62044,1.36123
0.57723,-1.39259
0.57552,-1.39266
0.57311,-1.39274
0.56962,-1.39285
0.56440,-1.39296
0.55644,-1.39301
0.54429,-1.39284
0.52609,-1.39197
0.49984,-1.38942
0.46378,-1.38343
0.41684,-1.37140
0.35940,-1.35048
0.29416,-1.31903
0.22604,-1.27813
0.16057,-1.23155
0.10166,-1.18377
0.05082,-1.13808
0.00768,-1.09598
-0.02904,-1.05762
-0.06086,-1.02234
-0.08944,-0.98893
-0.11676,-0.95532
-0.14605,-0.91728
-0.18603,-0.86153
-0.63518,1.36128
-0.62597,1.36129
-0.62305,1.36127
-0.62156,1.36125
-0.62069,1.36124
-0.62013,1.36123
-0.61976,1.36122
-0.61951,1.36122
-0.61933,1.36122
-0.61920,1.36121
-0.61910,1.36121
-0.61902,1.36121
-0.61895,1.36121
-0.61889,1.36121
-0.61884,1.36121
-0.61879,1.36121
0.57866,-1.39252
0.57737,-1.39258
0.57560,-1.39265
0.57308,-1.39274
0.56939,-1.39286
0.56380,-1.39297
0.55515,-1.39301
0.54176,-1.39276
0.52149,-1.39163
0.49204,-1.38837
0.45147,-1.38073
0.39885,-1.36556
0.33539,-1.33982
0.26520,-1.30261
0.19451,-1.25657
0.12908,-1.20669
0.07204,-1.15766
0.02390,-1.11218
-0.01645,-1.07104
-0.05073,-1.03379
-0.08080,-0.99921
-0.10881,-0.96528
-0.13788,-0.92811
-0.17543,-0.87677
-0.29725,-0.67684
-0.60425,1.36081
-0.60935,1.36099
-0.61154,1.36105
-0.61285,1.36108
-0.61375,1.36111
-0.61441,1.36112
-0.61493,1.36113
-0.61535,1.36114
-0.61570,1.36115
-0.61598,1.36116
-0.61622,1.36116
-0.61641,1.36116
-0.61657,1.36117
-0.61670,1.36117
-0.61680,1.36117
0.57983,-1.39247
0.57884,-1.39252
0.57751,-1.39257
0.57567,-1.39265
0.57303,-1.39275
0.56910,-1.39286
0.56303,-1.39298
0.55345,-1.39300
0.53836,-1.39263
0.51519,-1.39109
0.48128,-1.38669
0.43457,-1.37650
0.37469,-1.35669
0.30433,-1.32445
0.22959,-1.28046
0.15777,-1.22940
0.09402,-1.17717
0.04011,-1.12792
-0.00468,-1.08334
-0.04218,-1.04329
-0.07459,-1.00650
-0.10444,-0.97069
-0.13535,-0.93143
-0.17666,-0.87502
-0.46960,1.34409
-0.55876,1.35771
-0.58116,1.35958
-0.59247,1.36028
-0.59905,1.36060
-0.60323,1.36078
-0.60608,1.36088
-0.60813,1.36095
-0.60966,1.36100
-0.61085,1.36103
-0.61178,1.36106
-0.61252,1.36107
-0.61312,1.36109
-0.61361,1.36110
-0.61401,1.36111
-0.61433,1.36112
0.58082,-1.39242
0.58004,-1.39246
0.57903,-1.39251
0.57767,-1.39257
0.57576,-1.39265
0.57299,-1.39275
0.56877,-1.39287
0.56212,-1.39299
0.55137,-1.39298
0.53406,-1.39244
0.50708,-1.39027
0.46733,-1.38414
0.41287,-1.37017
0.34452,-1.34401
0.26731,-1.30386
0.18944,-1.25294
0.11834,-1.19785
0.05761,-1.14443
0.00730,-1.09560
-0.03448,-1.05172
-0.07036,-1.01143
-0.10350,-0.97185
-0.13908,-0.92653
-0.19704,-0.84532
-0.46581,1.34331
-0.51398,1.35205
-0.54269,1.35596
-0.56272,1.35809
-0.57664,1.35926
-0.58626,1.35992
-0.59297,1.36030
-0.59775,1.36054
-0.60126,1.36070
-0.60389,1.36080
-0.60591,1.36087
-0.60750,1.36093
-0.60875,1.36097
-0.60976,1.36100
-0.61057,1.36102
-0.61123,1.36104
0.58166,-1.39238
0.58105,-1.39241
0.58027,-1.39245
0.57925,-1.39250
0.57786,-1.39256
0.57589,-1.39264
0.57297,-1.39275
0.56844,-1.39288
0.56110,-1.39300
0.54890,-1.39294
0.52874,-1.39214
0.49678,-1.38902
0.44955,-1.38028
0.38568,-1.36087
0.30818,-1.32645
0.22514,-1.27753
0.14617,-1.22038
0.07740,-1.16249
0.02012,-1.10844
-0.02746,-1.05932
-0.06853,-1.01354
-0.10769,-0.96667
-0.15595,-0.90390
-0.38601,1.32308
-0.45478,1.34093
-0.48749,1.34758
-0.51248,1.35182
-0.53322,1.35479
-0.55039,1.35684
-0.56419,1.35822
-0.57493,1.35913
-0.58314,1.35972
-0.58939,1.36011
-0.59415,1.36037
-0.59783,1.36055
-0.60068,1.36067
-0.60293,1.36076
-0.60472,1.36083
-0.60616,1.36088
-0.60731,1.36092
0.58241,-1.39234
0.58192,-1.39236
0.58132,-1.39239
0.58054,-1.39243
0.57951,-1.39248
0.57810,-1.39255
0.57608,-1.39263
0.57302,-1.39275
0.56815,-1.39289
0.56001,-1.39301
0.54599,-1.39288
0.52211,-1.39168
0.48361,-1.38708
0.42676,-1.37433
0.35175,-1.34721
0.26515,-1.30258
0.17817,-1.24475
0.10003,-1.18236
0.03392,-1.12196
-0.02177,-1.06541
-0.07159,-1.01000
-0.12590,-0.94368
-0.32016,1.30109
-0.40820,1.32941
-0.44485,1.33868
-0.47099,1.34438
-0.49241,1.34847
-0.51110,1.35161
-0.52775,1.35405
-0.54247,1.35594
-0.55519,1.35735
-0.56587,1.35837
-0.57464,1.35911
-0.58171,1.35962
-0.58736,1.35999
-0.59186,1.36024
-0.59544,1.36043
-0.59830,1.36057
-0.60060,1.36067
-0.60245,1.36074
0.58308,-1.39230
0.58269,-1.39232
0.58222,-1.39235
0.58163,-1.39238
0.58086,-1.39242
0.57984,-1.39247
0.57843,-1.39253
0.57636,-1.39262
0.57318,-1.39274
0.56797,-1.39289
0.55888,-1.39301
0.54252,-1.39278
0.51358,-1.39094
0.46607,-1.38389
0.39659,-1.36478
0.30865,-1.32669
0.21384,-1.26998
0.12487,-1.20325
0.04736,-1.13482
-0.02131,-1.06590
-0.09617,-0.98081
-0.25274,1.27334
-0.35555,1.31351
-0.40357,1.32814
-0.43494,1.33632
-0.45859,1.34177
-0.47809,1.34579
-0.49510,1.34895
-0.51047,1.35151
-0.52453,1.35361
-0.53735,1.35531
-0.54888,1.35667
-0.55902,1.35773
-0.56777,1.35854
-0.57516,1.35915
-0.58131,1.35959
-0.58637,1.35992
-0.59050,1.36017
-0.59386,1.36035
-0.59660,1.36049
0.58369,-1.39227
0.58338,-1.39229
0.58302,-1.39231
0.58257,-1.39233
0.58200,-1.39236
0.58126,-1.39240
0.58026,-1.39245
0.57887,-1.39251
0.57680,-1.39260
0.57353,-1.39273
0.56796,-1.39289
0.55770,-1.39301
0.53807,-1.39262
0.50156,-1.38963
0.44051,-1.37805
0.35325,-1.34786
0.24975,-1.29326
0.14613,-1.22035
0.04803,-1.13546
0.39846,0.37140
-0.05062,1.14891
-0.26080,1.27695
-0.34596,1.31029
-0.39320,1.32519
-0.42450,1.33372
-0.44781,1.33936
-0.46664,1.34348
-0.48278,1.34669
-0.49720,1.34931
-0.51042,1.35150
-0.52267,1.35334
-0.53405,1.35489
-0.54452,1.35618
-0.55402,1.35723
-0.56248,1.35806
-0.56988,1.35872
-0.57625,1.35923
-0.58163,1.35962
-0.58613,1.35991
-0.58986,1.36013
0.58427,-1.39224
0.58403,-1.39225
0.58375,-1.39226
0.58341,-1.39228
0.58299,-1.39231
0.58246,-1.39234
0.58176,-1.39237
0.58082,-1.39242
0.57947,-1.39249
0.57745,-1.39258
0.57414,-1.39271
0.56817,-1.39289
0.55628,-1.39301
0.53123,-1.39229
0.48094,-1.38664
0.39405,-1.36389
0.27094,-1.30598
0.09418,-1.17731
0.40515,0.35338
0.28450,0.65290
-0.03749,1.13789
-0.23454,1.26486
-0.32775,1.30387
-0.37973,1.32119
-0.41328,1.33079
-0.43754,1.33695
-0.45660,1.34133
-0.47254,1.34469
-0.48649,1.34739
-0.49912,1.34964
-0.51080,1.35156
-0.52172,1.35321
-0.53197,1.35462
-0.54157,1.35583
-0.55045,1.35685
-0.55855,1.35769
-0.56582,1.35837
-0.57222,1.35891
-0.57775,1.35934
-0.58247,1.35967
0.58482,-1.39220
0.58465,-1.39221
0.58444,-1.39223
0.58420,-1.39224
0.58390,-1.39226
0.58353,-1.39228
0.58306,-1.39230
0.58243,-1.39234
0.58157,-1.39238
0.58032,-1.39244
0.57839,-1.39254
0.57509,-1.39267
0.56861,-1.39287
0.55373,-1.39300
0.51560,-1.39113
0.41821,-1.37182
0.46287,0.19157
0.42101,0.31003
0.38323,0.41182
0.28467,0.65252
0.01728,1.08632
-0.19603,1.24543
-0.30400,1.29494
-0.36371,1.31618
-0.40109,1.32744
-0.42724,1.33441
-0.44719,1.33922
-0.46343,1.34281
-0.47733,1.34564
-0.48969,1.34798
-0.50097,1.34996
-0.51147,1.35167
-0.52137,1.35316
-0.53075,1.35446
-0.53964,1.35560
-0.54799,1.35657
-0.55574,1.35740
-0.56281,1.35810
-0.56915,1.35866
-0.57473,1.35911
0.58537,-1.39217
0.58526,-1.39218
0.58513,-1.39219
0.58497,-1.39219
0.58478,-1.39221
0.58455,-1.39222
0.58425,-1.39224
0.58386,-1.39226
0.58334,-1.39229
0.58262,-1.39233
0.58154,-1.39238
0.57980,-1.39247
0.57657,-1.39261
0.56910,-1.39286
0.54332,-1.39281
0.47379,0.15981
0.43365,0.27486
0.41274,0.33276
0.38170,0.41584
0.30649,0.60249
0.08893,1.00252
-0.14682,1.21730
-0.27479,1.28303
-0.34501,1.30996
-0.38767,1.32358
-0.41655,1.33165
-0.43793,1.33704
-0.45489,1.34096
-0.46907,1.34398
-0.48142,1.34644
-0.49253,1.34849
-0.50275,1.35026
-0.51234,1.35180
-0.52144,1.35317
-0.53014,1.35438
-0.53846,1.35545
-0.54637,1.35639
-0.55381,1.35720
-0.56068,1.35789
-0.56692,1.35847
0.58593,-1.39214
0.58588,-1.39214
0.58582,-1.39214
0.58575,-1.39215
0.58567,-1.39215
0.58556,-1.39216
0.58543,-1.39217
0.58525,-1.39218
0.58501,-1.39219
0.58468,-1.39221
0.58421,-1.39224
0.58347,-1.39228
0.58220,-1.39235
0.57944,-1.39249
0.56700,-1.39291
0.44850,0.23287
0.43043,0.28389
0.41303,0.33197
0.38739,0.40086
0.33164,0.54248
0.16755,0.88428
-0.08459,1.17540
-0.23875,1.26686
-0.32286,1.30209
-0.37254,1.31898
-0.40506,1.32855
-0.42842,1.33471
-0.44648,1.33905
-0.46124,1.34234
-0.47384,1.34495
-0.48498,1.34711
-0.49509,1.34894
-0.50447,1.35054
-0.51333,1.35195
-0.52181,1.35322
-0.52998,1.35436
-0.53785,1.35538
-0.54541,1.35628
-0.55258,1.35708
-0.55927,1.35776
0.58653,-1.39210
0.58655,-1.39210
0.58657,-1.39210
0.58659,-1.39210
0.58662,-1.39210
0.58665,-1.39209
0.58669,-1.39209
0.58673,-1.39209
0.58678,-1.39209
0.58686,-1.39208
0.58698,-1.39207
0.58720,-1.39206
0.58772,-1.39203
0.58957,-1.39190
0.63200,-1.38724
0.45022,0.22797
0.43329,0.27589
0.41765,0.31929
0.39645,0.37677
0.35570,0.48277
0.24278,0.74280
-0.00320,1.10672
-0.19224,1.24340
-0.29542,1.29155
-0.35466,1.31322
-0.39212,1.32488
-0.41817,1.33208
-0.43777,1.33700
-0.45342,1.34063
-0.46653,1.34346
-0.47791,1.34575
-0.48808,1.34768
-0.49739,1.34935
-0.50610,1.35081
-0.51439,1.35212
-0.52238,1.35330
-0.53013,1.35438
-0.53767,1.35535
-0.54495,1.35623
-0.55190,1.35700
0.58719,-1.39206
0.58728,-1.39205
0.58740,-1.39205
0.58753,-1.39204
0.58769,-1.39203
0.58789,-1.39202
0.58814,-1.39200
0.58846,-1.39198
0.58890,-1.39195
0.58952,-1.39191
0.59050,-1.39184
0.59222,-1.39172
0.59589,-1.39143
0.60685,-1.39043
0.66822,-1.38059
0.46342,0.18999
0.44080,0.25473
0.42553,0.29753
0.40768,0.34652
0.37814,0.42516
0.30672,0.60196
0.10591,0.97949
-0.12655,1.20449
-0.25838,1.27587
-0.33178,1.30532
-0.37637,1.32017
-0.40627,1.32888
-0.42807,1.33462
-0.44506,1.33873
-0.45899,1.34186
-0.47086,1.34435
-0.48130,1.34641
-0.49072,1.34817
-0.49942,1.34969
-0.50762,1.35105
-0.51547,1.35228
-0.52308,1.35340
-0.53053,1.35443
-0.53780,1.35537
-0.54486,1.35622
0.58793,-1.39201
0.58812,-1.39200
0.58835,-1.39199
0.58863,-1.39197
0.58896,-1.39194
0.58938,-1.39192
0.58992,-1.39188
0.59064,-1.39183
0.59164,-1.39176
0.59313,-1.39165
0.59553,-1.39146
0.59983,-1.39110
0.60863,-1.39024
0.62925,-1.38765
0.68009,-1.37791
0.80386,-1.33644
0.45648,0.21000
0.43724,0.26480
0.42109,0.30983
0.39944,0.36878
0.35691,0.47970
0.23449,0.75973
-0.01993,1.12236
-0.20090,1.24801
-0.29839,1.29273
-0.35474,1.31325
-0.39077,1.32449
-0.41605,1.33152
-0.43515,1.33637
-0.45042,1.33996
-0.46318,1.34275
-0.47420,1.34502
-0.48398,1.34692
-0.49287,1.34855
-0.50113,1.34998
-0.50896,1.35127
-0.51650,1.35244
-0.52386,1.35351
-0.53108,1.35450
-0.53816,1.35541
0.58879,-1.39196
0.58911,-1.39194
0.58948,-1.39191
0.58994,-1.39188
0.59051,-1.39184
0.59123,-1.39179
0.59218,-1.39172
0.59348,-1.39162
0.59533,-1.39148
0.59814,-1.39125
0.60268,-1.39084
0.61051,-1.39004
0.62473,-1.38829
0.65048,-1.38414
0.69332,-1.37464
0.75423,-1.35593
0.84034,-1.31975
0.45961,0.20100
0.43852,0.26118
0.42091,0.31031
0.39567,0.37886
0.33962,0.52292
0.16585,0.88716
-0.09138,1.18036
-0.23936,1.26715
-0.31932,1.30078
-0.36704,1.31725
-0.39867,1.32676
-0.42153,1.33295
-0.43920,1.33735
-0.45358,1.34067
-0.46572,1.34329
-0.47630,1.34544
-0.48575,1.34725
-0.49437,1.34882
-0.50240,1.35020
-0.51003,1.35144
-0.51741,1.35257
-0.52462,1.35362
-0.53171,1.35459
0.58982,-1.39189
0.59029,-1.39185
0.59086,-1.39181
0.59156,-1.39176
0.59244,-1.39170
0.59358,-1.39162
0.59510,-1.39150
0.59720,-1.39133
0.60024,-1.39106
0.60481,-1.39063
0.61198,-1.38988
0.62349,-1.38845
0.64191,-1.38566
0.67002,-1.38020
0.70886,-1.37043
0.75514,-1.35561
0.80217,-1.33716
0.84755,-1.31621
0.99113,-1.22846
0.44860,0.23258
0.42921,0.28728
0.40431,0.35565
0.34976,0.49770
0.16978,0.88049
-0.09817,1.18522
-0.24430,1.26946
-0.32186,1.30172
-0.36824,1.31763
-0.39922,1.32692
-0.42181,1.33303
-0.43940,1.33739
-0.45379,1.34071
-0.46601,1.34335
-0.47668,1.34551
-0.48621,1.34734
-0.49490,1.34891
-0.50299,1.35030
-0.51065,1.35154
-0.51804,1.35267
-0.52525,1.35371
0.59107,-1.39180
0.59174,-1.39175
0.59255,-1.39169
0.59357,-1.39162
0.59486,-1.39152
0.59654,-1.39138
0.59880,-1.39119
0.60194,-1.39091
0.60644,-1.39047
0.61305,-1.38976
0.62293,-1.38853
0.63769,-1.38635
0.65920,-1.38247
0.68888,-1.37577
0.72635,-1.36522
0.76836,-1.35076
0.80986,-1.33383
0.84657,-1.31670
0.87627,-1.30134
0.89862,-1.28888
0.92267,-1.27459
0.46126,0.19623
0.43598,0.26832
0.40524,0.35315
0.32089,0.56845
0.03727,1.06498
-0.19017,1.24228
-0.29600,1.29178
-0.35344,1.31281
-0.38951,1.32412
-0.41486,1.33121
-0.43419,1.33614
-0.44982,1.33982
-0.46299,1.34271
-0.47444,1.34507
-0.48464,1.34705
-0.49390,1.34873
-0.50245,1.35021
-0.51049,1.35151
-0.51816,1.35269
0.59259,-1.39169
0.59351,-1.39162
0.59464,-1.39153
0.59605,-1.39142
0.59784,-1.39127
0.60020,-1.39107
0.60335,-1.39078
0.60769,-1.39034
0.61379,-1.38967
0.62247,-1.38859
0.63489,-1.38680
0.65242,-1.38378
0.67645,-1.37876
0.70767,-1.37077
0.74522,-1.35906
0.78632,-1.34375
0.82736,-1.32591
0.86557,-1.30703
0.89959,-1.28832
0.92908,-1.27061
0.95407,-1.25447
0.97447,-1.24046
0.98972,-1.22950
0.99795,-1.22339
0.99332,-1.22684
0.49673,0.09247
0.41829,0.31754
0.21906,0.79037
-0.16279,1.22686
-0.29832,1.29270
-0.36017,1.31503
-0.39622,1.32606
-0.42092,1.33280
-0.43976,1.33748
-0.45516,1.34102
-0.46834,1.34383
-0.47997,1.34615
-0.49045,1.34812
-0.50004,1.34980
-0.50895,1.35127
0.59444,-1.39155
0.59566,-1.39145
0.59717,-1.39133
0.59904,-1.39117
0.60143,-1.39096
0.60454,-1.39066
0.60868,-1.39024
0.61428,-1.38961
0.62199,-1.38866
0.63266,-1.38714
0.64740,-1.38470
0.66741,-1.38077
0.69373,-1.37453
0.72659,-1.36515
0.76482,-1.35208
0.80595,-1.33554
0.84716,-1.31641
0.88641,-1.29579
0.92263,-1.27461
0.95532,-1.25363
0.98414,-1.23356
1.00877,-1.21516
1.02902,-1.19910
1.04502,-1.18579
1.05716,-1.17529
1.06588,-1.16753
1.07136,-1.16257
1.07272,-1.16132
1.06444,-1.16883
1.01244,-1.21231
0.20671,0.81409
-0.24436,1.26949
-0.34696,1.31063
-0.39264,1.32503
-0.42035,1.33265
-0.44050,1.33766
-0.45679,1.34138
-0.47079,1.34434
-0.48328,1.34679
-0.49463,1.34886
0.59666,-1.39137
0.59824,-1.39124
0.60017,-1.39107
0.60256,-1.39085
0.60559,-1.39056
0.60949,-1.39015
0.61462,-1.38957
0.62148,-1.38872
0.63074,-1.38743
0.64330,-1.38542
0.66022,-1.38226
0.68257,-1.37732
0.71107,-1.36980
0.74552,-1.35896
0.78448,-1.34449
0.82557,-1.32674
0.86645,-1.30657
0.90543,-1.28493
0.94151,-1.26272
0.97396,-1.24083
1.00215,-1.22022
1.02564,-1.20184
1.04439,-1.18632
1.05886,-1.17380
1.06980,-1.16399
1.07802,-1.15642
1.08422,-1.15061
1.08890,-1.14615
1.09235,-1.14282
1.09463,-1.14061
1.09522,-1.14003
1.09149,-1.14365
1.05462,-1.17752
0.10085,0.98649
-0.30158,1.29399
-0.37838,1.32078
-0.41430,1.33106
-0.43755,1.33695
-0.45561,1.34112
-0.47104,1.34439
0.59928,-1.39115
0.60123,-1.39097
0.60360,-1.39075
0.60653,-1.39046
0.61019,-1.39008
0.61488,-1.38954
0.62099,-1.38879
0.62905,-1.38768
0.63982,-1.38601
0.65420,-1.38344
0.67325,-1.37949
0.69786,-1.37345
0.72841,-1.36458
0.76425,-1.35229
0.80362,-1.33654
0.84426,-1.31783
0.88415,-1.29704
0.92191,-1.27505
0.95663,-1.25275
0.98756,-1.23108
1.01402,-1.21108
1.03566,-1.19365
1.05261,-1.17927
1.06549,-1.16789
1.07515,-1.15908
1.08241,-1.15232
1.08793,-1.14708
1.09222,-1.14295
1.09561,-1.13965
1.09836,-1.13696
1.10058,-1.13476
1.10234,-1.13301
1.10353,-1.13183
1.10366,-1.13169
1.10039,-1.13495
1.06037,-1.17246
-0.12195,1.20148
-0.34637,1.31043
-0.40233,1.32779
-0.43154,1.33548
0.60226,-1.39088
0.60459,-1.39066
0.60740,-1.39037
0.61083,-1.39001
0.61511,-1.38952
0.62055,-1.38884
0.62759,-1.38789
0.63684,-1.38649
0.64910,-1.38440
0.66531,-1.38121
0.68647,-1.37637
0.71327,-1.36916
0.74566,-1.35892
0.78252,-1.34527
0.82188,-1.32844
0.86158,-1.30910
0.89998,-1.28810
0.93600,-1.26625
0.96887,-1.24439
0.99789,-1.22344
1.02246,-1.20440
1.04233,-1.18807
1.05776,-1.17477
1.06943,-1.16433
1.07816,-1.15630
1.08472,-1.15013
1.08974,-1.14534
1.09364,-1.14157
1.09676,-1.13852
1.09931,-1.13601
1.10144,-1.13391
1.10325,-1.13210
1.10481,-1.13054
1.10614,-1.12920
1.10723,-1.12811
1.10793,-1.12740
1.10769,-1.12764
1.10348,-1.13187
0.48925,0.11444
-0.26489,1.27875
0.60554,-1.39056
0.60822,-1.39029
0.61143,-1.38994
0.61534,-1.38949
0.62019,-1.38889
0.62635,-1.38806
0.63432,-1.38689
0.64476,-1.38517
0.65853,-1.38260
0.67662,-1.37872
0.69990,-1.37291
0.72877,-1.36447
0.76270,-1.35286
0.80016,-1.33802
0.83903,-1.32038
0.87741,-1.30072
0.91402,-1.27983
0.94808,-1.25844
0.97896,-1.23728
1.00605,-1.21725
1.02883,-1.19926
1.04715,-1.18397
1.06134,-1.17160
1.07206,-1.16192
1.08011,-1.15447
1.08619,-1.14874
1.09085,-1.14427
1.09450,-1.14074
1.09741,-1.13788
1.09980,-1.13553
1.10180,-1.13355
1.10349,-1.13186
1.10496,-1.13040
1.10624,-1.12911
1.10738,-1.12796
1.10840,-1.12692
1.10930,-1.12601
1.11004,-1.12526
1.11043,-1.12486
1.10973,-1.12557
0.60901,-1.39020
0.61201,-1.38987
0.61558,-1.38946
0.61992,-1.38892
0.62533,-1.38820
0.63219,-1.38721
0.64109,-1.38579
0.65277,-1.38372
0.66815,-1.38061
0.68817,-1.37595
0.71356,-1.36908
0.74433,-1.35937
0.77944,-1.34649
0.81702,-1.33064
0.85500,-1.31248
0.89179,-1.29277
0.92648,-1.27223
0.95853,-1.25147
0.98746,-1.23115
1.01272,-1.21209
1.03389,-1.19511
1.05087,-1.18077
1.06403,-1.16920
1.07400,-1.16015
1.08152,-1.15315
1.08723,-1.14775
1.09163,-1.14352
1.09509,-1.14016
1.09787,-1.13744
1.10015,-1.13519
1.10205,-1.13330
1.10366,-1.13169
1.10505,-1.13030
1.10625,-1.12909
1.10731,-1.12802
1.10826,-1.12707
1.10911,-1.12620
1.10989,-1.12541
1.11062,-1.12467
1.11128,-1.12399
0.61258,-1.38981
0.61584,-1.38943
0.61974,-1.38895
0.62449,-1.38832
0.63043,-1.38747
0.63803,-1.38630
0.64791,-1.38461
0.66092,-1.38212
0.67799,-1.37840
0.70003,-1.37287
0.72748,-1.36487
0.75989,-1.35389
0.79577,-1.33987
0.83303,-1.32325
0.86978,-1.30481
0.90482,-1.28529
0.93755,-1.26526
0.96766,-1.24523
0.99474,-1.22579
1.01833,-1.20769
1.03806,-1.19165
1.05389,-1.17816
1.06617,-1.16727
1.07553,-1.15874
1.08262,-1.15212
1.08803,-1.14698
1.09222,-1.14294
1.09554,-1.13972
1.09821,-1.13710
1.10041,-1.13492
1.10225,-1.13310
1.10381,-1.13154
1.10515,-1.13020
1.10630,-1.12904
1.10731,-1.12802
1.10820,-1.12713
1.10899,-1.12633
1.10970,-1.12561
1.11034,-1.12495
1.11095,-1.12433
0.61613,-1.38939
0.61964,-1.38896
0.62384,-1.38841
0.62899,-1.38769
0.63549,-1.38670
0.64385,-1.38533
0.65481,-1.38333
0.66925,-1.38037
0.68814,-1.37596
0.71224,-1.36946
0.74164,-1.36027
0.77539,-1.34807
0.81160,-1.33306
0.84813,-1.31592
0.88341,-1.29745
0.91661,-1.27828
0.94744,-1.25886
0.97569,-1.23960
1.00107,-1.22104
1.02314,-1.20385
1.04160,-1.18869
1.05642,-1.17594
1.06796,-1.16566
1.07679,-1.15757
1.08352,-1.15127
1.08869,-1.14635
1.09271,-1.14247
1.09591,-1.13936
1.09850,-1.13681
1.10064,-1.13470
1.10243,-1.13293
1.10394,-1.13141
1.10525,-1.13010
1.10637,-1.12897
1.10735,-1.12798
1.10821,-1.12712
1.10896,-1.12636
1.10962,-1.12568
1.11022,-1.12508
1.11075,-1.12453
