-1.35324,0.81536
-1.35278,0.81631
-1.35228,0.81737
-1.35169,0.81859
-1.35100,0.82002
-1.35018,0.82171
-1.34919,0.82375
-1.34798,0.82624
-1.34649,0.82929
-1.34463,0.83308
-1.34227,0.83786
-1.33924,0.84395
-1.33527,0.85183
-1.33000,0.86213
-1.32295,0.87566
-1.31344,0.89338
-1.30069,0.91629
-1.28378,0.94510
-1.26186,0.97994
-1.23416,1.02017
-1.19998,1.06461
-1.15848,1.11189
-1.10867,1.16072
-1.04988,1.20940
-0.98348,1.25495
-0.91497,1.29294
-0.85295,1.32002
-0.80360,1.33666
-0.76758,1.34606
-0.74217,1.35130
-0.72422,1.35432
-0.71129,1.35615
-0.70171,1.35731
-0.69437,1.35811
-0.68854,1.35867
-0.68372,1.35909
-0.67961,1.35942
-0.67598,1.35969
-0.67269,1.35992
-0.66965,1.36011
-1.35358,0.81465
-1.35303,0.81581
-1.35245,0.81701
-1.35181,0.81833
-1.35109,0.81984
-1.35024,0.82158
-1.34924,0.82365
-1.34802,0.82615
-1.34653,0.82921
-1.34467,0.83300
-1.34231,0.83778
-1.33927,0.84388
-1.33528,0.85180
-1.32997,0.86219
-1.32281,0.87592
-1.31308,0.89405
-1.29991,0.91765
-1.28230,0.94755
-1.25924,0.98392
-1.22984,1.02609
-1.19322,1.07277
-1.14844,1.12237
-1.09452,1.17324
-1.03138,1.22302
-0.96189,1.26786
-0.89334,1.30316
-0.83439,1.32678
-0.78929,1.34067
-0.75696,1.34839
-0.73420,1.35271
-0.71800,1.35523
-0.70619,1.35679
-0.69729,1.35780
-0.69036,1.35850
-0.68476,1.35901
-0.68007,1.35939
-0.67601,1.35969
-0.67241,1.35994
-0.66913,1.36014
-0.66611,1.36032
-1.35442,0.81289
-1.35365,0.81451
-1.35290,0.81606
-1.35215,0.81763
-1.35134,0.81932
-1.35043,0.82119
-1.34938,0.82336
-1.34813,0.82593
-1.34662,0.82903
-1.34474,0.83286
-1.34237,0.83767
-1.33931,0.84381
-1.33528,0.85180
-1.32990,0.86233
-1.32259,0.87633
-1.31260,0.89494
-1.29894,0.91935
-1.28049,0.95050
-1.25612,0.98861
-1.22473,1.03298
-1.18529,1.08211
-1.13675,1.13415
-1.07832,1.18693
-1.01085,1.23728
-0.93908,1.28056
-0.87177,1.31252
-0.81668,1.33267
-0.77587,1.34410
-0.74694,1.35040
-0.72652,1.35396
-0.71182,1.35608
-0.70095,1.35740
-0.69263,1.35828
-0.68605,1.35889
-0.68065,1.35934
-0.67608,1.35969
-0.67210,1.35996
-0.66856,1.36018
-0.66534,1.36036
-0.66239,1.36051
-1.35618,0.80921
-1.35501,0.81166
-1.35395,0.81388
-1.35294,0.81598
-1.35194,0.81806
-1.35089,0.82024
-1.34973,0.82264
-1.34840,0.82539
-1.34681,0.82863
-1.34488,0.83257
-1.34246,0.83748
-1.33935,0.84373
-1.33526,0.85185
-1.32976,0.86259
-1.32227,0.87695
-1.31193,0.89616
-1.29767,0.92156
-1.27823,0.95418
-1.25229,0.99431
-1.21855,1.04114
-1.17580,1.09296
-1.12296,1.14749
-1.05967,1.20188
-0.98817,1.25202
-0.91529,1.29278
-0.85053,1.32093
-0.79987,1.33774
-0.76321,1.34704
-0.73734,1.35217
-0.71894,1.35510
-0.70554,1.35687
-0.69547,1.35799
-0.68766,1.35875
-0.68139,1.35928
-0.67620,1.35968
-0.67178,1.35998
-0.66792,1.36022
-0.66449,1.36041
-0.66140,1.36056
-0.65857,1.36069
-1.35497,0.81174
-1.35680,0.80790
-1.35576,0.81008
-1.35448,0.81278
-1.35318,0.81549
-1.35186,0.81823
-1.35048,0.82108
-1.34897,0.82420
-1.34724,0.82776
-1.34518,0.83196
-1.34265,0.83710
-1.33942,0.84358
-1.33520,0.85196
-1.32953,0.86305
-1.32175,0.87792
-1.31096,0.89792
-1.29595,0.92454
-1.27528,0.95895
-1.24740,1.00145
-1.21081,1.05110
-1.16414,1.10582
-1.10641,1.16275
-1.03809,1.21817
-0.96333,1.26703
-0.89088,1.30427
-0.82987,1.32834
-0.78390,1.34209
-0.75113,1.34958
-0.72796,1.35374
-0.71132,1.35614
-0.69903,1.35761
-0.68967,1.35856
-0.68232,1.35921
-0.67638,1.35967
-0.67143,1.36000
-0.66721,1.36026
-0.66353,1.36046
-0.66028,1.36061
-0.65737,1.36074
-0.65475,1.36085
-0.09992,-0.97624
-0.16261,-0.89475
-0.26133,-0.74199
-1.35142,0.81914
-1.35411,0.81355
-1.35318,0.81548
-1.35170,0.81857
-1.34997,0.82214
-1.34801,0.82617
-1.34573,0.83084
-1.34298,0.83643
-1.33954,0.84335
-1.33507,0.85222
-1.32909,0.86389
-1.32090,0.87953
-1.30947,0.90064
-1.29344,0.92885
-1.27116,0.96550
-1.24083,1.01085
-1.20072,1.06370
-1.14936,1.12142
-1.08621,1.18035
-1.01312,1.23574
-0.93648,1.28194
-0.86626,1.31478
-0.80997,1.33476
-0.76868,1.34581
-0.73942,1.35180
-0.71860,1.35515
-0.70347,1.35711
-0.69217,1.35833
-0.68348,1.35911
-0.67661,1.35965
-0.67103,1.36003
-0.66638,1.36030
-0.66243,1.36051
-0.65902,1.36067
-0.65602,1.36080
-0.65336,1.36090
-0.65097,1.36098
0.06023,-1.14685
-0.00897,-1.07889
-0.06450,-1.01819
-0.11435,-0.95835
-0.16498,-0.89147
-0.23317,-0.78919
-1.33283,0.85662
-1.34796,0.82629
-1.34780,0.82661
-1.34584,0.83063
-1.34300,0.83639
-1.33930,0.84382
-1.33448,0.85339
-1.32802,0.86596
-1.31917,0.88277
-1.30678,0.90548
-1.28931,0.93587
-1.26484,0.97536
-1.23130,1.02411
-1.18674,1.08042
-1.12992,1.14083
-1.06122,1.20067
-0.98449,1.25432
-0.90818,1.29624
-0.84199,1.32409
-0.79092,1.34023
-0.75403,1.34900
-0.72784,1.35376
-0.70905,1.35643
-0.69526,1.35802
-0.68488,1.35899
-0.67688,1.35963
-0.67055,1.36006
-0.66541,1.36036
-0.66116,1.36057
-0.65757,1.36073
-0.65448,1.36086
-0.65179,1.36095
-0.64942,1.36102
-0.64731,1.36108
0.27675,-1.30934
0.16670,-1.23620
0.07901,-1.16392
0.01439,-1.10274
-0.03572,-1.05037
-0.07819,-1.00229
-0.11695,-0.95508
-0.15478,-0.90549
-0.19637,-0.84631
-0.25442,-0.75388
-1.29463,0.92682
-1.32868,0.86470
-1.32804,0.86592
-1.32244,0.87662
-1.31326,0.89372
-1.29976,0.91792
-1.28036,0.95072
-1.25296,0.99331
-1.21530,1.04536
-1.16555,1.10429
-1.10321,1.16561
-1.03028,1.22381
-0.95264,1.27312
-0.87945,1.30928
-0.81865,1.33204
-0.77273,1.34486
-0.73969,1.35175
-0.71611,1.35550
-0.69909,1.35761
-0.68657,1.35885
-0.67716,1.35961
-0.66993,1.36010
-0.66424,1.36042
-0.65966,1.36064
-0.65588,1.36080
-0.65271,1.36092
-0.65000,1.36101
-0.64765,1.36107
-0.64559,1.36112
-0.64377,1.36116
0.43397,-1.37633
0.35953,-1.35054
0.26279,-1.30118
0.16668,-1.23618
0.08866,-1.17248
0.02946,-1.11762
-0.01655,-1.07094
-0.05441,-1.02966
-0.08741,-0.99136
-0.11746,-0.95444
-0.14563,-0.91783
-0.17302,-0.88019
-0.20113,-0.83919
-0.23237,-0.79047
-0.27263,-0.72213
-0.35037,-0.56864
-1.22001,1.03923
-1.21099,1.05088
-1.17719,1.09139
-1.12750,1.14316
-1.06480,1.19785
-0.99316,1.24887
-0.91942,1.29074
-0.85191,1.32041
-0.79673,1.33863
-0.75521,1.34875
-0.72528,1.35416
-0.70392,1.35706
-0.68858,1.35867
-0.67740,1.35959
-0.66909,1.36015
-0.66276,1.36049
-0.65782,1.36072
-0.65387,1.36088
-0.65063,1.36099
-0.64791,1.36106
-0.64560,1.36112
-0.64360,1.36117
-0.64185,1.36120
-0.64031,1.36122
0.49314,-1.38852
0.45733,-1.38206
0.40175,-1.36655
0.32421,-1.33449
0.23513,-1.28404
0.15214,-1.22505
0.08448,-1.16880
0.03145,-1.11956
-0.01090,-1.07687
-0.04607,-1.03899
-0.07648,-1.00430
-0.10372,-0.97158
-0.12882,-0.93992
-0.15259,-0.90847
-0.17585,-0.87617
-0.19968,-0.84137
-0.22558,-0.80138
-0.25604,-0.75111
-0.29715,-0.67704
-0.38452,-0.48985
-1.01541,1.23418
-0.95542,1.27156
-0.88970,1.30480
-0.82773,1.32906
-0.77645,1.34396
-0.73784,1.35208
-0.71027,1.35628
-0.69098,1.35844
-0.67746,1.35959
-0.66784,1.36022
-0.66080,1.36059
-0.65550,1.36082
-0.65139,1.36096
-0.64811,1.36106
-0.64541,1.36113
-0.64316,1.36118
-0.64125,1.36121
-0.63959,1.36124
-0.63815,1.36125
-0.63689,1.36127
0.51846,-1.39138
0.49827,-1.38922
0.46723,-1.38412
0.42021,-1.37242
0.35411,-1.34823
0.27383,-1.30766
0.19255,-1.25517
0.12145,-1.20043
0.06348,-1.14985
0.01662,-1.10497
-0.02215,-1.06500
-0.05531,-1.02863
-0.08461,-0.99470
-0.11128,-0.96220
-0.13626,-0.93023
-0.16037,-0.89784
-0.18443,-0.86386
-0.20928,-0.82683
-0.23600,-0.78458
-0.26648,-0.73300
-0.30583,-0.66039
-0.38240,-0.49499
-0.88439,1.30715
-0.81083,1.33449
-0.75753,1.34827
-0.71963,1.35500
-0.69408,1.35814
-0.67719,1.35961
-0.66589,1.36033
-0.65807,1.36071
-0.65243,1.36093
-0.64821,1.36106
-0.64494,1.36114
-0.64232,1.36119
-0.64018,1.36123
-0.63838,1.36125
-0.63686,1.36127
-0.63554,1.36128
-0.63440,1.36129
-0.63339,1.36129
0.53267,-1.39236
0.51954,-1.39147
0.49996,-1.38943
0.47031,-1.38473
0.42606,-1.37413
0.36418,-1.35247
0.28804,-1.31569
0.20857,-1.26638
0.13664,-1.21280
0.07646,-1.16164
0.02707,-1.11530
-0.01407,-1.07355
-0.04934,-1.03534
-0.08051,-0.99955
-0.10886,-0.96522
-0.13533,-0.93146
-0.16069,-0.89741
-0.18560,-0.86215
-0.21071,-0.82463
-0.23678,-0.78332
-0.26520,-0.73526
-0.29957,-0.67242
-0.35431,-0.55996
-0.82620,1.32958
-0.73904,1.35187
-0.69910,1.35761
-0.67632,1.35967
-0.66268,1.36050
-0.65400,1.36087
-0.64811,1.36106
-0.64389,1.36116
-0.64073,1.36122
-0.63829,1.36125
-0.63633,1.36127
-0.63473,1.36129
-0.63340,1.36129
-0.63226,1.36130
-0.63128,1.36130
-0.63043,1.36130
-0.62969,1.36130
0.54224,-1.39277
0.53301,-1.39238
0.51963,-1.39148
0.49969,-1.38940
0.46953,-1.38458
0.42469,-1.37374
0.36232,-1.35170
0.28590,-1.31450
0.20624,-1.26477
0.13394,-1.21063
0.07319,-1.15870
0.02310,-1.11139
-0.01883,-1.06852
-0.05494,-1.02905
-0.08698,-0.99188
-0.11620,-0.95603
-0.14349,-0.92068
-0.16954,-0.88509
-0.19489,-0.84851
-0.22011,-0.81002
-0.24600,-0.76808
-0.27426,-0.71922
-0.30940,-0.65342
-0.37112,-0.52177
-0.71952,1.35502
-0.67454,1.35979
-0.65678,1.36077
-0.64725,1.36108
-0.64139,1.36121
-0.63746,1.36126
-0.63467,1.36129
-0.63261,1.36130
-0.63102,1.36130
-0.62977,1.36130
-0.62876,1.36130
-0.62792,1.36130
-0.62721,1.36130
-0.62660,1.36129
-0.62607,1.36129
-0.62560,1.36129
0.54936,-1.39295
0.54261,-1.39279
0.53307,-1.39239
0.51912,-1.39144
0.49816,-1.38920
0.46625,-1.38393
0.41862,-1.37194
0.35268,-1.34761
0.27308,-1.30723
0.19183,-1.25465
0.11945,-1.19878
0.05925,-1.14595
0.00972,-1.09804
-0.03187,-1.05455
-0.06789,-1.01428
-0.10006,-0.97607
-0.12953,-0.93900
-0.15710,-0.90232
-0.18338,-0.86538
-0.20887,-0.82746
-0.23425,-0.78744
-0.26077,-0.74296
-0.29136,-0.68795
-0.33509,-0.60137
-0.66916,1.35456
-0.64165,1.36120
-0.63309,1.36130
-0.62880,1.36130
-0.62629,1.36129
-0.62470,1.36128
-0.62365,1.36127
-0.62292,1.36126
-0.62241,1.36126
-0.62204,1.36125
-0.62176,1.36125
-0.62154,1.36125
-0.62135,1.36125
-0.62118,1.36124
-0.62103,1.36124
-0.62090,1.36124
0.55497,-1.39301
0.54990,-1.39296
0.54292,-1.39280
0.53295,-1.39238
0.51822,-1.39136
0.49575,-1.38888
0.46110,-1.38287
0.40901,-1.36894
0.33734,-1.34073
0.25298,-1.29525
0.16991,-1.23862
0.09813,-1.18073
0.03939,-1.12723
-0.00879,-1.07907
-0.04945,-1.03522
-0.08496,-0.99429
-0.11692,-0.95512
-0.14638,-0.91684
-0.17403,-0.87876
-0.20044,-0.84023
-0.22632,-0.80020
-0.25284,-0.75656
-0.28264,-0.70405
-0.32342,-0.62546
-0.44666,-0.31914
-0.58138,1.35960
-0.59486,1.36040
-0.60077,1.36068
-0.60434,1.36082
-0.60680,1.36091
-0.60864,1.36096
-0.61009,1.36101
-0.61125,1.36104
-0.61221,1.36107
-0.61300,1.36109
-0.61365,1.36110
-0.61419,1.36112
-0.61464,1.36113
-0.61500,1.36113
-0.61529,1.36114
0.55954,-1.39301
0.55566,-1.39301
0.55045,-1.39297
0.54322,-1.39281
0.53276,-1.39237
0.51704,-1.39126
0.49265,-1.38845
0.45436,-1.38139
0.39630,-1.36468
0.31732,-1.33109
0.22770,-1.27922
0.14349,-1.21827
0.07325,-1.15875
0.01662,-1.10497
-0.02985,-1.05675
-0.06940,-1.01253
-0.10434,-0.97081
-0.13610,-0.93044
-0.16561,-0.89058
-0.19356,-0.85048
-0.22076,-0.80901
-0.24855,-0.76382
-0.27997,-0.70892
-0.32478,-0.62270
-0.32975,1.30459
-0.47744,1.34566
-0.52519,1.35370
-0.55174,1.35699
-0.56803,1.35856
-0.57873,1.35941
-0.58617,1.35991
-0.59160,1.36023
-0.59570,1.36044
-0.59889,1.36059
-0.60141,1.36070
-0.60344,1.36078
-0.60509,1.36084
-0.60643,1.36089
-0.60752,1.36093
-0.60842,1.36096
0.56337,-1.39297
0.56035,-1.39300
0.55641,-1.39301
0.55108,-1.39298
0.54358,-1.39282
0.53257,-1.39236
0.51572,-1.39114
0.48899,-1.38792
0.44615,-1.37946
0.38060,-1.35897
0.29313,-1.31847
0.19862,-1.25947
0.11451,-1.19466
0.04667,-1.13417
-0.00749,-1.08042
-0.05223,-1.03211
-0.09083,-0.98726
-0.12544,-0.94428
-0.15736,-0.90198
-0.18755,-0.85932
-0.21703,-0.81484
-0.24763,-0.76535
-0.28392,-0.70172
-0.34716,-0.57562
-0.32440,1.30265
-0.39687,1.32625
-0.44657,1.33908
-0.48546,1.34720
-0.51508,1.35222
-0.53695,1.35526
-0.55295,1.35712
-0.56477,1.35828
-0.57364,1.35903
-0.58044,1.35953
-0.58572,1.35988
-0.58991,1.36014
-0.59325,1.36032
-0.59594,1.36046
-0.59813,1.36056
-0.59992,1.36064
0.56665,-1.39292
0.56428,-1.39296
0.56126,-1.39300
0.55728,-1.39302
0.55183,-1.39298
0.54408,-1.39283
0.53250,-1.39236
0.51439,-1.39102
0.48490,-1.38729
0.43646,-1.37700
0.36177,-1.35148
0.26502,-1.30250
0.16672,-1.23622
0.08410,-1.16846
0.01930,-1.10763
-0.03239,-1.05400
-0.07568,-1.00524
-0.11381,-0.95903
-0.14884,-0.91354
-0.18218,-0.86710
-0.21544,-0.81732
-0.25174,-0.75843
-0.30206,-0.66766
-0.21884,1.25720
-0.30909,1.29691
-0.35570,1.31356
-0.39443,1.32555
-0.42947,1.33497
-0.46105,1.34230
-0.48848,1.34776
-0.51131,1.35164
-0.52973,1.35432
-0.54434,1.35616
-0.55586,1.35742
-0.56496,1.35829
-0.57219,1.35891
-0.57796,1.35936
-0.58261,1.35968
-0.58636,1.35992
-0.58942,1.36011
0.56953,-1.39285
0.56765,-1.39290
0.56531,-1.39294
0.56230,-1.39299
0.55831,-1.39301
0.55279,-1.39299
0.54481,-1.39285
0.53269,-1.39237
0.51324,-1.39091
0.48053,-1.38657
0.42518,-1.37388
0.33940,-1.34168
0.23294,-1.28263
0.13249,-1.20946
0.05267,-1.13981
-0.00882,-1.07904
-0.05837,-1.02518
-0.10097,-0.97495
-0.13998,-0.92534
-0.17793,-0.87321
-0.21811,-0.81316
-0.27011,-0.72661
-0.13300,1.20865
-0.24738,1.27089
-0.29560,1.29162
-0.33172,1.30530
-0.36307,1.31597
-0.39219,1.32490
-0.41992,1.33254
-0.44616,1.33898
-0.47036,1.34425
-0.49197,1.34839
-0.51067,1.35154
-0.52645,1.35388
-0.53953,1.35558
-0.55027,1.35683
-0.55902,1.35773
-0.56616,1.35840
-0.57197,1.35889
-0.57670,1.35926
0.57211,-1.39278
0.57061,-1.39282
0.56879,-1.39287
0.56651,-1.39292
0.56355,-1.39297
0.55959,-1.39301
0.55405,-1.39300
0.54594,-1.39288
0.53335,-1.39240
0.51250,-1.39084
0.47601,-1.38578
0.41190,-1.36986
0.31236,-1.32859
0.19619,-1.25775
0.09564,-1.17857
0.01963,-1.10796
-0.03875,-1.04706
-0.08725,-0.99155
-0.13164,-0.93627
-0.17759,-0.87370
-0.24058,-0.77708
-0.03688,1.13736
-0.17964,1.23649
-0.24141,1.26811
-0.28235,1.28621
-0.31434,1.29891
-0.34190,1.30889
-0.36715,1.31728
-0.39118,1.32461
-0.41441,1.33109
-0.43683,1.33678
-0.45816,1.34167
-0.47798,1.34577
-0.49594,1.34909
-0.51181,1.35172
-0.52554,1.35375
-0.53721,1.35530
-0.54700,1.35646
-0.55515,1.35734
-0.56189,1.35801
0.57446,-1.39270
0.57328,-1.39274
0.57187,-1.39278
0.57014,-1.39283
0.56795,-1.39289
0.56509,-1.39295
0.56123,-1.39300
0.55578,-1.39301
0.54766,-1.39292
0.53473,-1.39247
0.51246,-1.39083
0.47130,-1.38491
0.39521,-1.36430
0.27770,-1.30988
0.15234,-1.22521
0.05394,-1.14100
-0.01811,-1.06929
-0.07570,-1.00521
-0.13122,-0.93681
0.46049,0.19843
0.26413,0.69775
-0.04902,1.14759
-0.16716,1.22941
-0.22807,1.26175
-0.26858,1.28036
-0.29959,1.29320
-0.32556,1.30308
-0.34874,1.31123
-0.37036,1.31830
-0.39110,1.32458
-0.41127,1.33025
-0.43094,1.33533
-0.44995,1.33985
-0.46807,1.34378
-0.48498,1.34711
-0.50041,1.34986
-0.51420,1.35209
-0.52627,1.35385
-0.53665,1.35522
-0.54546,1.35629
0.57666,-1.39261
0.57575,-1.39265
0.57468,-1.39269
0.57339,-1.39273
0.57178,-1.39279
0.56973,-1.39285
0.56705,-1.39291
0.56338,-1.39297
0.55815,-1.39301
0.55021,-1.39296
0.53714,-1.39258
0.51332,-1.39092
0.46561,-1.38380
0.37050,-1.35504
0.22694,-1.27872
0.09287,-1.17617
-0.00524,-1.08276
-0.10425,-0.97092
0.46338,0.19010
0.42446,0.30051
0.27737,0.66881
-0.00877,1.11202
-0.14317,1.21504
-0.21078,1.25313
-0.25396,1.27389
-0.28580,1.28764
-0.31159,1.29786
-0.33392,1.30609
-0.35422,1.31307
-0.37331,1.31922
-0.39171,1.32476
-0.40966,1.32981
-0.42727,1.33442
-0.44449,1.33860
-0.46116,1.34232
-0.47703,1.34558
-0.49186,1.34837
-0.50541,1.35070
-0.51754,1.35259
-0.52818,1.35411
0.57878,-1.39252
0.57811,-1.39255
0.57734,-1.39258
0.57641,-1.39262
0.57528,-1.39267
0.57386,-1.39272
0.57203,-1.39278
0.56962,-1.39285
0.56629,-1.39293
0.56146,-1.39300
0.55393,-1.39300
0.54092,-1.39273
0.51507,-1.39108
0.45545,-1.38164
0.31857,-1.33172
0.12120,-1.20023
0.50067,0.08063
0.47100,0.16796
0.45448,0.21575
0.42450,0.30038
0.32201,0.56576
0.05339,1.04668
-0.11100,1.19414
-0.19019,1.24229
-0.23822,1.26661
-0.27218,1.28191
-0.29875,1.29287
-0.32106,1.30142
-0.34081,1.30851
-0.35897,1.31464
-0.37617,1.32010
-0.39279,1.32508
-0.40908,1.32965
-0.42514,1.33388
-0.44097,1.33777
-0.45647,1.34131
-0.47144,1.34447
-0.48565,1.34723
-0.49886,1.34960
-0.51087,1.35157
0.58087,-1.39242
0.58044,-1.39244
0.57994,-1.39246
0.57935,-1.39249
0.57863,-1.39252
0.57773,-1.39256
0.57660,-1.39261
0.57511,-1.39267
0.57312,-1.39274
0.57033,-1.39283
0.56618,-1.39293
0.55942,-1.39301
0.54678,-1.39290
0.51703,-1.39126
0.41493,-1.37081
0.51273,0.04462
0.47812,0.14714
0.46687,0.17997
0.45391,0.21738
0.43048,0.28375
0.36154,0.46796
0.13412,0.93821
-0.06966,1.16410
-0.16592,1.22869
-0.22098,1.25826
-0.25821,1.27580
-0.28632,1.28785
-0.30924,1.29696
-0.32899,1.30432
-0.34675,1.31056
-0.36325,1.31603
-0.37896,1.32096
-0.39420,1.32548
-0.40920,1.32968
-0.42408,1.33361
-0.43884,1.33726
-0.45343,1.34063
-0.46766,1.34369
-0.48132,1.34642
-0.49417,1.34878
0.58301,-1.39231
0.58282,-1.39232
0.58260,-1.39233
0.58233,-1.39234
0.58201,-1.39236
0.58160,-1.39238
0.58109,-1.39241
0.58041,-1.39244
0.57951,-1.39248
0.57825,-1.39254
0.57644,-1.39262
0.57363,-1.39273
0.56873,-1.39287
0.55801,-1.39301
0.50860,-1.39044
0.48823,0.11745
0.47619,0.15278
0.46701,0.17957
0.45606,0.21122
0.43764,0.26367
0.39113,0.39096
0.22467,0.77936
-0.01535,1.11817
-0.13663,1.21095
-0.20155,1.24835
-0.24333,1.26901
-0.27374,1.28258
-0.29779,1.29249
-0.31801,1.30029
-0.33579,1.30675
-0.35198,1.31232
-0.36713,1.31727
-0.38165,1.32178
-0.39581,1.32595
-0.40982,1.32985
-0.42378,1.33353
-0.43774,1.33700
-0.45162,1.34023
-0.46527,1.34319
-0.47847,1.34587
0.58527,-1.39218
0.58534,-1.39217
0.58542,-1.39217
0.58551,-1.39216
0.58561,-1.39216
0.58573,-1.39215
0.58586,-1.39214
0.58602,-1.39213
0.58623,-1.39212
0.58651,-1.39210
0.58696,-1.39207
0.58780,-1.39202
0.58976,-1.39189
0.59667,-1.39137
0.73357,-1.36293
0.48956,0.11354
0.47790,0.14779
0.46928,0.17297
0.45966,0.20084
0.44500,0.24284
0.41316,0.33162
0.30714,0.60099
0.05963,1.03931
-0.09908,1.18586
-0.17849,1.23585
-0.22668,1.26107
-0.26032,1.27674
-0.28610,1.28776
-0.30723,1.29619
-0.32541,1.30302
-0.34164,1.30880
-0.35657,1.31385
-0.37065,1.31839
-0.38422,1.32255
-0.39754,1.32644
-0.41078,1.33011
-0.42406,1.33360
-0.43740,1.33692
-0.45075,1.34003
-0.46395,1.34292
0.58774,-1.39202
0.58811,-1.39200
0.58854,-1.39197
0.58905,-1.39194
0.58966,-1.39190
0.59040,-1.39185
0.59133,-1.39178
0.59254,-1.39169
0.59416,-1.39157
0.59650,-1.39138
0.60013,-1.39107
0.60647,-1.39047
0.61975,-1.38894
0.65758,-1.38279
0.82027,-1.32918
0.50130,0.07905
0.48271,0.13368
0.47341,0.16090
0.46452,0.18680
0.45261,0.22112
0.43054,0.28357
0.36882,0.44930
0.16580,0.88725
-0.04539,1.14458
-0.14851,1.21833
-0.20647,1.25091
-0.24489,1.26973
-0.27327,1.28238
-0.29588,1.29173
-0.31489,1.29912
-0.33154,1.30524
-0.34657,1.31050
-0.36053,1.31515
-0.37378,1.31936
-0.38662,1.32327
-0.39929,1.32694
-0.41197,1.33043
-0.42474,1.33378
-0.43764,1.33697
-0.45060,1.34000
0.59053,-1.39184
0.59126,-1.39179
0.59212,-1.39172
0.59315,-1.39165
0.59440,-1.39155
0.59596,-1.39143
0.59796,-1.39126
0.60063,-1.39103
0.60433,-1.39068
0.60978,-1.39012
0.61847,-1.38911
0.63369,-1.38698
0.66347,-1.38160
0.72597,-1.36534
0.84416,-1.31788
1.02271,-1.20420
0.49477,0.09822
0.48036,0.14057
0.47103,0.16785
0.46091,0.19725
0.44539,0.24173
0.41088,0.33784
0.29344,0.63266
0.04537,1.05591
-0.10322,1.18877
-0.17859,1.23591
-0.22495,1.26022
-0.25755,1.27550
-0.28262,1.28632
-0.30314,1.29460
-0.32072,1.30129
-0.33630,1.30693
-0.35050,1.31183
-0.36376,1.31620
-0.37643,1.32018
-0.38876,1.32390
-0.40099,1.32741
-0.41327,1.33078
-0.42570,1.33402
-0.43830,1.33713
0.59377,-1.39160
0.59495,-1.39151
0.59635,-1.39140
0.59805,-1.39125
0.60015,-1.39107
0.60282,-1.39083
0.60631,-1.39048
0.61104,-1.38998
0.61775,-1.38920
0.62775,-1.38786
0.64352,-1.38538
0.66958,-1.38030
0.71310,-1.36921
0.78070,-1.34600
0.86875,-1.30536
0.96199,-1.24912
1.06233,-1.17072
0.49760,0.08991
0.48119,0.13813
0.47095,0.16811
0.45934,0.20177
0.44001,0.25698
0.39058,0.39242
0.21587,0.79656
-0.01631,1.11906
-0.13187,1.20793
-0.19448,1.24461
-0.23509,1.26513
-0.26469,1.27867
-0.28802,1.28855
-0.30744,1.29627
-0.32428,1.30261
-0.33932,1.30799
-0.35311,1.31270
-0.36603,1.31692
-0.37840,1.32079
-0.39048,1.32440
-0.40248,1.32783
-0.41456,1.33113
-0.42681,1.33430
0.59760,-1.39129
0.59935,-1.39114
0.60146,-1.39095
0.60403,-1.39071
0.60726,-1.39039
0.61141,-1.38994
0.61690,-1.38930
0.62443,-1.38833
0.63510,-1.38676
0.65078,-1.38409
0.67431,-1.37925
0.70952,-1.37024
0.75968,-1.35397
0.82401,-1.32746
0.89530,-1.29078
0.96320,-1.24830
1.02079,-1.20573
1.06981,-1.16398
1.20479,-1.01412
0.48831,0.11721
0.47549,0.15484
0.46301,0.19117
0.44312,0.24817
0.39184,0.38906
0.20677,0.81396
-0.02396,1.12601
-0.13529,1.21011
-0.19603,1.24543
-0.23581,1.26547
-0.26506,1.27883
-0.28829,1.28866
-0.30774,1.29639
-0.32468,1.30275
-0.33986,1.30818
-0.35379,1.31293
-0.36684,1.31718
-0.37932,1.32107
-0.39148,1.32469
-0.40354,1.32813
-0.41565,1.33142
0.60221,-1.39088
0.60469,-1.39065
0.60768,-1.39034
0.61138,-1.38995
0.61604,-1.38940
0.62207,-1.38864
0.63009,-1.38753
0.64100,-1.38581
0.65622,-1.38306
0.67771,-1.37847
0.70787,-1.37071
0.74881,-1.35783
0.80077,-1.33776
0.86071,-1.30955
0.92267,-1.27458
0.98030,-1.23632
1.02946,-1.19874
1.06880,-1.16490
1.09866,-1.13666
1.12029,-1.11467
1.14294,-1.09015
0.49918,0.08530
0.47956,0.14290
0.46342,0.18999
0.43453,0.27241
0.33478,0.53482
0.06304,1.03521
-0.09989,1.18643
-0.17690,1.23496
-0.22333,1.25943
-0.25601,1.27481
-0.28136,1.28579
-0.30231,1.29428
-0.32045,1.30119
-0.33665,1.30705
-0.35148,1.31216
-0.36533,1.31670
-0.37849,1.32082
-0.39121,1.32462
-0.40373,1.32818
0.60780,-1.39033
0.61116,-1.38997
0.61525,-1.38950
0.62031,-1.38887
0.62671,-1.38801
0.63496,-1.38679
0.64582,-1.38498
0.66037,-1.38223
0.68003,-1.37792
0.70652,-1.37109
0.74140,-1.36036
0.78529,-1.34417
0.83703,-1.32135
0.89335,-1.29189
0.94979,-1.25731
1.00233,-1.22009
1.04861,-1.18272
1.08806,-1.14695
1.12121,-1.11370
1.14888,-1.08344
1.17174,-1.05654
1.19009,-1.03361
1.20364,-1.01587
1.21091,-1.00607
1.20683,-1.01160
0.55916,-0.06535
0.46960,0.17204
0.40657,0.34954
0.10823,0.97623
-0.10312,1.18870
-0.18561,1.23980
-0.23195,1.26362
-0.26390,1.27832
-0.28877,1.28885
-0.30962,1.29711
-0.32796,1.30395
-0.34463,1.30983
-0.36011,1.31501
-0.37474,1.31966
-0.38874,1.32389
0.61453,-1.38959
0.61894,-1.38905
0.62431,-1.38834
0.63093,-1.38740
0.63925,-1.38610
0.64987,-1.38426
0.66362,-1.38157
0.68159,-1.37755
0.70508,-1.37149
0.73538,-1.36235
0.77329,-1.34888
0.81857,-1.32995
0.86948,-1.30497
0.92303,-1.27436
0.97581,-1.23952
1.02507,-1.20230
1.06940,-1.16436
1.10855,-1.12677
1.14290,-1.09019
1.17287,-1.05516
1.19870,-1.02243
1.22041,-0.99294
1.23807,-0.96757
1.25191,-0.94678
1.26235,-0.93058
1.26982,-0.91869
1.27450,-0.91113
1.27567,-0.90923
1.26859,-0.92067
1.22360,-0.98838
0.40304,0.35910
-0.02405,1.12609
-0.16847,1.23016
-0.22735,1.26139
-0.26315,1.27799
-0.28975,1.28926
-0.31185,1.29796
-0.33144,1.30520
-0.34947,1.31148
-0.36644,1.31705
0.62251,-1.38859
0.62810,-1.38781
0.63485,-1.38680
0.64311,-1.38545
0.65337,-1.38360
0.66628,-1.38101
0.68267,-1.37730
0.70358,-1.37191
0.73011,-1.36404
0.76317,-1.35269
0.80303,-1.33679
0.84892,-1.31553
0.89889,-1.28873
0.95021,-1.25703
1.00013,-1.22175
1.04668,-1.18437
1.08894,-1.14611
1.12676,-1.10782
1.16031,-1.07022
1.18963,-1.03420
1.21461,-1.00100
1.23513,-0.97187
1.25136,-0.94762
1.26380,-0.92828
1.27317,-0.91329
1.28019,-0.90181
1.28547,-0.89304
1.28945,-0.88635
1.29239,-0.88137
1.29432,-0.87808
1.29483,-0.87721
1.29166,-0.88261
1.26017,-0.93400
0.36672,0.45471
-0.10765,1.19184
-0.20905,1.25224
-0.25528,1.27448
-0.28582,1.28764
-0.31023,1.29734
-0.33179,1.30533
0.63175,-1.38728
0.63855,-1.38621
0.64668,-1.38483
0.65651,-1.38300
0.66856,-1.38052
0.68348,-1.37710
0.70212,-1.37231
0.72543,-1.36551
0.75433,-1.35589
0.78943,-1.34249
0.83061,-1.32439
0.87674,-1.30108
0.92574,-1.27269
0.97507,-1.24004
1.02245,-1.20441
1.06641,-1.16706
1.10636,-1.12899
1.14223,-1.09094
1.17406,-1.05371
1.20173,-1.01842
1.22501,-0.98645
1.24382,-0.95903
1.25844,-0.93670
1.26949,-0.91923
1.27774,-0.90584
1.28393,-0.89561
1.28863,-0.88774
1.29228,-0.88157
1.29516,-0.87664
1.29749,-0.87264
1.29938,-0.86938
1.30087,-0.86679
1.30188,-0.86504
1.30199,-0.86485
1.29922,-0.86967
1.26510,-0.92622
0.17273,0.87543
-0.16770,1.22972
-0.23981,1.26736
-0.27785,1.28432
0.64209,-1.38563
0.65002,-1.38423
0.65940,-1.38243
0.67061,-1.38007
0.68419,-1.37693
0.70082,-1.37266
0.72132,-1.36677
0.74659,-1.35860
0.77740,-1.34729
0.81411,-1.33195
0.85626,-1.31183
0.90242,-1.28668
0.95039,-1.25691
0.99778,-1.22352
1.04269,-1.18776
1.08407,-1.15075
1.12159,-1.11331
1.15526,-1.07612
1.18507,-1.04000
1.21086,-1.00614
1.23237,-0.97589
1.24959,-0.95033
1.26286,-0.92977
1.27285,-0.91380
1.28031,-0.90162
1.28590,-0.89232
1.29017,-0.88514
1.29349,-0.87950
1.29614,-0.87497
1.29830,-0.87124
1.30011,-0.86812
1.30165,-0.86545
1.30297,-0.86315
1.30410,-0.86117
1.30502,-0.85956
1.30562,-0.85852
1.30541,-0.85887
1.30184,-0.86511
0.53938,-0.02342
-0.05511,1.15258
0.65320,-1.38363
0.66211,-1.38188
0.67254,-1.37964
0.68490,-1.37676
0.69975,-1.37295
0.71779,-1.36783
0.73986,-1.36087
0.76681,-1.35134
0.79929,-1.33839
0.83737,-1.32118
0.88027,-1.29917
0.92628,-1.27236
0.97309,-1.24144
1.01849,-1.20756
1.06096,-1.17194
1.09978,-1.13555
1.13486,-1.09908
1.16630,-1.06310
1.19409,-1.02845
1.21803,-0.99626
1.23791,-0.96780
1.25375,-0.94397
1.26593,-0.92491
1.27511,-0.91014
1.28197,-0.89886
1.28715,-0.89023
1.29111,-0.88354
1.29421,-0.87827
1.29669,-0.87402
1.29872,-0.87052
1.30041,-0.86759
1.30185,-0.86510
1.30309,-0.86293
1.30418,-0.86103
1.30515,-0.85934
1.30601,-0.85782
1.30678,-0.85647
1.30741,-0.85537
1.30774,-0.85478
1.30714,-0.85583
0.66471,-1.38134
0.67439,-1.37923
0.68565,-1.37657
0.69893,-1.37317
0.71484,-1.36871
0.73411,-1.36276
0.75760,-1.35472
0.78610,-1.34384
0.82011,-1.32925
0.85942,-1.31022
0.90290,-1.28641
0.94855,-1.25812
0.99405,-1.22630
1.03740,-1.19220
1.07742,-1.15699
1.11374,-1.12147
1.14647,-1.08617
1.17577,-1.05161
1.20164,-1.01854
1.22387,-0.98806
1.24229,-0.96131
1.25695,-0.93902
1.26823,-0.92124
1.27676,-0.90744
1.28317,-0.89687
1.28803,-0.88874
1.29177,-0.88242
1.29471,-0.87741
1.29708,-0.87336
1.29901,-0.87002
1.30063,-0.86722
1.30200,-0.86485
1.30317,-0.86280
1.30419,-0.86101
1.30509,-0.85943
1.30589,-0.85803
1.30662,-0.85676
1.30728,-0.85559
1.30789,-0.85450
1.30845,-0.85351
0.67620,-1.37882
0.68647,-1.37637
0.69838,-1.37331
0.71243,-1.36941
0.72927,-1.36431
0.74969,-1.35753
0.77454,-1.34840
0.80458,-1.33613
0.84006,-1.31988
0.88049,-1.29905
0.92436,-1.27355
0.96944,-1.24399
1.01344,-1.21153
1.05465,-1.17749
1.09225,-1.14292
1.12618,-1.10844
1.15669,-1.07446
1.18399,-1.04137
1.20808,-1.00991
1.22877,-0.98108
1.24590,-0.95591
1.25954,-0.93499
1.27007,-0.91829
1.27806,-0.90531
1.28411,-0.89532
1.28872,-0.88760
1.29228,-0.88156
1.29510,-0.87675
1.29737,-0.87285
1.29924,-0.86963
1.30080,-0.86692
1.30212,-0.86462
1.30326,-0.86265
1.30424,-0.86093
1.30509,-0.85943
1.30584,-0.85811
1.30651,-0.85694
1.30711,-0.85588
1.30766,-0.85492
1.30817,-0.85401
0.68736,-1.37615
0.69807,-1.37340
0.71052,-1.36996
0.72525,-1.36556
0.74299,-1.35982
0.76456,-1.35218
0.79083,-1.34191
0.82242,-1.32820
0.85936,-1.31025
0.90078,-1.28764
0.94482,-1.26057
0.98908,-1.22996
1.03140,-1.19716
1.07040,-1.16344
1.10564,-1.12971
1.13729,-1.09642
1.16572,-1.06380
1.19118,-1.03222
1.21366,-1.00231
1.23296,-0.97503
1.24895,-0.95129
1.26171,-0.93158
1.27160,-0.91583
1.27914,-0.90354
1.28488,-0.89403
1.28928,-0.88665
1.29270,-0.88085
1.29542,-0.87621
1.29761,-0.87243
1.29943,-0.86930
1.30095,-0.86667
1.30223,-0.86443
1.30334,-0.86250
1.30429,-0.86083
1.30512,-0.85938
1.30585,-0.85810
1.30649,-0.85698
1.30705,-0.85599
1.30756,-0.85510
1.30801,-0.85430
