-0.62267,1.36126
-0.62266,1.36126
-0.62265,1.36126
-0.62263,1.36126
-0.62262,1.36126
-0.62260,1.36126
-0.62258,1.36126
-0.62255,1.36126
-0.62252,1.36126
-0.62248,1.36126
-0.62243,1.36126
-0.62237,1.36126
-0.62230,1.36126
-0.62220,1.36126
-0.62207,1.36125
-0.62191,1.36125
-0.62170,1.36125
-0.62146,1.36125
-0.62118,1.36124
-0.62088,1.36124
-0.62055,1.36123
-0.62022,1.36123
-0.61989,1.36122
-0.61956,1.36122
-0.61924,1.36121
-0.61894,1.36121
-0.61869,1.36121
-0.61849,1.36120
-0.61835,1.36120
-0.61824,1.36120
-0.61816,1.36120
-0.61811,1.36120
-0.61806,1.36119
-0.61803,1.36119
-0.61800,1.36119
-0.61798,1.36119
-0.61796,1.36119
-0.61794,1.36119
-0.61793,1.36119
-0.61791,1.36119
-0.62268,1.36126
-0.62266,1.36126
-0.62265,1.36126
-0.62264,1.36126
-0.62262,1.36126
-0.62260,1.36126
-0.62258,1.36126
-0.62255,1.36126
-0.62252,1.36126
-0.62248,1.36126
-0.62244,1.36126
-0.62237,1.36126
-0.62230,1.36126
-0.62220,1.36126
-0.62207,1.36125
-0.62190,1.36125
-0.62169,1.36125
-0.62144,1.36125
-0.62115,1.36124
-0.62083,1.36124
-0.62050,1.36123
-0.62015,1.36123
-0.61981,1.36122
-0.61947,1.36122
-0.61914,1.36121
-0.61885,1.36121
-0.61862,1.36120
-0.61844,1.36120
-0.61830,1.36120
-0.61821,1.36120
-0.61814,1.36120
-0.61808,1.36120
-0.61804,1.36119
-0.61801,1.36119
-0.61798,1.36119
-0.61796,1.36119
-0.61794,1.36119
-0.61792,1.36119
-0.61791,1.36119
-0.61789,1.36119
-0.62269,1.36126
-0.62268,1.36126
-0.62266,1.36126
-0.62264,1.36126
-0.62263,1.36126
-0.62261,1.36126
-0.62258,1.36126
-0.62256,1.36126
-0.62252,1.36126
-0.62249,1.36126
-0.62244,1.36126
-0.62237,1.36126
-0.62230,1.36126
-0.62219,1.36126
-0.62206,1.36125
-0.62189,1.36125
-0.62168,1.36125
-0.62142,1.36125
-0.62112,1.36124
-0.62078,1.36124
-0.62043,1.36123
-0.62007,1.36123
-0.61971,1.36122
-0.61937,1.36122
-0.61904,1.36121
-0.61877,1.36121
-0.61855,1.36120
-0.61838,1.36120
-0.61826,1.36120
-0.61817,1.36120
-0.61811,1.36120
-0.61806,1.36119
-0.61802,1.36119
-0.61799,1.36119
-0.61796,1.36119
-0.61794,1.36119
-0.61792,1.36119
-0.61791,1.36119
-0.61789,1.36119
-0.61787,1.36119
-0.62273,1.36126
-0.62271,1.36126
-0.62268,1.36126
-0.62266,1.36126
-0.62264,1.36126
-0.62262,1.36126
-0.62259,1.36126
-0.62256,1.36126
-0.62253,1.36126
-0.62249,1.36126
-0.62244,1.36126
-0.62238,1.36126
-0.62230,1.36126
-0.62219,1.36126
-0.62206,1.36125
-0.62188,1.36125
-0.62166,1.36125
-0.62139,1.36125
-0.62107,1.36124
-0.62072,1.36124
-0.62036,1.36123
-0.61998,1.36123
-0.61961,1.36122
-0.61926,1.36122
-0.61894,1.36121
-0.61868,1.36121
-0.61848,1.36120
-0.61833,1.36120
-0.61822,1.36120
-0.61814,1.36120
-0.61808,1.36120
-0.61803,1.36119
-0.61800,1.36119
-0.61797,1.36119
-0.61794,1.36119
-0.61792,1.36119
-0.61790,1.36119
-0.61789,1.36119
-0.61787,1.36119
-0.61786,1.36119
-0.62271,1.36126
-0.62275,1.36126
-0.62273,1.36126
-0.62270,1.36126
-0.62267,1.36126
-0.62264,1.36126
-0.62261,1.36126
-0.62258,1.36126
-0.62254,1.36126
-0.62249,1.36126
-0.62244,1.36126
-0.62238,1.36126
-0.62229,1.36126
-0.62219,1.36126
-0.62205,1.36125
-0.62186,1.36125
-0.62163,1.36125
-0.62135,1.36125
-0.62102,1.36124
-0.62065,1.36124
-0.62027,1.36123
-0.61988,1.36122
-0.61950,1.36122
-0.61915,1.36121
-0.61884,1.36121
-0.61860,1.36120
-0.61841,1.36120
-0.61828,1.36120
-0.61818,1.36120
-0.61811,1.36120
-0.61805,1.36119
-0.61801,1.36119
-0.61797,1.36119
-0.61794,1.36119
-0.61792,1.36119
-0.61790,1.36119
-0.61788,1.36119
-0.61786,1.36119
-0.61785,1.36119
-0.61784,1.36119
0.58379,-1.39226
0.58132,-1.39239
0.57281,-1.39275
-0.62263,1.36126
-0.62269,1.36126
-0.62267,1.36126
-0.62263,1.36126
-0.62260,1.36126
-0.62255,1.36126
-0.62251,1.36126
-0.62245,1.36126
-0.62238,1.36126
-0.62229,1.36126
-0.62218,1.36126
-0.62203,1.36125
-0.62184,1.36125
-0.62160,1.36125
-0.62130,1.36124
-0.62095,1.36124
-0.62056,1.36123
-0.62016,1.36123
-0.61976,1.36122
-0.61938,1.36122
-0.61903,1.36121
-0.61875,1.36121
-0.61852,1.36120
-0.61835,1.36120
-0.61823,1.36120
-0.61814,1.36120
-0.61807,1.36120
-0.61802,1.36119
-0.61798,1.36119
-0.61794,1.36119
-0.61792,1.36119
-0.61789,1.36119
-0.61787,1.36119
-0.61786,1.36119
-0.61784,1.36119
-0.61783,1.36119
-0.61782,1.36119
0.58594,-1.39214
0.58540,-1.39217
0.58461,-1.39222
0.58336,-1.39229
0.58119,-1.39240
0.57601,-1.39264
-0.62225,1.36126
-0.62255,1.36126
-0.62255,1.36126
-0.62251,1.36126
-0.62245,1.36126
-0.62237,1.36126
-0.62228,1.36126
-0.62216,1.36126
-0.62200,1.36125
-0.62180,1.36125
-0.62154,1.36125
-0.62122,1.36124
-0.62085,1.36124
-0.62044,1.36123
-0.62003,1.36123
-0.61962,1.36122
-0.61924,1.36121
-0.61892,1.36121
-0.61865,1.36121
-0.61844,1.36120
-0.61829,1.36120
-0.61818,1.36120
-0.61810,1.36120
-0.61803,1.36119
-0.61798,1.36119
-0.61795,1.36119
-0.61792,1.36119
-0.61789,1.36119
-0.61787,1.36119
-0.61785,1.36119
-0.61783,1.36119
-0.61782,1.36119
-0.61781,1.36119
-0.61780,1.36119
0.58658,-1.39210
0.58635,-1.39211
0.58604,-1.39213
0.58562,-1.39216
0.58508,-1.39219
0.58433,-1.39223
0.58327,-1.39229
0.58172,-1.39237
0.57919,-1.39250
0.57366,-1.39272
-0.62161,1.36125
-0.62217,1.36126
-0.62216,1.36126
-0.62206,1.36125
-0.62190,1.36125
-0.62169,1.36125
-0.62142,1.36125
-0.62108,1.36124
-0.62069,1.36124
-0.62028,1.36123
-0.61986,1.36122
-0.61946,1.36122
-0.61910,1.36121
-0.61880,1.36121
-0.61856,1.36120
-0.61837,1.36120
-0.61823,1.36120
-0.61813,1.36120
-0.61805,1.36119
-0.61799,1.36119
-0.61795,1.36119
-0.61791,1.36119
-0.61788,1.36119
-0.61786,1.36119
-0.61784,1.36119
-0.61783,1.36119
-0.61781,1.36119
-0.61780,1.36119
-0.61779,1.36119
-0.61778,1.36119
0.58680,-1.39208
0.58671,-1.39209
0.58656,-1.39210
0.58635,-1.39211
0.58608,-1.39213
0.58574,-1.39215
0.58532,-1.39217
0.58479,-1.39221
0.58412,-1.39224
0.58326,-1.39229
0.58216,-1.39235
0.58074,-1.39242
0.57884,-1.39251
0.57609,-1.39263
0.57130,-1.39280
0.55601,-1.39301
-0.62074,1.36124
-0.62065,1.36124
-0.62037,1.36123
-0.62001,1.36123
-0.61964,1.36122
-0.61928,1.36122
-0.61896,1.36121
-0.61869,1.36121
-0.61847,1.36120
-0.61830,1.36120
-0.61817,1.36120
-0.61807,1.36120
-0.61800,1.36119
-0.61795,1.36119
-0.61791,1.36119
-0.61788,1.36119
-0.61785,1.36119
-0.61783,1.36119
-0.61782,1.36119
-0.61780,1.36119
-0.61779,1.36119
-0.61778,1.36119
-0.61777,1.36119
-0.61776,1.36119
0.58687,-1.39208
0.58683,-1.39208
0.58676,-1.39209
0.58666,-1.39209
0.58651,-1.39210
0.58631,-1.39211
0.58606,-1.39213
0.58576,-1.39215
0.58538,-1.39217
0.58492,-1.39220
0.58437,-1.39223
0.58368,-1.39227
0.58285,-1.39231
0.58183,-1.39237
0.58057,-1.39243
0.57895,-1.39251
0.57675,-1.39261
0.57347,-1.39273
0.56752,-1.39290
0.54499,-1.39286
-0.61939,1.36122
-0.61911,1.36121
-0.61884,1.36121
-0.61859,1.36120
-0.61838,1.36120
-0.61822,1.36120
-0.61810,1.36120
-0.61801,1.36119
-0.61795,1.36119
-0.61790,1.36119
-0.61787,1.36119
-0.61784,1.36119
-0.61782,1.36119
-0.61780,1.36119
-0.61779,1.36119
-0.61778,1.36119
-0.61777,1.36119
-0.61776,1.36119
-0.61775,1.36119
-0.61774,1.36119
0.58690,-1.39208
0.58687,-1.39208
0.58684,-1.39208
0.58678,-1.39209
0.58670,-1.39209
0.58658,-1.39210
0.58642,-1.39211
0.58621,-1.39212
0.58596,-1.39214
0.58564,-1.39216
0.58525,-1.39218
0.58477,-1.39221
0.58418,-1.39224
0.58346,-1.39228
0.58256,-1.39233
0.58144,-1.39239
0.58002,-1.39246
0.57819,-1.39254
0.57572,-1.39265
0.57214,-1.39278
0.56598,-1.39293
0.54579,-1.39288
-0.61882,1.36121
-0.61852,1.36120
-0.61831,1.36120
-0.61814,1.36120
-0.61803,1.36119
-0.61795,1.36119
-0.61789,1.36119
-0.61785,1.36119
-0.61782,1.36119
-0.61780,1.36119
-0.61779,1.36119
-0.61777,1.36119
-0.61776,1.36119
-0.61775,1.36119
-0.61774,1.36119
-0.61774,1.36119
-0.61773,1.36119
-0.61772,1.36119
0.58692,-1.39208
0.58690,-1.39208
0.58688,-1.39208
0.58684,-1.39208
0.58679,-1.39208
0.58671,-1.39209
0.58660,-1.39210
0.58646,-1.39211
0.58627,-1.39212
0.58602,-1.39213
0.58572,-1.39215
0.58535,-1.39217
0.58487,-1.39220
0.58428,-1.39223
0.58353,-1.39228
0.58260,-1.39233
0.58142,-1.39239
0.57995,-1.39246
0.57807,-1.39255
0.57564,-1.39265
0.57231,-1.39277
0.56710,-1.39291
0.55492,-1.39301
-0.61859,1.36120
-0.61823,1.36120
-0.61805,1.36119
-0.61794,1.36119
-0.61788,1.36119
-0.61783,1.36119
-0.61780,1.36119
-0.61778,1.36119
-0.61776,1.36119
-0.61775,1.36119
-0.61774,1.36119
-0.61773,1.36119
-0.61772,1.36119
-0.61772,1.36119
-0.61771,1.36119
-0.61771,1.36119
-0.61770,1.36119
0.58693,-1.39208
0.58692,-1.39208
0.58690,-1.39208
0.58688,-1.39208
0.58684,-1.39208
0.58679,-1.39209
0.58671,-1.39209
0.58660,-1.39210
0.58645,-1.39211
0.58626,-1.39212
0.58601,-1.39213
0.58569,-1.39215
0.58529,-1.39218
0.58478,-1.39221
0.58413,-1.39224
0.58330,-1.39229
0.58225,-1.39235
0.58094,-1.39241
0.57930,-1.39249
0.57726,-1.39258
0.57464,-1.39269
0.57107,-1.39281
0.56532,-1.39294
0.54976,-1.39296
-0.61814,1.36120
-0.61793,1.36119
-0.61785,1.36119
-0.61780,1.36119
-0.61777,1.36119
-0.61775,1.36119
-0.61773,1.36119
-0.61772,1.36119
-0.61771,1.36119
-0.61770,1.36119
-0.61770,1.36119
-0.61769,1.36119
-0.61769,1.36119
-0.61769,1.36119
-0.61768,1.36119
-0.61768,1.36119
0.58694,-1.39208
0.58693,-1.39208
0.58692,-1.39208
0.58690,-1.39208
0.58687,-1.39208
0.58684,-1.39208
0.58678,-1.39209
0.58670,-1.39209
0.58658,-1.39210
0.58642,-1.39211
0.58621,-1.39212
0.58593,-1.39214
0.58558,-1.39216
0.58513,-1.39219
0.58454,-1.39222
0.58379,-1.39226
0.58282,-1.39232
0.58161,-1.39238
0.58009,-1.39246
0.57822,-1.39254
0.57590,-1.39264
0.57288,-1.39275
0.56848,-1.39288
0.55988,-1.39301
-0.61791,1.36119
-0.61777,1.36119
-0.61772,1.36119
-0.61770,1.36119
-0.61769,1.36119
-0.61768,1.36119
-0.61767,1.36119
-0.61767,1.36119
-0.61766,1.36119
-0.61766,1.36119
-0.61766,1.36119
-0.61766,1.36119
-0.61766,1.36119
-0.61766,1.36119
-0.61766,1.36119
-0.61766,1.36119
0.58694,-1.39208
0.58694,-1.39208
0.58693,-1.39208
0.58692,-1.39208
0.58690,-1.39208
0.58687,-1.39208
0.58683,-1.39208
0.58677,-1.39209
0.58668,-1.39209
0.58654,-1.39210
0.58636,-1.39211
0.58612,-1.39213
0.58581,-1.39214
0.58540,-1.39217
0.58487,-1.39220
0.58417,-1.39224
0.58327,-1.39229
0.58212,-1.39235
0.58068,-1.39243
0.57889,-1.39251
0.57668,-1.39261
0.57385,-1.39272
0.56985,-1.39284
0.56250,-1.39298
0.51063,-1.39065
-0.61742,1.36118
-0.61750,1.36118
-0.61754,1.36119
-0.61756,1.36119
-0.61757,1.36119
-0.61759,1.36119
-0.61759,1.36119
-0.61760,1.36119
-0.61761,1.36119
-0.61761,1.36119
-0.61761,1.36119
-0.61762,1.36119
-0.61762,1.36119
-0.61762,1.36119
-0.61762,1.36119
0.58695,-1.39207
0.58694,-1.39208
0.58694,-1.39208
0.58693,-1.39208
0.58692,-1.39208
0.58690,-1.39208
0.58687,-1.39208
0.58682,-1.39208
0.58675,-1.39209
0.58665,-1.39209
0.58650,-1.39210
0.58629,-1.39212
0.58601,-1.39213
0.58564,-1.39216
0.58515,-1.39218
0.58451,-1.39222
0.58367,-1.39227
0.58256,-1.39233
0.58116,-1.39240
0.57940,-1.39249
0.57720,-1.39259
0.57435,-1.39270
0.57025,-1.39283
0.56221,-1.39299
-0.61452,1.36112
-0.61660,1.36117
-0.61702,1.36118
-0.61722,1.36118
-0.61733,1.36118
-0.61740,1.36118
-0.61745,1.36118
-0.61748,1.36118
-0.61751,1.36118
-0.61753,1.36119
-0.61754,1.36119
-0.61755,1.36119
-0.61756,1.36119
-0.61757,1.36119
-0.61758,1.36119
-0.61758,1.36119
0.58695,-1.39207
0.58695,-1.39207
0.58694,-1.39208
0.58694,-1.39208
0.58693,-1.39208
0.58692,-1.39208
0.58690,-1.39208
0.58686,-1.39208
0.58681,-1.39208
0.58673,-1.39209
0.58661,-1.39210
0.58643,-1.39211
0.58619,-1.39212
0.58586,-1.39214
0.58542,-1.39217
0.58482,-1.39220
0.58403,-1.39225
0.58298,-1.39231
0.58159,-1.39238
0.57982,-1.39247
0.57753,-1.39257
0.57446,-1.39270
0.56965,-1.39285
0.55687,-1.39301
-0.61441,1.36112
-0.61565,1.36115
-0.61628,1.36116
-0.61668,1.36117
-0.61694,1.36117
-0.61711,1.36118
-0.61723,1.36118
-0.61731,1.36118
-0.61737,1.36118
-0.61741,1.36118
-0.61745,1.36118
-0.61747,1.36118
-0.61749,1.36118
-0.61751,1.36118
-0.61752,1.36119
-0.61753,1.36119
0.58696,-1.39207
0.58695,-1.39207
0.58695,-1.39207
0.58695,-1.39208
0.58694,-1.39208
0.58693,-1.39208
0.58692,-1.39208
0.58689,-1.39208
0.58686,-1.39208
0.58680,-1.39208
0.58671,-1.39209
0.58656,-1.39210
0.58635,-1.39211
0.58606,-1.39213
0.58566,-1.39215
0.58512,-1.39219
0.58438,-1.39223
0.58338,-1.39229
0.58201,-1.39236
0.58017,-1.39245
0.57767,-1.39257
0.57398,-1.39271
0.56666,-1.39292
-0.61163,1.36105
-0.61408,1.36111
-0.61500,1.36113
-0.61562,1.36115
-0.61608,1.36116
-0.61644,1.36116
-0.61671,1.36117
-0.61691,1.36117
-0.61706,1.36118
-0.61717,1.36118
-0.61725,1.36118
-0.61731,1.36118
-0.61736,1.36118
-0.61740,1.36118
-0.61743,1.36118
-0.61745,1.36118
-0.61747,1.36118
0.58696,-1.39207
0.58696,-1.39207
0.58696,-1.39207
0.58695,-1.39207
0.58695,-1.39208
0.58694,-1.39208
0.58693,-1.39208
0.58692,-1.39208
0.58689,-1.39208
0.58685,-1.39208
0.58679,-1.39209
0.58668,-1.39209
0.58651,-1.39210
0.58625,-1.39212
0.58589,-1.39214
0.58540,-1.39217
0.58472,-1.39221
0.58376,-1.39226
0.58240,-1.39234
0.58044,-1.39244
0.57744,-1.39258
0.57165,-1.39279
-0.60839,1.36096
-0.61251,1.36107
-0.61378,1.36111
-0.61455,1.36112
-0.61513,1.36114
-0.61558,1.36115
-0.61596,1.36115
-0.61628,1.36116
-0.61653,1.36117
-0.61674,1.36117
-0.61690,1.36117
-0.61703,1.36118
-0.61713,1.36118
-0.61721,1.36118
-0.61727,1.36118
-0.61732,1.36118
-0.61736,1.36118
-0.61739,1.36118
0.58696,-1.39207
0.58696,-1.39207
0.58696,-1.39207
0.58696,-1.39207
0.58695,-1.39207
0.58695,-1.39207
0.58694,-1.39208
0.58693,-1.39208
0.58692,-1.39208
0.58689,-1.39208
0.58685,-1.39208
0.58677,-1.39209
0.58664,-1.39209
0.58643,-1.39211
0.58611,-1.39213
0.58567,-1.39215
0.58503,-1.39219
0.58412,-1.39224
0.58274,-1.39232
0.58046,-1.39244
0.57524,-1.39267
-0.60385,1.36080
-0.61026,1.36101
-0.61234,1.36107
-0.61346,1.36110
-0.61420,1.36112
-0.61475,1.36113
-0.61519,1.36114
-0.61557,1.36115
-0.61589,1.36115
-0.61617,1.36116
-0.61641,1.36116
-0.61661,1.36117
-0.61677,1.36117
-0.61691,1.36117
-0.61702,1.36118
-0.61711,1.36118
-0.61719,1.36118
-0.61724,1.36118
-0.61729,1.36118
0.58697,-1.39207
0.58697,-1.39207
0.58696,-1.39207
0.58696,-1.39207
0.58696,-1.39207
0.58696,-1.39207
0.58695,-1.39207
0.58694,-1.39208
0.58693,-1.39208
0.58692,-1.39208
0.58689,-1.39208
0.58684,-1.39208
0.58675,-1.39209
0.58659,-1.39210
0.58631,-1.39211
0.58590,-1.39214
0.58530,-1.39218
0.58438,-1.39223
0.58276,-1.39232
-0.45018,1.33990
-0.58214,1.35965
-0.60446,1.36082
-0.60978,1.36100
-0.61193,1.36106
-0.61310,1.36109
-0.61387,1.36111
-0.61443,1.36112
-0.61488,1.36113
-0.61525,1.36114
-0.61557,1.36115
-0.61585,1.36115
-0.61610,1.36116
-0.61632,1.36116
-0.61651,1.36117
-0.61667,1.36117
-0.61681,1.36117
-0.61693,1.36117
-0.61703,1.36118
-0.61711,1.36118
-0.61717,1.36118
0.58697,-1.39207
0.58697,-1.39207
0.58697,-1.39207
0.58697,-1.39207
0.58696,-1.39207
0.58696,-1.39207
0.58696,-1.39207
0.58695,-1.39207
0.58695,-1.39208
0.58694,-1.39208
0.58692,-1.39208
0.58689,-1.39208
0.58684,-1.39208
0.58672,-1.39209
0.58649,-1.39210
0.58610,-1.39213
0.58544,-1.39217
0.58367,-1.39227
-0.44137,1.33786
-0.52122,1.35313
-0.58041,1.35953
-0.60238,1.36074
-0.60882,1.36097
-0.61137,1.36104
-0.61270,1.36108
-0.61354,1.36110
-0.61414,1.36111
-0.61460,1.36113
-0.61497,1.36113
-0.61529,1.36114
-0.61558,1.36115
-0.61583,1.36115
-0.61605,1.36116
-0.61626,1.36116
-0.61644,1.36116
-0.61660,1.36117
-0.61674,1.36117
-0.61686,1.36117
-0.61696,1.36117
-0.61704,1.36118
0.58697,-1.39207
0.58697,-1.39207
0.58697,-1.39207
0.58697,-1.39207
0.58697,-1.39207
0.58697,-1.39207
0.58696,-1.39207
0.58696,-1.39207
0.58696,-1.39207
0.58695,-1.39207
0.58694,-1.39208
0.58693,-1.39208
0.58689,-1.39208
0.58682,-1.39208
0.58665,-1.39209
0.58621,-1.39212
-0.29306,1.29059
-0.41555,1.33139
-0.46684,1.34352
-0.52116,1.35313
-0.57290,1.35897
-0.59892,1.36060
-0.60742,1.36093
-0.61065,1.36102
-0.61224,1.36107
-0.61320,1.36109
-0.61385,1.36111
-0.61434,1.36112
-0.61473,1.36113
-0.61506,1.36114
-0.61534,1.36114
-0.61559,1.36115
-0.61582,1.36115
-0.61603,1.36116
-0.61622,1.36116
-0.61639,1.36116
-0.61654,1.36117
-0.61668,1.36117
-0.61680,1.36117
-0.61690,1.36117
0.58698,-1.39207
0.58698,-1.39207
0.58697,-1.39207
0.58697,-1.39207
0.58697,-1.39207
0.58697,-1.39207
0.58697,-1.39207
0.58697,-1.39207
0.58697,-1.39207
0.58696,-1.39207
0.58696,-1.39207
0.58695,-1.39208
0.58693,-1.39208
0.58690,-1.39208
0.58678,-1.39209
-0.24354,1.26911
-0.38841,1.32380
-0.42999,1.33510
-0.46830,1.34382
-0.51338,1.35196
-0.56236,1.35805
-0.59383,1.36035
-0.60548,1.36086
-0.60974,1.36100
-0.61170,1.36105
-0.61282,1.36108
-0.61356,1.36110
-0.61409,1.36111
-0.61450,1.36112
-0.61484,1.36113
-0.61513,1.36114
-0.61538,1.36114
-0.61561,1.36115
-0.61582,1.36115
-0.61601,1.36116
-0.61619,1.36116
-0.61636,1.36116
-0.61650,1.36117
-0.61664,1.36117
-0.61676,1.36117
0.58698,-1.39207
0.58698,-1.39207
0.58698,-1.39207
0.58698,-1.39207
0.58698,-1.39207
0.58698,-1.39207
0.58698,-1.39207
0.58698,-1.39207
0.58697,-1.39207
0.58697,-1.39207
0.58697,-1.39207
0.58697,-1.39207
0.58696,-1.39207
0.58695,-1.39208
0.58689,-1.39208
-0.34646,1.31046
-0.39600,1.32600
-0.42952,1.33498
-0.46269,1.34265
-0.50236,1.35019
-0.54917,1.35671
-0.58648,1.35993
-0.60273,1.36076
-0.60854,1.36096
-0.61105,1.36104
-0.61240,1.36107
-0.61324,1.36109
-0.61383,1.36111
-0.61428,1.36112
-0.61463,1.36113
-0.61493,1.36113
-0.61519,1.36114
-0.61543,1.36114
-0.61564,1.36115
-0.61583,1.36115
-0.61601,1.36116
-0.61618,1.36116
-0.61634,1.36116
-0.61648,1.36117
-0.61661,1.36117
0.58698,-1.39207
0.58698,-1.39207
0.58698,-1.39207
0.58698,-1.39207
0.58698,-1.39207
0.58698,-1.39207
0.58698,-1.39207
0.58698,-1.39207
0.58698,-1.39207
0.58698,-1.39207
0.58698,-1.39207
0.58698,-1.39207
0.58699,-1.39207
0.58700,-1.39207
0.58722,-1.39206
-0.34077,1.30850
-0.38930,1.32406
-0.42169,1.33300
-0.45263,1.34045
-0.48869,1.34780
-0.53313,1.35477
-0.57576,1.35919
-0.59855,1.36058
-0.60688,1.36091
-0.61022,1.36101
-0.61189,1.36106
-0.61288,1.36108
-0.61355,1.36110
-0.61404,1.36111
-0.61443,1.36112
-0.61474,1.36113
-0.61501,1.36113
-0.61525,1.36114
-0.61546,1.36114
-0.61566,1.36115
-0.61584,1.36115
-0.61601,1.36116
-0.61617,1.36116
-0.61633,1.36116
-0.61647,1.36116
0.58698,-1.39207
0.58699,-1.39207
0.58699,-1.39207
0.58699,-1.39207
0.58699,-1.39207
0.58699,-1.39207
0.58699,-1.39207
0.58699,-1.39207
0.58699,-1.39207
0.58700,-1.39207
0.58700,-1.39207
0.58701,-1.39207
0.58703,-1.39207
0.58708,-1.39207
0.58742,-1.39205
-0.29076,1.28966
-0.36973,1.31810
-0.40663,1.32898
-0.43774,1.33700
-0.47157,1.34449
-0.51329,1.35195
-0.55970,1.35780
-0.59154,1.36023
-0.60428,1.36082
-0.60904,1.36098
-0.61122,1.36104
-0.61244,1.36107
-0.61323,1.36109
-0.61378,1.36111
-0.61421,1.36112
-0.61455,1.36112
-0.61484,1.36113
-0.61508,1.36114
-0.61530,1.36114
-0.61550,1.36114
-0.61568,1.36115
-0.61586,1.36115
-0.61602,1.36116
-0.61618,1.36116
-0.61632,1.36116
0.58699,-1.39207
0.58699,-1.39207
0.58699,-1.39207
0.58699,-1.39207
0.58699,-1.39207
0.58700,-1.39207
0.58700,-1.39207
0.58700,-1.39207
0.58701,-1.39207
0.58701,-1.39207
0.58703,-1.39207
0.58705,-1.39207
0.58709,-1.39207
0.58720,-1.39206
0.58750,-1.39204
0.58847,-1.39198
-0.31845,1.30045
-0.37939,1.32109
-0.41541,1.33135
-0.44896,1.33962
-0.48789,1.34765
-0.53517,1.35504
-0.57805,1.35936
-0.59938,1.36062
-0.60707,1.36091
-0.61022,1.36101
-0.61183,1.36106
-0.61280,1.36108
-0.61346,1.36110
-0.61395,1.36111
-0.61433,1.36112
-0.61464,1.36113
-0.61491,1.36113
-0.61514,1.36114
-0.61534,1.36114
-0.61553,1.36115
-0.61571,1.36115
-0.61588,1.36115
-0.61603,1.36116
-0.61619,1.36116
0.58699,-1.39207
0.58699,-1.39207
0.58700,-1.39207
0.58700,-1.39207
0.58700,-1.39207
0.58700,-1.39207
0.58701,-1.39207
0.58702,-1.39207
0.58703,-1.39207
0.58704,-1.39207
0.58706,-1.39207
0.58710,-1.39207
0.58718,-1.39206
0.58732,-1.39205
0.58758,-1.39203
0.58802,-1.39201
0.58887,-1.39195
-0.30637,1.29586
-0.37599,1.32005
-0.41574,1.33144
-0.45355,1.34066
-0.49823,1.34949
-0.54949,1.35674
-0.58733,1.35998
-0.60278,1.36076
-0.60834,1.36096
-0.61080,1.36103
-0.61215,1.36107
-0.61300,1.36109
-0.61360,1.36110
-0.61405,1.36111
-0.61440,1.36112
-0.61470,1.36113
-0.61495,1.36113
-0.61518,1.36114
-0.61537,1.36114
-0.61556,1.36115
-0.61573,1.36115
-0.61589,1.36115
-0.61605,1.36116
0.58700,-1.39207
0.58700,-1.39207
0.58700,-1.39207
0.58701,-1.39207
0.58701,-1.39207
0.58702,-1.39207
0.58702,-1.39207
0.58703,-1.39207
0.58705,-1.39207
0.58707,-1.39207
0.58711,-1.39206
0.58717,-1.39206
0.58727,-1.39205
0.58743,-1.39204
0.58768,-1.39203
0.58803,-1.39201
0.58845,-1.39198
0.58896,-1.39195
0.59163,-1.39176
-0.34612,1.31034
-0.39874,1.32678
-0.44253,1.33814
-0.49243,1.34847
-0.54876,1.35666
-0.58816,1.36003
-0.60318,1.36077
-0.60849,1.36096
-0.61086,1.36103
-0.61217,1.36107
-0.61301,1.36109
-0.61360,1.36110
-0.61405,1.36111
-0.61441,1.36112
-0.61471,1.36113
-0.61497,1.36113
-0.61519,1.36114
-0.61539,1.36114
-0.61557,1.36115
-0.61574,1.36115
-0.61591,1.36115
0.58700,-1.39207
0.58701,-1.39207
0.58701,-1.39207
0.58702,-1.39207
0.58702,-1.39207
0.58703,-1.39207
0.58704,-1.39207
0.58706,-1.39207
0.58708,-1.39207
0.58712,-1.39206
0.58717,-1.39206
0.58725,-1.39206
0.58737,-1.39205
0.58755,-1.39204
0.58781,-1.39202
0.58814,-1.39200
0.58853,-1.39197
0.58895,-1.39195
0.58934,-1.39192
0.58968,-1.39190
0.59009,-1.39187
-0.29971,1.29325
-0.38262,1.32207
-0.44125,1.33783
-0.50740,1.35102
-0.57006,1.35874
-0.59835,1.36057
-0.60692,1.36091
-0.61016,1.36101
-0.61178,1.36106
-0.61276,1.36108
-0.61343,1.36110
-0.61393,1.36111
-0.61433,1.36112
-0.61465,1.36113
-0.61492,1.36113
-0.61516,1.36114
-0.61538,1.36114
-0.61557,1.36115
-0.61575,1.36115
0.58701,-1.39207
0.58702,-1.39207
0.58702,-1.39207
0.58703,-1.39207
0.58704,-1.39207
0.58705,-1.39207
0.58707,-1.39207
0.58709,-1.39207
0.58712,-1.39206
0.58717,-1.39206
0.58723,-1.39206
0.58733,-1.39205
0.58747,-1.39204
0.58768,-1.39203
0.58795,-1.39201
0.58830,-1.39199
0.58872,-1.39196
0.58919,-1.39193
0.58969,-1.39190
0.59021,-1.39186
0.59072,-1.39182
0.59119,-1.39179
0.59159,-1.39176
0.59181,-1.39175
0.59169,-1.39176
-0.11933,1.19974
-0.42056,1.33270
-0.53875,1.35549
-0.59556,1.36044
-0.60706,1.36091
-0.61048,1.36102
-0.61205,1.36106
-0.61298,1.36109
-0.61361,1.36110
-0.61409,1.36111
-0.61448,1.36112
-0.61480,1.36113
-0.61508,1.36114
-0.61532,1.36114
-0.61553,1.36115
0.58702,-1.39207
0.58703,-1.39207
0.58703,-1.39207
0.58704,-1.39207
0.58706,-1.39207
0.58707,-1.39207
0.58709,-1.39207
0.58712,-1.39206
0.58716,-1.39206
0.58722,-1.39206
0.58730,-1.39205
0.58742,-1.39205
0.58758,-1.39203
0.58781,-1.39202
0.58811,-1.39200
0.58849,-1.39198
0.58895,-1.39195
0.58949,-1.39191
0.59009,-1.39187
0.59075,-1.39182
0.59144,-1.39177
0.59213,-1.39172
0.59279,-1.39167
0.59337,-1.39163
0.59385,-1.39159
0.59422,-1.39157
0.59446,-1.39155
0.59452,-1.39154
0.59416,-1.39157
0.59225,-1.39171
-0.54144,1.35581
-0.60318,1.36077
-0.60983,1.36100
-0.61191,1.36106
-0.61296,1.36109
-0.61364,1.36110
-0.61414,1.36111
-0.61455,1.36112
-0.61489,1.36113
-0.61518,1.36114
0.58703,-1.39207
0.58704,-1.39207
0.58705,-1.39207
0.58706,-1.39207
0.58708,-1.39207
0.58710,-1.39207
0.58712,-1.39206
0.58716,-1.39206
0.58721,-1.39206
0.58728,-1.39205
0.58738,-1.39205
0.58751,-1.39204
0.58770,-1.39203
0.58795,-1.39201
0.58829,-1.39199
0.58870,-1.39196
0.58920,-1.39193
0.58979,-1.39189
0.59045,-1.39184
0.59118,-1.39179
0.59194,-1.39174
0.59267,-1.39168
0.59334,-1.39163
0.59392,-1.39159
0.59439,-1.39155
0.59477,-1.39152
0.59507,-1.39150
0.59530,-1.39148
0.59548,-1.39147
0.59560,-1.39146
0.59563,-1.39146
0.59543,-1.39147
0.59375,-1.39160
-0.56050,1.35788
-0.60727,1.36092
-0.61131,1.36104
-0.61274,1.36108
-0.61354,1.36110
-0.61411,1.36111
-0.61456,1.36112
0.58705,-1.39207
0.58705,-1.39207
0.58707,-1.39207
0.58708,-1.39207
0.58710,-1.39207
0.58713,-1.39206
0.58716,-1.39206
0.58720,-1.39206
0.58726,-1.39206
0.58734,-1.39205
0.58745,-1.39204
0.58761,-1.39203
0.58782,-1.39202
0.58811,-1.39200
0.58847,-1.39198
0.58892,-1.39195
0.58945,-1.39191
0.59008,-1.39187
0.59078,-1.39182
0.59153,-1.39177
0.59230,-1.39171
0.59302,-1.39166
0.59366,-1.39161
0.59420,-1.39157
0.59464,-1.39153
0.59498,-1.39151
0.59525,-1.39149
0.59547,-1.39147
0.59565,-1.39145
0.59580,-1.39144
0.59592,-1.39143
0.59601,-1.39142
0.59608,-1.39142
0.59609,-1.39142
0.59591,-1.39143
0.59398,-1.39158
-0.59100,1.36020
-0.60981,1.36100
-0.61229,1.36107
-0.61334,1.36110
0.58706,-1.39207
0.58707,-1.39207
0.58709,-1.39207
0.58710,-1.39207
0.58713,-1.39206
0.58716,-1.39206
0.58719,-1.39206
0.58724,-1.39206
0.58731,-1.39205
0.58741,-1.39205
0.58754,-1.39204
0.58772,-1.39203
0.58796,-1.39201
0.58827,-1.39199
0.58866,-1.39196
0.58914,-1.39193
0.58970,-1.39190
0.59034,-1.39185
0.59106,-1.39180
0.59181,-1.39175
0.59257,-1.39169
0.59327,-1.39164
0.59387,-1.39159
0.59438,-1.39155
0.59478,-1.39152
0.59509,-1.39150
0.59534,-1.39148
0.59555,-1.39146
0.59571,-1.39145
0.59585,-1.39144
0.59596,-1.39143
0.59607,-1.39142
0.59615,-1.39141
0.59623,-1.39141
0.59629,-1.39140
0.59633,-1.39140
0.59632,-1.39140
0.59608,-1.39142
-0.16210,1.22646
-0.60477,1.36083
0.58708,-1.39207
0.58709,-1.39207
0.58711,-1.39207
0.58713,-1.39206
0.58715,-1.39206
0.58719,-1.39206
0.58723,-1.39206
0.58729,-1.39205
0.58737,-1.39205
0.58748,-1.39204
0.58762,-1.39203
0.58783,-1.39202
0.58809,-1.39200
0.58844,-1.39198
0.58886,-1.39195
0.58936,-1.39192
0.58994,-1.39188
0.59059,-1.39183
0.59131,-1.39178
0.59205,-1.39173
0.59278,-1.39168
0.59345,-1.39162
0.59402,-1.39158
0.59449,-1.39154
0.59487,-1.39152
0.59517,-1.39149
0.59540,-1.39147
0.59559,-1.39146
0.59575,-1.39145
0.59588,-1.39144
0.59598,-1.39143
0.59608,-1.39142
0.59616,-1.39141
0.59623,-1.39141
0.59630,-1.39140
0.59636,-1.39140
0.59641,-1.39139
0.59645,-1.39139
0.59648,-1.39139
0.59643,-1.39139
0.58709,-1.39207
0.58711,-1.39206
0.58713,-1.39206
0.58715,-1.39206
0.58718,-1.39206
0.58722,-1.39206
0.58727,-1.39205
0.58733,-1.39205
0.58742,-1.39205
0.58755,-1.39204
0.58772,-1.39203
0.58794,-1.39201
0.58824,-1.39199
0.58861,-1.39197
0.58905,-1.39194
0.58957,-1.39190
0.59016,-1.39186
0.59082,-1.39182
0.59153,-1.39177
0.59225,-1.39171
0.59296,-1.39166
0.59360,-1.39161
0.59414,-1.39157
0.59458,-1.39154
0.59494,-1.39151
0.59522,-1.39149
0.59544,-1.39147
0.59562,-1.39146
0.59577,-1.39144
0.59589,-1.39143
0.59600,-1.39143
0.59609,-1.39142
0.59617,-1.39141
0.59623,-1.39141
0.59629,-1.39140
0.59635,-1.39140
0.59640,-1.39139
0.59644,-1.39139
0.59649,-1.39139
0.59653,-1.39138
0.58711,-1.39206
0.58713,-1.39206
0.58715,-1.39206
0.58718,-1.39206
0.58721,-1.39206
0.58725,-1.39206
0.58731,-1.39205
0.58738,-1.39205
0.58748,-1.39204
0.58763,-1.39203
0.58782,-1.39202
0.58807,-1.39200
0.58839,-1.39198
0.58879,-1.39196
0.58925,-1.39193
0.58978,-1.39189
0.59037,-1.39185
0.59103,-1.39180
0.59172,-1.39175
0.59243,-1.39170
0.59311,-1.39165
0.59372,-1.39160
0.59423,-1.39157
0.59465,-1.39153
0.59499,-1.39151
0.59526,-1.39148
0.59547,-1.39147
0.59565,-1.39145
0.59579,-1.39144
0.59591,-1.39143
0.59601,-1.39142
0.59610,-1.39142
0.59617,-1.39141
0.59624,-1.39141
0.59629,-1.39140
0.59635,-1.39140
0.59639,-1.39139
0.59643,-1.39139
0.59647,-1.39139
0.59651,-1.39138
0.58713,-1.39206
0.58715,-1.39206
0.58717,-1.39206
0.58720,-1.39206
0.58724,-1.39206
0.58728,-1.39205
0.58734,-1.39205
0.58743,-1.39204
0.58755,-1.39204
0.58771,-1.39203
0.58792,-1.39201
0.58820,-1.39199
0.58855,-1.39197
0.58897,-1.39194
0.58944,-1.39191
0.58998,-1.39188
0.59058,-1.39183
0.59122,-1.39179
0.59190,-1.39174
0.59259,-1.39169
0.59324,-1.39164
0.59382,-1.39160
0.59431,-1.39156
0.59471,-1.39153
0.59503,-1.39150
0.59529,-1.39148
0.59550,-1.39147
0.59567,-1.39145
0.59580,-1.39144
0.59592,-1.39143
0.59602,-1.39142
0.59610,-1.39142
0.59618,-1.39141
0.59624,-1.39141
0.59630,-1.39140
0.59635,-1.39140
0.59639,-1.39139
0.59643,-1.39139
0.59646,-1.39139
0.59649,-1.39138
