-0.82167,1.33107
-0.82120,1.33122
-0.82068,1.33139
-0.82009,1.33158
-0.81940,1.33180
-0.81858,1.33207
-0.81760,1.33238
-0.81641,1.33276
-0.81496,1.33321
-0.81318,1.33377
-0.81095,1.33445
-0.80815,1.33531
-0.80459,1.33637
-0.80004,1.33769
-0.79422,1.33933
-0.78687,1.34131
-0.77779,1.34363
-0.76698,1.34620
-0.75468,1.34886
-0.74138,1.35145
-0.72761,1.35379
-0.71379,1.35582
-0.70017,1.35749
-0.68697,1.35881
-0.67453,1.35980
-0.66340,1.36046
-0.65417,1.36087
-0.64705,1.36109
-0.64183,1.36120
-0.63809,1.36126
-0.63538,1.36128
-0.63340,1.36129
-0.63191,1.36130
-0.63076,1.36130
-0.62983,1.36130
-0.62905,1.36130
-0.62838,1.36130
-0.62779,1.36130
-0.62725,1.36130
-0.62675,1.36129
-0.82201,1.33096
-0.82145,1.33114
-0.82086,1.33133
-0.82021,1.33154
-0.81949,1.33177
-0.81864,1.33205
-0.81764,1.33236
-0.81645,1.33274
-0.81500,1.33320
-0.81321,1.33376
-0.81099,1.33444
-0.80818,1.33530
-0.80460,1.33636
-0.80001,1.33770
-0.79411,1.33936
-0.78660,1.34138
-0.77727,1.34376
-0.76609,1.34640
-0.75333,1.34914
-0.73949,1.35179
-0.72517,1.35417
-0.71081,1.35621
-0.69675,1.35786
-0.68329,1.35913
-0.67087,1.36004
-0.66012,1.36062
-0.65148,1.36096
-0.64498,1.36114
-0.64028,1.36123
-0.63689,1.36127
-0.63444,1.36129
-0.63261,1.36130
-0.63122,1.36130
-0.63012,1.36130
-0.62922,1.36130
-0.62846,1.36130
-0.62780,1.36130
-0.62721,1.36130
-0.62666,1.36129
-0.62616,1.36129
-0.82288,1.33067
-0.82208,1.33093
-0.82132,1.33118
-0.82056,1.33143
-0.81974,1.33169
-0.81883,1.33199
-0.81779,1.33232
-0.81656,1.33271
-0.81508,1.33317
-0.81328,1.33374
-0.81104,1.33443
-0.80821,1.33529
-0.80460,1.33636
-0.79995,1.33772
-0.79394,1.33941
-0.78624,1.34148
-0.77661,1.34392
-0.76502,1.34664
-0.75174,1.34946
-0.73732,1.35217
-0.72241,1.35459
-0.70751,1.35663
-0.69304,1.35824
-0.67941,1.35944
-0.66717,1.36026
-0.65692,1.36076
-0.64893,1.36104
-0.64304,1.36118
-0.63880,1.36125
-0.63573,1.36128
-0.63349,1.36129
-0.63179,1.36130
-0.63048,1.36130
-0.62943,1.36130
-0.62855,1.36130
-0.62781,1.36130
-0.62716,1.36130
-0.62657,1.36129
-0.62603,1.36129
-0.62554,1.36129
-0.82470,1.33007
-0.82349,1.33047
-0.82239,1.33083
-0.82136,1.33117
-0.82035,1.33150
-0.81929,1.33184
-0.81813,1.33221
-0.81681,1.33263
-0.81527,1.33311
-0.81341,1.33369
-0.81113,1.33440
-0.80825,1.33528
-0.80458,1.33637
-0.79983,1.33775
-0.79368,1.33948
-0.78575,1.34161
-0.77577,1.34413
-0.76370,1.34693
-0.74983,1.34984
-0.73477,1.35261
-0.71923,1.35506
-0.70381,1.35707
-0.68900,1.35863
-0.67534,1.35974
-0.66345,1.36046
-0.65381,1.36088
-0.64651,1.36110
-0.64119,1.36121
-0.63736,1.36126
-0.63458,1.36129
-0.63251,1.36130
-0.63093,1.36130
-0.62969,1.36130
-0.62868,1.36130
-0.62783,1.36130
-0.62710,1.36130
-0.62646,1.36129
-0.62589,1.36129
-0.62537,1.36129
-0.62490,1.36128
-0.82345,1.33049
-0.82536,1.32986
-0.82427,1.33022
-0.82294,1.33065
-0.82160,1.33109
-0.82027,1.33152
-0.81888,1.33197
-0.81738,1.33245
-0.81569,1.33298
-0.81370,1.33360
-0.81130,1.33435
-0.80832,1.33525
-0.80453,1.33638
-0.79963,1.33781
-0.79327,1.33959
-0.78504,1.34179
-0.77463,1.34440
-0.76199,1.34731
-0.74746,1.35030
-0.73171,1.35313
-0.71552,1.35558
-0.69961,1.35755
-0.68460,1.35902
-0.67111,1.36002
-0.65975,1.36064
-0.65083,1.36098
-0.64420,1.36115
-0.63941,1.36124
-0.63595,1.36128
-0.63341,1.36129
-0.63149,1.36130
-0.63001,1.36130
-0.62883,1.36130
-0.62786,1.36130
-0.62704,1.36130
-0.62634,1.36129
-0.62573,1.36129
-0.62518,1.36128
-0.62469,1.36128
-0.62424,1.36128
0.29618,-1.32012
0.15858,-1.23003
-0.01250,-1.07519
-0.81982,1.33167
-0.82255,1.33078
-0.82161,1.33109
-0.82010,1.33158
-0.81837,1.33213
-0.81644,1.33275
-0.81423,1.33344
-0.81161,1.33425
-0.80842,1.33522
-0.80441,1.33642
-0.79927,1.33791
-0.79259,1.33978
-0.78395,1.34207
-0.77300,1.34479
-0.75968,1.34781
-0.74439,1.35089
-0.72788,1.35375
-0.71108,1.35617
-0.69482,1.35806
-0.67983,1.35941
-0.66676,1.36028
-0.65611,1.36079
-0.64796,1.36106
-0.64199,1.36120
-0.63768,1.36126
-0.63453,1.36129
-0.63219,1.36130
-0.63040,1.36130
-0.62901,1.36130
-0.62790,1.36130
-0.62698,1.36129
-0.62621,1.36129
-0.62555,1.36129
-0.62497,1.36128
-0.62446,1.36128
-0.62401,1.36127
-0.62360,1.36127
0.48861,-1.38786
0.43606,-1.37689
0.36246,-1.35176
0.26556,-1.30283
0.15349,-1.22610
0.02741,-1.11563
-0.80246,1.33699
-0.81639,1.33276
-0.81623,1.33281
-0.81433,1.33341
-0.81163,1.33425
-0.80821,1.33529
-0.80389,1.33657
-0.79837,1.33817
-0.79124,1.34015
-0.78203,1.34257
-0.77038,1.34541
-0.75625,1.34854
-0.74012,1.35167
-0.72290,1.35452
-0.70565,1.35685
-0.68933,1.35860
-0.67470,1.35978
-0.66236,1.36051
-0.65258,1.36092
-0.64522,1.36113
-0.63984,1.36123
-0.63593,1.36128
-0.63306,1.36130
-0.63090,1.36130
-0.62924,1.36130
-0.62794,1.36130
-0.62690,1.36129
-0.62605,1.36129
-0.62533,1.36129
-0.62473,1.36128
-0.62420,1.36128
-0.62374,1.36127
-0.62333,1.36127
-0.62297,1.36126
0.55067,-1.39297
0.52890,-1.39215
0.49821,-1.38921
0.45757,-1.38211
0.40504,-1.36764
0.33857,-1.34130
0.25989,-1.29945
0.17567,-1.24290
0.09007,-1.17372
-0.00326,-1.08480
-0.77377,1.34461
-0.79892,1.33801
-0.79839,1.33816
-0.79382,1.33944
-0.78674,1.34135
-0.77717,1.34378
-0.76494,1.34666
-0.75016,1.34978
-0.73347,1.35283
-0.71596,1.35552
-0.69883,1.35764
-0.68307,1.35915
-0.66936,1.36013
-0.65805,1.36071
-0.64921,1.36103
-0.64258,1.36119
-0.63771,1.36126
-0.63415,1.36129
-0.63150,1.36130
-0.62951,1.36130
-0.62799,1.36130
-0.62680,1.36129
-0.62585,1.36129
-0.62508,1.36128
-0.62444,1.36128
-0.62390,1.36127
-0.62343,1.36127
-0.62302,1.36126
-0.62267,1.36126
-0.62235,1.36126
0.57039,-1.39283
0.56190,-1.39299
0.54846,-1.39293
0.52889,-1.39215
0.50261,-1.38976
0.46919,-1.38451
0.42802,-1.37469
0.37855,-1.35819
0.32121,-1.33303
0.25878,-1.29878
0.19596,-1.25759
0.13647,-1.21266
0.08124,-1.16591
0.02864,-1.11682
-0.02691,-1.05990
-0.11039,-0.96331
-0.73537,1.35251
-0.73177,1.35312
-0.71969,1.35499
-0.70501,1.35693
-0.69009,1.35853
-0.67622,1.35968
-0.66409,1.36043
-0.65402,1.36087
-0.64606,1.36111
-0.64002,1.36123
-0.63555,1.36128
-0.63226,1.36130
-0.62983,1.36130
-0.62802,1.36130
-0.62666,1.36129
-0.62560,1.36129
-0.62477,1.36128
-0.62409,1.36128
-0.62354,1.36127
-0.62307,1.36127
-0.62267,1.36126
-0.62232,1.36126
-0.62201,1.36125
-0.62174,1.36125
0.57671,-1.39261
0.57290,-1.39275
0.56683,-1.39291
0.55743,-1.39301
0.54370,-1.39282
0.52496,-1.39189
0.50075,-1.38953
0.47061,-1.38478
0.43407,-1.37636
0.39090,-1.36277
0.34169,-1.34273
0.28829,-1.31582
0.23361,-1.28306
0.18050,-1.24646
0.13059,-1.20792
0.08391,-1.16829
0.03930,-1.12715
-0.00546,-1.08252
-0.05569,-1.02821
-0.14301,-0.92132
-0.68025,1.35937
-0.66981,1.36010
-0.65957,1.36065
-0.65052,1.36099
-0.64312,1.36118
-0.63744,1.36126
-0.63325,1.36129
-0.63022,1.36130
-0.62804,1.36130
-0.62645,1.36129
-0.62527,1.36128
-0.62437,1.36128
-0.62367,1.36127
-0.62310,1.36127
-0.62264,1.36126
-0.62224,1.36126
-0.62191,1.36125
-0.62161,1.36125
-0.62136,1.36125
-0.62114,1.36124
0.57940,-1.39249
0.57725,-1.39259
0.57395,-1.39271
0.56888,-1.39287
0.56124,-1.39300
0.55021,-1.39296
0.53512,-1.39249
0.51538,-1.39111
0.49038,-1.38812
0.45939,-1.38250
0.42172,-1.37287
0.37716,-1.35765
0.32659,-1.33565
0.27221,-1.30672
0.21695,-1.27208
0.16343,-1.23373
0.11320,-1.19356
0.06662,-1.15273
0.02311,-1.11140
-0.01918,-1.06816
-0.06520,-1.01738
-0.14100,-0.92399
-0.65878,1.36068
-0.64809,1.36106
-0.64036,1.36122
-0.63469,1.36129
-0.63071,1.36130
-0.62799,1.36130
-0.62613,1.36129
-0.62481,1.36128
-0.62385,1.36127
-0.62312,1.36127
-0.62255,1.36126
-0.62209,1.36125
-0.62172,1.36125
-0.62140,1.36125
-0.62113,1.36124
-0.62090,1.36124
-0.62069,1.36124
-0.62051,1.36123
0.58093,-1.39241
0.57952,-1.39248
0.57743,-1.39258
0.57428,-1.39270
0.56952,-1.39285
0.56246,-1.39298
0.55237,-1.39299
0.53856,-1.39264
0.52036,-1.39154
0.49699,-1.38905
0.46745,-1.38417
0.43072,-1.37544
0.38615,-1.36105
0.33430,-1.33931
0.27740,-1.30971
0.21904,-1.27348
0.16275,-1.23321
0.11086,-1.19159
0.06412,-1.15043
0.02194,-1.11025
-0.01753,-1.06991
-0.05838,-1.02517
-0.11420,-0.95855
-0.65030,1.36100
-0.63762,1.36126
-0.63150,1.36130
-0.62785,1.36130
-0.62559,1.36129
-0.62412,1.36128
-0.62310,1.36127
-0.62237,1.36126
-0.62182,1.36125
-0.62138,1.36125
-0.62104,1.36124
-0.62075,1.36124
-0.62051,1.36123
-0.62031,1.36123
-0.62013,1.36123
-0.61998,1.36123
-0.61985,1.36122
0.58197,-1.39236
0.58097,-1.39241
0.57953,-1.39248
0.57740,-1.39258
0.57420,-1.39271
0.56937,-1.39286
0.56224,-1.39299
0.55205,-1.39299
0.53808,-1.39262
0.51951,-1.39147
0.49539,-1.38883
0.46448,-1.38357
0.42549,-1.37397
0.37773,-1.35787
0.32205,-1.33344
0.26154,-1.30043
0.20074,-1.26095
0.14378,-1.21849
0.09286,-1.17615
0.04818,-1.13559
0.00845,-1.09676
-0.02892,-1.05774
-0.06904,-1.01296
-0.13027,-0.93804
-0.63467,1.36129
-0.62756,1.36130
-0.62459,1.36128
-0.62295,1.36126
-0.62193,1.36125
-0.62124,1.36124
-0.62074,1.36124
-0.62037,1.36123
-0.62009,1.36123
-0.61986,1.36122
-0.61968,1.36122
-0.61953,1.36122
-0.61940,1.36122
-0.61929,1.36122
-0.61919,1.36121
-0.61910,1.36121
0.58275,-1.39232
0.58201,-1.39236
0.58097,-1.39241
0.57947,-1.39249
0.57724,-1.39259
0.57385,-1.39272
0.56871,-1.39287
0.56106,-1.39300
0.55010,-1.39296
0.53496,-1.39248
0.51468,-1.39105
0.48807,-1.38778
0.45363,-1.38123
0.40998,-1.36925
0.35675,-1.34936
0.29591,-1.31998
0.23203,-1.28204
0.17056,-1.23911
0.11529,-1.19531
0.06735,-1.15339
0.02577,-1.11402
-0.01177,-1.07596
-0.04916,-1.03554
-0.09542,-0.98172
-0.62671,1.36129
-0.62198,1.36125
-0.62046,1.36123
-0.61969,1.36122
-0.61923,1.36121
-0.61894,1.36121
-0.61875,1.36121
-0.61861,1.36120
-0.61852,1.36120
-0.61845,1.36120
-0.61840,1.36120
-0.61836,1.36120
-0.61832,1.36120
-0.61829,1.36120
-0.61827,1.36120
-0.61824,1.36120
0.58337,-1.39229
0.58281,-1.39232
0.58204,-1.39236
0.58096,-1.39241
0.57938,-1.39249
0.57698,-1.39260
0.57330,-1.39274
0.56764,-1.39290
0.55914,-1.39301
0.54683,-1.39290
0.52972,-1.39220
0.50662,-1.39022
0.47603,-1.38579
0.43624,-1.37694
0.38599,-1.36099
0.32594,-1.33533
0.25996,-1.29949
0.19430,-1.25641
0.13437,-1.21098
0.08250,-1.16703
0.03812,-1.12601
-0.00111,-1.08702
-0.03904,-1.04674
-0.08366,-0.99582
-0.20463,-0.83392
-0.61056,1.36102
-0.61327,1.36109
-0.61443,1.36112
-0.61512,1.36114
-0.61559,1.36115
-0.61594,1.36115
-0.61622,1.36116
-0.61644,1.36116
-0.61662,1.36117
-0.61677,1.36117
-0.61689,1.36117
-0.61699,1.36118
-0.61708,1.36118
-0.61714,1.36118
-0.61720,1.36118
0.58388,-1.39226
0.58344,-1.39228
0.58287,-1.39231
0.58208,-1.39236
0.58094,-1.39241
0.57925,-1.39250
0.57665,-1.39261
0.57258,-1.39276
0.56621,-1.39293
0.55651,-1.39301
0.54233,-1.39278
0.52245,-1.39170
0.49542,-1.38884
0.45939,-1.38250
0.41251,-1.37006
0.35416,-1.34825
0.28698,-1.31510
0.21730,-1.27231
0.15213,-1.22504
0.09538,-1.17835
0.04712,-1.13459
0.00485,-1.09312
-0.03586,-1.05022
-0.08504,-0.99418
-0.52944,1.35428
-0.58531,1.35986
-0.59798,1.36055
-0.60420,1.36081
-0.60776,1.36094
-0.61001,1.36101
-0.61153,1.36105
-0.61262,1.36108
-0.61344,1.36110
-0.61406,1.36111
-0.61455,1.36112
-0.61495,1.36113
-0.61526,1.36114
-0.61552,1.36115
-0.61573,1.36115
-0.61590,1.36115
0.58430,-1.39223
0.58397,-1.39225
0.58353,-1.39228
0.58294,-1.39231
0.58212,-1.39235
0.58092,-1.39241
0.57911,-1.39250
0.57627,-1.39263
0.57170,-1.39279
0.56441,-1.39296
0.55312,-1.39300
0.53646,-1.39255
0.51292,-1.39088
0.48069,-1.38659
0.43756,-1.37729
0.38186,-1.35945
0.31454,-1.32970
0.24116,-1.28789
0.17001,-1.23869
0.10703,-1.18835
0.05331,-1.14042
0.00614,-1.09442
-0.04055,-1.04509
-0.10728,-0.96717
-0.52686,1.35393
-0.55840,1.35767
-0.57591,1.35920
-0.58758,1.36000
-0.59547,1.36043
-0.60080,1.36068
-0.60447,1.36082
-0.60706,1.36091
-0.60895,1.36097
-0.61036,1.36102
-0.61144,1.36105
-0.61228,1.36107
-0.61295,1.36109
-0.61348,1.36110
-0.61391,1.36111
-0.61426,1.36112
0.58467,-1.39221
0.58440,-1.39223
0.58407,-1.39225
0.58362,-1.39227
0.58302,-1.39230
0.58217,-1.39235
0.58091,-1.39242
0.57897,-1.39251
0.57583,-1.39264
0.57065,-1.39282
0.56217,-1.39299
0.54882,-1.39294
0.52890,-1.39215
0.50057,-1.38951
0.46153,-1.38296
0.40933,-1.36904
0.34313,-1.34338
0.26673,-1.30352
0.18882,-1.25250
0.11768,-1.19731
0.05600,-1.14292
0.00041,-1.08858
-0.06112,-1.02205
-0.46833,1.34383
-0.51923,1.35284
-0.54140,1.35581
-0.55746,1.35758
-0.57023,1.35875
-0.58045,1.35953
-0.58842,1.36005
-0.59451,1.36038
-0.59908,1.36060
-0.60252,1.36075
-0.60512,1.36085
-0.60710,1.36092
-0.60864,1.36096
-0.60985,1.36100
-0.61081,1.36103
-0.61157,1.36105
-0.61219,1.36107
0.58499,-1.39219
0.58478,-1.39221
0.58452,-1.39222
0.58418,-1.39224
0.58374,-1.39227
0.58313,-1.39230
0.58225,-1.39235
0.58093,-1.39241
0.57884,-1.39251
0.57537,-1.39266
0.56943,-1.39285
0.55940,-1.39301
0.54330,-1.39281
0.51905,-1.39143
0.48430,-1.38719
0.43621,-1.37693
0.37239,-1.35579
0.29402,-1.31895
0.20862,-1.26641
0.12632,-1.20444
0.05151,-1.13872
-0.02377,-1.06327
-0.41483,1.33120
-0.48537,1.34718
-0.51224,1.35178
-0.53038,1.35441
-0.54462,1.35619
-0.55659,1.35749
-0.56691,1.35847
-0.57577,1.35919
-0.58324,1.35972
-0.58939,1.36011
-0.59434,1.36038
-0.59829,1.36057
-0.60140,1.36070
-0.60387,1.36080
-0.60581,1.36087
-0.60736,1.36092
-0.60860,1.36096
-0.60959,1.36099
0.58528,-1.39218
0.58511,-1.39219
0.58491,-1.39220
0.58465,-1.39221
0.58432,-1.39223
0.58388,-1.39226
0.58327,-1.39229
0.58238,-1.39234
0.58101,-1.39241
0.57877,-1.39252
0.57489,-1.39268
0.56796,-1.39289
0.55583,-1.39301
0.53592,-1.39253
0.50559,-1.39011
0.46179,-1.38301
0.40102,-1.36630
0.32153,-1.33318
0.22731,-1.27896
0.12702,-1.20501
0.01630,-1.10464
-0.35717,1.31405
-0.44407,1.33850
-0.48186,1.34652
-0.50513,1.35065
-0.52188,1.35323
-0.53516,1.35504
-0.54637,1.35639
-0.55619,1.35745
-0.56494,1.35829
-0.57272,1.35895
-0.57956,1.35947
-0.58546,1.35987
-0.59047,1.36017
-0.59464,1.36039
-0.59807,1.36056
-0.60086,1.36068
-0.60313,1.36077
-0.60496,1.36084
-0.60644,1.36089
0.58555,-1.39216
0.58542,-1.39217
0.58526,-1.39218
0.58506,-1.39219
0.58481,-1.39220
0.58449,-1.39222
0.58406,-1.39225
0.58346,-1.39228
0.58256,-1.39233
0.58116,-1.39240
0.57876,-1.39252
0.57439,-1.39270
0.56609,-1.39293
0.55081,-1.39297
0.52502,-1.39189
0.48505,-1.38731
0.42630,-1.37420
0.34309,-1.34336
0.22824,-1.27957
0.29956,0.61859
-0.19192,1.24323
-0.36413,1.31631
-0.43625,1.33664
-0.47391,1.34496
-0.49752,1.34937
-0.51433,1.35211
-0.52742,1.35401
-0.53829,1.35543
-0.54773,1.35655
-0.55616,1.35745
-0.56380,1.35819
-0.57073,1.35879
-0.57699,1.35928
-0.58256,1.35968
-0.58745,1.35999
-0.59166,1.36023
-0.59524,1.36042
-0.59824,1.36056
-0.60073,1.36067
-0.60277,1.36076
0.58580,-1.39215
0.58570,-1.39215
0.58558,-1.39216
0.58543,-1.39217
0.58525,-1.39218
0.58502,-1.39219
0.58471,-1.39221
0.58430,-1.39223
0.58372,-1.39227
0.58284,-1.39231
0.58142,-1.39239
0.57885,-1.39251
0.57378,-1.39272
0.56322,-1.39298
0.54219,-1.39277
0.50443,-1.38997
0.43982,-1.37787
0.28717,-1.31520
0.31545,0.58139
0.08541,1.00714
-0.18220,1.23792
-0.34146,1.30874
-0.42119,1.33286
-0.46340,1.34280
-0.48919,1.34789
-0.50700,1.35095
-0.52050,1.35303
-0.53143,1.35455
-0.54074,1.35573
-0.54897,1.35668
-0.55640,1.35747
-0.56321,1.35813
-0.56948,1.35869
-0.57524,1.35915
-0.58048,1.35954
-0.58519,1.35985
-0.58936,1.36010
-0.59298,1.36030
-0.59608,1.36046
-0.59871,1.36059
0.58604,-1.39213
0.58597,-1.39214
0.58588,-1.39214
0.58577,-1.39215
0.58564,-1.39215
0.58548,-1.39216
0.58528,-1.39218
0.58500,-1.39219
0.58463,-1.39221
0.58409,-1.39225
0.58325,-1.39229
0.58183,-1.39237
0.57904,-1.39251
0.57270,-1.39276
0.55668,-1.39301
0.51529,-1.39110
0.43222,0.27889
0.35226,0.49143
0.26366,0.69877
0.08563,1.00686
-0.14264,1.21472
-0.30842,1.29665
-0.40118,1.32747
-0.45066,1.34001
-0.47997,1.34616
-0.49953,1.34971
-0.51389,1.35204
-0.52522,1.35370
-0.53466,1.35497
-0.54284,1.35598
-0.55015,1.35681
-0.55683,1.35751
-0.56300,1.35811
-0.56874,1.35862
-0.57409,1.35906
-0.57904,1.35943
-0.58356,1.35975
-0.58764,1.36000
-0.59125,1.36021
-0.59439,1.36038
0.58628,-1.39212
0.58623,-1.39212
0.58617,-1.39212
0.58611,-1.39213
0.58602,-1.39213
0.58592,-1.39214
0.58579,-1.39215
0.58562,-1.39216
0.58540,-1.39217
0.58508,-1.39219
0.58462,-1.39222
0.58386,-1.39226
0.58247,-1.39233
0.57925,-1.39250
0.56830,-1.39288
0.44764,0.23532
0.37965,0.42120
0.33328,0.53846
0.26012,0.70638
0.11629,0.96474
-0.09179,1.18065
-0.26724,1.27978
-0.37619,1.32011
-0.43547,1.33645
-0.46962,1.34410
-0.49163,1.34833
-0.50729,1.35100
-0.51930,1.35285
-0.52908,1.35423
-0.53739,1.35532
-0.54470,1.35620
-0.55130,1.35694
-0.55737,1.35757
-0.56304,1.35812
-0.56837,1.35859
-0.57339,1.35901
-0.57809,1.35937
-0.58244,1.35967
-0.58642,1.35993
-0.58999,1.36014
0.58653,-1.39210
0.58650,-1.39210
0.58648,-1.39210
0.58645,-1.39211
0.58641,-1.39211
0.58636,-1.39211
0.58630,-1.39211
0.58623,-1.39212
0.58612,-1.39213
0.58598,-1.39213
0.58577,-1.39215
0.58546,-1.39217
0.58490,-1.39220
0.58371,-1.39227
0.57835,-1.39254
0.40842,0.34452
0.37289,0.43880
0.33396,0.53682
0.27338,0.67762
0.15727,0.90146
-0.03244,1.13351
-0.21768,1.25662
-0.34509,1.30999
-0.41709,1.33180
-0.45771,1.34158
-0.48299,1.34673
-0.50039,1.34986
-0.51339,1.35196
-0.52371,1.35349
-0.53231,1.35467
-0.53975,1.35561
-0.54636,1.35639
-0.55240,1.35706
-0.55800,1.35763
-0.56327,1.35814
-0.56827,1.35858
-0.57302,1.35898
-0.57752,1.35932
-0.58172,1.35962
-0.58560,1.35988
0.58679,-1.39209
0.58679,-1.39208
0.58680,-1.39208
0.58681,-1.39208
0.58683,-1.39208
0.58684,-1.39208
0.58685,-1.39208
0.58687,-1.39208
0.58690,-1.39208
0.58693,-1.39208
0.58698,-1.39207
0.58708,-1.39207
0.58731,-1.39205
0.58811,-1.39200
0.60716,-1.39040
0.41148,0.33619
0.37889,0.42320
0.34463,0.51050
0.29479,0.62955
0.20317,0.82074
0.03642,1.06592
-0.15727,1.22360
-0.30521,1.29540
-0.39388,1.32539
-0.44335,1.33833
-0.47307,1.34480
-0.49284,1.34855
-0.50717,1.35098
-0.51828,1.35270
-0.52734,1.35400
-0.53504,1.35502
-0.54179,1.35586
-0.54785,1.35656
-0.55343,1.35717
-0.55866,1.35770
-0.56362,1.35817
-0.56836,1.35859
-0.57291,1.35897
-0.57724,1.35930
-0.58133,1.35960
0.58707,-1.39207
0.58711,-1.39206
0.58716,-1.39206
0.58722,-1.39206
0.58729,-1.39205
0.58738,-1.39205
0.58749,-1.39204
0.58763,-1.39203
0.58782,-1.39202
0.58809,-1.39200
0.58852,-1.39197
0.58928,-1.39192
0.59089,-1.39181
0.59574,-1.39145
0.62441,-1.38833
0.43304,0.27658
0.39402,0.38328
0.36230,0.46601
0.32144,0.56713
0.25193,0.72376
0.11663,0.96424
-0.07952,1.17162
-0.25076,1.27243
-0.36204,1.31564
-0.42454,1.33373
-0.46075,1.34224
-0.48390,1.34691
-0.50014,1.34982
-0.51238,1.35181
-0.52216,1.35327
-0.53029,1.35440
-0.53731,1.35531
-0.54352,1.35606
-0.54916,1.35671
-0.55439,1.35727
-0.55933,1.35776
-0.56405,1.35821
-0.56860,1.35861
-0.57299,1.35898
-0.57719,1.35930
0.58740,-1.39205
0.58748,-1.39204
0.58758,-1.39204
0.58770,-1.39203
0.58785,-1.39202
0.58803,-1.39201
0.58827,-1.39199
0.58858,-1.39197
0.58902,-1.39194
0.58967,-1.39190
0.59073,-1.39182
0.59263,-1.39169
0.59654,-1.39138
0.60590,-1.39053
0.63030,-1.38749
0.70122,-1.37255
0.42214,0.30691
0.38696,0.40200
0.35243,0.49102
0.30188,0.61323
0.20567,0.81605
0.02783,1.07524
-0.16935,1.23067
-0.31258,1.29824
-0.39641,1.32612
-0.44342,1.33834
-0.47203,1.34459
-0.49126,1.34826
-0.50528,1.35067
-0.51617,1.35239
-0.52505,1.35368
-0.53255,1.35470
-0.53908,1.35553
-0.54492,1.35623
-0.55026,1.35683
-0.55524,1.35735
-0.55997,1.35783
-0.56453,1.35825
-0.56894,1.35864
-0.57321,1.35899
0.58777,-1.39202
0.58791,-1.39201
0.58808,-1.39200
0.58828,-1.39199
0.58852,-1.39197
0.58884,-1.39195
0.58926,-1.39193
0.58983,-1.39189
0.59064,-1.39183
0.59188,-1.39174
0.59389,-1.39159
0.59738,-1.39131
0.60382,-1.39073
0.61583,-1.38943
0.63703,-1.38646
0.67045,-1.38011
0.72617,-1.36528
0.42717,0.29298
0.38953,0.39521
0.35204,0.49199
0.29294,0.63379
0.17173,0.87715
-0.03382,1.13471
-0.22294,1.25923
-0.34562,1.31017
-0.41413,1.33101
-0.45334,1.34061
-0.47811,1.34580
-0.49532,1.34899
-0.50820,1.35115
-0.51839,1.35272
-0.52679,1.35392
-0.53397,1.35488
-0.54025,1.35567
-0.54589,1.35634
-0.55107,1.35691
-0.55592,1.35742
-0.56054,1.35788
-0.56499,1.35830
-0.56932,1.35867
0.58822,-1.39199
0.58843,-1.39198
0.58868,-1.39196
0.58898,-1.39194
0.58937,-1.39192
0.58987,-1.39188
0.59054,-1.39184
0.59146,-1.39177
0.59281,-1.39167
0.59484,-1.39152
0.59804,-1.39126
0.60326,-1.39079
0.61178,-1.38990
0.62529,-1.38821
0.64515,-1.38510
0.67099,-1.37999
0.70011,-1.37285
0.73135,-1.36365
0.85196,-1.31401
0.40861,0.34401
0.37029,0.44551
0.31346,0.58611
0.19121,0.84278
-0.03063,1.13193
-0.22823,1.26182
-0.34988,1.31162
-0.41626,1.33158
-0.45429,1.34082
-0.47854,1.34588
-0.49553,1.34902
-0.50834,1.35117
-0.51854,1.35274
-0.52699,1.35395
-0.53422,1.35491
-0.54056,1.35571
-0.54624,1.35638
-0.55145,1.35695
-0.55631,1.35746
-0.56094,1.35792
-0.56539,1.35833
0.58877,-1.39196
0.58906,-1.39194
0.58942,-1.39191
0.58987,-1.39188
0.59043,-1.39184
0.59117,-1.39179
0.59217,-1.39172
0.59356,-1.39162
0.59556,-1.39146
0.59852,-1.39121
0.60300,-1.39081
0.60981,-1.39012
0.62001,-1.38891
0.63475,-1.38682
0.65462,-1.38337
0.67886,-1.37820
0.70518,-1.37146
0.73064,-1.36387
0.75282,-1.35643
0.77047,-1.34996
0.79038,-1.34210
0.42975,0.28578
0.38443,0.40868
0.31565,0.58092
0.13893,0.93079
-0.12847,1.20574
-0.30345,1.29472
-0.39437,1.32553
-0.44236,1.33809
-0.47105,1.34439
-0.49037,1.34810
-0.50459,1.35056
-0.51575,1.35232
-0.52491,1.35366
-0.53271,1.35472
-0.53952,1.35558
-0.54559,1.35630
-0.55111,1.35692
-0.55621,1.35745
-0.56101,1.35793
0.58943,-1.39191
0.58984,-1.39189
0.59034,-1.39185
0.59096,-1.39181
0.59175,-1.39175
0.59279,-1.39167
0.59419,-1.39157
0.59612,-1.39142
0.59886,-1.39119
0.60279,-1.39083
0.60850,-1.39026
0.61676,-1.38932
0.62848,-1.38776
0.64452,-1.38521
0.66523,-1.38123
0.68995,-1.37550
0.71705,-1.36805
0.74466,-1.35925
0.77125,-1.34966
0.79584,-1.33984
0.81776,-1.33031
0.83635,-1.32167
0.85062,-1.31468
0.85846,-1.31071
0.85405,-1.31296
0.47350,0.16066
0.34609,0.50688
0.01264,1.09107
-0.28044,1.28541
-0.39634,1.32610
-0.44781,1.33936
-0.47623,1.34543
-0.49488,1.34891
-0.50860,1.35121
-0.51949,1.35288
-0.52858,1.35417
-0.53642,1.35520
-0.54334,1.35604
-0.54956,1.35675
-0.55523,1.35735
0.59025,-1.39186
0.59079,-1.39182
0.59145,-1.39177
0.59228,-1.39171
0.59334,-1.39163
0.59472,-1.39153
0.59656,-1.39138
0.59908,-1.39117
0.60257,-1.39085
0.60747,-1.39037
0.61437,-1.38960
0.62401,-1.38838
0.63724,-1.38643
0.65475,-1.38334
0.67674,-1.37869
0.70259,-1.37218
0.73106,-1.36374
0.76072,-1.35359
0.79034,-1.34211
0.81888,-1.32981
0.84537,-1.31729
0.86888,-1.30529
0.88877,-1.29447
0.90480,-1.28530
0.91711,-1.27797
0.92605,-1.27250
0.93168,-1.26898
0.93308,-1.26810
0.92456,-1.27342
0.87246,-1.30338
0.00112,1.10253
-0.34993,1.31164
-0.43707,1.33683
-0.47348,1.34488
-0.49445,1.34883
-0.50913,1.35130
-0.52063,1.35305
-0.53025,1.35439
-0.53862,1.35547
-0.54607,1.35636
0.59123,-1.39179
0.59192,-1.39174
0.59277,-1.39168
0.59384,-1.39160
0.59518,-1.39149
0.59693,-1.39135
0.59923,-1.39115
0.60234,-1.39087
0.60658,-1.39046
0.61243,-1.38983
0.62051,-1.38885
0.63155,-1.38731
0.64633,-1.38489
0.66540,-1.38119
0.68879,-1.37579
0.71582,-1.36842
0.74532,-1.35903
0.77601,-1.34783
0.80662,-1.33524
0.83588,-1.32190
0.86249,-1.30863
0.88542,-1.29633
0.90416,-1.28567
0.91885,-1.27692
0.93007,-1.26999
0.93857,-1.26461
0.94501,-1.26044
0.94989,-1.25724
0.95350,-1.25485
0.95588,-1.25325
0.95651,-1.25283
0.95260,-1.25545
0.91453,-1.27953
-0.08319,1.17436
-0.39913,1.32689
-0.46234,1.34258
-0.48995,1.34803
-0.50701,1.35096
-0.51981,1.35293
-0.53042,1.35442
0.59238,-1.39170
0.59325,-1.39164
0.59430,-1.39156
0.59560,-1.39146
0.59724,-1.39132
0.59935,-1.39114
0.60212,-1.39089
0.60581,-1.39054
0.61080,-1.39001
0.61761,-1.38921
0.62689,-1.38799
0.63937,-1.38608
0.65575,-1.38315
0.67639,-1.37877
0.70107,-1.37259
0.72897,-1.36440
0.75895,-1.35424
0.78974,-1.34236
0.82006,-1.32927
0.84858,-1.31570
0.87400,-1.30256
0.89539,-1.29073
0.91248,-1.28076
0.92564,-1.27275
0.93560,-1.26650
0.94313,-1.26167
0.94888,-1.25791
0.95336,-1.25494
0.95691,-1.25256
0.95979,-1.25061
0.96213,-1.24902
0.96398,-1.24776
0.96523,-1.24690
0.96537,-1.24680
0.96193,-1.24916
0.92039,-1.27598
-0.24706,1.27074
-0.43658,1.33672
-0.48091,1.34634
-0.50267,1.35024
0.59370,-1.39161
0.59474,-1.39153
0.59599,-1.39143
0.59753,-1.39130
0.59945,-1.39113
0.60192,-1.39091
0.60513,-1.39060
0.60941,-1.39016
0.61518,-1.38951
0.62298,-1.38852
0.63352,-1.38701
0.64750,-1.38468
0.66548,-1.38118
0.68757,-1.37610
0.71328,-1.36916
0.74167,-1.36027
0.77157,-1.34954
0.80181,-1.33731
0.83118,-1.32412
0.85840,-1.31074
0.88228,-1.29807
0.90208,-1.28688
0.91773,-1.27760
0.92969,-1.27023
0.93871,-1.26452
0.94554,-1.26010
0.95076,-1.25666
0.95485,-1.25394
0.95812,-1.25175
0.96080,-1.24993
0.96304,-1.24841
0.96494,-1.24710
0.96658,-1.24597
0.96799,-1.24500
0.96914,-1.24420
0.96987,-1.24369
0.96962,-1.24386
0.96518,-1.24693
0.46595,0.18265
-0.36766,1.31744
0.59516,-1.39149
0.59636,-1.39140
0.59780,-1.39128
0.59956,-1.39112
0.60175,-1.39093
0.60457,-1.39066
0.60824,-1.39029
0.61312,-1.38975
0.61969,-1.38895
0.62857,-1.38775
0.64044,-1.38590
0.65595,-1.38311
0.67547,-1.37898
0.69880,-1.37320
0.72523,-1.36557
0.75370,-1.35611
0.78311,-1.34504
0.81242,-1.33270
0.84052,-1.31966
0.86625,-1.30667
0.88859,-1.29457
0.90695,-1.28404
0.92138,-1.27537
0.93241,-1.26852
0.94074,-1.26321
0.94706,-1.25910
0.95193,-1.25589
0.95574,-1.25335
0.95880,-1.25128
0.96131,-1.24958
0.96341,-1.24815
0.96519,-1.24693
0.96674,-1.24586
0.96809,-1.24493
0.96929,-1.24409
0.97037,-1.24334
0.97132,-1.24268
0.97210,-1.24213
0.97252,-1.24184
0.97178,-1.24236
0.59671,-1.39137
0.59806,-1.39125
0.59966,-1.39112
0.60163,-1.39094
0.60409,-1.39070
0.60725,-1.39039
0.61140,-1.38994
0.61693,-1.38930
0.62437,-1.38834
0.63439,-1.38688
0.64766,-1.38466
0.66472,-1.38134
0.68565,-1.37657
0.70998,-1.37011
0.73679,-1.36189
0.76499,-1.35202
0.79362,-1.34076
0.82177,-1.32849
0.84849,-1.31575
0.87273,-1.30324
0.89362,-1.29174
0.91072,-1.28181
0.92414,-1.27368
0.93441,-1.26726
0.94220,-1.26227
0.94815,-1.25839
0.95274,-1.25535
0.95636,-1.25293
0.95928,-1.25096
0.96167,-1.24934
0.96367,-1.24797
0.96537,-1.24680
0.96683,-1.24580
0.96810,-1.24492
0.96922,-1.24414
0.97022,-1.24345
0.97112,-1.24282
0.97195,-1.24224
0.97271,-1.24170
0.97341,-1.24121
0.59831,-1.39123
0.59978,-1.39110
0.60155,-1.39095
0.60371,-1.39074
0.60644,-1.39047
0.60996,-1.39010
0.61461,-1.38958
0.62084,-1.38880
0.62925,-1.38765
0.64050,-1.38589
0.65524,-1.38325
0.67379,-1.37936
0.69597,-1.37395
0.72100,-1.36687
0.74785,-1.35816
0.77551,-1.34803
0.80317,-1.33673
0.83007,-1.32465
0.85539,-1.31228
0.87822,-1.30029
0.89779,-1.28936
0.91378,-1.27998
0.92634,-1.27232
0.93599,-1.26626
0.94334,-1.26153
0.94898,-1.25784
0.95337,-1.25494
0.95684,-1.25261
0.95964,-1.25072
0.96195,-1.24914
0.96389,-1.24782
0.96553,-1.24669
0.96694,-1.24572
0.96816,-1.24488
0.96922,-1.24414
0.97016,-1.24349
0.97099,-1.24291
0.97174,-1.24238
0.97242,-1.24191
0.97306,-1.24146
0.59991,-1.39109
0.60150,-1.39095
0.60341,-1.39077
0.60578,-1.39054
0.60878,-1.39023
0.61269,-1.38980
0.61790,-1.38918
0.62492,-1.38826
0.63437,-1.38688
0.64696,-1.38478
0.66318,-1.38166
0.68315,-1.37718
0.70634,-1.37114
0.73177,-1.36351
0.75837,-1.35444
0.78528,-1.34417
0.81185,-1.33295
0.83748,-1.32113
0.86145,-1.30917
0.88295,-1.29770
0.90134,-1.28731
0.91636,-1.27843
0.92818,-1.27118
0.93730,-1.26542
0.94428,-1.26092
0.94967,-1.25739
0.95388,-1.25459
0.95723,-1.25235
0.95994,-1.25051
0.96219,-1.24898
0.96407,-1.24770
0.96567,-1.24660
0.96704,-1.24565
0.96823,-1.24483
0.96926,-1.24411
0.97017,-1.24348
0.97096,-1.24293
0.97166,-1.24244
0.97229,-1.24200
0.97286,-1.24160
