-0.61836,1.36120
-0.61835,1.36120
-0.61835,1.36120
-0.61835,1.36120
-0.61835,1.36120
-0.61835,1.36120
-0.61834,1.36120
-0.61834,1.36120
-0.61833,1.36120
-0.61833,1.36120
-0.61832,1.36120
-0.61831,1.36120
-0.61830,1.36120
-0.61829,1.36120
-0.61827,1.36120
-0.61825,1.36120
-0.61822,1.36120
-0.61818,1.36120
-0.61814,1.36120
-0.61810,1.36120
-0.61805,1.36119
-0.61801,1.36119
-0.61796,1.36119
-0.61791,1.36119
-0.61787,1.36119
-0.61782,1.36119
-0.61779,1.36119
-0.61776,1.36119
-0.61774,1.36119
-0.61772,1.36119
-0.61771,1.36119
-0.61770,1.36119
-0.61770,1.36119
-0.61769,1.36119
-0.61769,1.36119
-0.61769,1.36119
-0.61768,1.36119
-0.61768,1.36119
-0.61768,1.36119
-0.61768,1.36119
-0.61836,1.36120
-0.61835,1.36120
-0.61835,1.36120
-0.61835,1.36120
-0.61835,1.36120
-0.61835,1.36120
-0.61834,1.36120
-0.61834,1.36120
-0.61833,1.36120
-0.61833,1.36120
-0.61832,1.36120
-0.61831,1.36120
-0.61830,1.36120
-0.61829,1.36120
-0.61827,1.36120
-0.61825,1.36120
-0.61822,1.36120
-0.61818,1.36120
-0.61814,1.36120
-0.61809,1.36120
-0.61805,1.36119
-0.61800,1.36119
-0.61795,1.36119
-0.61790,1.36119
-0.61785,1.36119
-0.61781,1.36119
-0.61778,1.36119
-0.61775,1.36119
-0.61773,1.36119
-0.61772,1.36119
-0.61771,1.36119
-0.61770,1.36119
-0.61770,1.36119
-0.61769,1.36119
-0.61769,1.36119
-0.61768,1.36119
-0.61768,1.36119
-0.61768,1.36119
-0.61768,1.36119
-0.61767,1.36119
-0.61836,1.36120
-0.61836,1.36120
-0.61835,1.36120
-0.61835,1.36120
-0.61835,1.36120
-0.61835,1.36120
-0.61834,1.36120
-0.61834,1.36120
-0.61833,1.36120
-0.61833,1.36120
-0.61832,1.36120
-0.61831,1.36120
-0.61830,1.36120
-0.61829,1.36120
-0.61827,1.36120
-0.61824,1.36120
-0.61821,1.36120
-0.61818,1.36120
-0.61813,1.36120
-0.61809,1.36120
-0.61804,1.36119
-0.61799,1.36119
-0.61793,1.36119
-0.61788,1.36119
-0.61784,1.36119
-0.61780,1.36119
-0.61777,1.36119
-0.61774,1.36119
-0.61773,1.36119
-0.61771,1.36119
-0.61770,1.36119
-0.61770,1.36119
-0.61769,1.36119
-0.61769,1.36119
-0.61768,1.36119
-0.61768,1.36119
-0.61768,1.36119
-0.61768,1.36119
-0.61767,1.36119
-0.61767,1.36119
-0.61836,1.36120
-0.61836,1.36120
-0.61836,1.36120
-0.61835,1.36120
-0.61835,1.36120
-0.61835,1.36120
-0.61834,1.36120
-0.61834,1.36120
-0.61834,1.36120
-0.61833,1.36120
-0.61832,1.36120
-0.61831,1.36120
-0.61830,1.36120
-0.61829,1.36120
-0.61827,1.36120
-0.61824,1.36120
-0.61821,1.36120
-0.61817,1.36120
-0.61813,1.36120
-0.61808,1.36120
-0.61803,1.36119
-0.61797,1.36119
-0.61792,1.36119
-0.61787,1.36119
-0.61782,1.36119
-0.61779,1.36119
-0.61776,1.36119
-0.61774,1.36119
-0.61772,1.36119
-0.61771,1.36119
-0.61770,1.36119
-0.61769,1.36119
-0.61769,1.36119
-0.61768,1.36119
-0.61768,1.36119
-0.61768,1.36119
-0.61768,1.36119
-0.61767,1.36119
-0.61767,1.36119
-0.61767,1.36119
-0.61836,1.36120
-0.61837,1.36120
-0.61836,1.36120
-0.61836,1.36120
-0.61835,1.36120
-0.61835,1.36120
-0.61835,1.36120
-0.61834,1.36120
-0.61834,1.36120
-0.61833,1.36120
-0.61832,1.36120
-0.61831,1.36120
-0.61830,1.36120
-0.61829,1.36120
-0.61827,1.36120
-0.61824,1.36120
-0.61821,1.36120
-0.61817,1.36120
-0.61812,1.36120
-0.61807,1.36120
-0.61801,1.36119
-0.61796,1.36119
-0.61790,1.36119
-0.61785,1.36119
-0.61781,1.36119
-0.61778,1.36119
-0.61775,1.36119
-0.61773,1.36119
-0.61771,1.36119
-0.61770,1.36119
-0.61770,1.36119
-0.61769,1.36119
-0.61769,1.36119
-0.61768,1.36119
-0.61768,1.36119
-0.61767,1.36119
-0.61767,1.36119
-0.61767,1.36119
-0.61767,1.36119
-0.61767,1.36119
0.58672,-1.39209
0.58652,-1.39210
0.58582,-1.39214
-0.61835,1.36120
-0.61836,1.36120
-0.61835,1.36120
-0.61835,1.36120
-0.61834,1.36120
-0.61834,1.36120
-0.61833,1.36120
-0.61832,1.36120
-0.61831,1.36120
-0.61830,1.36120
-0.61829,1.36120
-0.61826,1.36120
-0.61824,1.36120
-0.61820,1.36120
-0.61816,1.36120
-0.61811,1.36120
-0.61806,1.36119
-0.61800,1.36119
-0.61794,1.36119
-0.61789,1.36119
-0.61784,1.36119
-0.61780,1.36119
-0.61776,1.36119
-0.61774,1.36119
-0.61772,1.36119
-0.61771,1.36119
-0.61770,1.36119
-0.61769,1.36119
-0.61769,1.36119
-0.61768,1.36119
-0.61768,1.36119
-0.61767,1.36119
-0.61767,1.36119
-0.61767,1.36119
-0.61767,1.36119
-0.61766,1.36119
-0.61766,1.36119
0.58690,-1.39208
0.58685,-1.39208
0.58679,-1.39209
0.58668,-1.39209
0.58651,-1.39210
0.58608,-1.39213
-0.61830,1.36120
-0.61834,1.36120
-0.61834,1.36120
-0.61833,1.36120
-0.61832,1.36120
-0.61831,1.36120
-0.61830,1.36120
-0.61828,1.36120
-0.61826,1.36120
-0.61823,1.36120
-0.61819,1.36120
-0.61815,1.36120
-0.61810,1.36120
-0.61804,1.36119
-0.61798,1.36119
-0.61792,1.36119
-0.61787,1.36119
-0.61782,1.36119
-0.61778,1.36119
-0.61775,1.36119
-0.61773,1.36119
-0.61771,1.36119
-0.61770,1.36119
-0.61769,1.36119
-0.61769,1.36119
-0.61768,1.36119
-0.61768,1.36119
-0.61767,1.36119
-0.61767,1.36119
-0.61767,1.36119
-0.61767,1.36119
-0.61766,1.36119
-0.61766,1.36119
-0.61766,1.36119
0.58695,-1.39207
0.58693,-1.39208
0.58691,-1.39208
0.58687,-1.39208
0.58683,-1.39208
0.58676,-1.39209
0.58668,-1.39209
0.58655,-1.39210
0.58634,-1.39211
0.58589,-1.39214
-0.61821,1.36120
-0.61828,1.36120
-0.61828,1.36120
-0.61827,1.36120
-0.61825,1.36120
-0.61822,1.36120
-0.61818,1.36120
-0.61813,1.36120
-0.61807,1.36120
-0.61802,1.36119
-0.61796,1.36119
-0.61790,1.36119
-0.61785,1.36119
-0.61780,1.36119
-0.61777,1.36119
-0.61774,1.36119
-0.61772,1.36119
-0.61771,1.36119
-0.61770,1.36119
-0.61769,1.36119
-0.61768,1.36119
-0.61768,1.36119
-0.61767,1.36119
-0.61767,1.36119
-0.61767,1.36119
-0.61766,1.36119
-0.61766,1.36119
-0.61766,1.36119
-0.61766,1.36119
-0.61766,1.36119
0.58697,-1.39207
0.58696,-1.39207
0.58695,-1.39207
0.58693,-1.39208
0.58691,-1.39208
0.58688,-1.39208
0.58685,-1.39208
0.58680,-1.39208
0.58675,-1.39209
0.58668,-1.39209
0.58658,-1.39210
0.58647,-1.39210
0.58631,-1.39211
0.58609,-1.39213
0.58570,-1.39215
0.58447,-1.39222
-0.61808,1.36120
-0.61807,1.36120
-0.61803,1.36119
-0.61798,1.36119
-0.61792,1.36119
-0.61787,1.36119
-0.61783,1.36119
-0.61779,1.36119
-0.61776,1.36119
-0.61773,1.36119
-0.61771,1.36119
-0.61770,1.36119
-0.61769,1.36119
-0.61768,1.36119
-0.61768,1.36119
-0.61767,1.36119
-0.61767,1.36119
-0.61767,1.36119
-0.61766,1.36119
-0.61766,1.36119
-0.61766,1.36119
-0.61766,1.36119
-0.61766,1.36119
-0.61765,1.36119
0.58697,-1.39207
0.58697,-1.39207
0.58696,-1.39207
0.58696,-1.39207
0.58694,-1.39208
0.58693,-1.39208
0.58691,-1.39208
0.58688,-1.39208
0.58685,-1.39208
0.58681,-1.39208
0.58677,-1.39209
0.58671,-1.39209
0.58664,-1.39209
0.58656,-1.39210
0.58645,-1.39211
0.58632,-1.39211
0.58614,-1.39212
0.58587,-1.39214
0.58539,-1.39217
0.58361,-1.39227
-0.61789,1.36119
-0.61785,1.36119
-0.61781,1.36119
-0.61777,1.36119
-0.61774,1.36119
-0.61772,1.36119
-0.61770,1.36119
-0.61769,1.36119
-0.61768,1.36119
-0.61768,1.36119
-0.61767,1.36119
-0.61767,1.36119
-0.61766,1.36119
-0.61766,1.36119
-0.61766,1.36119
-0.61766,1.36119
-0.61766,1.36119
-0.61765,1.36119
-0.61765,1.36119
-0.61765,1.36119
0.58698,-1.39207
0.58697,-1.39207
0.58697,-1.39207
0.58697,-1.39207
0.58696,-1.39207
0.58695,-1.39207
0.58694,-1.39208
0.58692,-1.39208
0.58690,-1.39208
0.58687,-1.39208
0.58684,-1.39208
0.58680,-1.39208
0.58675,-1.39209
0.58669,-1.39209
0.58662,-1.39210
0.58653,-1.39210
0.58641,-1.39211
0.58626,-1.39212
0.58606,-1.39213
0.58577,-1.39215
0.58527,-1.39218
0.58367,-1.39227
-0.61781,1.36119
-0.61776,1.36119
-0.61773,1.36119
-0.61771,1.36119
-0.61769,1.36119
-0.61768,1.36119
-0.61767,1.36119
-0.61767,1.36119
-0.61766,1.36119
-0.61766,1.36119
-0.61766,1.36119
-0.61766,1.36119
-0.61765,1.36119
-0.61765,1.36119
-0.61765,1.36119
-0.61765,1.36119
-0.61765,1.36119
-0.61765,1.36119
0.58698,-1.39207
0.58698,-1.39207
0.58697,-1.39207
0.58697,-1.39207
0.58697,-1.39207
0.58696,-1.39207
0.58695,-1.39207
0.58694,-1.39208
0.58692,-1.39208
0.58690,-1.39208
0.58688,-1.39208
0.58685,-1.39208
0.58681,-1.39208
0.58676,-1.39209
0.58670,-1.39209
0.58662,-1.39210
0.58652,-1.39210
0.58640,-1.39211
0.58625,-1.39212
0.58605,-1.39213
0.58578,-1.39215
0.58536,-1.39217
0.58439,-1.39223
-0.61777,1.36119
-0.61772,1.36119
-0.61770,1.36119
-0.61768,1.36119
-0.61767,1.36119
-0.61767,1.36119
-0.61766,1.36119
-0.61766,1.36119
-0.61766,1.36119
-0.61765,1.36119
-0.61765,1.36119
-0.61765,1.36119
-0.61765,1.36119
-0.61765,1.36119
-0.61765,1.36119
-0.61765,1.36119
-0.61765,1.36119
0.58698,-1.39207
0.58698,-1.39207
0.58698,-1.39207
0.58697,-1.39207
0.58697,-1.39207
0.58697,-1.39207
0.58696,-1.39207
0.58695,-1.39207
0.58694,-1.39208
0.58692,-1.39208
0.58690,-1.39208
0.58688,-1.39208
0.58684,-1.39208
0.58680,-1.39208
0.58675,-1.39209
0.58668,-1.39209
0.58659,-1.39210
0.58648,-1.39210
0.58635,-1.39211
0.58618,-1.39212
0.58597,-1.39214
0.58568,-1.39215
0.58522,-1.39218
0.58398,-1.39225
-0.61771,1.36119
-0.61768,1.36119
-0.61767,1.36119
-0.61766,1.36119
-0.61766,1.36119
-0.61765,1.36119
-0.61765,1.36119
-0.61765,1.36119
-0.61765,1.36119
-0.61765,1.36119
-0.61765,1.36119
-0.61765,1.36119
-0.61764,1.36119
-0.61764,1.36119
-0.61764,1.36119
-0.61764,1.36119
0.58698,-1.39207
0.58698,-1.39207
0.58698,-1.39207
0.58698,-1.39207
0.58697,-1.39207
0.58697,-1.39207
0.58697,-1.39207
0.58696,-1.39207
0.58695,-1.39207
0.58694,-1.39208
0.58692,-1.39208
0.58690,-1.39208
0.58687,-1.39208
0.58683,-1.39208
0.58678,-1.39209
0.58672,-1.39209
0.58664,-1.39209
0.58654,-1.39210
0.58642,-1.39211
0.58626,-1.39212
0.58607,-1.39213
0.58583,-1.39214
0.58547,-1.39217
0.58478,-1.39221
-0.61768,1.36119
-0.61766,1.36119
-0.61765,1.36119
-0.61765,1.36119
-0.61764,1.36119
-0.61764,1.36119
-0.61764,1.36119
-0.61764,1.36119
-0.61764,1.36119
-0.61764,1.36119
-0.61764,1.36119
-0.61764,1.36119
-0.61764,1.36119
-0.61764,1.36119
-0.61764,1.36119
-0.61764,1.36119
0.58698,-1.39207
0.58698,-1.39207
0.58698,-1.39207
0.58698,-1.39207
0.58698,-1.39207
0.58697,-1.39207
0.58697,-1.39207
0.58697,-1.39207
0.58696,-1.39207
0.58695,-1.39208
0.58693,-1.39208
0.58691,-1.39208
0.58689,-1.39208
0.58685,-1.39208
0.58681,-1.39208
0.58675,-1.39209
0.58668,-1.39209
0.58658,-1.39210
0.58646,-1.39211
0.58632,-1.39211
0.58614,-1.39213
0.58591,-1.39214
0.58558,-1.39216
0.58499,-1.39219
0.58096,-1.39241
-0.61761,1.36119
-0.61762,1.36119
-0.61762,1.36119
-0.61763,1.36119
-0.61763,1.36119
-0.61763,1.36119
-0.61763,1.36119
-0.61763,1.36119
-0.61763,1.36119
-0.61763,1.36119
-0.61763,1.36119
-0.61763,1.36119
-0.61763,1.36119
-0.61763,1.36119
-0.61764,1.36119
0.58698,-1.39207
0.58698,-1.39207
0.58698,-1.39207
0.58698,-1.39207
0.58698,-1.39207
0.58698,-1.39207
0.58697,-1.39207
0.58697,-1.39207
0.58696,-1.39207
0.58696,-1.39207
0.58694,-1.39208
0.58693,-1.39208
0.58690,-1.39208
0.58687,-1.39208
0.58683,-1.39208
0.58678,-1.39209
0.58671,-1.39209
0.58662,-1.39210
0.58650,-1.39210
0.58636,-1.39211
0.58618,-1.39212
0.58595,-1.39214
0.58561,-1.39216
0.58497,-1.39219
-0.61719,1.36118
-0.61749,1.36118
-0.61755,1.36119
-0.61758,1.36119
-0.61759,1.36119
-0.61760,1.36119
-0.61761,1.36119
-0.61762,1.36119
-0.61762,1.36119
-0.61762,1.36119
-0.61762,1.36119
-0.61763,1.36119
-0.61763,1.36119
-0.61763,1.36119
-0.61763,1.36119
-0.61763,1.36119
0.58698,-1.39207
0.58698,-1.39207
0.58698,-1.39207
0.58698,-1.39207
0.58698,-1.39207
0.58698,-1.39207
0.58698,-1.39207
0.58697,-1.39207
0.58697,-1.39207
0.58696,-1.39207
0.58695,-1.39207
0.58694,-1.39208
0.58692,-1.39208
0.58689,-1.39208
0.58685,-1.39208
0.58680,-1.39208
0.58674,-1.39209
0.58665,-1.39209
0.58654,-1.39210
0.58639,-1.39211
0.58621,-1.39212
0.58595,-1.39214
0.58557,-1.39216
0.58454,-1.39222
-0.61717,1.36118
-0.61735,1.36118
-0.61744,1.36118
-0.61750,1.36118
-0.61754,1.36119
-0.61756,1.36119
-0.61758,1.36119
-0.61759,1.36119
-0.61760,1.36119
-0.61760,1.36119
-0.61761,1.36119
-0.61761,1.36119
-0.61762,1.36119
-0.61762,1.36119
-0.61762,1.36119
-0.61762,1.36119
0.58698,-1.39207
0.58698,-1.39207
0.58698,-1.39207
0.58698,-1.39207
0.58698,-1.39207
0.58698,-1.39207
0.58698,-1.39207
0.58698,-1.39207
0.58697,-1.39207
0.58697,-1.39207
0.58696,-1.39207
0.58695,-1.39207
0.58693,-1.39208
0.58691,-1.39208
0.58687,-1.39208
0.58683,-1.39208
0.58677,-1.39209
0.58669,-1.39209
0.58657,-1.39210
0.58642,-1.39211
0.58622,-1.39212
0.58592,-1.39214
0.58532,-1.39217
-0.61677,1.36117
-0.61712,1.36118
-0.61726,1.36118
-0.61735,1.36118
-0.61741,1.36118
-0.61746,1.36118
-0.61750,1.36118
-0.61753,1.36119
-0.61755,1.36119
-0.61757,1.36119
-0.61758,1.36119
-0.61759,1.36119
-0.61760,1.36119
-0.61760,1.36119
-0.61761,1.36119
-0.61761,1.36119
-0.61761,1.36119
0.58698,-1.39207
0.58698,-1.39207
0.58698,-1.39207
0.58698,-1.39207
0.58698,-1.39207
0.58698,-1.39207
0.58698,-1.39207
0.58698,-1.39207
0.58698,-1.39207
0.58697,-1.39207
0.58697,-1.39207
0.58696,-1.39207
0.58694,-1.39208
0.58692,-1.39208
0.58689,-1.39208
0.58685,-1.39208
0.58680,-1.39208
0.58672,-1.39209
0.58660,-1.39210
0.58644,-1.39211
0.58620,-1.39212
0.58573,-1.39215
-0.61629,1.36116
-0.61690,1.36117
-0.61708,1.36118
-0.61719,1.36118
-0.61728,1.36118
-0.61734,1.36118
-0.61740,1.36118
-0.61744,1.36118
-0.61748,1.36118
-0.61751,1.36118
-0.61753,1.36119
-0.61755,1.36119
-0.61756,1.36119
-0.61758,1.36119
-0.61758,1.36119
-0.61759,1.36119
-0.61760,1.36119
-0.61760,1.36119
0.58698,-1.39207
0.58698,-1.39207
0.58698,-1.39207
0.58698,-1.39207
0.58698,-1.39207
0.58698,-1.39207
0.58698,-1.39207
0.58698,-1.39207
0.58698,-1.39207
0.58698,-1.39207
0.58697,-1.39207
0.58697,-1.39207
0.58696,-1.39207
0.58694,-1.39208
0.58691,-1.39208
0.58687,-1.39208
0.58682,-1.39208
0.58675,-1.39209
0.58663,-1.39209
0.58645,-1.39211
0.58602,-1.39213
-0.61562,1.36115
-0.61657,1.36117
-0.61687,1.36117
-0.61703,1.36118
-0.61714,1.36118
-0.61722,1.36118
-0.61728,1.36118
-0.61734,1.36118
-0.61739,1.36118
-0.61743,1.36118
-0.61746,1.36118
-0.61749,1.36118
-0.61751,1.36118
-0.61753,1.36119
-0.61755,1.36119
-0.61756,1.36119
-0.61757,1.36119
-0.61758,1.36119
-0.61759,1.36119
0.58698,-1.39207
0.58698,-1.39207
0.58698,-1.39207
0.58698,-1.39207
0.58698,-1.39207
0.58698,-1.39207
0.58698,-1.39207
0.58698,-1.39207
0.58698,-1.39207
0.58698,-1.39207
0.58698,-1.39207
0.58697,-1.39207
0.58696,-1.39207
0.58695,-1.39207
0.58693,-1.39208
0.58689,-1.39208
0.58684,-1.39208
0.58677,-1.39209
0.58663,-1.39209
-0.58583,1.35989
-0.61228,1.36107
-0.61571,1.36115
-0.61650,1.36117
-0.61681,1.36117
-0.61698,1.36117
-0.61709,1.36118
-0.61717,1.36118
-0.61724,1.36118
-0.61729,1.36118
-0.61734,1.36118
-0.61738,1.36118
-0.61742,1.36118
-0.61745,1.36118
-0.61747,1.36118
-0.61750,1.36118
-0.61752,1.36119
-0.61754,1.36119
-0.61755,1.36119
-0.61756,1.36119
-0.61757,1.36119
0.58698,-1.39207
0.58698,-1.39207
0.58698,-1.39207
0.58698,-1.39207
0.58698,-1.39207
0.58698,-1.39207
0.58698,-1.39207
0.58698,-1.39207
0.58698,-1.39207
0.58698,-1.39207
0.58698,-1.39207
0.58698,-1.39207
0.58697,-1.39207
0.58696,-1.39207
0.58694,-1.39208
0.58691,-1.39208
0.58686,-1.39208
0.58671,-1.39209
-0.58356,1.35975
-0.60159,1.36071
-0.61200,1.36106
-0.61540,1.36114
-0.61635,1.36116
-0.61673,1.36117
-0.61692,1.36117
-0.61705,1.36118
-0.61713,1.36118
-0.61720,1.36118
-0.61725,1.36118
-0.61730,1.36118
-0.61734,1.36118
-0.61738,1.36118
-0.61741,1.36118
-0.61744,1.36118
-0.61746,1.36118
-0.61749,1.36118
-0.61751,1.36118
-0.61753,1.36119
-0.61754,1.36119
-0.61755,1.36119
0.58698,-1.39207
0.58698,-1.39207
0.58698,-1.39207
0.58698,-1.39207
0.58698,-1.39207
0.58698,-1.39207
0.58698,-1.39207
0.58698,-1.39207
0.58698,-1.39207
0.58698,-1.39207
0.58698,-1.39207
0.58698,-1.39207
0.58698,-1.39207
0.58697,-1.39207
0.58696,-1.39207
0.58692,-1.39208
-0.53166,1.35458
-0.57646,1.35924
-0.58991,1.36014
-0.60158,1.36071
-0.61079,1.36103
-0.61488,1.36113
-0.61615,1.36116
-0.61662,1.36117
-0.61686,1.36117
-0.61700,1.36118
-0.61709,1.36118
-0.61716,1.36118
-0.61722,1.36118
-0.61727,1.36118
-0.61731,1.36118
-0.61734,1.36118
-0.61738,1.36118
-0.61741,1.36118
-0.61743,1.36118
-0.61746,1.36118
-0.61748,1.36118
-0.61750,1.36118
-0.61752,1.36119
-0.61753,1.36119
0.58698,-1.39207
0.58698,-1.39207
0.58698,-1.39207
0.58698,-1.39207
0.58698,-1.39207
0.58698,-1.39207
0.58698,-1.39207
0.58698,-1.39207
0.58698,-1.39207
0.58698,-1.39207
0.58698,-1.39207
0.58698,-1.39207
0.58698,-1.39207
0.58698,-1.39207
0.58697,-1.39207
-0.50800,1.35112
-0.56819,1.35858
-0.58052,1.35954
-0.59026,1.36016
-0.60004,1.36064
-0.60904,1.36098
-0.61410,1.36111
-0.61586,1.36115
-0.61649,1.36117
-0.61678,1.36117
-0.61694,1.36117
-0.61705,1.36118
-0.61712,1.36118
-0.61718,1.36118
-0.61723,1.36118
-0.61728,1.36118
-0.61731,1.36118
-0.61735,1.36118
-0.61738,1.36118
-0.61740,1.36118
-0.61743,1.36118
-0.61745,1.36118
-0.61747,1.36118
-0.61749,1.36118
-0.61751,1.36118
0.58698,-1.39207
0.58698,-1.39207
0.58698,-1.39207
0.58698,-1.39207
0.58698,-1.39207
0.58698,-1.39207
0.58698,-1.39207
0.58698,-1.39207
0.58698,-1.39207
0.58698,-1.39207
0.58698,-1.39207
0.58698,-1.39207
0.58698,-1.39207
0.58698,-1.39207
0.58698,-1.39207
-0.55360,1.35718
-0.57059,1.35878
-0.58039,1.35953
-0.58892,1.36008
-0.59780,1.36054
-0.60676,1.36090
-0.61296,1.36109
-0.61545,1.36114
-0.61631,1.36116
-0.61668,1.36117
-0.61688,1.36117
-0.61700,1.36118
-0.61709,1.36118
-0.61715,1.36118
-0.61720,1.36118
-0.61725,1.36118
-0.61728,1.36118
-0.61732,1.36118
-0.61735,1.36118
-0.61738,1.36118
-0.61740,1.36118
-0.61743,1.36118
-0.61745,1.36118
-0.61747,1.36118
-0.61749,1.36118
0.58698,-1.39207
0.58698,-1.39207
0.58698,-1.39207
0.58698,-1.39207
0.58698,-1.39207
0.58698,-1.39207
0.58698,-1.39207
0.58698,-1.39207
0.58698,-1.39207
0.58698,-1.39207
0.58698,-1.39207
0.58698,-1.39207
0.58698,-1.39207
0.58698,-1.39207
0.58700,-1.39207
-0.55145,1.35695
-0.56847,1.35860
-0.57822,1.35937
-0.58645,1.35993
-0.59489,1.36040
-0.60385,1.36080
-0.61125,1.36104
-0.61482,1.36113
-0.61607,1.36116
-0.61656,1.36117
-0.61680,1.36117
-0.61695,1.36117
-0.61705,1.36118
-0.61712,1.36118
-0.61717,1.36118
-0.61722,1.36118
-0.61726,1.36118
-0.61729,1.36118
-0.61732,1.36118
-0.61735,1.36118
-0.61738,1.36118
-0.61740,1.36118
-0.61743,1.36118
-0.61745,1.36118
-0.61747,1.36118
0.58698,-1.39207
0.58698,-1.39207
0.58698,-1.39207
0.58698,-1.39207
0.58698,-1.39207
0.58698,-1.39207
0.58698,-1.39207
0.58698,-1.39207
0.58698,-1.39207
0.58698,-1.39207
0.58699,-1.39207
0.58699,-1.39207
0.58699,-1.39207
0.58699,-1.39207
0.58702,-1.39207
-0.53062,1.35444
-0.56197,1.35802
-0.57384,1.35904
-0.58261,1.35968
-0.59102,1.36020
-0.60003,1.36064
-0.60858,1.36096
-0.61375,1.36111
-0.61568,1.36115
-0.61639,1.36116
-0.61671,1.36117
-0.61689,1.36117
-0.61700,1.36118
-0.61708,1.36118
-0.61714,1.36118
-0.61719,1.36118
-0.61723,1.36118
-0.61727,1.36118
-0.61730,1.36118
-0.61733,1.36118
-0.61736,1.36118
-0.61738,1.36118
-0.61740,1.36118
-0.61743,1.36118
-0.61745,1.36118
0.58698,-1.39207
0.58698,-1.39207
0.58698,-1.39207
0.58698,-1.39207
0.58698,-1.39207
0.58698,-1.39207
0.58698,-1.39207
0.58699,-1.39207
0.58699,-1.39207
0.58699,-1.39207
0.58699,-1.39207
0.58699,-1.39207
0.58699,-1.39207
0.58700,-1.39207
0.58703,-1.39207
0.58711,-1.39207
-0.54257,1.35595
-0.56524,1.35832
-0.57642,1.35924
-0.58552,1.35987
-0.59471,1.36039
-0.60423,1.36081
-0.61162,1.36105
-0.61495,1.36113
-0.61610,1.36116
-0.61656,1.36117
-0.61680,1.36117
-0.61694,1.36117
-0.61703,1.36118
-0.61710,1.36118
-0.61716,1.36118
-0.61721,1.36118
-0.61724,1.36118
-0.61728,1.36118
-0.61731,1.36118
-0.61733,1.36118
-0.61736,1.36118
-0.61738,1.36118
-0.61741,1.36118
-0.61743,1.36118
0.58698,-1.39207
0.58698,-1.39207
0.58698,-1.39207
0.58698,-1.39207
0.58699,-1.39207
0.58699,-1.39207
0.58699,-1.39207
0.58699,-1.39207
0.58699,-1.39207
0.58699,-1.39207
0.58699,-1.39207
0.58699,-1.39207
0.58700,-1.39207
0.58701,-1.39207
0.58703,-1.39207
0.58707,-1.39207
0.58714,-1.39206
-0.53748,1.35533
-0.56411,1.35821
-0.57651,1.35925
-0.58668,1.35994
-0.59693,1.36050
-0.60681,1.36091
-0.61310,1.36109
-0.61546,1.36114
-0.61628,1.36116
-0.61665,1.36117
-0.61684,1.36117
-0.61697,1.36117
-0.61705,1.36118
-0.61712,1.36118
-0.61717,1.36118
-0.61721,1.36118
-0.61725,1.36118
-0.61728,1.36118
-0.61731,1.36118
-0.61734,1.36118
-0.61736,1.36118
-0.61739,1.36118
-0.61741,1.36118
0.58698,-1.39207
0.58698,-1.39207
0.58699,-1.39207
0.58699,-1.39207
0.58699,-1.39207
0.58699,-1.39207
0.58699,-1.39207
0.58699,-1.39207
0.58699,-1.39207
0.58699,-1.39207
0.58699,-1.39207
0.58700,-1.39207
0.58701,-1.39207
0.58702,-1.39207
0.58704,-1.39207
0.58707,-1.39207
0.58711,-1.39207
0.58715,-1.39206
0.58737,-1.39205
-0.55347,1.35717
-0.57144,1.35885
-0.58387,1.35977
-0.59570,1.36044
-0.60669,1.36090
-0.61323,1.36109
-0.61552,1.36115
-0.61631,1.36116
-0.61665,1.36117
-0.61685,1.36117
-0.61697,1.36117
-0.61705,1.36118
-0.61712,1.36118
-0.61717,1.36118
-0.61722,1.36118
-0.61725,1.36118
-0.61728,1.36118
-0.61731,1.36118
-0.61734,1.36118
-0.61736,1.36118
-0.61739,1.36118
0.58699,-1.39207
0.58699,-1.39207
0.58699,-1.39207
0.58699,-1.39207
0.58699,-1.39207
0.58699,-1.39207
0.58699,-1.39207
0.58699,-1.39207
0.58699,-1.39207
0.58699,-1.39207
0.58700,-1.39207
0.58701,-1.39207
0.58702,-1.39207
0.58703,-1.39207
0.58705,-1.39207
0.58708,-1.39207
0.58711,-1.39206
0.58715,-1.39206
0.58718,-1.39206
0.58721,-1.39206
0.58724,-1.39206
-0.53460,1.35496
-0.56631,1.35841
-0.58353,1.35974
-0.59884,1.36059
-0.61032,1.36101
-0.61479,1.36113
-0.61607,1.36116
-0.61655,1.36117
-0.61679,1.36117
-0.61693,1.36117
-0.61703,1.36118
-0.61710,1.36118
-0.61716,1.36118
-0.61721,1.36118
-0.61725,1.36118
-0.61728,1.36118
-0.61731,1.36118
-0.61734,1.36118
-0.61736,1.36118
0.58699,-1.39207
0.58699,-1.39207
0.58699,-1.39207
0.58699,-1.39207
0.58699,-1.39207
0.58699,-1.39207
0.58699,-1.39207
0.58699,-1.39207
0.58699,-1.39207
0.58700,-1.39207
0.58700,-1.39207
0.58701,-1.39207
0.58702,-1.39207
0.58704,-1.39207
0.58706,-1.39207
0.58709,-1.39207
0.58713,-1.39206
0.58717,-1.39206
0.58721,-1.39206
0.58725,-1.39206
0.58729,-1.39205
0.58733,-1.39205
0.58737,-1.39205
0.58739,-1.39205
0.58738,-1.39205
-0.43993,1.33752
-0.57790,1.35935
-0.60489,1.36084
-0.61437,1.36112
-0.61610,1.36116
-0.61660,1.36117
-0.61683,1.36117
-0.61696,1.36117
-0.61706,1.36118
-0.61713,1.36118
-0.61718,1.36118
-0.61723,1.36118
-0.61727,1.36118
-0.61730,1.36118
-0.61733,1.36118
0.58699,-1.39207
0.58699,-1.39207
0.58699,-1.39207
0.58699,-1.39207
0.58699,-1.39207
0.58699,-1.39207
0.58699,-1.39207
0.58700,-1.39207
0.58700,-1.39207
0.58700,-1.39207
0.58701,-1.39207
0.58702,-1.39207
0.58703,-1.39207
0.58705,-1.39207
0.58708,-1.39207
0.58711,-1.39206
0.58715,-1.39206
0.58719,-1.39206
0.58724,-1.39206
0.58730,-1.39205
0.58735,-1.39205
0.58741,-1.39205
0.58747,-1.39204
0.58752,-1.39204
0.58756,-1.39204
0.58759,-1.39203
0.58761,-1.39203
0.58761,-1.39203
0.58758,-1.39203
0.58742,-1.39205
-0.60538,1.36086
-0.61552,1.36115
-0.61650,1.36117
-0.61681,1.36117
-0.61696,1.36117
-0.61706,1.36118
-0.61713,1.36118
-0.61719,1.36118
-0.61724,1.36118
-0.61728,1.36118
0.58699,-1.39207
0.58699,-1.39207
0.58699,-1.39207
0.58699,-1.39207
0.58699,-1.39207
0.58699,-1.39207
0.58700,-1.39207
0.58700,-1.39207
0.58700,-1.39207
0.58701,-1.39207
0.58702,-1.39207
0.58703,-1.39207
0.58704,-1.39207
0.58706,-1.39207
0.58709,-1.39207
0.58713,-1.39206
0.58717,-1.39206
0.58722,-1.39206
0.58727,-1.39205
0.58733,-1.39205
0.58740,-1.39205
0.58746,-1.39204
0.58751,-1.39204
0.58756,-1.39204
0.58760,-1.39203
0.58763,-1.39203
0.58766,-1.39203
0.58768,-1.39203
0.58769,-1.39203
0.58770,-1.39203
0.58771,-1.39203
0.58769,-1.39203
0.58755,-1.39204
-0.60872,1.36097
-0.61613,1.36116
-0.61672,1.36117
-0.61693,1.36117
-0.61705,1.36118
-0.61713,1.36118
-0.61719,1.36118
0.58699,-1.39207
0.58699,-1.39207
0.58699,-1.39207
0.58699,-1.39207
0.58699,-1.39207
0.58700,-1.39207
0.58700,-1.39207
0.58700,-1.39207
0.58701,-1.39207
0.58701,-1.39207
0.58702,-1.39207
0.58704,-1.39207
0.58705,-1.39207
0.58708,-1.39207
0.58711,-1.39207
0.58714,-1.39206
0.58719,-1.39206
0.58724,-1.39206
0.58730,-1.39205
0.58736,-1.39205
0.58743,-1.39204
0.58749,-1.39204
0.58754,-1.39204
0.58759,-1.39203
0.58762,-1.39203
0.58765,-1.39203
0.58767,-1.39203
0.58769,-1.39203
0.58771,-1.39203
0.58772,-1.39203
0.58773,-1.39203
0.58774,-1.39202
0.58774,-1.39202
0.58775,-1.39202
0.58773,-1.39203
0.58757,-1.39204
-0.61367,1.36110
-0.61650,1.36117
-0.61686,1.36117
-0.61702,1.36118
0.58699,-1.39207
0.58699,-1.39207
0.58699,-1.39207
0.58699,-1.39207
0.58700,-1.39207
0.58700,-1.39207
0.58700,-1.39207
0.58701,-1.39207
0.58701,-1.39207
0.58702,-1.39207
0.58703,-1.39207
0.58704,-1.39207
0.58706,-1.39207
0.58709,-1.39207
0.58712,-1.39206
0.58716,-1.39206
0.58721,-1.39206
0.58726,-1.39206
0.58732,-1.39205
0.58739,-1.39205
0.58745,-1.39204
0.58751,-1.39204
0.58756,-1.39204
0.58760,-1.39203
0.58763,-1.39203
0.58766,-1.39203
0.58768,-1.39203
0.58770,-1.39203
0.58771,-1.39203
0.58772,-1.39203
0.58773,-1.39203
0.58774,-1.39202
0.58775,-1.39202
0.58776,-1.39202
0.58776,-1.39202
0.58777,-1.39202
0.58776,-1.39202
0.58774,-1.39202
-0.46406,1.34294
-0.61576,1.36115
0.58699,-1.39207
0.58699,-1.39207
0.58699,-1.39207
0.58700,-1.39207
0.58700,-1.39207
0.58700,-1.39207
0.58700,-1.39207
0.58701,-1.39207
0.58702,-1.39207
0.58702,-1.39207
0.58704,-1.39207
0.58705,-1.39207
0.58708,-1.39207
0.58710,-1.39207
0.58714,-1.39206
0.58718,-1.39206
0.58723,-1.39206
0.58728,-1.39205
0.58734,-1.39205
0.58741,-1.39205
0.58747,-1.39204
0.58752,-1.39204
0.58757,-1.39204
0.58761,-1.39203
0.58764,-1.39203
0.58767,-1.39203
0.58769,-1.39203
0.58770,-1.39203
0.58772,-1.39203
0.58773,-1.39203
0.58774,-1.39203
0.58774,-1.39202
0.58775,-1.39202
0.58776,-1.39202
0.58776,-1.39202
0.58777,-1.39202
0.58777,-1.39202
0.58778,-1.39202
0.58778,-1.39202
0.58777,-1.39202
0.58699,-1.39207
0.58699,-1.39207
0.58700,-1.39207
0.58700,-1.39207
0.58700,-1.39207
0.58700,-1.39207
0.58701,-1.39207
0.58701,-1.39207
0.58702,-1.39207
0.58703,-1.39207
0.58704,-1.39207
0.58706,-1.39207
0.58709,-1.39207
0.58712,-1.39206
0.58716,-1.39206
0.58720,-1.39206
0.58725,-1.39206
0.58730,-1.39205
0.58736,-1.39205
0.58742,-1.39205
0.58748,-1.39204
0.58754,-1.39204
0.58758,-1.39203
0.58762,-1.39203
0.58765,-1.39203
0.58767,-1.39203
0.58769,-1.39203
0.58771,-1.39203
0.58772,-1.39203
0.58773,-1.39203
0.58774,-1.39202
0.58775,-1.39202
0.58775,-1.39202
0.58776,-1.39202
0.58776,-1.39202
0.58777,-1.39202
0.58777,-1.39202
0.58778,-1.39202
0.58778,-1.39202
0.58778,-1.39202
0.58699,-1.39207
0.58700,-1.39207
0.58700,-1.39207
0.58700,-1.39207
0.58700,-1.39207
0.58701,-1.39207
0.58701,-1.39207
0.58702,-1.39207
0.58703,-1.39207
0.58704,-1.39207
0.58705,-1.39207
0.58707,-1.39207
0.58710,-1.39207
0.58713,-1.39206
0.58717,-1.39206
0.58722,-1.39206
0.58727,-1.39206
0.58732,-1.39205
0.58738,-1.39205
0.58744,-1.39204
0.58749,-1.39204
0.58755,-1.39204
0.58759,-1.39203
0.58762,-1.39203
0.58765,-1.39203
0.58768,-1.39203
0.58769,-1.39203
0.58771,-1.39203
0.58772,-1.39203
0.58773,-1.39203
0.58774,-1.39202
0.58775,-1.39202
0.58775,-1.39202
0.58776,-1.39202
0.58776,-1.39202
0.58777,-1.39202
0.58777,-1.39202
0.58777,-1.39202
0.58778,-1.39202
0.58778,-1.39202
0.58700,-1.39207
0.58700,-1.39207
0.58700,-1.39207
0.58700,-1.39207
0.58700,-1.39207
0.58701,-1.39207
0.58701,-1.39207
0.58702,-1.39207
0.58703,-1.39207
0.58704,-1.39207
0.58706,-1.39207
0.58708,-1.39207
0.58711,-1.39206
0.58715,-1.39206
0.58719,-1.39206
0.58723,-1.39206
0.58728,-1.39205
0.58734,-1.39205
0.58739,-1.39205
0.58745,-1.39204
0.58751,-1.39204
0.58755,-1.39204
0.58760,-1.39203
0.58763,-1.39203
0.58766,-1.39203
0.58768,-1.39203
0.58770,-1.39203
0.58771,-1.39203
0.58772,-1.39203
0.58773,-1.39203
0.58774,-1.39202
0.58775,-1.39202
0.58775,-1.39202
0.58776,-1.39202
0.58776,-1.39202
0.58777,-1.39202
0.58777,-1.39202
0.58777,-1.39202
0.58778,-1.39202
0.58778,-1.39202
