-0.63403,1.36129
-0.63400,1.36129
-0.63396,1.36129
-0.63392,1.36129
-0.63387,1.36129
-0.63381,1.36129
-0.63374,1.36129
-0.63365,1.36129
-0.63355,1.36129
-0.63342,1.36129
-0.63326,1.36129
-0.63305,1.36130
-0.63280,1.36130
-0.63247,1.36130
-0.63204,1.36130
-0.63151,1.36130
-0.63085,1.36130
-0.63005,1.36130
-0.62913,1.36130
-0.62813,1.36130
-0.62708,1.36130
-0.62600,1.36129
-0.62491,1.36128
-0.62384,1.36127
-0.62279,1.36126
-0.62184,1.36125
-0.62103,1.36124
-0.62039,1.36123
-0.61992,1.36123
-0.61958,1.36122
-0.61933,1.36122
-0.61914,1.36121
-0.61900,1.36121
-0.61889,1.36121
-0.61881,1.36121
-0.61873,1.36121
-0.61867,1.36121
-0.61861,1.36120
-0.61856,1.36120
-0.61851,1.36120
-0.63406,1.36129
-0.63401,1.36129
-0.63397,1.36129
-0.63393,1.36129
-0.63387,1.36129
-0.63381,1.36129
-0.63374,1.36129
-0.63365,1.36129
-0.63355,1.36129
-0.63342,1.36129
-0.63326,1.36129
-0.63306,1.36130
-0.63280,1.36130
-0.63246,1.36130
-0.63204,1.36130
-0.63149,1.36130
-0.63081,1.36130
-0.62998,1.36130
-0.62903,1.36130
-0.62799,1.36130
-0.62689,1.36129
-0.62576,1.36129
-0.62464,1.36128
-0.62353,1.36127
-0.62248,1.36126
-0.62155,1.36125
-0.62079,1.36124
-0.62021,1.36123
-0.61978,1.36122
-0.61947,1.36122
-0.61924,1.36121
-0.61907,1.36121
-0.61894,1.36121
-0.61883,1.36121
-0.61875,1.36121
-0.61868,1.36121
-0.61861,1.36120
-0.61856,1.36120
-0.61851,1.36120
-0.61846,1.36120
-0.63412,1.36129
-0.63406,1.36129
-0.63401,1.36129
-0.63395,1.36129
-0.63389,1.36129
-0.63383,1.36129
-0.63375,1.36129
-0.63366,1.36129
-0.63356,1.36129
-0.63343,1.36129
-0.63326,1.36129
-0.63306,1.36130
-0.63280,1.36130
-0.63246,1.36130
-0.63202,1.36130
-0.63146,1.36130
-0.63076,1.36130
-0.62990,1.36130
-0.62891,1.36130
-0.62782,1.36130
-0.62667,1.36129
-0.62550,1.36129
-0.62433,1.36128
-0.62321,1.36127
-0.62217,1.36126
-0.62127,1.36124
-0.62056,1.36123
-0.62003,1.36123
-0.61964,1.36122
-0.61936,1.36122
-0.61915,1.36121
-0.61899,1.36121
-0.61887,1.36121
-0.61877,1.36121
-0.61869,1.36121
-0.61861,1.36120
-0.61855,1.36120
-0.61850,1.36120
-0.61845,1.36120
-0.61840,1.36120
-0.63425,1.36129
-0.63416,1.36129
-0.63408,1.36129
-0.63401,1.36129
-0.63394,1.36129
-0.63386,1.36129
-0.63378,1.36129
-0.63368,1.36129
-0.63357,1.36129
-0.63343,1.36129
-0.63327,1.36129
-0.63306,1.36130
-0.63280,1.36130
-0.63245,1.36130
-0.63200,1.36130
-0.63143,1.36130
-0.63070,1.36130
-0.62981,1.36130
-0.62877,1.36130
-0.62763,1.36130
-0.62643,1.36129
-0.62521,1.36128
-0.62400,1.36127
-0.62286,1.36126
-0.62184,1.36125
-0.62100,1.36124
-0.62034,1.36123
-0.61986,1.36122
-0.61951,1.36122
-0.61925,1.36121
-0.61906,1.36121
-0.61891,1.36121
-0.61879,1.36121
-0.61870,1.36121
-0.61862,1.36120
-0.61855,1.36120
-0.61849,1.36120
-0.61843,1.36120
-0.61838,1.36120
-0.61834,1.36120
-0.63416,1.36129
-0.63430,1.36129
-0.63422,1.36129
-0.63412,1.36129
-0.63403,1.36129
-0.63393,1.36129
-0.63383,1.36129
-0.63372,1.36129
-0.63360,1.36129
-0.63346,1.36129
-0.63328,1.36129
-0.63307,1.36130
-0.63279,1.36130
-0.63244,1.36130
-0.63198,1.36130
-0.63138,1.36130
-0.63061,1.36130
-0.62968,1.36130
-0.62859,1.36130
-0.62739,1.36130
-0.62614,1.36129
-0.62487,1.36128
-0.62364,1.36127
-0.62250,1.36126
-0.62152,1.36125
-0.62073,1.36124
-0.62014,1.36123
-0.61970,1.36122
-0.61938,1.36122
-0.61914,1.36121
-0.61896,1.36121
-0.61882,1.36121
-0.61871,1.36121
-0.61862,1.36120
-0.61854,1.36120
-0.61848,1.36120
-0.61842,1.36120
-0.61836,1.36120
-0.61832,1.36120
-0.61828,1.36120
0.57263,-1.39276
0.56134,-1.39300
0.52150,-1.39163
-0.63390,1.36129
-0.63409,1.36129
-0.63403,1.36129
-0.63392,1.36129
-0.63379,1.36129
-0.63365,1.36129
-0.63349,1.36129
-0.63330,1.36129
-0.63307,1.36130
-0.63278,1.36130
-0.63241,1.36130
-0.63193,1.36130
-0.63130,1.36130
-0.63049,1.36130
-0.62951,1.36130
-0.62836,1.36130
-0.62710,1.36130
-0.62578,1.36129
-0.62448,1.36128
-0.62324,1.36127
-0.62213,1.36125
-0.62120,1.36124
-0.62048,1.36123
-0.61993,1.36123
-0.61954,1.36122
-0.61925,1.36121
-0.61903,1.36121
-0.61886,1.36121
-0.61873,1.36121
-0.61862,1.36120
-0.61854,1.36120
-0.61846,1.36120
-0.61840,1.36120
-0.61834,1.36120
-0.61830,1.36120
-0.61825,1.36120
-0.61821,1.36120
0.58232,-1.39234
0.57990,-1.39247
0.57632,-1.39262
0.57066,-1.39282
0.56075,-1.39300
0.53661,-1.39256
-0.63264,1.36130
-0.63365,1.36129
-0.63364,1.36129
-0.63350,1.36129
-0.63331,1.36129
-0.63306,1.36130
-0.63275,1.36130
-0.63235,1.36130
-0.63183,1.36130
-0.63116,1.36130
-0.63030,1.36130
-0.62925,1.36130
-0.62804,1.36130
-0.62671,1.36129
-0.62535,1.36129
-0.62403,1.36127
-0.62281,1.36126
-0.62175,1.36125
-0.62089,1.36124
-0.62023,1.36123
-0.61974,1.36122
-0.61938,1.36122
-0.61911,1.36121
-0.61891,1.36121
-0.61875,1.36121
-0.61863,1.36120
-0.61853,1.36120
-0.61845,1.36120
-0.61838,1.36120
-0.61832,1.36120
-0.61827,1.36120
-0.61823,1.36120
-0.61819,1.36120
-0.61815,1.36120
0.58520,-1.39218
0.58418,-1.39224
0.58276,-1.39232
0.58089,-1.39242
0.57844,-1.39253
0.57506,-1.39267
0.57027,-1.39283
0.56319,-1.39298
0.55151,-1.39298
0.52555,-1.39193
-0.63055,1.36130
-0.63239,1.36130
-0.63235,1.36130
-0.63202,1.36130
-0.63150,1.36130
-0.63080,1.36130
-0.62990,1.36130
-0.62879,1.36130
-0.62753,1.36130
-0.62617,1.36129
-0.62480,1.36128
-0.62351,1.36127
-0.62235,1.36126
-0.62137,1.36125
-0.62059,1.36123
-0.61999,1.36123
-0.61954,1.36122
-0.61921,1.36121
-0.61896,1.36121
-0.61878,1.36121
-0.61863,1.36120
-0.61852,1.36120
-0.61843,1.36120
-0.61835,1.36120
-0.61829,1.36120
-0.61824,1.36120
-0.61820,1.36120
-0.61816,1.36120
-0.61812,1.36120
-0.61809,1.36120
0.58616,-1.39212
0.58574,-1.39215
0.58510,-1.39219
0.58418,-1.39224
0.58296,-1.39231
0.58143,-1.39239
0.57953,-1.39248
0.57714,-1.39259
0.57410,-1.39271
0.57019,-1.39283
0.56517,-1.39295
0.55864,-1.39301
0.54985,-1.39296
0.53699,-1.39257
0.51435,-1.39102
0.44177,-1.37837
-0.62767,1.36130
-0.62740,1.36130
-0.62646,1.36129
-0.62530,1.36128
-0.62409,1.36128
-0.62294,1.36126
-0.62190,1.36125
-0.62102,1.36124
-0.62030,1.36123
-0.61975,1.36122
-0.61934,1.36122
-0.61903,1.36121
-0.61881,1.36121
-0.61864,1.36120
-0.61851,1.36120
-0.61840,1.36120
-0.61833,1.36120
-0.61826,1.36120
-0.61821,1.36120
-0.61816,1.36120
-0.61812,1.36120
-0.61809,1.36120
-0.61806,1.36119
-0.61803,1.36119
0.58647,-1.39210
0.58628,-1.39212
0.58598,-1.39213
0.58553,-1.39216
0.58487,-1.39220
0.58399,-1.39225
0.58287,-1.39231
0.58149,-1.39239
0.57981,-1.39247
0.57775,-1.39256
0.57523,-1.39267
0.57214,-1.39278
0.56834,-1.39288
0.56368,-1.39297
0.55786,-1.39301
0.55036,-1.39297
0.54010,-1.39270
0.52462,-1.39186
0.49631,-1.38896
0.39180,-1.36309
-0.62328,1.36127
-0.62239,1.36126
-0.62151,1.36125
-0.62070,1.36124
-0.62004,1.36123
-0.61952,1.36122
-0.61913,1.36121
-0.61884,1.36121
-0.61864,1.36120
-0.61849,1.36120
-0.61837,1.36120
-0.61829,1.36120
-0.61822,1.36120
-0.61817,1.36120
-0.61812,1.36120
-0.61808,1.36120
-0.61805,1.36119
-0.61802,1.36119
-0.61800,1.36119
-0.61798,1.36119
0.58660,-1.39210
0.58650,-1.39210
0.58633,-1.39211
0.58608,-1.39213
0.58571,-1.39215
0.58518,-1.39218
0.58447,-1.39222
0.58355,-1.39228
0.58240,-1.39234
0.58098,-1.39241
0.57923,-1.39250
0.57707,-1.39259
0.57440,-1.39270
0.57110,-1.39281
0.56701,-1.39291
0.56188,-1.39299
0.55536,-1.39301
0.54684,-1.39290
0.53525,-1.39249
0.51833,-1.39137
0.48898,-1.38792
0.39531,-1.36433
-0.62144,1.36125
-0.62049,1.36123
-0.61978,1.36122
-0.61926,1.36122
-0.61889,1.36121
-0.61863,1.36120
-0.61845,1.36120
-0.61833,1.36120
-0.61824,1.36120
-0.61817,1.36120
-0.61811,1.36120
-0.61807,1.36120
-0.61803,1.36119
-0.61800,1.36119
-0.61798,1.36119
-0.61795,1.36119
-0.61793,1.36119
-0.61792,1.36119
0.58668,-1.39209
0.58661,-1.39210
0.58651,-1.39210
0.58635,-1.39211
0.58612,-1.39213
0.58577,-1.39215
0.58529,-1.39218
0.58463,-1.39221
0.58378,-1.39226
0.58270,-1.39232
0.58135,-1.39239
0.57965,-1.39248
0.57752,-1.39257
0.57483,-1.39268
0.57144,-1.39280
0.56718,-1.39291
0.56181,-1.39299
0.55500,-1.39301
0.54628,-1.39289
0.53487,-1.39248
0.51913,-1.39144
0.49432,-1.38869
0.43668,-1.37706
-0.62069,1.36124
-0.61953,1.36122
-0.61896,1.36121
-0.61862,1.36120
-0.61840,1.36120
-0.61826,1.36120
-0.61817,1.36120
-0.61810,1.36120
-0.61804,1.36119
-0.61800,1.36119
-0.61797,1.36119
-0.61794,1.36119
-0.61792,1.36119
-0.61790,1.36119
-0.61788,1.36119
-0.61786,1.36119
-0.61785,1.36119
0.58673,-1.39209
0.58668,-1.39209
0.58661,-1.39210
0.58650,-1.39210
0.58635,-1.39211
0.58611,-1.39213
0.58576,-1.39215
0.58527,-1.39218
0.58461,-1.39222
0.58374,-1.39227
0.58263,-1.39233
0.58121,-1.39240
0.57941,-1.39249
0.57710,-1.39259
0.57415,-1.39271
0.57038,-1.39283
0.56560,-1.39294
0.55958,-1.39301
0.55201,-1.39299
0.54247,-1.39278
0.53018,-1.39222
0.51327,-1.39091
0.48581,-1.38743
0.41305,-1.37023
-0.61926,1.36122
-0.61859,1.36120
-0.61831,1.36120
-0.61815,1.36120
-0.61805,1.36119
-0.61799,1.36119
-0.61794,1.36119
-0.61790,1.36119
-0.61788,1.36119
-0.61785,1.36119
-0.61784,1.36119
-0.61782,1.36119
-0.61781,1.36119
-0.61780,1.36119
-0.61779,1.36119
-0.61778,1.36119
0.58677,-1.39209
0.58673,-1.39209
0.58668,-1.39209
0.58661,-1.39210
0.58650,-1.39210
0.58633,-1.39211
0.58608,-1.39213
0.58570,-1.39215
0.58518,-1.39218
0.58446,-1.39222
0.58352,-1.39228
0.58229,-1.39234
0.58071,-1.39243
0.57867,-1.39252
0.57603,-1.39264
0.57261,-1.39276
0.56822,-1.39288
0.56265,-1.39298
0.55568,-1.39301
0.54699,-1.39290
0.53610,-1.39253
0.52184,-1.39166
0.50091,-1.38955
0.45997,-1.38263
-0.61851,1.36120
-0.61806,1.36119
-0.61791,1.36119
-0.61784,1.36119
-0.61779,1.36119
-0.61776,1.36119
-0.61775,1.36119
-0.61773,1.36119
-0.61772,1.36119
-0.61772,1.36119
-0.61771,1.36119
-0.61771,1.36119
-0.61770,1.36119
-0.61770,1.36119
-0.61770,1.36119
-0.61770,1.36119
0.58680,-1.39208
0.58677,-1.39209
0.58674,-1.39209
0.58668,-1.39209
0.58660,-1.39210
0.58648,-1.39210
0.58630,-1.39212
0.58602,-1.39213
0.58561,-1.39216
0.58502,-1.39219
0.58421,-1.39224
0.58314,-1.39230
0.58174,-1.39237
0.57991,-1.39246
0.57751,-1.39257
0.57437,-1.39270
0.57027,-1.39283
0.56501,-1.39295
0.55837,-1.39301
0.55009,-1.39296
0.53977,-1.39269
0.52645,-1.39199
0.50743,-1.39031
0.47240,-1.38512
0.26357,-1.30165
-0.61694,1.36117
-0.61721,1.36118
-0.61732,1.36118
-0.61739,1.36118
-0.61744,1.36118
-0.61747,1.36118
-0.61750,1.36118
-0.61752,1.36119
-0.61754,1.36119
-0.61755,1.36119
-0.61756,1.36119
-0.61757,1.36119
-0.61758,1.36119
-0.61759,1.36119
-0.61759,1.36119
0.58683,-1.39208
0.58681,-1.39208
0.58678,-1.39209
0.58674,-1.39209
0.58668,-1.39209
0.58660,-1.39210
0.58647,-1.39210
0.58627,-1.39212
0.58595,-1.39214
0.58548,-1.39216
0.58481,-1.39220
0.58388,-1.39226
0.58263,-1.39233
0.58098,-1.39241
0.57879,-1.39252
0.57589,-1.39264
0.57206,-1.39278
0.56704,-1.39291
0.56059,-1.39300
0.55245,-1.39299
0.54219,-1.39277
0.52881,-1.39214
0.50933,-1.39052
0.47102,-1.38486
-0.60774,1.36094
-0.61433,1.36112
-0.61567,1.36115
-0.61630,1.36116
-0.61666,1.36117
-0.61689,1.36117
-0.61704,1.36118
-0.61715,1.36118
-0.61723,1.36118
-0.61729,1.36118
-0.61734,1.36118
-0.61737,1.36118
-0.61741,1.36118
-0.61743,1.36118
-0.61745,1.36118
-0.61747,1.36118
0.58685,-1.39208
0.58683,-1.39208
0.58681,-1.39208
0.58678,-1.39209
0.58674,-1.39209
0.58668,-1.39209
0.58659,-1.39210
0.58645,-1.39211
0.58622,-1.39212
0.58587,-1.39214
0.58532,-1.39217
0.58453,-1.39222
0.58343,-1.39228
0.58195,-1.39236
0.57997,-1.39246
0.57731,-1.39258
0.57372,-1.39272
0.56892,-1.39287
0.56259,-1.39298
0.55439,-1.39301
0.54375,-1.39282
0.52931,-1.39217
0.50650,-1.39021
0.44578,-1.37937
-0.60741,1.36093
-0.61132,1.36104
-0.61331,1.36109
-0.61458,1.36112
-0.61541,1.36114
-0.61596,1.36115
-0.61633,1.36116
-0.61659,1.36117
-0.61678,1.36117
-0.61692,1.36117
-0.61703,1.36118
-0.61711,1.36118
-0.61718,1.36118
-0.61723,1.36118
-0.61727,1.36118
-0.61731,1.36118
0.58687,-1.39208
0.58685,-1.39208
0.58684,-1.39208
0.58681,-1.39208
0.58678,-1.39209
0.58674,-1.39209
0.58668,-1.39209
0.58658,-1.39210
0.58643,-1.39211
0.58617,-1.39212
0.58576,-1.39215
0.58512,-1.39219
0.58418,-1.39224
0.58286,-1.39231
0.58108,-1.39241
0.57864,-1.39252
0.57531,-1.39266
0.57074,-1.39282
0.56449,-1.39296
0.55603,-1.39301
0.54440,-1.39284
0.52706,-1.39203
0.49223,-1.38839
-0.59880,1.36059
-0.60639,1.36089
-0.60926,1.36098
-0.61121,1.36104
-0.61268,1.36108
-0.61381,1.36111
-0.61467,1.36113
-0.61531,1.36114
-0.61578,1.36115
-0.61613,1.36116
-0.61639,1.36116
-0.61660,1.36117
-0.61675,1.36117
-0.61687,1.36117
-0.61697,1.36117
-0.61704,1.36118
-0.61710,1.36118
0.58688,-1.39208
0.58687,-1.39208
0.58686,-1.39208
0.58684,-1.39208
0.58682,-1.39208
0.58679,-1.39208
0.58675,-1.39209
0.58668,-1.39209
0.58658,-1.39210
0.58640,-1.39211
0.58611,-1.39213
0.58562,-1.39216
0.58485,-1.39220
0.58372,-1.39227
0.58212,-1.39235
0.57991,-1.39246
0.57683,-1.39260
0.57249,-1.39276
0.56630,-1.39293
0.55728,-1.39302
0.54331,-1.39281
0.51601,-1.39117
-0.58894,1.36008
-0.60151,1.36071
-0.60544,1.36086
-0.60787,1.36094
-0.60966,1.36100
-0.61110,1.36104
-0.61230,1.36107
-0.61329,1.36109
-0.61411,1.36111
-0.61477,1.36113
-0.61529,1.36114
-0.61570,1.36115
-0.61602,1.36116
-0.61627,1.36116
-0.61647,1.36116
-0.61662,1.36117
-0.61674,1.36117
-0.61684,1.36117
0.58690,-1.39208
0.58689,-1.39208
0.58688,-1.39208
0.58687,-1.39208
0.58685,-1.39208
0.58683,-1.39208
0.58680,-1.39208
0.58675,-1.39209
0.58668,-1.39209
0.58657,-1.39210
0.58638,-1.39211
0.58604,-1.39213
0.58545,-1.39217
0.58451,-1.39222
0.58310,-1.39230
0.58109,-1.39241
0.57824,-1.39254
0.57412,-1.39271
0.56785,-1.39289
0.55737,-1.39302
0.53298,-1.39238
-0.57553,1.35917
-0.59460,1.36039
-0.60097,1.36068
-0.60444,1.36082
-0.60675,1.36090
-0.60848,1.36096
-0.60988,1.36100
-0.61106,1.36104
-0.61207,1.36106
-0.61295,1.36109
-0.61371,1.36110
-0.61435,1.36112
-0.61488,1.36113
-0.61532,1.36114
-0.61568,1.36115
-0.61596,1.36115
-0.61619,1.36116
-0.61638,1.36116
-0.61653,1.36117
0.58691,-1.39208
0.58690,-1.39208
0.58690,-1.39208
0.58689,-1.39208
0.58687,-1.39208
0.58686,-1.39208
0.58684,-1.39208
0.58681,-1.39208
0.58676,-1.39209
0.58669,-1.39209
0.58657,-1.39210
0.58636,-1.39211
0.58595,-1.39214
0.58521,-1.39218
0.58399,-1.39225
0.58215,-1.39235
0.57944,-1.39249
0.57531,-1.39266
0.56792,-1.39289
-0.28152,1.28586
-0.51710,1.35253
-0.57732,1.35931
-0.59315,1.36031
-0.59971,1.36063
-0.60334,1.36078
-0.60572,1.36087
-0.60748,1.36093
-0.60887,1.36097
-0.61004,1.36101
-0.61105,1.36104
-0.61194,1.36106
-0.61273,1.36108
-0.61343,1.36110
-0.61404,1.36111
-0.61456,1.36112
-0.61501,1.36113
-0.61538,1.36114
-0.61569,1.36115
-0.61595,1.36115
-0.61616,1.36116
0.58692,-1.39208
0.58692,-1.39208
0.58691,-1.39208
0.58691,-1.39208
0.58690,-1.39208
0.58688,-1.39208
0.58687,-1.39208
0.58685,-1.39208
0.58682,-1.39208
0.58678,-1.39209
0.58670,-1.39209
0.58658,-1.39210
0.58633,-1.39211
0.58581,-1.39215
0.58480,-1.39220
0.58304,-1.39230
0.58007,-1.39246
0.57207,-1.39278
-0.26928,1.28066
-0.39098,1.32455
-0.51282,1.35187
-0.57128,1.35884
-0.59023,1.36015
-0.59798,1.36055
-0.60210,1.36073
-0.60470,1.36083
-0.60656,1.36090
-0.60800,1.36094
-0.60918,1.36098
-0.61019,1.36101
-0.61108,1.36104
-0.61188,1.36106
-0.61259,1.36108
-0.61323,1.36109
-0.61381,1.36111
-0.61432,1.36112
-0.61476,1.36113
-0.61515,1.36114
-0.61547,1.36114
-0.61574,1.36115
0.58694,-1.39208
0.58693,-1.39208
0.58693,-1.39208
0.58692,-1.39208
0.58692,-1.39208
0.58691,-1.39208
0.58690,-1.39208
0.58688,-1.39208
0.58687,-1.39208
0.58684,-1.39208
0.58680,-1.39208
0.58672,-1.39209
0.58659,-1.39210
0.58627,-1.39212
0.58549,-1.39216
0.58354,-1.39228
-0.06483,1.16034
-0.23423,1.26472
-0.30522,1.29541
-0.39089,1.32452
-0.49483,1.34890
-0.56146,1.35797
-0.58605,1.35991
-0.59578,1.36045
-0.60067,1.36067
-0.60363,1.36079
-0.60566,1.36087
-0.60719,1.36092
-0.60841,1.36096
-0.60944,1.36099
-0.61034,1.36102
-0.61113,1.36104
-0.61185,1.36106
-0.61251,1.36107
-0.61311,1.36109
-0.61365,1.36110
-0.61415,1.36111
-0.61458,1.36112
-0.61496,1.36113
-0.61529,1.36114
0.58695,-1.39208
0.58695,-1.39208
0.58694,-1.39208
0.58694,-1.39208
0.58694,-1.39208
0.58693,-1.39208
0.58692,-1.39208
0.58692,-1.39208
0.58690,-1.39208
0.58689,-1.39208
0.58686,-1.39208
0.58683,-1.39208
0.58676,-1.39209
0.58660,-1.39210
0.58606,-1.39213
0.01366,1.09003
-0.19800,1.24648
-0.25372,1.27378
-0.30734,1.29623
-0.37753,1.32052
-0.47100,1.34438
-0.54745,1.35651
-0.58031,1.35952
-0.59301,1.36031
-0.59901,1.36060
-0.60247,1.36075
-0.60474,1.36083
-0.60640,1.36089
-0.60770,1.36093
-0.60876,1.36097
-0.60967,1.36100
-0.61047,1.36102
-0.61120,1.36104
-0.61186,1.36106
-0.61247,1.36107
-0.61303,1.36109
-0.61355,1.36110
-0.61402,1.36111
-0.61445,1.36112
-0.61483,1.36113
0.58696,-1.39207
0.58696,-1.39207
0.58696,-1.39207
0.58696,-1.39207
0.58695,-1.39207
0.58695,-1.39207
0.58695,-1.39207
0.58695,-1.39208
0.58694,-1.39208
0.58693,-1.39208
0.58692,-1.39208
0.58691,-1.39208
0.58688,-1.39208
0.58682,-1.39208
0.58655,-1.39210
-0.14141,1.21395
-0.20811,1.25176
-0.25308,1.27349
-0.29924,1.29307
-0.35934,1.31476
-0.44335,1.33833
-0.52809,1.35410
-0.57229,1.35892
-0.58941,1.36011
-0.59702,1.36051
-0.60115,1.36069
-0.60376,1.36080
-0.60559,1.36086
-0.60699,1.36091
-0.60811,1.36095
-0.60906,1.36098
-0.60988,1.36100
-0.61060,1.36102
-0.61127,1.36104
-0.61188,1.36106
-0.61245,1.36107
-0.61299,1.36109
-0.61349,1.36110
-0.61395,1.36111
-0.61436,1.36112
0.58697,-1.39207
0.58697,-1.39207
0.58697,-1.39207
0.58698,-1.39207
0.58698,-1.39207
0.58698,-1.39207
0.58698,-1.39207
0.58698,-1.39207
0.58698,-1.39207
0.58698,-1.39207
0.58698,-1.39207
0.58699,-1.39207
0.58700,-1.39207
0.58704,-1.39207
0.58802,-1.39201
-0.13357,1.20901
-0.19919,1.24711
-0.24249,1.26862
-0.28495,1.28729
-0.33780,1.30746
-0.41238,1.33054
-0.50157,1.35006
-0.56043,1.35787
-0.58444,1.35980
-0.59447,1.36038
-0.59958,1.36062
-0.60265,1.36075
-0.60473,1.36083
-0.60626,1.36089
-0.60747,1.36093
-0.60846,1.36096
-0.60931,1.36099
-0.61006,1.36101
-0.61073,1.36103
-0.61135,1.36104
-0.61192,1.36106
-0.61246,1.36107
-0.61298,1.36109
-0.61346,1.36110
-0.61390,1.36111
0.58699,-1.39207
0.58699,-1.39207
0.58699,-1.39207
0.58700,-1.39207
0.58700,-1.39207
0.58700,-1.39207
0.58701,-1.39207
0.58702,-1.39207
0.58703,-1.39207
0.58704,-1.39207
0.58706,-1.39207
0.58710,-1.39207
0.58718,-1.39206
0.58743,-1.39204
0.58894,-1.39195
-0.06136,1.15760
-0.17301,1.23276
-0.22230,1.25891
-0.26430,1.27849
-0.31210,1.29806
-0.37738,1.32048
-0.46524,1.34319
-0.54130,1.35580
-0.57679,1.35927
-0.59090,1.36019
-0.59753,1.36053
-0.60129,1.36070
-0.60372,1.36079
-0.60546,1.36086
-0.60678,1.36090
-0.60785,1.36094
-0.60875,1.36097
-0.60953,1.36099
-0.61022,1.36101
-0.61084,1.36103
-0.61143,1.36105
-0.61197,1.36106
-0.61249,1.36107
-0.61298,1.36109
-0.61345,1.36110
0.58700,-1.39207
0.58701,-1.39207
0.58701,-1.39207
0.58702,-1.39207
0.58703,-1.39207
0.58704,-1.39207
0.58705,-1.39207
0.58706,-1.39207
0.58709,-1.39207
0.58712,-1.39206
0.58717,-1.39206
0.58727,-1.39205
0.58747,-1.39204
0.58795,-1.39201
0.58926,-1.39192
0.59358,-1.39162
-0.10214,1.18801
-0.18595,1.23999
-0.23405,1.26463
-0.27982,1.28515
-0.33657,1.30703
-0.41617,1.33155
-0.50706,1.35096
-0.56276,1.35809
-0.58500,1.35984
-0.59448,1.36038
-0.59941,1.36062
-0.60241,1.36074
-0.60446,1.36082
-0.60598,1.36088
-0.60717,1.36092
-0.60814,1.36095
-0.60897,1.36097
-0.60970,1.36100
-0.61035,1.36102
-0.61094,1.36103
-0.61150,1.36105
-0.61203,1.36106
-0.61253,1.36108
-0.61301,1.36109
0.58702,-1.39207
0.58703,-1.39207
0.58704,-1.39207
0.58705,-1.39207
0.58706,-1.39207
0.58708,-1.39207
0.58710,-1.39207
0.58713,-1.39206
0.58717,-1.39206
0.58723,-1.39206
0.58733,-1.39205
0.58751,-1.39204
0.58785,-1.39202
0.58848,-1.39198
0.58964,-1.39190
0.59160,-1.39176
0.59533,-1.39148
-0.08462,1.17541
-0.18141,1.23748
-0.23448,1.26484
-0.28626,1.28783
-0.35273,1.31258
-0.44398,1.33848
-0.53026,1.35439
-0.57243,1.35893
-0.58880,1.36007
-0.59626,1.36047
-0.60038,1.36066
-0.60302,1.36077
-0.60487,1.36084
-0.60628,1.36089
-0.60740,1.36092
-0.60833,1.36095
-0.60912,1.36098
-0.60982,1.36100
-0.61045,1.36102
-0.61102,1.36103
-0.61157,1.36105
-0.61208,1.36106
-0.61257,1.36108
0.58705,-1.39207
0.58706,-1.39207
0.58707,-1.39207
0.58708,-1.39207
0.58710,-1.39207
0.58713,-1.39206
0.58716,-1.39206
0.58721,-1.39206
0.58728,-1.39205
0.58738,-1.39205
0.58755,-1.39204
0.58782,-1.39202
0.58826,-1.39199
0.58899,-1.39194
0.59010,-1.39187
0.59163,-1.39176
0.59350,-1.39162
0.59572,-1.39145
0.60733,-1.39038
-0.14095,1.21366
-0.21176,1.25363
-0.27089,1.28136
-0.34359,1.30947
-0.44252,1.33813
-0.53242,1.35468
-0.57359,1.35902
-0.58923,1.36010
-0.59642,1.36048
-0.60045,1.36066
-0.60305,1.36077
-0.60489,1.36084
-0.60630,1.36089
-0.60742,1.36093
-0.60836,1.36096
-0.60916,1.36098
-0.60986,1.36100
-0.61049,1.36102
-0.61107,1.36104
-0.61161,1.36105
-0.61213,1.36106
0.58707,-1.39207
0.58709,-1.39207
0.58711,-1.39207
0.58713,-1.39206
0.58716,-1.39206
0.58720,-1.39206
0.58725,-1.39206
0.58732,-1.39205
0.58742,-1.39205
0.58757,-1.39204
0.58780,-1.39202
0.58816,-1.39200
0.58870,-1.39196
0.58951,-1.39191
0.59065,-1.39183
0.59212,-1.39172
0.59385,-1.39159
0.59567,-1.39145
0.59739,-1.39131
0.59887,-1.39118
0.60067,-1.39103
-0.07479,1.16804
-0.19027,1.24234
-0.26912,1.28059
-0.36756,1.31741
-0.48823,1.34771
-0.55987,1.35782
-0.58455,1.35981
-0.59429,1.36037
-0.59925,1.36061
-0.60228,1.36074
-0.60436,1.36082
-0.60592,1.36087
-0.60715,1.36092
-0.60817,1.36095
-0.60903,1.36098
-0.60978,1.36100
-0.61045,1.36102
-0.61106,1.36104
-0.61162,1.36105
0.58711,-1.39207
0.58713,-1.39206
0.58715,-1.39206
0.58718,-1.39206
0.58722,-1.39206
0.58728,-1.39205
0.58735,-1.39205
0.58745,-1.39204
0.58759,-1.39203
0.58779,-1.39202
0.58809,-1.39200
0.58853,-1.39197
0.58916,-1.39193
0.59006,-1.39187
0.59128,-1.39178
0.59283,-1.39167
0.59468,-1.39153
0.59674,-1.39136
0.59894,-1.39118
0.60119,-1.39098
0.60341,-1.39077
0.60546,-1.39057
0.60716,-1.39040
0.60815,-1.39029
0.60759,-1.39035
0.21764,0.79313
-0.24097,1.26791
-0.42293,1.33331
-0.55215,1.35703
-0.58499,1.35984
-0.59528,1.36042
-0.60008,1.36065
-0.60295,1.36076
-0.60493,1.36084
-0.60643,1.36089
-0.60763,1.36093
-0.60864,1.36096
-0.60950,1.36099
-0.61026,1.36101
-0.61094,1.36103
0.58715,-1.39206
0.58718,-1.39206
0.58721,-1.39206
0.58725,-1.39206
0.58731,-1.39205
0.58738,-1.39205
0.58747,-1.39204
0.58760,-1.39203
0.58778,-1.39202
0.58804,-1.39201
0.58840,-1.39198
0.58892,-1.39195
0.58965,-1.39190
0.59066,-1.39183
0.59199,-1.39173
0.59367,-1.39161
0.59570,-1.39145
0.59804,-1.39126
0.60067,-1.39103
0.60353,-1.39076
0.60653,-1.39046
0.60952,-1.39015
0.61232,-1.38984
0.61480,-1.38955
0.61684,-1.38931
0.61841,-1.38911
0.61943,-1.38899
0.61969,-1.38895
0.61814,-1.38915
0.61000,-1.39010
-0.42809,1.33462
-0.57360,1.35902
-0.59331,1.36032
-0.59964,1.36063
-0.60289,1.36076
-0.60500,1.36084
-0.60658,1.36090
-0.60785,1.36094
-0.60892,1.36097
-0.60984,1.36100
0.58720,-1.39206
0.58723,-1.39206
0.58728,-1.39205
0.58733,-1.39205
0.58740,-1.39205
0.58749,-1.39204
0.58761,-1.39203
0.58777,-1.39202
0.58799,-1.39201
0.58830,-1.39199
0.58873,-1.39196
0.58933,-1.39192
0.59017,-1.39186
0.59129,-1.39178
0.59276,-1.39168
0.59459,-1.39154
0.59679,-1.39136
0.59936,-1.39114
0.60226,-1.39088
0.60541,-1.39058
0.60867,-1.39024
0.61183,-1.38989
0.61470,-1.38957
0.61714,-1.38927
0.61914,-1.38902
0.62073,-1.38882
0.62199,-1.38866
0.62296,-1.38853
0.62371,-1.38843
0.62420,-1.38836
0.62433,-1.38834
0.62352,-1.38845
0.61640,-1.38936
-0.46696,1.34355
-0.58560,1.35988
-0.59780,1.36054
-0.60221,1.36074
-0.60470,1.36083
-0.60647,1.36089
-0.60787,1.36094
0.58726,-1.39206
0.58730,-1.39205
0.58736,-1.39205
0.58742,-1.39205
0.58751,-1.39204
0.58761,-1.39203
0.58776,-1.39202
0.58795,-1.39201
0.58821,-1.39199
0.58857,-1.39197
0.58908,-1.39194
0.58977,-1.39189
0.59072,-1.39182
0.59197,-1.39174
0.59357,-1.39162
0.59554,-1.39146
0.59789,-1.39127
0.60061,-1.39103
0.60365,-1.39075
0.60691,-1.39042
0.61021,-1.39007
0.61332,-1.38973
0.61606,-1.38940
0.61834,-1.38912
0.62017,-1.38889
0.62161,-1.38870
0.62276,-1.38855
0.62368,-1.38843
0.62442,-1.38833
0.62503,-1.38824
0.62554,-1.38818
0.62594,-1.38812
0.62622,-1.38808
0.62625,-1.38808
0.62549,-1.38818
0.61741,-1.38924
-0.53988,1.35563
-0.59322,1.36032
-0.60082,1.36068
-0.60409,1.36081
0.58732,-1.39205
0.58738,-1.39205
0.58744,-1.39204
0.58752,-1.39204
0.58762,-1.39203
0.58775,-1.39202
0.58791,-1.39201
0.58814,-1.39200
0.58844,-1.39198
0.58886,-1.39195
0.58944,-1.39191
0.59023,-1.39186
0.59130,-1.39178
0.59268,-1.39168
0.59441,-1.39155
0.59651,-1.39138
0.59897,-1.39118
0.60178,-1.39092
0.60487,-1.39063
0.60814,-1.39030
0.61138,-1.38995
0.61437,-1.38960
0.61695,-1.38930
0.61907,-1.38903
0.62076,-1.38882
0.62209,-1.38864
0.62314,-1.38850
0.62399,-1.38839
0.62468,-1.38829
0.62525,-1.38822
0.62573,-1.38815
0.62615,-1.38809
0.62652,-1.38804
0.62683,-1.38799
0.62709,-1.38796
0.62726,-1.38793
0.62720,-1.38794
0.62621,-1.38808
0.15217,0.90977
-0.57821,1.35937
0.58740,-1.39205
0.58746,-1.39204
0.58753,-1.39204
0.58763,-1.39203
0.58774,-1.39202
0.58788,-1.39202
0.58808,-1.39200
0.58834,-1.39199
0.58869,-1.39196
0.58917,-1.39193
0.58983,-1.39189
0.59073,-1.39182
0.59191,-1.39174
0.59342,-1.39163
0.59527,-1.39148
0.59746,-1.39130
0.60000,-1.39109
0.60285,-1.39082
0.60595,-1.39052
0.60916,-1.39019
0.61230,-1.38984
0.61515,-1.38951
0.61758,-1.38922
0.61957,-1.38897
0.62115,-1.38877
0.62239,-1.38860
0.62338,-1.38847
0.62417,-1.38836
0.62482,-1.38827
0.62536,-1.38820
0.62582,-1.38814
0.62621,-1.38808
0.62655,-1.38803
0.62685,-1.38799
0.62712,-1.38795
0.62737,-1.38792
0.62758,-1.38789
0.62776,-1.38786
0.62786,-1.38785
0.62769,-1.38787
0.58748,-1.39204
0.58755,-1.39204
0.58763,-1.39203
0.58773,-1.39203
0.58786,-1.39202
0.58803,-1.39201
0.58824,-1.39199
0.58854,-1.39197
0.58894,-1.39195
0.58949,-1.39191
0.59024,-1.39186
0.59125,-1.39179
0.59255,-1.39169
0.59418,-1.39157
0.59613,-1.39141
0.59840,-1.39123
0.60098,-1.39100
0.60384,-1.39073
0.60690,-1.39042
0.61004,-1.39009
0.61305,-1.38976
0.61576,-1.38944
0.61807,-1.38916
0.61994,-1.38892
0.62143,-1.38873
0.62261,-1.38857
0.62355,-1.38845
0.62430,-1.38834
0.62492,-1.38826
0.62544,-1.38819
0.62587,-1.38813
0.62625,-1.38808
0.62657,-1.38803
0.62686,-1.38799
0.62711,-1.38796
0.62733,-1.38792
0.62754,-1.38789
0.62773,-1.38787
0.62790,-1.38784
0.62806,-1.38782
0.58756,-1.39204
0.58764,-1.39203
0.58773,-1.39203
0.58784,-1.39202
0.58798,-1.39201
0.58817,-1.39200
0.58841,-1.39198
0.58875,-1.39196
0.58921,-1.39193
0.58983,-1.39189
0.59068,-1.39183
0.59181,-1.39175
0.59323,-1.39164
0.59496,-1.39151
0.59699,-1.39134
0.59931,-1.39115
0.60191,-1.39091
0.60475,-1.39064
0.60776,-1.39034
0.61080,-1.39001
0.61369,-1.38968
0.61628,-1.38938
0.61846,-1.38911
0.62024,-1.38888
0.62166,-1.38870
0.62278,-1.38855
0.62368,-1.38843
0.62440,-1.38833
0.62500,-1.38825
0.62550,-1.38818
0.62592,-1.38812
0.62628,-1.38807
0.62660,-1.38803
0.62687,-1.38799
0.62711,-1.38796
0.62732,-1.38793
0.62751,-1.38790
0.62768,-1.38787
0.62784,-1.38785
0.62798,-1.38783
0.58764,-1.39203
0.58773,-1.39203
0.58782,-1.39202
0.58795,-1.39201
0.58811,-1.39200
0.58831,-1.39199
0.58859,-1.39197
0.58897,-1.39194
0.58949,-1.39191
0.59020,-1.39186
0.59116,-1.39179
0.59239,-1.39170
0.59393,-1.39159
0.59575,-1.39145
0.59785,-1.39127
0.60020,-1.39107
0.60279,-1.39083
0.60559,-1.39056
0.60853,-1.39025
0.61147,-1.38993
0.61425,-1.38962
0.61671,-1.38932
0.61879,-1.38907
0.62049,-1.38885
0.62184,-1.38867
0.62292,-1.38853
0.62378,-1.38842
0.62449,-1.38832
0.62507,-1.38824
0.62555,-1.38817
0.62596,-1.38812
0.62631,-1.38807
0.62662,-1.38802
0.62688,-1.38799
0.62712,-1.38795
0.62732,-1.38793
0.62750,-1.38790
0.62766,-1.38788
0.62781,-1.38786
0.62794,-1.38784
