-0.71536,1.35560
-0.71514,1.35563
-0.71490,1.35567
-0.71462,1.35570
-0.71429,1.35575
-0.71391,1.35580
-0.71345,1.35586
-0.71290,1.35593
-0.71222,1.35602
-0.71138,1.35613
-0.71034,1.35627
-0.70903,1.35644
-0.70737,1.35664
-0.70526,1.35690
-0.70255,1.35722
-0.69915,1.35760
-0.69494,1.35805
-0.68993,1.35854
-0.68423,1.35905
-0.67805,1.35954
-0.67162,1.35999
-0.66513,1.36037
-0.65868,1.36069
-0.65235,1.36093
-0.64633,1.36111
-0.64087,1.36122
-0.63629,1.36127
-0.63273,1.36130
-0.63009,1.36130
-0.62819,1.36130
-0.62681,1.36129
-0.62580,1.36129
-0.62504,1.36128
-0.62444,1.36128
-0.62396,1.36127
-0.62357,1.36127
-0.62322,1.36127
-0.62292,1.36126
-0.62264,1.36126
-0.62238,1.36126
-0.71552,1.35558
-0.71526,1.35562
-0.71498,1.35565
-0.71468,1.35570
-0.71434,1.35574
-0.71394,1.35580
-0.71347,1.35586
-0.71291,1.35593
-0.71223,1.35602
-0.71140,1.35613
-0.71036,1.35627
-0.70905,1.35643
-0.70738,1.35664
-0.70524,1.35690
-0.70250,1.35722
-0.69902,1.35762
-0.69470,1.35807
-0.68952,1.35858
-0.68360,1.35910
-0.67717,1.35961
-0.67048,1.36006
-0.66373,1.36045
-0.65705,1.36076
-0.65058,1.36099
-0.64454,1.36115
-0.63925,1.36124
-0.63495,1.36128
-0.63169,1.36130
-0.62930,1.36130
-0.62758,1.36130
-0.62633,1.36129
-0.62540,1.36129
-0.62468,1.36128
-0.62411,1.36128
-0.62365,1.36127
-0.62326,1.36127
-0.62292,1.36126
-0.62261,1.36126
-0.62233,1.36126
-0.62207,1.36125
-0.71593,1.35552
-0.71555,1.35558
-0.71520,1.35562
-0.71484,1.35567
-0.71445,1.35573
-0.71403,1.35578
-0.71354,1.35585
-0.71296,1.35593
-0.71227,1.35602
-0.71143,1.35613
-0.71038,1.35626
-0.70906,1.35643
-0.70738,1.35664
-0.70522,1.35691
-0.70242,1.35723
-0.69885,1.35763
-0.69439,1.35810
-0.68902,1.35863
-0.68286,1.35916
-0.67616,1.35968
-0.66919,1.36014
-0.66216,1.36052
-0.65527,1.36083
-0.64870,1.36104
-0.64273,1.36118
-0.63766,1.36126
-0.63367,1.36129
-0.63070,1.36130
-0.62855,1.36130
-0.62699,1.36129
-0.62584,1.36129
-0.62498,1.36128
-0.62430,1.36128
-0.62376,1.36127
-0.62331,1.36127
-0.62293,1.36126
-0.62259,1.36126
-0.62229,1.36126
-0.62201,1.36125
-0.62175,1.36125
-0.71679,1.35540
-0.71621,1.35548
-0.71570,1.35556
-0.71522,1.35562
-0.71474,1.35569
-0.71424,1.35575
-0.71370,1.35583
-0.71308,1.35591
-0.71236,1.35601
-0.71149,1.35612
-0.71042,1.35626
-0.70908,1.35643
-0.70737,1.35664
-0.70516,1.35691
-0.70230,1.35725
-0.69862,1.35766
-0.69400,1.35814
-0.68841,1.35868
-0.68198,1.35924
-0.67497,1.35976
-0.66769,1.36023
-0.66041,1.36061
-0.65333,1.36090
-0.64672,1.36110
-0.64090,1.36122
-0.63612,1.36128
-0.63245,1.36130
-0.62977,1.36130
-0.62782,1.36130
-0.62640,1.36129
-0.62534,1.36129
-0.62453,1.36128
-0.62389,1.36127
-0.62337,1.36127
-0.62294,1.36126
-0.62256,1.36126
-0.62223,1.36126
-0.62193,1.36125
-0.62167,1.36125
-0.62142,1.36125
-0.71620,1.35549
-0.71709,1.35536
-0.71658,1.35543
-0.71596,1.35552
-0.71533,1.35561
-0.71470,1.35569
-0.71405,1.35578
-0.71335,1.35587
-0.71256,1.35598
-0.71163,1.35610
-0.71051,1.35625
-0.70911,1.35643
-0.70735,1.35665
-0.70507,1.35692
-0.70211,1.35727
-0.69829,1.35769
-0.69347,1.35820
-0.68762,1.35875
-0.68088,1.35933
-0.67354,1.35986
-0.66595,1.36033
-0.65841,1.36070
-0.65121,1.36097
-0.64466,1.36114
-0.63907,1.36124
-0.63462,1.36129
-0.63129,1.36130
-0.62887,1.36130
-0.62710,1.36130
-0.62580,1.36129
-0.62482,1.36128
-0.62406,1.36127
-0.62345,1.36127
-0.62295,1.36126
-0.62253,1.36126
-0.62217,1.36126
-0.62185,1.36125
-0.62157,1.36125
-0.62131,1.36124
-0.62108,1.36124
0.45479,-1.38149
0.35492,-1.34858
0.14034,-1.21576
-0.71449,1.35572
-0.71578,1.35554
-0.71533,1.35561
-0.71462,1.35570
-0.71381,1.35581
-0.71291,1.35593
-0.71187,1.35607
-0.71065,1.35623
-0.70916,1.35642
-0.70729,1.35665
-0.70490,1.35694
-0.70180,1.35731
-0.69779,1.35775
-0.69272,1.35827
-0.68655,1.35885
-0.67945,1.35944
-0.67175,1.35998
-0.66385,1.36044
-0.65612,1.36079
-0.64890,1.36104
-0.64252,1.36119
-0.63726,1.36126
-0.63319,1.36130
-0.63017,1.36130
-0.62798,1.36130
-0.62638,1.36129
-0.62518,1.36128
-0.62426,1.36128
-0.62355,1.36127
-0.62297,1.36126
-0.62250,1.36126
-0.62210,1.36125
-0.62176,1.36125
-0.62146,1.36125
-0.62119,1.36124
-0.62096,1.36124
-0.62075,1.36124
0.54540,-1.39287
0.52310,-1.39175
0.48955,-1.38800
0.43647,-1.37700
0.35015,-1.34651
0.19935,-1.25998
-0.70638,1.35676
-0.71288,1.35594
-0.71281,1.35595
-0.71192,1.35606
-0.71066,1.35623
-0.70906,1.35643
-0.70705,1.35668
-0.70448,1.35699
-0.70117,1.35738
-0.69690,1.35784
-0.69150,1.35839
-0.68496,1.35899
-0.67747,1.35959
-0.66942,1.36013
-0.66128,1.36057
-0.65349,1.36089
-0.64641,1.36110
-0.64036,1.36122
-0.63550,1.36128
-0.63180,1.36130
-0.62908,1.36130
-0.62710,1.36130
-0.62562,1.36129
-0.62451,1.36128
-0.62366,1.36127
-0.62299,1.36126
-0.62246,1.36126
-0.62201,1.36125
-0.62165,1.36125
-0.62133,1.36124
-0.62106,1.36124
-0.62082,1.36124
-0.62061,1.36124
-0.62042,1.36123
0.57140,-1.39280
0.56224,-1.39299
0.54941,-1.39295
0.53232,-1.39235
0.50941,-1.39052
0.47767,-1.38607
0.43289,-1.37604
0.37023,-1.35493
0.28227,-1.31247
0.15425,-1.22669
-0.69307,1.35824
-0.70474,1.35696
-0.70449,1.35699
-0.70237,1.35724
-0.69908,1.35761
-0.69465,1.35808
-0.68899,1.35863
-0.68213,1.35922
-0.67436,1.35981
-0.66615,1.36032
-0.65804,1.36071
-0.65047,1.36099
-0.64380,1.36116
-0.63822,1.36125
-0.63381,1.36129
-0.63047,1.36130
-0.62800,1.36130
-0.62618,1.36129
-0.62483,1.36128
-0.62380,1.36127
-0.62302,1.36126
-0.62240,1.36126
-0.62191,1.36125
-0.62151,1.36125
-0.62118,1.36124
-0.62090,1.36124
-0.62066,1.36124
-0.62045,1.36123
-0.62026,1.36123
-0.62010,1.36123
0.57980,-1.39247
0.57617,-1.39263
0.57047,-1.39283
0.56224,-1.39299
0.55125,-1.39298
0.53724,-1.39259
0.51960,-1.39148
0.49724,-1.38908
0.46860,-1.38440
0.43218,-1.37585
0.38715,-1.36141
0.33351,-1.33894
0.27150,-1.30631
0.20110,-1.26121
0.11851,-1.19800
-0.00324,-1.08482
-0.67525,1.35975
-0.67357,1.35986
-0.66791,1.36022
-0.66097,1.36058
-0.65385,1.36088
-0.64715,1.36108
-0.64121,1.36121
-0.63622,1.36127
-0.63223,1.36130
-0.62917,1.36130
-0.62690,1.36129
-0.62521,1.36128
-0.62397,1.36127
-0.62304,1.36126
-0.62233,1.36126
-0.62178,1.36125
-0.62135,1.36125
-0.62100,1.36124
-0.62071,1.36124
-0.62047,1.36123
-0.62026,1.36123
-0.62008,1.36123
-0.61992,1.36123
-0.61978,1.36122
0.58252,-1.39233
0.58088,-1.39242
0.57828,-1.39254
0.57427,-1.39270
0.56846,-1.39288
0.56059,-1.39300
0.55047,-1.39297
0.53784,-1.39261
0.52223,-1.39169
0.50298,-1.38980
0.47925,-1.38635
0.45023,-1.38044
0.41533,-1.37094
0.37439,-1.35657
0.32750,-1.33609
0.27479,-1.30822
0.21618,-1.27156
0.15095,-1.22412
0.07506,-1.16038
-0.04543,-1.03969
-0.64911,1.36103
-0.64402,1.36116
-0.63898,1.36124
-0.63447,1.36129
-0.63075,1.36130
-0.62786,1.36130
-0.62572,1.36129
-0.62417,1.36128
-0.62304,1.36126
-0.62222,1.36126
-0.62161,1.36125
-0.62115,1.36124
-0.62078,1.36124
-0.62049,1.36123
-0.62025,1.36123
-0.62004,1.36123
-0.61987,1.36122
-0.61971,1.36122
-0.61958,1.36122
-0.61946,1.36122
0.58369,-1.39227
0.58276,-1.39232
0.58134,-1.39239
0.57916,-1.39250
0.57589,-1.39264
0.57121,-1.39280
0.56485,-1.39295
0.55658,-1.39301
0.54614,-1.39288
0.53309,-1.39239
0.51684,-1.39124
0.49658,-1.38899
0.47145,-1.38494
0.44060,-1.37808
0.40334,-1.36708
0.35937,-1.35047
0.30892,-1.32683
0.25300,-1.29526
0.19316,-1.25560
0.13024,-1.20764
0.06091,-1.14748
-0.04294,-1.04245
-0.63859,1.36125
-0.63325,1.36129
-0.62935,1.36130
-0.62646,1.36129
-0.62442,1.36128
-0.62302,1.36126
-0.62206,1.36125
-0.62137,1.36125
-0.62088,1.36124
-0.62050,1.36123
-0.62020,1.36123
-0.61996,1.36123
-0.61977,1.36122
-0.61960,1.36122
-0.61946,1.36122
-0.61934,1.36122
-0.61923,1.36121
-0.61914,1.36121
0.58435,-1.39223
0.58374,-1.39227
0.58284,-1.39231
0.58148,-1.39239
0.57943,-1.39249
0.57641,-1.39262
0.57212,-1.39278
0.56630,-1.39293
0.55867,-1.39301
0.54890,-1.39294
0.53651,-1.39255
0.52078,-1.39157
0.50079,-1.38954
0.47547,-1.38568
0.44376,-1.37887
0.40489,-1.36760
0.35875,-1.35021
0.30633,-1.32549
0.24974,-1.29325
0.19147,-1.25440
0.13274,-1.20967
0.07104,-1.15675
-0.00836,-1.07952
-0.63436,1.36129
-0.62795,1.36130
-0.62483,1.36128
-0.62295,1.36126
-0.62178,1.36125
-0.62101,1.36124
-0.62049,1.36123
-0.62011,1.36123
-0.61982,1.36122
-0.61959,1.36122
-0.61941,1.36122
-0.61926,1.36122
-0.61914,1.36121
-0.61903,1.36121
-0.61894,1.36121
-0.61886,1.36121
-0.61879,1.36121
0.58480,-1.39220
0.58437,-1.39223
0.58374,-1.39226
0.58282,-1.39232
0.58144,-1.39239
0.57937,-1.39249
0.57632,-1.39262
0.57199,-1.39278
0.56609,-1.39293
0.55831,-1.39301
0.54824,-1.39293
0.53525,-1.39249
0.51849,-1.39139
0.49685,-1.38903
0.46905,-1.38448
0.43393,-1.37632
0.39096,-1.36279
0.34079,-1.34232
0.28560,-1.31433
0.22844,-1.27970
0.17171,-1.23996
0.11546,-1.19545
0.05525,-1.14223
-0.02940,-1.05722
-0.62645,1.36129
-0.62279,1.36126
-0.62126,1.36124
-0.62041,1.36123
-0.61988,1.36122
-0.61952,1.36122
-0.61926,1.36122
-0.61907,1.36121
-0.61892,1.36121
-0.61880,1.36121
-0.61870,1.36121
-0.61862,1.36120
-0.61856,1.36120
-0.61850,1.36120
-0.61845,1.36120
-0.61840,1.36120
0.58514,-1.39218
0.58482,-1.39220
0.58437,-1.39223
0.58372,-1.39227
0.58275,-1.39232
0.58129,-1.39240
0.57908,-1.39250
0.57582,-1.39264
0.57116,-1.39281
0.56478,-1.39295
0.55629,-1.39301
0.54517,-1.39286
0.53064,-1.39225
0.51163,-1.39075
0.48677,-1.38758
0.45463,-1.38145
0.41423,-1.37059
0.36576,-1.35312
0.31122,-1.32801
0.25393,-1.29583
0.19699,-1.25832
0.14144,-1.21664
0.08485,-1.16912
0.01735,-1.10569
-0.62236,1.36126
-0.61990,1.36123
-0.61911,1.36121
-0.61871,1.36121
-0.61847,1.36120
-0.61832,1.36120
-0.61822,1.36120
-0.61815,1.36120
-0.61810,1.36120
-0.61806,1.36119
-0.61804,1.36119
-0.61802,1.36119
-0.61800,1.36119
-0.61798,1.36119
-0.61797,1.36119
-0.61795,1.36119
0.58541,-1.39217
0.58517,-1.39218
0.58484,-1.39220
0.58437,-1.39223
0.58368,-1.39227
0.58264,-1.39233
0.58106,-1.39241
0.57863,-1.39252
0.57500,-1.39268
0.56978,-1.39284
0.56258,-1.39298
0.55293,-1.39300
0.54012,-1.39270
0.52318,-1.39176
0.50071,-1.38953
0.47111,-1.38488
0.43293,-1.37605
0.38582,-1.36092
0.33138,-1.33794
0.27306,-1.30722
0.21452,-1.27044
0.15748,-1.22918
0.10012,-1.18245
0.03401,-1.12204
-0.11527,-0.95720
-0.61391,1.36111
-0.61534,1.36114
-0.61595,1.36115
-0.61632,1.36116
-0.61657,1.36117
-0.61675,1.36117
-0.61689,1.36117
-0.61701,1.36118
-0.61710,1.36118
-0.61718,1.36118
-0.61725,1.36118
-0.61730,1.36118
-0.61734,1.36118
-0.61738,1.36118
-0.61741,1.36118
0.58563,-1.39216
0.58544,-1.39217
0.58519,-1.39218
0.58485,-1.39220
0.58436,-1.39223
0.58362,-1.39227
0.58250,-1.39233
0.58075,-1.39242
0.57801,-1.39255
0.57388,-1.39272
0.56788,-1.39289
0.55954,-1.39301
0.54825,-1.39293
0.53309,-1.39239
0.51276,-1.39086
0.48550,-1.38738
0.44946,-1.38026
0.40360,-1.36717
0.34886,-1.34594
0.28859,-1.31599
0.22699,-1.27875
0.16637,-1.23596
0.10494,-1.18658
0.03203,-1.12013
-0.56794,1.35856
-0.60028,1.36065
-0.60719,1.36092
-0.61053,1.36102
-0.61243,1.36107
-0.61362,1.36110
-0.61443,1.36112
-0.61500,1.36113
-0.61543,1.36114
-0.61576,1.36115
-0.61602,1.36116
-0.61623,1.36116
-0.61639,1.36116
-0.61653,1.36117
-0.61664,1.36117
-0.61673,1.36117
0.58582,-1.39214
0.58567,-1.39215
0.58548,-1.39216
0.58522,-1.39218
0.58487,-1.39220
0.58435,-1.39223
0.58356,-1.39228
0.58233,-1.39234
0.58037,-1.39244
0.57724,-1.39259
0.57244,-1.39277
0.56541,-1.39294
0.55556,-1.39301
0.54208,-1.39277
0.52375,-1.39180
0.49879,-1.38928
0.46501,-1.38368
0.42054,-1.37252
0.36527,-1.35292
0.30203,-1.32324
0.23540,-1.28422
0.16829,-1.23740
0.09785,-1.18049
0.00097,-1.08915
-0.56637,1.35842
-0.58510,1.35985
-0.59505,1.36041
-0.60153,1.36071
-0.60583,1.36087
-0.60870,1.36097
-0.61067,1.36102
-0.61205,1.36106
-0.61306,1.36109
-0.61381,1.36111
-0.61438,1.36112
-0.61482,1.36113
-0.61517,1.36114
-0.61546,1.36114
-0.61568,1.36115
-0.61587,1.36115
0.58598,-1.39213
0.58586,-1.39214
0.58571,-1.39215
0.58552,-1.39216
0.58526,-1.39218
0.58489,-1.39220
0.58434,-1.39223
0.58350,-1.39228
0.58215,-1.39235
0.57992,-1.39246
0.57629,-1.39263
0.57062,-1.39282
0.56224,-1.39299
0.55040,-1.39297
0.53400,-1.39243
0.51134,-1.39072
0.47999,-1.38647
0.43721,-1.37720
0.38135,-1.35925
0.31383,-1.32934
0.23900,-1.28652
0.15975,-1.23092
0.06697,-1.15304
-0.52857,1.35417
-0.56167,1.35799
-0.57514,1.35914
-0.58456,1.35981
-0.59186,1.36024
-0.59759,1.36053
-0.60199,1.36073
-0.60531,1.36085
-0.60778,1.36094
-0.60963,1.36099
-0.61102,1.36103
-0.61208,1.36106
-0.61290,1.36108
-0.61354,1.36110
-0.61404,1.36111
-0.61445,1.36112
-0.61477,1.36113
0.58612,-1.39213
0.58602,-1.39213
0.58591,-1.39214
0.58576,-1.39215
0.58557,-1.39216
0.58531,-1.39218
0.58493,-1.39220
0.58435,-1.39223
0.58345,-1.39228
0.58195,-1.39236
0.57939,-1.39249
0.57511,-1.39267
0.56829,-1.39288
0.55812,-1.39301
0.54359,-1.39282
0.52316,-1.39176
0.49432,-1.38869
0.45355,-1.38121
0.39707,-1.36495
0.32305,-1.33393
0.23296,-1.28264
0.12328,-1.20195
-0.49035,1.34810
-0.54000,1.35564
-0.55731,1.35756
-0.56851,1.35861
-0.57705,1.35929
-0.58406,1.35978
-0.58998,1.36014
-0.59498,1.36041
-0.59914,1.36060
-0.60252,1.36075
-0.60522,1.36085
-0.60735,1.36092
-0.60903,1.36098
-0.61035,1.36102
-0.61139,1.36104
-0.61221,1.36107
-0.61287,1.36108
-0.61340,1.36110
0.58624,-1.39212
0.58617,-1.39212
0.58608,-1.39213
0.58597,-1.39214
0.58582,-1.39214
0.58563,-1.39216
0.58537,-1.39217
0.58498,-1.39219
0.58438,-1.39223
0.58341,-1.39228
0.58174,-1.39237
0.57876,-1.39252
0.57359,-1.39273
0.56519,-1.39295
0.55250,-1.39299
0.53411,-1.39244
0.50760,-1.39033
0.46877,-1.38443
0.41088,-1.36954
0.32378,-1.33429
0.18326,-1.24847
-0.44539,1.33880
-0.51168,1.35170
-0.53768,1.35535
-0.55281,1.35710
-0.56331,1.35814
-0.57140,1.35885
-0.57808,1.35936
-0.58383,1.35976
-0.58885,1.36007
-0.59326,1.36032
-0.59709,1.36051
-0.60036,1.36066
-0.60311,1.36077
-0.60538,1.36086
-0.60723,1.36092
-0.60874,1.36097
-0.60995,1.36100
-0.61093,1.36103
-0.61172,1.36105
0.58636,-1.39211
0.58630,-1.39212
0.58623,-1.39212
0.58615,-1.39212
0.58604,-1.39213
0.58590,-1.39214
0.58571,-1.39215
0.58545,-1.39217
0.58506,-1.39219
0.58445,-1.39223
0.58341,-1.39228
0.58152,-1.39238
0.57796,-1.39255
0.57146,-1.39280
0.56062,-1.39300
0.54391,-1.39283
0.51885,-1.39142
0.47997,-1.38647
0.41155,-1.36975
0.10611,0.97921
-0.30494,1.29530
-0.45100,1.34009
-0.50608,1.35080
-0.53235,1.35467
-0.54793,1.35657
-0.55862,1.35769
-0.56671,1.35845
-0.57328,1.35900
-0.57889,1.35942
-0.58381,1.35976
-0.58820,1.36004
-0.59214,1.36026
-0.59566,1.36044
-0.59876,1.36059
-0.60145,1.36070
-0.60376,1.36080
-0.60571,1.36087
-0.60733,1.36092
-0.60867,1.36097
-0.60976,1.36100
0.58647,-1.39210
0.58642,-1.39211
0.58637,-1.39211
0.58631,-1.39211
0.58623,-1.39212
0.58613,-1.39213
0.58599,-1.39213
0.58582,-1.39214
0.58556,-1.39216
0.58518,-1.39218
0.58456,-1.39222
0.58345,-1.39228
0.58126,-1.39240
0.57674,-1.39261
0.56782,-1.39289
0.55201,-1.39299
0.52472,-1.39187
0.44958,-1.38029
0.13013,0.94427
-0.09432,1.18247
-0.29670,1.29206
-0.43255,1.33573
-0.49507,1.34894
-0.52520,1.35370
-0.54252,1.35594
-0.55400,1.35723
-0.56245,1.35806
-0.56915,1.35866
-0.57475,1.35911
-0.57961,1.35948
-0.58395,1.35977
-0.58787,1.36002
-0.59144,1.36022
-0.59468,1.36039
-0.59760,1.36054
-0.60021,1.36065
-0.60250,1.36075
-0.60448,1.36082
-0.60616,1.36088
-0.60758,1.36093
0.58657,-1.39210
0.58654,-1.39210
0.58650,-1.39210
0.58646,-1.39211
0.58640,-1.39211
0.58633,-1.39211
0.58624,-1.39212
0.58612,-1.39213
0.58596,-1.39214
0.58572,-1.39215
0.58536,-1.39217
0.58474,-1.39221
0.58353,-1.39228
0.58080,-1.39242
0.57395,-1.39271
0.55655,-1.39301
0.37666,0.42902
0.19620,0.83367
0.05960,1.03934
-0.09416,1.18236
-0.26382,1.27828
-0.40493,1.32851
-0.48004,1.34617
-0.51634,1.35241
-0.53642,1.35520
-0.54923,1.35671
-0.55834,1.35767
-0.56536,1.35833
-0.57110,1.35882
-0.57599,1.35921
-0.58031,1.35952
-0.58419,1.35979
-0.58774,1.36001
-0.59102,1.36020
-0.59403,1.36036
-0.59680,1.36050
-0.59931,1.36061
-0.60156,1.36071
-0.60353,1.36079
-0.60525,1.36085
0.58668,-1.39209
0.58666,-1.39209
0.58663,-1.39209
0.58660,-1.39210
0.58657,-1.39210
0.58652,-1.39210
0.58646,-1.39211
0.58639,-1.39211
0.58629,-1.39212
0.58616,-1.39212
0.58595,-1.39214
0.58562,-1.39216
0.58502,-1.39219
0.58362,-1.39227
0.57891,-1.39251
0.40687,0.34873
0.25539,0.71644
0.16019,0.89663
0.05549,1.04421
-0.07191,1.16584
-0.22325,1.25939
-0.36969,1.31808
-0.46062,1.34221
-0.50551,1.35071
-0.52945,1.35429
-0.54412,1.35613
-0.55418,1.35724
-0.56171,1.35799
-0.56772,1.35854
-0.57274,1.35896
-0.57710,1.35929
-0.58098,1.35957
-0.58451,1.35981
-0.58777,1.36001
-0.59081,1.36019
-0.59364,1.36034
-0.59627,1.36047
-0.59869,1.36058
-0.60089,1.36068
-0.60284,1.36076
0.58678,-1.39209
0.58677,-1.39209
0.58676,-1.39209
0.58675,-1.39209
0.58673,-1.39209
0.58671,-1.39209
0.58669,-1.39209
0.58665,-1.39209
0.58661,-1.39210
0.58655,-1.39210
0.58646,-1.39211
0.58632,-1.39211
0.58608,-1.39213
0.58556,-1.39216
0.58323,-1.39229
0.32318,0.56295
0.24006,0.74839
0.16140,0.89462
0.07126,1.02515
-0.04068,1.14061
-0.17848,1.23585
-0.32695,1.30358
-0.43554,1.33646
-0.49204,1.34840
-0.52127,1.35314
-0.53843,1.35545
-0.54979,1.35677
-0.55803,1.35764
-0.56444,1.35824
-0.56968,1.35870
-0.57415,1.35907
-0.57808,1.35936
-0.58162,1.35961
-0.58487,1.35983
-0.58790,1.36002
-0.59075,1.36018
-0.59343,1.36033
-0.59595,1.36046
-0.59829,1.36057
-0.60044,1.36066
0.58690,-1.39208
0.58690,-1.39208
0.58690,-1.39208
0.58691,-1.39208
0.58691,-1.39208
0.58692,-1.39208
0.58693,-1.39208
0.58694,-1.39208
0.58695,-1.39208
0.58696,-1.39207
0.58698,-1.39207
0.58702,-1.39207
0.58712,-1.39206
0.58748,-1.39204
0.59589,-1.39143
0.33035,0.54561
0.25365,0.72013
0.18121,0.86067
0.09935,0.98855
-0.00208,1.10564
-0.12908,1.20613
-0.27586,1.28348
-0.40220,1.32776
-0.47443,1.34507
-0.51117,1.35162
-0.53179,1.35460
-0.54490,1.35622
-0.55411,1.35724
-0.56108,1.35793
-0.56666,1.35844
-0.57133,1.35884
-0.57537,1.35916
-0.57896,1.35943
-0.58222,1.35966
-0.58525,1.35985
-0.58810,1.36003
-0.59080,1.36019
-0.59337,1.36033
-0.59580,1.36045
-0.59807,1.36056
0.58702,-1.39207
0.58704,-1.39207
0.58706,-1.39207
0.58709,-1.39207
0.58712,-1.39206
0.58716,-1.39206
0.58720,-1.39206
0.58727,-1.39206
0.58735,-1.39205
0.58747,-1.39204
0.58765,-1.39203
0.58798,-1.39201
0.58869,-1.39196
0.59082,-1.39182
0.60368,-1.39075
0.37838,0.42452
0.28901,0.64272
0.21696,0.79446
0.13984,0.92938
0.04628,1.05487
-0.07166,1.16565
-0.21378,1.25465
-0.35546,1.31348
-0.44932,1.33971
-0.49755,1.34937
-0.52338,1.35344
-0.53903,1.35552
-0.54962,1.35676
-0.55740,1.35757
-0.56348,1.35816
-0.56846,1.35860
-0.57269,1.35895
-0.57640,1.35924
-0.57973,1.35948
-0.58278,1.35969
-0.58564,1.35988
-0.58835,1.36004
-0.59094,1.36019
-0.59342,1.36033
-0.59577,1.36045
0.58716,-1.39206
0.58720,-1.39206
0.58724,-1.39206
0.58730,-1.39205
0.58736,-1.39205
0.58744,-1.39204
0.58754,-1.39204
0.58768,-1.39203
0.58787,-1.39202
0.58816,-1.39200
0.58862,-1.39197
0.58945,-1.39191
0.59117,-1.39179
0.59532,-1.39148
0.60638,-1.39048
0.64112,-1.38579
0.35480,0.48504
0.27236,0.67985
0.19652,0.83307
0.10946,0.97449
0.00018,1.10345
-0.13515,1.21002
-0.28591,1.28768
-0.40844,1.32948
-0.47638,1.34546
-0.51121,1.35162
-0.53109,1.35450
-0.54387,1.35610
-0.55291,1.35711
-0.55977,1.35781
-0.56526,1.35832
-0.56983,1.35872
-0.57376,1.35904
-0.57723,1.35930
-0.58037,1.35953
-0.58327,1.35973
-0.58601,1.35990
-0.58862,1.36006
-0.59113,1.36020
-0.59354,1.36033
0.58733,-1.39205
0.58739,-1.39205
0.58746,-1.39204
0.58755,-1.39204
0.58766,-1.39203
0.58779,-1.39202
0.58798,-1.39201
0.58823,-1.39199
0.58858,-1.39197
0.58912,-1.39193
0.59001,-1.39187
0.59155,-1.39177
0.59440,-1.39155
0.59978,-1.39111
0.60950,-1.39015
0.62551,-1.38818
0.65452,-1.38338
0.36588,0.45685
0.27839,0.66654
0.19575,0.83450
0.09677,0.99205
-0.02904,1.13052
-0.17949,1.23641
-0.33146,1.30521
-0.43597,1.33657
-0.48982,1.34800
-0.51822,1.35269
-0.53518,1.35504
-0.54652,1.35641
-0.55476,1.35730
-0.56115,1.35794
-0.56633,1.35841
-0.57068,1.35879
-0.57445,1.35909
-0.57780,1.35934
-0.58084,1.35956
-0.58367,1.35975
-0.58633,1.35992
-0.58889,1.36008
-0.59135,1.36022
0.58752,-1.39204
0.58761,-1.39203
0.58772,-1.39203
0.58786,-1.39202
0.58803,-1.39201
0.58824,-1.39199
0.58854,-1.39197
0.58894,-1.39195
0.58953,-1.39191
0.59042,-1.39185
0.59184,-1.39174
0.59415,-1.39157
0.59795,-1.39126
0.60408,-1.39071
0.61331,-1.38973
0.62577,-1.38814
0.64055,-1.38589
0.65739,-1.38283
0.73456,-1.36261
0.32362,0.56190
0.23429,0.76013
0.12699,0.94900
-0.01264,1.11566
-0.17715,1.23510
-0.33602,1.30683
-0.43946,1.33741
-0.49142,1.34829
-0.51889,1.35279
-0.53546,1.35507
-0.54665,1.35642
-0.55485,1.35731
-0.56124,1.35795
-0.56645,1.35843
-0.57083,1.35880
-0.57464,1.35911
-0.57801,1.35936
-0.58106,1.35958
-0.58389,1.35977
-0.58656,1.35994
-0.58911,1.36009
0.58776,-1.39202
0.58789,-1.39202
0.58805,-1.39200
0.58824,-1.39199
0.58849,-1.39198
0.58882,-1.39195
0.58925,-1.39193
0.58986,-1.39188
0.59074,-1.39182
0.59205,-1.39173
0.59403,-1.39158
0.59707,-1.39134
0.60167,-1.39093
0.60844,-1.39026
0.61781,-1.38919
0.62969,-1.38758
0.64321,-1.38544
0.65699,-1.38290
0.66963,-1.38029
0.68015,-1.37790
0.69252,-1.37485
0.37145,0.44253
0.26644,0.69276
0.13045,0.94380
-0.05494,1.15244
-0.25231,1.27314
-0.40071,1.32734
-0.47481,1.34515
-0.51046,1.35151
-0.53042,1.35442
-0.54329,1.35603
-0.55247,1.35706
-0.55950,1.35778
-0.56518,1.35831
-0.56993,1.35872
-0.57402,1.35906
-0.57762,1.35933
-0.58086,1.35956
-0.58383,1.35976
-0.58660,1.35994
0.58805,-1.39200
0.58823,-1.39199
0.58845,-1.39198
0.58872,-1.39196
0.58907,-1.39194
0.58952,-1.39191
0.59014,-1.39186
0.59099,-1.39181
0.59220,-1.39172
0.59394,-1.39159
0.59648,-1.39139
0.60020,-1.39107
0.60554,-1.39056
0.61301,-1.38976
0.62295,-1.38853
0.63529,-1.38673
0.64954,-1.38432
0.66491,-1.38130
0.68062,-1.37779
0.69601,-1.37394
0.71048,-1.36997
0.72334,-1.36615
0.73358,-1.36293
0.73934,-1.36104
0.73609,-1.36211
0.44725,0.23642
0.18401,0.85570
-0.14594,1.21676
-0.38105,1.32160
-0.47633,1.34545
-0.51433,1.35211
-0.53392,1.35488
-0.54623,1.35638
-0.55502,1.35733
-0.56183,1.35800
-0.56742,1.35851
-0.57216,1.35891
-0.57629,1.35923
-0.57996,1.35950
-0.58327,1.35973
0.58841,-1.39198
0.58865,-1.39197
0.58894,-1.39195
0.58930,-1.39192
0.58976,-1.39189
0.59037,-1.39185
0.59118,-1.39179
0.59229,-1.39171
0.59384,-1.39160
0.59602,-1.39142
0.59912,-1.39116
0.60349,-1.39076
0.60960,-1.39014
0.61787,-1.38918
0.62862,-1.38774
0.64184,-1.38567
0.65723,-1.38286
0.67429,-1.37925
0.69249,-1.37485
0.71124,-1.36975
0.72977,-1.36415
0.74717,-1.35840
0.76259,-1.35290
0.77549,-1.34803
0.78570,-1.34400
0.79325,-1.34092
0.79808,-1.33890
0.79929,-1.33839
0.79198,-1.34144
0.74990,-1.35745
-0.15417,1.22175
-0.43950,1.33742
-0.50667,1.35090
-0.53206,1.35463
-0.54595,1.35634
-0.55535,1.35736
-0.56254,1.35807
-0.56843,1.35860
-0.57348,1.35901
-0.57790,1.35935
0.58884,-1.39195
0.58914,-1.39193
0.58952,-1.39191
0.58998,-1.39188
0.59058,-1.39183
0.59134,-1.39178
0.59236,-1.39171
0.59374,-1.39160
0.59563,-1.39146
0.59825,-1.39124
0.60190,-1.39091
0.60696,-1.39042
0.61386,-1.38966
0.62303,-1.38852
0.63470,-1.38683
0.64888,-1.38444
0.66529,-1.38122
0.68353,-1.37709
0.70304,-1.37205
0.72300,-1.36626
0.74235,-1.36004
0.75995,-1.35387
0.77497,-1.34823
0.78715,-1.34341
0.79670,-1.33948
0.80406,-1.33635
0.80971,-1.33390
0.81403,-1.33199
0.81725,-1.33054
0.81939,-1.32958
0.81995,-1.32932
0.81645,-1.33090
0.78353,-1.34487
-0.21660,1.25608
-0.47847,1.34586
-0.52447,1.35360
-0.54301,1.35600
-0.55401,1.35723
-0.56203,1.35802
-0.56854,1.35861
0.58935,-1.39192
0.58972,-1.39189
0.59019,-1.39186
0.59076,-1.39182
0.59148,-1.39177
0.59241,-1.39170
0.59364,-1.39161
0.59528,-1.39148
0.59751,-1.39130
0.60058,-1.39103
0.60481,-1.39063
0.61059,-1.39003
0.61835,-1.38912
0.62845,-1.38776
0.64105,-1.38580
0.65607,-1.38308
0.67323,-1.37949
0.69211,-1.37495
0.71204,-1.36952
0.73210,-1.36341
0.75108,-1.35704
0.76787,-1.35094
0.78183,-1.34555
0.79291,-1.34106
0.80147,-1.33746
0.80804,-1.33462
0.81313,-1.33239
0.81712,-1.33060
0.82032,-1.32916
0.82291,-1.32797
0.82504,-1.32699
0.82672,-1.32621
0.82786,-1.32568
0.82798,-1.32562
0.82485,-1.32708
0.78846,-1.34288
-0.35227,1.31242
-0.50632,1.35084
-0.53705,1.35528
-0.55124,1.35693
0.58992,-1.39188
0.59038,-1.39185
0.59093,-1.39181
0.59161,-1.39176
0.59246,-1.39170
0.59355,-1.39162
0.59498,-1.39151
0.59689,-1.39135
0.59948,-1.39113
0.60302,-1.39081
0.60787,-1.39032
0.61442,-1.38960
0.62307,-1.38851
0.63408,-1.38692
0.64751,-1.38468
0.66320,-1.38165
0.68081,-1.37774
0.69988,-1.37291
0.71971,-1.36726
0.73930,-1.36106
0.75749,-1.35476
0.77328,-1.34889
0.78621,-1.34379
0.79637,-1.33962
0.80418,-1.33630
0.81017,-1.33369
0.81481,-1.33164
0.81846,-1.33000
0.82140,-1.32866
0.82382,-1.32755
0.82585,-1.32661
0.82759,-1.32581
0.82909,-1.32511
0.83038,-1.32450
0.83143,-1.32401
0.83211,-1.32369
0.83188,-1.32380
0.82781,-1.32570
0.43679,0.26606
-0.45383,1.34072
0.59057,-1.39184
0.59109,-1.39180
0.59173,-1.39175
0.59251,-1.39170
0.59348,-1.39162
0.59473,-1.39153
0.59637,-1.39140
0.59856,-1.39121
0.60153,-1.39095
0.60558,-1.39056
0.61109,-1.38998
0.61845,-1.38911
0.62799,-1.38783
0.63986,-1.38600
0.65400,-1.38348
0.67015,-1.38017
0.68794,-1.37601
0.70689,-1.37099
0.72630,-1.36524
0.74518,-1.35908
0.76245,-1.35296
0.77726,-1.34735
0.78929,-1.34254
0.79871,-1.33863
0.80595,-1.33553
0.81152,-1.33310
0.81584,-1.33117
0.81926,-1.32963
0.82202,-1.32838
0.82429,-1.32734
0.82620,-1.32645
0.82782,-1.32570
0.82923,-1.32504
0.83047,-1.32446
0.83157,-1.32394
0.83256,-1.32347
0.83344,-1.32306
0.83416,-1.32271
0.83455,-1.32253
0.83386,-1.32286
0.59125,-1.39179
0.59184,-1.39174
0.59255,-1.39169
0.59342,-1.39163
0.59452,-1.39154
0.59593,-1.39143
0.59778,-1.39128
0.60027,-1.39106
0.60366,-1.39075
0.60827,-1.39028
0.61449,-1.38959
0.62269,-1.38856
0.63311,-1.38707
0.64575,-1.38500
0.66043,-1.38222
0.67683,-1.37867
0.69458,-1.37431
0.71321,-1.36918
0.73203,-1.36343
0.75010,-1.35738
0.76645,-1.35147
0.78037,-1.34613
0.79163,-1.34159
0.80044,-1.33790
0.80723,-1.33498
0.81248,-1.33267
0.81657,-1.33085
0.81982,-1.32938
0.82245,-1.32818
0.82462,-1.32718
0.82644,-1.32634
0.82799,-1.32562
0.82932,-1.32500
0.83048,-1.32445
0.83151,-1.32397
0.83243,-1.32354
0.83325,-1.32314
0.83402,-1.32278
0.83472,-1.32245
0.83537,-1.32214
0.59195,-1.39174
0.59261,-1.39169
0.59339,-1.39163
0.59435,-1.39156
0.59556,-1.39146
0.59714,-1.39133
0.59923,-1.39115
0.60205,-1.39090
0.60590,-1.39053
0.61112,-1.38997
0.61811,-1.38915
0.62716,-1.38795
0.63839,-1.38624
0.65169,-1.38392
0.66674,-1.38091
0.68322,-1.37716
0.70077,-1.37267
0.71894,-1.36749
0.73708,-1.36179
0.75433,-1.35589
0.76980,-1.35021
0.78291,-1.34512
0.79350,-1.34081
0.80181,-1.33732
0.80823,-1.33454
0.81322,-1.33234
0.81713,-1.33060
0.82025,-1.32919
0.82278,-1.32803
0.82487,-1.32707
0.82663,-1.32625
0.82813,-1.32556
0.82942,-1.32495
0.83053,-1.32443
0.83151,-1.32397
0.83237,-1.32356
0.83314,-1.32320
0.83382,-1.32287
0.83446,-1.32257
0.83504,-1.32229
0.59266,-1.39168
0.59337,-1.39163
0.59422,-1.39157
0.59527,-1.39148
0.59661,-1.39138
0.59836,-1.39123
0.60071,-1.39102
0.60391,-1.39072
0.60826,-1.39028
0.61416,-1.38963
0.62195,-1.38866
0.63184,-1.38726
0.64382,-1.38533
0.65762,-1.38278
0.67289,-1.37957
0.68929,-1.37567
0.70651,-1.37109
0.72414,-1.36591
0.74157,-1.36030
0.75801,-1.35457
0.77268,-1.34912
0.78506,-1.34426
0.79507,-1.34016
0.80294,-1.33683
0.80906,-1.33418
0.81383,-1.33207
0.81759,-1.33039
0.82060,-1.32903
0.82305,-1.32791
0.82509,-1.32697
0.82680,-1.32618
0.82826,-1.32550
0.82951,-1.32491
0.83060,-1.32440
0.83155,-1.32395
0.83238,-1.32356
0.83311,-1.32321
0.83376,-1.32291
0.83433,-1.32263
0.83486,-1.32238
