-1.63376,-0.15354
-1.63379,-0.15150
-1.63376,-0.14924
-1.63368,-0.14667
-1.63354,-0.14367
-1.63336,-0.14014
-1.63311,-0.13594
-1.63279,-0.13088
-1.63237,-0.12474
-1.63183,-0.11722
-1.63112,-0.10791
-1.63016,-0.09629
-1.62885,-0.08166
-1.62703,-0.06318
-1.62448,-0.03988
-1.62090,-0.01080
-1.61593,0.02470
-1.60919,0.06662
-1.60041,0.11414
-1.58942,0.16587
-1.57620,0.22051
-1.56068,0.27757
-1.54262,0.33772
-1.52147,0.40264
-1.49649,0.47452
-1.46706,0.55489
-1.43309,0.64303
-1.39544,0.73472
-1.35576,0.82305
-1.31607,0.90166
-1.27818,0.96743
-1.24326,1.02055
-1.21174,1.06298
-1.18348,1.09715
-1.15797,1.12520
-1.13458,1.14885
-1.11274,1.16933
-1.09193,1.18753
-1.07177,1.20406
-1.05196,1.21935
-1.63251,-0.15526
-1.63285,-0.15273
-1.63302,-0.15012
-1.63308,-0.14730
-1.63305,-0.14413
-1.63294,-0.14049
-1.63275,-0.13621
-1.63248,-0.13110
-1.63210,-0.12494
-1.63158,-0.11742
-1.63089,-0.10811
-1.62995,-0.09646
-1.62864,-0.08177
-1.62681,-0.06313
-1.62421,-0.03948
-1.62054,-0.00978
-1.61539,0.02669
-1.60836,0.07000
-1.59911,0.11932
-1.58746,0.17319
-1.57335,0.23029
-1.55671,0.29019
-1.53724,0.35364
-1.51440,0.42243
-1.48748,0.49860
-1.45600,0.58316
-1.42015,0.67436
-1.38103,0.76692
-1.34039,0.85376
-1.30016,0.92944
-1.26197,0.99203
-1.22676,1.04246
-1.19481,1.08297
-1.16588,1.11590
-1.13944,1.14325
-1.11493,1.16655
-1.09181,1.18690
-1.06967,1.20505
-1.04819,1.22152
-1.02716,1.23667
-1.62875,-0.15968
-1.63023,-0.15593
-1.63112,-0.15246
-1.63164,-0.14903
-1.63192,-0.14542
-1.63203,-0.14145
-1.63200,-0.13694
-1.63184,-0.13167
-1.63154,-0.12539
-1.63109,-0.11778
-1.63044,-0.10840
-1.62953,-0.09667
-1.62823,-0.08184
-1.62639,-0.06296
-1.62375,-0.03887
-1.61997,-0.00845
-1.61462,0.02915
-1.60724,0.07404
-1.59745,0.12536
-1.58505,0.18161
-1.56994,0.24143
-1.55202,0.30442
-1.53100,0.37146
-1.50632,0.44437
-1.47734,0.52498
-1.44378,0.61360
-1.40607,0.70737
-1.36547,0.80017
-1.32378,0.88511
-1.28282,0.95783
-1.24401,1.01748
-1.20814,1.06558
-1.17537,1.10446
-1.14539,1.13635
-1.11773,1.16307
-1.09189,1.18599
-1.06743,1.20604
-1.04401,1.22389
-1.02141,1.23999
-0.99948,1.25461
-1.61131,-0.17051
-1.62021,-0.16371
-1.62474,-0.15817
-1.62727,-0.15326
-1.62876,-0.14859
-1.62963,-0.14384
-1.63011,-0.13875
-1.63030,-0.13304
-1.63026,-0.12643
-1.62998,-0.11855
-1.62946,-0.10894
-1.62863,-0.09700
-1.62738,-0.08191
-1.62555,-0.06264
-1.62287,-0.03798
-1.61898,-0.00667
-1.61339,0.03226
-1.60561,0.07896
-1.59520,0.13256
-1.58192,0.19146
-1.56567,0.25427
-1.54634,0.32065
-1.52361,0.39155
-1.49695,0.46881
-1.46584,0.55392
-1.43017,0.64636
-1.39058,0.74218
-1.34843,0.83465
-1.30548,0.91743
-1.26345,0.98730
-1.22361,1.04432
-1.18663,1.09038
-1.15260,1.12782
-1.12126,1.15874
-1.09220,1.18475
-1.06500,1.20706
-1.03932,1.22651
-1.01491,1.24367
-0.99161,1.25894
-0.96933,1.27258
-1.38043,-0.21434
-1.53767,-0.18609
-1.58750,-0.17255
-1.60715,-0.16343
-1.61645,-0.15607
-1.62141,-0.14945
-1.62423,-0.14298
-1.62587,-0.13623
-1.62675,-0.12881
-1.62710,-0.12028
-1.62700,-0.11012
-1.62646,-0.09767
-1.62540,-0.08207
-1.62366,-0.06219
-1.62100,-0.03671
-1.61700,-0.00424
-1.61116,0.03630
-1.60293,0.08514
-1.59181,0.14135
-1.57754,0.20323
-1.56001,0.26933
-1.53913,0.33936
-1.51458,0.41437
-1.48588,0.49611
-1.45262,0.58567
-1.41484,0.68159
-1.37330,0.77893
-1.32938,0.87067
-1.28480,0.95122
-1.24120,1.01843
-1.19981,1.07309
-1.16124,1.11731
-1.12561,1.15334
-1.09274,1.18313
-1.06229,1.20814
-1.03396,1.22943
-1.00747,1.24779
-0.98263,1.26374
-0.95929,1.27768
-0.93738,1.28989
-0.42631,-0.52777
-0.58599,-0.39693
-0.98128,-0.27560
-1.35734,-0.20689
-1.51300,-0.17884
-1.57054,-0.16397
-1.59514,-0.15317
-1.60723,-0.14366
-1.61375,-0.13426
-1.61739,-0.12421
-1.61932,-0.11280
-1.62008,-0.09927
-1.61986,-0.08263
-1.61867,-0.06168
-1.61630,-0.03493
-1.61240,-0.00087
-1.60642,0.04173
-1.59778,0.09314
-1.58595,0.15237
-1.57066,0.21759
-1.55182,0.28727
-1.52938,0.36116
-1.50306,0.44038
-1.47243,0.52658
-1.43712,0.62038
-1.39726,0.71942
-1.35359,0.81786
-1.30750,0.90868
-1.26071,0.98708
-1.21492,1.05187
-1.17139,1.10433
-1.13083,1.14667
-1.09346,1.18106
-1.05917,1.20930
-1.02773,1.23275
-0.99886,1.25244
-0.97229,1.26910
-0.94782,1.28331
-0.92526,1.29547
-0.90447,1.30591
-0.26103,-0.76992
-0.31362,-0.68780
-0.37223,-0.59685
-0.44672,-0.49449
-0.58066,-0.38634
-0.87465,-0.28349
-1.22352,-0.21069
-1.42706,-0.17287
-1.51820,-0.15136
-1.56005,-0.13515
-1.58101,-0.11993
-1.59217,-0.10361
-1.59808,-0.08468
-1.60070,-0.06162
-1.60078,-0.03273
-1.59846,0.00371
-1.59344,0.04907
-1.58525,0.10366
-1.57342,0.16640
-1.55773,0.23530
-1.53818,0.30871
-1.51479,0.38645
-1.48732,0.46972
-1.45533,0.56015
-1.41840,0.65790
-1.37654,0.75981
-1.33044,0.85928
-1.28152,0.94929
-1.23172,1.02577
-1.18300,1.08825
-1.13687,1.13839
-1.09422,1.17846
-1.05539,1.21061
-1.02030,1.23658
-0.98869,1.25774
-0.96022,1.27513
-0.93454,1.28954
-0.91135,1.30157
-0.89038,1.31165
-0.87141,1.32016
-0.15247,-0.92313
-0.20227,-0.85529
-0.24834,-0.78714
-0.29229,-0.71792
-0.33689,-0.64574
-0.38557,-0.56828
-0.44341,-0.48510
-0.52722,-0.39924
-0.68001,-0.31471
-0.92044,-0.23779
-1.16287,-0.17833
-1.32980,-0.13612
-1.42655,-0.10266
-1.48093,-0.07066
-1.51195,-0.03544
-1.52945,0.00617
-1.53806,0.05625
-1.53972,0.11540
-1.53519,0.18255
-1.52491,0.25558
-1.50931,0.33280
-1.48871,0.41415
-1.46304,0.50113
-1.43186,0.59552
-1.39460,0.69728
-1.35111,0.80245
-1.30212,0.90353
-1.24945,0.99324
-1.19568,1.06801
-1.14343,1.12799
-1.09466,1.17521
-1.05045,1.21215
-1.01109,1.24108
-0.97638,1.26386
-0.94585,1.28196
-0.91896,1.29648
-0.89521,1.30824
-0.87416,1.31786
-0.85544,1.32580
-0.83876,1.33240
-0.06180,-1.03156
-0.11125,-0.97369
-0.15804,-0.91430
-0.20141,-0.85465
-0.24157,-0.79505
-0.27935,-0.73516
-0.31594,-0.67423
-0.35276,-0.61144
-0.39120,-0.54621
-0.43282,-0.47881
-0.48090,-0.41055
-0.54304,-0.34277
-0.63006,-0.27557
-0.74741,-0.20797
-0.88672,-0.13890
-1.02996,-0.06717
-1.16035,0.00862
-1.26719,0.08918
-1.34541,0.17356
-1.39499,0.25974
-1.41989,0.34653
-1.42550,0.43492
-1.41621,0.52773
-1.39450,0.62789
-1.36142,0.73572
-1.31785,0.84641
-1.26565,0.95095
-1.20818,1.04131
-1.14967,1.11432
-1.09394,1.17096
-1.04344,1.21400
-0.99916,1.24647
-0.96100,1.27102
-0.92831,1.28974
-0.90029,1.30421
-0.87613,1.31554
-0.85518,1.32455
-0.83691,1.33181
-0.82087,1.33773
-0.80675,1.34262
0.00674,-1.10366
-0.03958,-1.05506
-0.08523,-1.00348
-0.12878,-0.95050
-0.16949,-0.89718
-0.20732,-0.84392
-0.24269,-0.79050
-0.27620,-0.73641
-0.30850,-0.68113
-0.34013,-0.62429
-0.37151,-0.56582
-0.40295,-0.50590
-0.43481,-0.44479
-0.46788,-0.38241
-0.50388,-0.31793
-0.54624,-0.24936
-0.60111,-0.17338
-0.67844,-0.08551
-0.79022,0.01878
-0.93828,0.14013
-1.09652,0.27058
-1.22248,0.39838
-1.29495,0.52013
-1.31918,0.64103
-1.30757,0.76535
-1.27026,0.88911
-1.21586,1.00160
-1.15314,1.09398
-1.09020,1.16440
-1.03258,1.21589
-0.98276,1.25287
-0.94094,1.27940
-0.90619,1.29863
-0.87728,1.31282
-0.85305,1.32350
-0.83254,1.33171
-0.81499,1.33815
-0.79986,1.34330
-0.78671,1.34749
-0.77524,1.35093
0.05934,-1.15401
0.01585,-1.11206
-0.02832,-1.06629
-0.07161,-1.01815
-0.11285,-0.96896
-0.15147,-0.91957
-0.18752,-0.87018
-0.22140,-0.82047
-0.25369,-0.76976
-0.28491,-0.71733
-0.31545,-0.66264
-0.34546,-0.60547
-0.37495,-0.54594
-0.40388,-0.48427
-0.43239,-0.42047
-0.46098,-0.35397
-0.49074,-0.28352
-0.52382,-0.20718
-0.56451,-0.12226
-0.62137,-0.02471
-0.70930,0.09199
-0.84319,0.23581
-1.00857,0.40666
-1.14484,0.58835
-1.20492,0.76406
-1.19517,0.92332
-1.14433,1.05410
-1.07843,1.15031
-1.01409,1.21615
-0.95862,1.25991
-0.91336,1.28899
-0.87706,1.30864
-0.84790,1.32228
-0.82422,1.33204
-0.80472,1.33924
-0.78841,1.34472
-0.77460,1.34899
-0.76278,1.35241
-0.75257,1.35519
-0.74371,1.35749
0.10391,-1.19346
0.06248,-1.15635
0.01921,-1.11474
-0.02432,-1.06978
-0.06667,-1.02286
-0.10681,-0.97520
-0.14436,-0.92745
-0.17949,-0.87964
-0.21270,-0.83123
-0.24462,-0.78137
-0.27581,-0.72916
-0.30659,-0.67385
-0.33706,-0.61511
-0.36705,-0.55301
-0.39630,-0.48794
-0.42465,-0.42016
-0.45222,-0.34956
-0.47955,-0.27551
-0.50785,-0.19686
-0.53959,-0.11179
-0.57987,-0.01685
-0.63901,0.09551
-0.73465,0.24083
-0.87747,0.44076
-1.01926,0.69160
-1.07264,0.93170
-1.04014,1.10329
-0.97844,1.20615
-0.91994,1.26475
-0.87288,1.29869
-0.83659,1.31917
-0.80861,1.33215
-0.78673,1.34078
-0.76928,1.34681
-0.75508,1.35119
-0.74333,1.35452
-0.73343,1.35712
-0.72499,1.35923
-0.71773,1.36097
-0.71143,1.36243
0.14498,-1.22715
0.10543,-1.19427
0.06299,-1.15629
0.01901,-1.11393
-0.02491,-1.06845
-0.06733,-1.02127
-0.10736,-0.97353
-0.14475,-0.92571
-0.17981,-0.87765
-0.21315,-0.82861
-0.24544,-0.77759
-0.27724,-0.72354
-0.30883,-0.66565
-0.34018,-0.60361
-0.37098,-0.53763
-0.40077,-0.46832
-0.42920,-0.39624
-0.45619,-0.32163
-0.48208,-0.24420
-0.50783,-0.16311
-0.53539,-0.07639
-0.56871,0.02060
-0.61580,0.13900
-0.69150,0.30468
-0.80521,0.56316
-0.89764,0.89663
-0.89544,1.13940
-0.85060,1.25298
-0.80843,1.30315
-0.77650,1.32753
-0.75301,1.34068
-0.73547,1.34844
-0.72208,1.35339
-0.71159,1.35675
-0.70317,1.35919
-0.69625,1.36105
-0.69045,1.36254
-0.68550,1.36378
-0.68123,1.36483
-0.67751,1.36575
0.18436,-1.25701
0.14702,-1.22828
0.10588,-1.19413
0.06189,-1.15471
0.01656,-1.11088
-0.02840,-1.06404
-0.07156,-1.01564
-0.11212,-0.96675
-0.14999,-0.91769
-0.18561,-0.86808
-0.21967,-0.81702
-0.25287,-0.76333
-0.28572,-0.70590
-0.31841,-0.64397
-0.35073,-0.57740
-0.38217,-0.50673
-0.41209,-0.43287
-0.44004,-0.35663
-0.46590,-0.27836
-0.49001,-0.19775
-0.51323,-0.11344
-0.53723,-0.02184
-0.56501,0.08580
-0.60198,0.23125
-0.65478,0.46815
-0.70790,0.84509
-0.71495,1.15626
-0.69693,1.28018
-0.68067,1.32408
-0.66929,1.34238
-0.66151,1.35134
-0.65614,1.35631
-0.65234,1.35937
-0.64958,1.36143
-0.64749,1.36292
-0.64582,1.36410
-0.64442,1.36506
-0.64320,1.36589
-0.64209,1.36662
-0.64107,1.36728
0.22257,-1.28364
0.18789,-1.25910
0.14879,-1.22916
0.10570,-1.19343
0.05976,-1.15216
0.01266,-1.10636
-0.03377,-1.05757
-0.07809,-1.00729
-0.11962,-0.95650
-0.15839,-0.90537
-0.19498,-0.85328
-0.23014,-0.79913
-0.26458,-0.74162
-0.29874,-0.67961
-0.33261,-0.61251
-0.36575,-0.54055
-0.39741,-0.46468
-0.42682,-0.38608
-0.45352,-0.30560
-0.47741,-0.22331
-0.49878,-0.13806
-0.51811,-0.04641
-0.53563,0.06023
-0.54983,0.20359
-0.55248,0.44106
-0.53108,0.83627
-0.51723,1.15966
-0.52617,1.28052
-0.53929,1.32239
-0.55098,1.34016
-0.56076,1.34918
-0.56894,1.35440
-0.57583,1.35773
-0.58167,1.36005
-0.58661,1.36177
-0.59077,1.36313
-0.59425,1.36424
-0.59712,1.36519
-0.59949,1.36601
-0.60141,1.36674
0.25964,-1.30718
0.22800,-1.28674
0.19167,-1.26128
0.15057,-1.22998
0.10525,-1.19244
0.05703,-1.14900
0.00782,-1.10082
-0.04040,-1.04961
-0.08620,-0.99693
-0.12897,-0.94367
-0.16893,-0.88978
-0.20675,-0.83441
-0.24327,-0.77625
-0.27914,-0.71387
-0.31465,-0.64621
-0.34954,-0.57300
-0.38305,-0.49495
-0.41420,-0.41337
-0.44213,-0.32945
-0.46634,-0.24354
-0.48651,-0.15442
-0.50191,-0.05806
-0.50976,0.05589
-0.49999,0.21469
-0.44510,0.48655
-0.35077,0.88800
-0.32775,1.15329
-0.35810,1.25498
-0.39465,1.29786
-0.42656,1.31996
-0.45295,1.33305
-0.47465,1.34154
-0.49261,1.34742
-0.50757,1.35169
-0.52009,1.35493
-0.53061,1.35746
-0.53944,1.35949
-0.54685,1.36115
-0.55306,1.36254
-0.55826,1.36372
0.29541,-1.32767
0.26706,-1.31110
0.23409,-1.29015
0.19599,-1.26376
0.15269,-1.23100
0.10486,-1.19144
0.05406,-1.14551
0.00242,-1.09457
-0.04789,-1.04049
-0.09543,-0.98491
-0.13969,-0.92860
-0.18104,-0.87127
-0.22028,-0.81180
-0.25826,-0.74863
-0.29556,-0.68026
-0.33218,-0.60582
-0.36749,-0.52549
-0.40036,-0.44037
-0.42953,-0.35174
-0.45385,-0.25997
-0.47195,-0.16336
-0.48081,-0.05613
-0.47122,0.07728
-0.41602,0.27821
-0.28080,0.61101
-0.17023,0.95494
-0.17302,1.13227
-0.21697,1.21317
-0.26496,1.25751
-0.30856,1.28548
-0.34636,1.30456
-0.37864,1.31821
-0.40611,1.32830
-0.42947,1.33596
-0.44935,1.34190
-0.46626,1.34658
-0.48064,1.35032
-0.49286,1.35336
-0.50321,1.35584
-0.51197,1.35789
0.32974,-1.34521
0.30478,-1.33213
0.27554,-1.31546
0.24123,-1.29408
0.20126,-1.26678
0.15558,-1.23249
0.10497,-1.19073
0.05122,-1.14199
-0.00321,-1.08784
-0.05594,-1.03038
-0.10548,-0.97130
-0.15144,-0.91123
-0.19432,-0.84959
-0.23500,-0.78494
-0.27430,-0.71547
-0.31253,-0.63965
-0.34925,-0.55687
-0.38321,-0.46756
-0.41257,-0.37255
-0.43492,-0.27163
-0.44620,-0.16143
-0.43656,-0.03139
-0.37950,0.14674
-0.23414,0.42425
-0.07221,0.75812
-0.03187,0.98159
-0.06403,1.09863
-0.11304,1.16669
-0.16281,1.21183
-0.20933,1.24427
-0.25155,1.26865
-0.28929,1.28743
-0.32273,1.30214
-0.35216,1.31380
-0.37793,1.32312
-0.40039,1.33064
-0.41989,1.33673
-0.43673,1.34170
-0.45123,1.34578
-0.46365,1.34913
0.36257,-1.35993
0.34101,-1.34991
0.31566,-1.33709
0.28563,-1.32047
0.25001,-1.29881
0.20813,-1.27070
0.15987,-1.23487
0.10615,-1.19071
0.04902,-1.13875
-0.00867,-1.08080
-0.06425,-1.01920
-0.11609,-0.95572
-0.16386,-0.89083
-0.20814,-0.82355
-0.24977,-0.75202
-0.28920,-0.67408
-0.32597,-0.58808
-0.35833,-0.49313
-0.38282,-0.38845
-0.39298,-0.27130
-0.37514,-0.13289
-0.30015,0.04855
-0.14081,0.30324
0.02315,0.59693
0.07662,0.82502
0.05397,0.96861
0.00859,1.05987
-0.04033,1.12226
-0.08778,1.16794
-0.13255,1.20310
-0.17434,1.23103
-0.21302,1.25366
-0.24857,1.27220
-0.28099,1.28751
-0.31033,1.30018
-0.33667,1.31069
-0.36014,1.31941
-0.38090,1.32666
-0.39911,1.33267
-0.41499,1.33765
0.39393,-1.37203
0.37569,-1.36460
0.35425,-1.35511
0.32873,-1.34274
0.29810,-1.32641
0.26133,-1.30471
0.21754,-1.27599
0.16655,-1.23868
0.10930,-1.19189
0.04817,-1.13611
-0.01346,-1.07337
-0.07241,-1.00633
-0.12671,-0.93687
-0.17589,-0.86512
-0.22015,-0.78943
-0.25930,-0.70700
-0.29137,-0.61449
-0.31074,-0.50805
-0.30516,-0.38194
-0.25218,-0.22596
-0.12879,-0.02737
0.03710,0.21059
0.15309,0.45254
0.18051,0.66081
0.15386,0.82104
0.10810,0.93712
0.05905,1.02036
0.01172,1.08151
-0.03286,1.12818
-0.07476,1.16517
-0.11424,1.19534
-0.15148,1.22049
-0.18654,1.24172
-0.21942,1.25980
-0.25005,1.27523
-0.27838,1.28840
-0.30432,1.29963
-0.32786,1.30916
-0.34900,1.31723
-0.36780,1.32402
0.42396,-1.38174
0.40895,-1.37644
0.39134,-1.36969
0.37035,-1.36093
0.34502,-1.34929
0.31417,-1.33360
0.27655,-1.31226
0.23103,-1.28328
0.17716,-1.24459
0.11582,-1.19478
0.04977,-1.13405
-0.01674,-1.06458
-0.07937,-0.98940
-0.13504,-0.91021
-0.18147,-0.82580
-0.21442,-0.73149
-0.22196,-0.61841
-0.17696,-0.47283
-0.05048,-0.28561
0.12115,-0.07820
0.24666,0.11682
0.29531,0.29977
0.28812,0.47888
0.25020,0.64618
0.19968,0.78770
0.14718,0.89804
0.09733,0.98105
0.05131,1.04371
0.00889,1.09222
-0.03057,1.13097
-0.06765,1.16284
-0.10279,1.18970
-0.13626,1.21273
-0.16818,1.23272
-0.19856,1.25018
-0.22732,1.26545
-0.25433,1.27877
-0.27946,1.29036
-0.30257,1.30037
-0.32359,1.30897
0.45290,-1.38929
0.44104,-1.38567
0.42716,-1.38111
0.41063,-1.37524
0.39064,-1.36746
0.36611,-1.35693
0.33570,-1.34237
0.29787,-1.32195
0.25106,-1.29321
0.19426,-1.25323
0.12808,-1.19946
0.05587,-1.13115
-0.01597,-1.05013
-0.07925,-0.95870
-0.12325,-0.85435
-0.12508,-0.72297
-0.03704,-0.53855
0.14717,-0.31177
0.30776,-0.11766
0.38328,0.02725
0.40014,0.15710
0.38268,0.29633
0.34306,0.44958
0.29056,0.60436
0.23392,0.74280
0.17919,0.85507
0.12896,0.94160
0.08355,1.00767
0.04235,1.05893
0.00452,1.09981
-0.03071,1.13336
-0.06396,1.16164
-0.09567,1.18600
-0.12613,1.20733
-0.15548,1.22621
-0.18373,1.24301
-0.21080,1.25797
-0.23653,1.27124
-0.26073,1.28296
-0.28323,1.29322
0.48111,-1.39487
0.47236,-1.39252
0.46213,-1.38961
0.44998,-1.38593
0.43527,-1.38112
0.41715,-1.37464
0.39448,-1.36564
0.36573,-1.35279
0.32898,-1.33400
0.28196,-1.30604
0.22269,-1.26438
0.15124,-1.20366
0.07330,-1.11935
0.00503,-1.00727
-0.01657,-0.85192
0.07867,-0.61750
0.27164,-0.34845
0.40270,-0.16231
0.45267,-0.04530
0.46177,0.05000
0.44881,0.14985
0.41925,0.26774
0.37527,0.40605
0.32108,0.55381
0.26329,0.69267
0.20764,0.80948
0.15688,0.90146
0.11142,0.97227
0.07066,1.02719
0.03369,1.07073
-0.00036,1.10621
-0.03220,1.13594
-0.06242,1.16147
-0.09144,1.18386
-0.11954,1.20379
-0.14685,1.22171
-0.17338,1.23789
-0.19903,1.25248
-0.22362,1.26560
-0.24694,1.27731
0.50905,-1.39864
0.50340,-1.39715
0.49682,-1.39539
0.48899,-1.39321
0.47952,-1.39045
0.46782,-1.38682
0.45308,-1.38183
0.43415,-1.37470
0.40943,-1.36402
0.37660,-1.34730
0.33255,-1.31992
0.27412,-1.27326
0.20294,-1.19137
0.14409,-1.04308
0.18319,-0.77233
0.34481,-0.43650
0.45569,-0.22402
0.49386,-0.10919
0.50025,-0.02853
0.49164,0.04657
0.47219,0.13098
0.44170,0.23439
0.39941,0.36021
0.34714,0.50099
0.29010,0.63999
0.23414,0.76173
0.18271,0.86006
0.13673,0.93660
0.09580,0.99597
0.05905,1.04278
0.02560,1.08060
-0.00537,1.11199
-0.03450,1.13876
-0.06233,1.16213
-0.08924,1.18293
-0.11550,1.20171
-0.14121,1.21880
-0.16637,1.23442
-0.19087,1.24866
-0.21451,1.26158
0.53724,-1.40065
0.53477,-1.39965
0.53188,-1.39851
0.52844,-1.39718
0.52424,-1.39557
0.51901,-1.39355
0.51233,-1.39086
0.50363,-1.38709
0.49209,-1.38142
0.47643,-1.37222
0.45475,-1.35585
0.42445,-1.32313
0.38535,-1.24719
0.36220,-1.04605
0.42647,-0.64856
0.50564,-0.33462
0.53157,-0.18449
0.53270,-0.09815
0.52406,-0.03131
0.50934,0.03401
0.48828,0.10859
0.45906,0.20080
0.41980,0.31525
0.37068,0.44818
0.31544,0.58580
0.25966,0.71178
0.20754,0.81671
0.16071,0.89970
0.11914,0.96433
0.08211,1.01506
0.04872,1.05571
0.01815,1.08912
-0.01031,1.11733
-0.03727,1.14176
-0.06322,1.16339
-0.08849,1.18291
-0.11332,1.20075
-0.13780,1.21716
-0.16190,1.23229
-0.18549,1.24620
0.56625,-1.40087
0.56708,-1.39996
0.56804,-1.39894
0.56912,-1.39777
0.57035,-1.39639
0.57173,-1.39471
0.57332,-1.39254
0.57517,-1.38956
0.57744,-1.38513
0.58049,-1.37788
0.58504,-1.36451
0.59259,-1.33573
0.60590,-1.25983
0.62408,-1.02996
0.62292,-0.60434
0.60048,-0.32005
0.57889,-0.18656
0.56046,-0.10695
0.54306,-0.04454
0.52452,0.01591
0.50261,0.08388
0.47479,0.16711
0.43861,0.27112
0.39305,0.39536
0.34027,0.52979
0.28518,0.65874
0.23244,0.77019
0.18451,0.86028
0.14189,0.93103
0.10408,0.98651
0.07026,1.03065
0.03963,1.06657
0.01140,1.09655
-0.01506,1.12225
-0.04031,1.14482
-0.06478,1.16508
-0.08880,1.18357
-0.11254,1.20064
-0.13609,1.21649
-0.15938,1.23122
0.59666,-1.39919
0.60099,-1.39793
0.60597,-1.39648
0.61178,-1.39476
0.61863,-1.39266
0.62685,-1.39003
0.63687,-1.38657
0.64938,-1.38179
0.66545,-1.37479
0.68681,-1.36373
0.71622,-1.34464
0.75764,-1.30774
0.81287,-1.22583
0.85718,-1.02571
0.80727,-0.66378
0.70191,-0.37015
0.63335,-0.21947
0.59338,-0.13235
0.56568,-0.06771
0.54223,-0.00836
0.51859,0.05550
0.49144,0.13154
0.45784,0.22591
0.41585,0.34069
0.36607,0.46995
0.31218,0.60024
0.25896,0.71791
0.20967,0.81591
0.16552,0.89402
0.12637,0.95545
0.09156,1.00409
0.06030,1.04328
0.03182,1.07560
0.00543,1.10296
-0.01949,1.12672
-0.04343,1.14785
-0.06679,1.16704
-0.08987,1.18472
-0.11281,1.20119
-0.13567,1.21659
0.62903,-1.39536
0.63703,-1.39330
0.64623,-1.39083
0.65693,-1.38781
0.66955,-1.38403
0.68464,-1.37918
0.70296,-1.37274
0.72559,-1.36391
0.75409,-1.35129
0.79058,-1.33243
0.83775,-1.30288
0.89784,-1.25412
0.96813,-1.16953
1.02520,-1.01827
1.00005,-0.76941
0.86342,-0.48817
0.73051,-0.29469
0.65049,-0.18170
0.60262,-0.10561
0.56910,-0.04246
0.54077,0.02022
0.51242,0.09086
0.48027,0.17625
0.44149,0.28058
0.39514,0.40216
0.34317,0.53134
0.28977,0.65454
0.23885,0.76157
0.19251,0.84904
0.15121,0.91850
0.11458,0.97341
0.08192,1.01728
0.05246,1.05301
0.02551,1.08280
0.00040,1.10828
-0.02342,1.13064
-0.04645,1.15073
-0.06904,1.16912
-0.09146,1.18620
-0.11385,1.20222
0.66377,-1.38908
0.67557,-1.38573
0.68907,-1.38165
0.70468,-1.37661
0.72293,-1.37026
0.74450,-1.36211
0.77029,-1.35141
0.80142,-1.33705
0.83928,-1.31733
0.88535,-1.28966
0.94075,-1.25014
1.00501,-1.19311
1.07347,-1.11089
1.13213,-0.99463
1.14884,-0.83667
1.07645,-0.63780
0.92318,-0.43386
0.77816,-0.27792
0.68254,-0.17300
0.62241,-0.09592
0.58014,-0.02881
0.54516,0.03953
0.51120,0.11712
0.47406,0.20993
0.43110,0.32026
0.38203,0.44394
0.32929,0.57028
0.27671,0.68719
0.22738,0.78709
0.18274,0.86831
0.14296,0.93294
0.10758,0.98430
0.07596,1.02560
0.04738,1.05944
0.02118,1.08782
-0.00328,1.11224
-0.02655,1.13379
-0.04909,1.15324
-0.07127,1.17114
-0.09333,1.18785
0.70109,-1.38004
0.71665,-1.37492
0.73432,-1.36869
0.75453,-1.36102
0.77783,-1.35145
0.80488,-1.33933
0.83648,-1.32378
0.87347,-1.30356
0.91665,-1.27701
0.96652,-1.24191
1.02276,-1.19549
1.08366,-1.13464
1.14520,-1.05656
1.20005,-0.96035
1.23597,-0.84812
1.23338,-0.72250
1.16831,-0.58332
1.03870,-0.43650
0.88924,-0.30258
0.76671,-0.19552
0.67992,-0.11050
0.61792,-0.03590
0.56919,0.03854
0.52572,0.12084
0.48211,0.21676
0.43510,0.32822
0.38392,0.45106
0.33039,0.57548
0.27763,0.69055
0.22820,0.78930
0.18334,0.87004
0.14319,0.93459
0.10739,0.98605
0.07532,1.02747
0.04635,1.06141
0.01982,1.08983
-0.00487,1.11422
-0.02828,1.13570
-0.05091,1.15506
-0.07312,1.17286
0.74084,-1.36795
0.75990,-1.36069
0.78128,-1.35193
0.80536,-1.34128
0.83263,-1.32821
0.86360,-1.31202
0.89881,-1.29180
0.93871,-1.26640
0.98354,-1.23438
1.03310,-1.19406
1.08651,-1.14362
1.14196,-1.08150
1.19665,-1.00709
1.24674,-0.92184
1.28741,-0.82967
1.31279,-0.73527
1.31549,-0.64128
1.28680,-0.54709
1.22044,-0.45115
1.12011,-0.35445
1.00130,-0.26089
0.88169,-0.17338
0.77213,-0.09113
0.67705,-0.01024
0.59737,0.07497
0.53055,0.17065
0.47074,0.28096
0.41260,0.40422
0.35472,0.53193
0.29865,0.65295
0.24625,0.75904
0.19853,0.84706
0.15562,0.91792
0.11720,0.97443
0.08271,1.01973
0.05159,1.05657
0.02323,1.08710
-0.00297,1.11301
-0.02758,1.13553
-0.05111,1.15559
0.78247,-1.35276
0.80446,-1.34314
0.82874,-1.33171
0.85560,-1.31807
0.88541,-1.30166
0.91848,-1.28183
0.95513,-1.25771
0.99551,-1.22830
1.03956,-1.19238
1.08681,-1.14867
1.13633,-1.09595
1.18667,-1.03349
1.23592,-0.96160
1.28192,-0.88230
1.32254,-0.79917
1.35600,-0.71605
1.38098,-0.63561
1.39662,-0.55879
1.40254,-0.48555
1.39895,-0.41574
1.38636,-0.34959
1.36427,-0.28748
1.32892,-0.22938
1.27073,-0.17393
1.17269,-0.11719
1.01638,-0.05130
0.81279,0.03370
0.62824,0.14181
0.50629,0.27031
0.42199,0.41265
0.35107,0.55414
0.28861,0.68089
0.23360,0.78727
0.18481,0.87344
0.14118,0.94213
0.10196,0.99681
0.06651,1.04074
0.03430,1.07657
0.00478,1.10637
-0.02258,1.13170
0.82500,-1.33465
0.84907,-1.32270
0.87519,-1.30877
0.90356,-1.29245
0.93442,-1.27325
0.96799,-1.25051
1.00442,-1.22346
1.04376,-1.19116
1.08586,-1.15257
1.13025,-1.10660
1.17613,-1.05240
1.22235,-0.98969
1.26755,-0.91926
1.31036,-0.84321
1.34971,-0.76448
1.38500,-0.68586
1.41619,-0.60901
1.44366,-0.53449
1.46804,-0.46233
1.48994,-0.39280
1.50967,-0.32684
1.52706,-0.26600
1.54142,-0.21185
1.55167,-0.16535
1.55638,-0.12654
1.55294,-0.09465
1.53534,-0.06824
1.48737,-0.04452
1.36288,-0.01553
1.07079,0.04506
0.68817,0.17389
0.48124,0.34591
0.37644,0.51981
0.29880,0.66823
0.23648,0.78557
0.18376,0.87748
0.13720,0.94979
0.09519,1.00710
0.05692,1.05305
0.02188,1.09045
0.86716,-1.31414
0.89232,-1.30014
0.91915,-1.28412
0.94783,-1.26569
0.97853,-1.24436
1.01143,-1.21951
1.04668,-1.19038
1.08430,-1.15605
1.12418,-1.11552
1.16592,-1.06784
1.20881,-1.01240
1.25190,-0.94927
1.29410,-0.87955
1.33445,-0.80534
1.37229,-0.72911
1.40741,-0.65283
1.43995,-0.57751
1.47021,-0.50338
1.49841,-0.43058
1.52446,-0.35992
1.54793,-0.29312
1.56824,-0.23244
1.58502,-0.17972
1.59825,-0.13566
1.60822,-0.09979
1.61530,-0.07096
1.61974,-0.04778
1.62137,-0.02899
1.61920,-0.01358
1.61010,-0.00079
1.58400,0.01037
1.50231,0.02383
1.21804,0.06544
0.69015,0.21343
0.44023,0.42680
0.32996,0.61734
0.25269,0.75951
0.19265,0.86461
0.14129,0.94525
0.09500,1.00860
0.90762,-1.29204
0.93289,-1.27644
0.95948,-1.25886
0.98755,-1.23892
1.01729,-1.21613
1.04890,-1.18982
1.08258,-1.15920
1.11839,-1.12332
1.15626,-1.08120
1.19581,-1.03199
1.23640,-0.97531
1.27713,-0.91155
1.31708,-0.84212
1.35544,-0.76913
1.39178,-0.69468
1.42597,-0.62023
1.45816,-0.54635
1.48844,-0.47317
1.51672,-0.40105
1.54256,-0.33123
1.56534,-0.26592
1.58452,-0.20754
1.59998,-0.15775
1.61204,-0.11684
1.62125,-0.08399
1.62820,-0.05781
1.63340,-0.03685
1.63723,-0.01984
1.63990,-0.00576
1.64141,0.00614
1.64148,0.01637
1.63923,0.02530
1.63206,0.03311
1.61125,0.04018
1.53787,0.04960
1.21623,0.09286
0.60908,0.28070
0.38757,0.52272
0.28252,0.70949
0.20965,0.83767
0.94524,-1.26926
0.96986,-1.25257
0.99552,-1.23398
1.02242,-1.21308
1.05082,-1.18931
1.08096,-1.16196
1.11308,-1.13017
1.14731,-1.09295
1.18355,-1.04932
1.22144,-0.99855
1.26030,-0.94053
1.29926,-0.87603
1.33742,-0.80673
1.37410,-0.73474
1.40894,-0.66191
1.44189,-0.58930
1.47302,-0.51719
1.50232,-0.44567
1.52954,-0.37528
1.55414,-0.30754
1.57548,-0.24479
1.59319,-0.18937
1.60730,-0.14262
1.61823,-0.10453
1.62658,-0.07412
1.63296,-0.04996
1.63786,-0.03064
1.64166,-0.01499
1.64464,-0.00205
1.64695,0.00884
1.64869,0.01822
1.64986,0.02644
1.65035,0.03380
1.64979,0.04049
1.64727,0.04662
1.64005,0.05224
1.61817,0.05768
1.52904,0.06726
1.08027,0.13500
0.49730,0.38222
0.97929,-1.24667
1.00276,-1.22936
1.02712,-1.21020
1.05264,-1.18871
1.07962,-1.16428
1.10839,-1.13611
1.13920,-1.10325
1.17219,-1.06467
1.20724,-1.01944
1.24392,-0.96701
1.28150,-0.90758
1.31906,-0.84232
1.35574,-0.77316
1.39090,-0.70222
1.42427,-0.63107
1.45581,-0.56044
1.48559,-0.49040
1.51353,-0.42101
1.53934,-0.35294
1.56245,-0.28782
1.58234,-0.22799
1.59870,-0.17555
1.61168,-0.13157
1.62172,-0.09586
1.62942,-0.06735
1.63533,-0.04469
1.63992,-0.02655
1.64354,-0.01182
1.64643,0.00034
1.64878,0.01056
1.65070,0.01929
1.65226,0.02689
1.65350,0.03360
1.65441,0.03962
1.65493,0.04512
1.65489,0.05024
1.65389,0.05511
1.65083,0.05979
1.64228,0.06431
1.61380,0.06930
1.00943,-1.22499
1.03152,-1.20741
1.05449,-1.18797
1.07866,-1.16611
1.10438,-1.14114
1.13201,-1.11216
1.16184,-1.07817
1.19397,-1.03811
1.22823,-0.99112
1.26408,-0.93690
1.30069,-0.87604
1.33710,-0.81010
1.37246,-0.74123
1.40620,-0.67149
1.43809,-0.60217
1.46816,-0.53367
1.49646,-0.46591
1.52293,-0.39891
1.54724,-0.33342
1.56890,-0.27110
1.58743,-0.21418
1.60263,-0.16454
1.61467,-0.12301
1.62401,-0.08929
1.63120,-0.06233
1.63675,-0.04084
1.64109,-0.02357
1.64454,-0.00951
1.64733,0.00211
1.64963,0.01189
1.65154,0.02023
1.65314,0.02744
1.65449,0.03375
1.65561,0.03933
1.65653,0.04432
1.65723,0.04885
1.65769,0.05304
1.65782,0.05700
1.65741,0.06086
1.65595,0.06471
1.03572,-1.20467
1.05642,-1.18705
1.07808,-1.16746
1.10107,-1.14531
1.12578,-1.11978
1.15260,-1.08991
1.18180,-1.05461
1.21343,-1.01286
1.24722,-0.96393
1.28250,-0.90784
1.31835,-0.84559
1.35375,-0.77914
1.38787,-0.71081
1.42022,-0.64248
1.45064,-0.57513
1.47921,-0.50889
1.50602,-0.44352
1.53100,-0.37902
1.55387,-0.31617
1.57416,-0.25664
1.59148,-0.20249
1.60566,-0.15539
1.61693,-0.11602
1.62569,-0.08401
1.63247,-0.05835
1.63774,-0.03780
1.64188,-0.02123
1.64519,-0.00770
1.64788,0.00353
1.65011,0.01299
1.65198,0.02106
1.65356,0.02804
1.65492,0.03411
1.65608,0.03945
1.65706,0.04417
1.65790,0.04837
1.65859,0.05216
1.65914,0.05561
1.65952,0.05883
1.65969,0.06190
1.05843,-1.18596
1.07788,-1.16838
1.09842,-1.14868
1.12049,-1.12618
1.14449,-1.09997
1.17082,-1.06902
1.19972,-1.03220
1.23116,-0.98852
1.26473,-0.93749
1.29964,-0.87948
1.33484,-0.81599
1.36928,-0.74930
1.40219,-0.68178
1.43315,-0.61508
1.46210,-0.54985
1.48917,-0.48596
1.51450,-0.42302
1.53806,-0.36104
1.55957,-0.30080
1.57861,-0.24393
1.59484,-0.19235
1.60815,-0.14756
1.61875,-0.11010
1.62703,-0.07957
1.63346,-0.05501
1.63849,-0.03527
1.64246,-0.01929
1.64565,-0.00618
1.64826,0.00472
1.65043,0.01393
1.65226,0.02180
1.65382,0.02860
1.65515,0.03453
1.65631,0.03972
1.65730,0.04429
1.65816,0.04833
1.65890,0.05192
1.65954,0.05513
1.66006,0.05803
1.66049,0.06068
