-0.62612,1.36129
-0.62611,1.36129
-0.62609,1.36129
-0.62606,1.36129
-0.62604,1.36129
-0.62601,1.36129
-0.62597,1.36129
-0.62593,1.36129
-0.62587,1.36129
-0.62581,1.36129
-0.62573,1.36129
-0.62562,1.36129
-0.62549,1.36129
-0.62532,1.36128
-0.62510,1.36128
-0.62483,1.36128
-0.62449,1.36128
-0.62408,1.36128
-0.62361,1.36127
-0.62309,1.36127
-0.62255,1.36126
-0.62199,1.36125
-0.62143,1.36125
-0.62087,1.36124
-0.62033,1.36123
-0.61983,1.36122
-0.61941,1.36122
-0.61908,1.36121
-0.61883,1.36121
-0.61865,1.36121
-0.61852,1.36120
-0.61842,1.36120
-0.61835,1.36120
-0.61829,1.36120
-0.61825,1.36120
-0.61821,1.36120
-0.61818,1.36120
-0.61815,1.36120
-0.61812,1.36120
-0.61810,1.36120
-0.62614,1.36129
-0.62611,1.36129
-0.62609,1.36129
-0.62607,1.36129
-0.62604,1.36129
-0.62601,1.36129
-0.62597,1.36129
-0.62593,1.36129
-0.62588,1.36129
-0.62581,1.36129
-0.62573,1.36129
-0.62562,1.36129
-0.62549,1.36129
-0.62532,1.36128
-0.62510,1.36128
-0.62482,1.36128
-0.62447,1.36128
-0.62405,1.36127
-0.62356,1.36127
-0.62302,1.36126
-0.62245,1.36126
-0.62187,1.36125
-0.62128,1.36124
-0.62071,1.36124
-0.62017,1.36123
-0.61968,1.36122
-0.61928,1.36122
-0.61898,1.36121
-0.61876,1.36121
-0.61859,1.36120
-0.61847,1.36120
-0.61839,1.36120
-0.61832,1.36120
-0.61826,1.36120
-0.61822,1.36120
-0.61818,1.36120
-0.61815,1.36120
-0.61812,1.36120
-0.61809,1.36120
-0.61807,1.36120
-0.62617,1.36129
-0.62614,1.36129
-0.62611,1.36129
-0.62608,1.36129
-0.62605,1.36129
-0.62602,1.36129
-0.62598,1.36129
-0.62593,1.36129
-0.62588,1.36129
-0.62581,1.36129
-0.62573,1.36129
-0.62562,1.36129
-0.62549,1.36129
-0.62532,1.36128
-0.62509,1.36128
-0.62481,1.36128
-0.62444,1.36128
-0.62400,1.36127
-0.62349,1.36127
-0.62293,1.36126
-0.62234,1.36126
-0.62173,1.36125
-0.62113,1.36124
-0.62054,1.36123
-0.62000,1.36123
-0.61954,1.36122
-0.61917,1.36121
-0.61889,1.36121
-0.61868,1.36121
-0.61854,1.36120
-0.61843,1.36120
-0.61835,1.36120
-0.61828,1.36120
-0.61823,1.36120
-0.61819,1.36120
-0.61815,1.36120
-0.61812,1.36120
-0.61809,1.36120
-0.61806,1.36119
-0.61804,1.36119
-0.62623,1.36129
-0.62619,1.36129
-0.62615,1.36129
-0.62611,1.36129
-0.62607,1.36129
-0.62603,1.36129
-0.62599,1.36129
-0.62594,1.36129
-0.62589,1.36129
-0.62582,1.36129
-0.62573,1.36129
-0.62563,1.36129
-0.62549,1.36129
-0.62531,1.36128
-0.62508,1.36128
-0.62479,1.36128
-0.62441,1.36128
-0.62395,1.36127
-0.62342,1.36127
-0.62283,1.36126
-0.62221,1.36126
-0.62158,1.36125
-0.62096,1.36124
-0.62036,1.36123
-0.61983,1.36122
-0.61939,1.36122
-0.61905,1.36121
-0.61880,1.36121
-0.61862,1.36120
-0.61848,1.36120
-0.61838,1.36120
-0.61830,1.36120
-0.61824,1.36120
-0.61819,1.36120
-0.61815,1.36120
-0.61811,1.36120
-0.61808,1.36120
-0.61805,1.36119
-0.61803,1.36119
-0.61800,1.36119
-0.62619,1.36129
-0.62626,1.36129
-0.62622,1.36129
-0.62617,1.36129
-0.62612,1.36129
-0.62607,1.36129
-0.62602,1.36129
-0.62596,1.36129
-0.62590,1.36129
-0.62583,1.36129
-0.62574,1.36129
-0.62563,1.36129
-0.62549,1.36129
-0.62531,1.36128
-0.62507,1.36128
-0.62476,1.36128
-0.62437,1.36128
-0.62389,1.36127
-0.62333,1.36127
-0.62271,1.36126
-0.62206,1.36125
-0.62140,1.36125
-0.62077,1.36124
-0.62018,1.36123
-0.61967,1.36122
-0.61925,1.36121
-0.61894,1.36121
-0.61871,1.36121
-0.61855,1.36120
-0.61842,1.36120
-0.61833,1.36120
-0.61826,1.36120
-0.61820,1.36120
-0.61815,1.36120
-0.61811,1.36120
-0.61808,1.36120
-0.61805,1.36119
-0.61802,1.36119
-0.61799,1.36119
-0.61797,1.36119
0.58077,-1.39242
0.57593,-1.39264
0.55914,-1.39301
-0.62605,1.36129
-0.62616,1.36129
-0.62612,1.36129
-0.62606,1.36129
-0.62600,1.36129
-0.62593,1.36129
-0.62585,1.36129
-0.62575,1.36129
-0.62563,1.36129
-0.62548,1.36129
-0.62529,1.36128
-0.62504,1.36128
-0.62472,1.36128
-0.62431,1.36128
-0.62380,1.36127
-0.62321,1.36127
-0.62256,1.36126
-0.62188,1.36125
-0.62120,1.36124
-0.62056,1.36123
-0.61998,1.36123
-0.61950,1.36122
-0.61912,1.36121
-0.61884,1.36121
-0.61863,1.36120
-0.61848,1.36120
-0.61836,1.36120
-0.61828,1.36120
-0.61821,1.36120
-0.61815,1.36120
-0.61811,1.36120
-0.61807,1.36120
-0.61804,1.36119
-0.61801,1.36119
-0.61798,1.36119
-0.61796,1.36119
-0.61794,1.36119
0.58495,-1.39220
0.58391,-1.39226
0.58236,-1.39234
0.57992,-1.39246
0.57568,-1.39265
0.56548,-1.39294
-0.62541,1.36129
-0.62593,1.36129
-0.62592,1.36129
-0.62585,1.36129
-0.62575,1.36129
-0.62562,1.36129
-0.62546,1.36129
-0.62526,1.36128
-0.62499,1.36128
-0.62465,1.36128
-0.62421,1.36128
-0.62367,1.36127
-0.62304,1.36126
-0.62236,1.36126
-0.62166,1.36125
-0.62097,1.36124
-0.62034,1.36123
-0.61978,1.36122
-0.61934,1.36122
-0.61899,1.36121
-0.61874,1.36121
-0.61855,1.36120
-0.61841,1.36120
-0.61830,1.36120
-0.61822,1.36120
-0.61816,1.36120
-0.61810,1.36120
-0.61806,1.36119
-0.61803,1.36119
-0.61800,1.36119
-0.61797,1.36119
-0.61795,1.36119
-0.61793,1.36119
-0.61791,1.36119
0.58621,-1.39212
0.58576,-1.39215
0.58514,-1.39218
0.58434,-1.39223
0.58327,-1.39229
0.58182,-1.39237
0.57975,-1.39247
0.57672,-1.39261
0.57176,-1.39279
0.56084,-1.39300
-0.62434,1.36128
-0.62528,1.36128
-0.62526,1.36128
-0.62509,1.36128
-0.62482,1.36128
-0.62447,1.36128
-0.62400,1.36127
-0.62343,1.36127
-0.62278,1.36126
-0.62208,1.36125
-0.62137,1.36125
-0.62070,1.36124
-0.62010,1.36123
-0.61959,1.36122
-0.61918,1.36121
-0.61887,1.36121
-0.61863,1.36120
-0.61846,1.36120
-0.61833,1.36120
-0.61823,1.36120
-0.61816,1.36120
-0.61810,1.36120
-0.61805,1.36119
-0.61801,1.36119
-0.61798,1.36119
-0.61795,1.36119
-0.61793,1.36119
-0.61791,1.36119
-0.61789,1.36119
-0.61788,1.36119
0.58662,-1.39210
0.58644,-1.39211
0.58616,-1.39212
0.58576,-1.39215
0.58523,-1.39218
0.58457,-1.39222
0.58374,-1.39227
0.58271,-1.39232
0.58140,-1.39239
0.57972,-1.39247
0.57757,-1.39257
0.57479,-1.39268
0.57106,-1.39281
0.56564,-1.39294
0.55616,-1.39301
0.52556,-1.39193
-0.62286,1.36126
-0.62271,1.36126
-0.62223,1.36126
-0.62163,1.36125
-0.62100,1.36124
-0.62040,1.36123
-0.61986,1.36122
-0.61940,1.36122
-0.61903,1.36121
-0.61874,1.36121
-0.61853,1.36120
-0.61837,1.36120
-0.61825,1.36120
-0.61816,1.36120
-0.61809,1.36120
-0.61804,1.36119
-0.61800,1.36119
-0.61796,1.36119
-0.61794,1.36119
-0.61791,1.36119
-0.61789,1.36119
-0.61787,1.36119
-0.61786,1.36119
-0.61785,1.36119
0.58676,-1.39209
0.58668,-1.39209
0.58655,-1.39210
0.58635,-1.39211
0.58606,-1.39213
0.58568,-1.39215
0.58519,-1.39218
0.58460,-1.39222
0.58387,-1.39226
0.58298,-1.39231
0.58189,-1.39237
0.58056,-1.39243
0.57893,-1.39251
0.57693,-1.39260
0.57445,-1.39270
0.57127,-1.39280
0.56694,-1.39291
0.56045,-1.39300
0.54862,-1.39294
0.50339,-1.38985
-0.62058,1.36123
-0.62012,1.36123
-0.61966,1.36122
-0.61924,1.36121
-0.61889,1.36121
-0.61862,1.36120
-0.61842,1.36120
-0.61827,1.36120
-0.61816,1.36120
-0.61808,1.36120
-0.61802,1.36119
-0.61798,1.36119
-0.61794,1.36119
-0.61791,1.36119
-0.61789,1.36119
-0.61787,1.36119
-0.61785,1.36119
-0.61784,1.36119
-0.61783,1.36119
-0.61781,1.36119
0.58682,-1.39208
0.58677,-1.39209
0.58670,-1.39209
0.58659,-1.39210
0.58643,-1.39211
0.58620,-1.39212
0.58589,-1.39214
0.58549,-1.39216
0.58499,-1.39219
0.58437,-1.39223
0.58361,-1.39227
0.58268,-1.39232
0.58153,-1.39238
0.58011,-1.39245
0.57835,-1.39254
0.57617,-1.39263
0.57339,-1.39273
0.56978,-1.39284
0.56491,-1.39295
0.55782,-1.39301
0.54556,-1.39287
0.50500,-1.39004
-0.61962,1.36122
-0.61913,1.36121
-0.61876,1.36121
-0.61849,1.36120
-0.61829,1.36120
-0.61816,1.36120
-0.61807,1.36119
-0.61800,1.36119
-0.61795,1.36119
-0.61791,1.36119
-0.61789,1.36119
-0.61786,1.36119
-0.61784,1.36119
-0.61783,1.36119
-0.61781,1.36119
-0.61780,1.36119
-0.61779,1.36119
-0.61778,1.36119
0.58685,-1.39208
0.58682,-1.39208
0.58678,-1.39209
0.58671,-1.39209
0.58661,-1.39210
0.58646,-1.39211
0.58624,-1.39212
0.58596,-1.39214
0.58559,-1.39216
0.58512,-1.39219
0.58453,-1.39222
0.58380,-1.39226
0.58287,-1.39231
0.58171,-1.39237
0.58026,-1.39245
0.57843,-1.39253
0.57613,-1.39263
0.57324,-1.39274
0.56955,-1.39285
0.56475,-1.39295
0.55815,-1.39301
0.54779,-1.39292
0.52337,-1.39177
-0.61923,1.36121
-0.61863,1.36120
-0.61833,1.36120
-0.61815,1.36120
-0.61804,1.36119
-0.61796,1.36119
-0.61791,1.36119
-0.61788,1.36119
-0.61785,1.36119
-0.61783,1.36119
-0.61781,1.36119
-0.61780,1.36119
-0.61778,1.36119
-0.61777,1.36119
-0.61776,1.36119
-0.61776,1.36119
-0.61775,1.36119
0.58687,-1.39208
0.58685,-1.39208
0.58682,-1.39208
0.58677,-1.39209
0.58671,-1.39209
0.58660,-1.39210
0.58645,-1.39211
0.58624,-1.39212
0.58595,-1.39214
0.58557,-1.39216
0.58509,-1.39219
0.58447,-1.39222
0.58369,-1.39227
0.58269,-1.39232
0.58142,-1.39239
0.57980,-1.39247
0.57775,-1.39256
0.57518,-1.39267
0.57197,-1.39278
0.56794,-1.39289
0.56278,-1.39298
0.55570,-1.39301
0.54423,-1.39283
0.51300,-1.39089
-0.61849,1.36120
-0.61814,1.36120
-0.61799,1.36119
-0.61791,1.36119
-0.61785,1.36119
-0.61782,1.36119
-0.61779,1.36119
-0.61778,1.36119
-0.61776,1.36119
-0.61775,1.36119
-0.61774,1.36119
-0.61773,1.36119
-0.61773,1.36119
-0.61772,1.36119
-0.61772,1.36119
-0.61771,1.36119
0.58689,-1.39208
0.58687,-1.39208
0.58685,-1.39208
0.58682,-1.39208
0.58677,-1.39209
0.58670,-1.39209
0.58659,-1.39210
0.58643,-1.39211
0.58620,-1.39212
0.58588,-1.39214
0.58547,-1.39217
0.58494,-1.39220
0.58426,-1.39224
0.58337,-1.39229
0.58223,-1.39235
0.58076,-1.39242
0.57888,-1.39251
0.57649,-1.39262
0.57353,-1.39273
0.56985,-1.39284
0.56526,-1.39294
0.55928,-1.39301
0.55054,-1.39297
0.53334,-1.39240
-0.61809,1.36120
-0.61786,1.36119
-0.61778,1.36119
-0.61774,1.36119
-0.61772,1.36119
-0.61770,1.36119
-0.61769,1.36119
-0.61769,1.36119
-0.61768,1.36119
-0.61768,1.36119
-0.61768,1.36119
-0.61767,1.36119
-0.61767,1.36119
-0.61767,1.36119
-0.61767,1.36119
-0.61767,1.36119
0.58690,-1.39208
0.58689,-1.39208
0.58688,-1.39208
0.58685,-1.39208
0.58682,-1.39208
0.58677,-1.39209
0.58669,-1.39209
0.58657,-1.39210
0.58639,-1.39211
0.58613,-1.39213
0.58578,-1.39215
0.58531,-1.39217
0.58470,-1.39221
0.58391,-1.39226
0.58287,-1.39231
0.58152,-1.39238
0.57975,-1.39247
0.57750,-1.39257
0.57467,-1.39269
0.57116,-1.39281
0.56680,-1.39292
0.56121,-1.39300
0.55326,-1.39300
0.53859,-1.39264
0.43522,-1.37667
-0.61727,1.36118
-0.61741,1.36118
-0.61747,1.36118
-0.61751,1.36118
-0.61753,1.36119
-0.61755,1.36119
-0.61756,1.36119
-0.61758,1.36119
-0.61759,1.36119
-0.61759,1.36119
-0.61760,1.36119
-0.61760,1.36119
-0.61761,1.36119
-0.61761,1.36119
-0.61761,1.36119
0.58692,-1.39208
0.58691,-1.39208
0.58689,-1.39208
0.58688,-1.39208
0.58685,-1.39208
0.58681,-1.39208
0.58676,-1.39209
0.58667,-1.39209
0.58653,-1.39210
0.58633,-1.39211
0.58604,-1.39213
0.58563,-1.39216
0.58509,-1.39219
0.58437,-1.39223
0.58343,-1.39228
0.58217,-1.39235
0.58052,-1.39243
0.57837,-1.39254
0.57561,-1.39265
0.57216,-1.39277
0.56783,-1.39289
0.56220,-1.39299
0.55406,-1.39300
0.53801,-1.39262
-0.61242,1.36107
-0.61590,1.36115
-0.61660,1.36117
-0.61694,1.36117
-0.61713,1.36118
-0.61724,1.36118
-0.61732,1.36118
-0.61738,1.36118
-0.61742,1.36118
-0.61745,1.36118
-0.61748,1.36118
-0.61750,1.36118
-0.61752,1.36119
-0.61753,1.36119
-0.61754,1.36119
-0.61755,1.36119
0.58692,-1.39208
0.58692,-1.39208
0.58691,-1.39208
0.58689,-1.39208
0.58688,-1.39208
0.58685,-1.39208
0.58681,-1.39208
0.58675,-1.39209
0.58665,-1.39209
0.58650,-1.39210
0.58626,-1.39212
0.58591,-1.39214
0.58544,-1.39217
0.58480,-1.39221
0.58394,-1.39225
0.58278,-1.39232
0.58124,-1.39240
0.57917,-1.39250
0.57647,-1.39262
0.57298,-1.39275
0.56848,-1.39288
0.56241,-1.39299
0.55288,-1.39300
0.52729,-1.39204
-0.61224,1.36107
-0.61431,1.36112
-0.61536,1.36114
-0.61603,1.36116
-0.61647,1.36116
-0.61676,1.36117
-0.61695,1.36117
-0.61709,1.36118
-0.61719,1.36118
-0.61726,1.36118
-0.61732,1.36118
-0.61736,1.36118
-0.61740,1.36118
-0.61742,1.36118
-0.61745,1.36118
-0.61746,1.36118
0.58693,-1.39208
0.58693,-1.39208
0.58692,-1.39208
0.58691,-1.39208
0.58690,-1.39208
0.58688,-1.39208
0.58685,-1.39208
0.58681,-1.39208
0.58674,-1.39209
0.58663,-1.39209
0.58645,-1.39211
0.58617,-1.39212
0.58576,-1.39215
0.58519,-1.39218
0.58441,-1.39223
0.58336,-1.39229
0.58192,-1.39236
0.57995,-1.39246
0.57728,-1.39258
0.57368,-1.39272
0.56876,-1.39287
0.56147,-1.39300
0.54691,-1.39290
-0.60763,1.36093
-0.61170,1.36105
-0.61322,1.36109
-0.61425,1.36112
-0.61503,1.36113
-0.61563,1.36115
-0.61608,1.36116
-0.61641,1.36116
-0.61666,1.36117
-0.61685,1.36117
-0.61699,1.36118
-0.61709,1.36118
-0.61717,1.36118
-0.61724,1.36118
-0.61728,1.36118
-0.61732,1.36118
-0.61736,1.36118
0.58694,-1.39208
0.58694,-1.39208
0.58693,-1.39208
0.58692,-1.39208
0.58691,-1.39208
0.58690,-1.39208
0.58688,-1.39208
0.58685,-1.39208
0.58681,-1.39208
0.58673,-1.39209
0.58660,-1.39210
0.58639,-1.39211
0.58606,-1.39213
0.58556,-1.39216
0.58487,-1.39220
0.58391,-1.39226
0.58258,-1.39233
0.58071,-1.39243
0.57805,-1.39255
0.57420,-1.39271
0.56829,-1.39288
0.55685,-1.39301
-0.60227,1.36074
-0.60909,1.36098
-0.61119,1.36104
-0.61248,1.36107
-0.61344,1.36110
-0.61420,1.36112
-0.61483,1.36113
-0.61536,1.36114
-0.61579,1.36115
-0.61613,1.36116
-0.61641,1.36116
-0.61662,1.36117
-0.61679,1.36117
-0.61692,1.36117
-0.61702,1.36118
-0.61710,1.36118
-0.61717,1.36118
-0.61722,1.36118
0.58695,-1.39208
0.58694,-1.39208
0.58694,-1.39208
0.58693,-1.39208
0.58693,-1.39208
0.58692,-1.39208
0.58690,-1.39208
0.58688,-1.39208
0.58685,-1.39208
0.58680,-1.39208
0.58672,-1.39209
0.58657,-1.39210
0.58632,-1.39211
0.58590,-1.39214
0.58529,-1.39218
0.58442,-1.39223
0.58319,-1.39230
0.58141,-1.39239
0.57872,-1.39252
0.57425,-1.39270
0.56395,-1.39297
-0.59484,1.36040
-0.60536,1.36085
-0.60880,1.36097
-0.61066,1.36102
-0.61189,1.36106
-0.61281,1.36108
-0.61355,1.36110
-0.61417,1.36112
-0.61471,1.36113
-0.61518,1.36114
-0.61557,1.36115
-0.61591,1.36115
-0.61619,1.36116
-0.61642,1.36116
-0.61661,1.36117
-0.61676,1.36117
-0.61688,1.36117
-0.61698,1.36117
-0.61706,1.36118
0.58695,-1.39207
0.58695,-1.39207
0.58695,-1.39208
0.58694,-1.39208
0.58694,-1.39208
0.58693,-1.39208
0.58692,-1.39208
0.58691,-1.39208
0.58689,-1.39208
0.58686,-1.39208
0.58680,-1.39208
0.58671,-1.39209
0.58653,-1.39210
0.58621,-1.39212
0.58568,-1.39215
0.58488,-1.39220
0.58371,-1.39227
0.58192,-1.39236
0.57875,-1.39252
-0.38198,1.32188
-0.56035,1.35786
-0.59584,1.36045
-0.60457,1.36083
-0.60812,1.36095
-0.61007,1.36101
-0.61134,1.36104
-0.61228,1.36107
-0.61302,1.36109
-0.61364,1.36110
-0.61417,1.36112
-0.61464,1.36113
-0.61506,1.36114
-0.61543,1.36114
-0.61575,1.36115
-0.61602,1.36116
-0.61626,1.36116
-0.61645,1.36116
-0.61662,1.36117
-0.61675,1.36117
-0.61686,1.36117
0.58696,-1.39207
0.58696,-1.39207
0.58695,-1.39207
0.58695,-1.39207
0.58695,-1.39208
0.58694,-1.39208
0.58693,-1.39208
0.58692,-1.39208
0.58691,-1.39208
0.58689,-1.39208
0.58686,-1.39208
0.58681,-1.39208
0.58670,-1.39209
0.58647,-1.39210
0.58603,-1.39213
0.58527,-1.39218
0.58398,-1.39225
0.58053,-1.39243
-0.37145,1.31864
-0.47219,1.34462
-0.55767,1.35760
-0.59245,1.36028
-0.60298,1.36077
-0.60719,1.36092
-0.60940,1.36099
-0.61080,1.36103
-0.61179,1.36106
-0.61255,1.36108
-0.61318,1.36109
-0.61372,1.36110
-0.61419,1.36112
-0.61461,1.36113
-0.61498,1.36113
-0.61532,1.36114
-0.61563,1.36115
-0.61590,1.36115
-0.61613,1.36116
-0.61633,1.36116
-0.61650,1.36117
-0.61664,1.36117
0.58696,-1.39207
0.58696,-1.39207
0.58696,-1.39207
0.58696,-1.39207
0.58695,-1.39207
0.58695,-1.39207
0.58695,-1.39208
0.58694,-1.39208
0.58693,-1.39208
0.58692,-1.39208
0.58690,-1.39208
0.58687,-1.39208
0.58681,-1.39208
0.58667,-1.39209
0.58633,-1.39211
0.58549,-1.39216
-0.20259,1.24889
-0.34119,1.30864
-0.40222,1.32776
-0.47212,1.34460
-0.54620,1.35637
-0.58686,1.35996
-0.60069,1.36067
-0.60600,1.36088
-0.60864,1.36096
-0.61022,1.36101
-0.61131,1.36104
-0.61212,1.36106
-0.61277,1.36108
-0.61332,1.36109
-0.61379,1.36111
-0.61421,1.36112
-0.61459,1.36112
-0.61494,1.36113
-0.61526,1.36114
-0.61554,1.36115
-0.61580,1.36115
-0.61603,1.36116
-0.61623,1.36116
-0.61641,1.36116
0.58697,-1.39207
0.58697,-1.39207
0.58697,-1.39207
0.58696,-1.39207
0.58696,-1.39207
0.58696,-1.39207
0.58696,-1.39207
0.58695,-1.39207
0.58695,-1.39207
0.58694,-1.39208
0.58693,-1.39208
0.58692,-1.39208
0.58688,-1.39208
0.58681,-1.39208
0.58658,-1.39210
-0.14522,1.21631
-0.31011,1.29730
-0.35802,1.31433
-0.40401,1.32826
-0.46167,1.34243
-0.53039,1.35441
-0.57872,1.35941
-0.59751,1.36053
-0.60449,1.36082
-0.60774,1.36094
-0.60960,1.36099
-0.61082,1.36103
-0.61170,1.36105
-0.61239,1.36107
-0.61296,1.36109
-0.61344,1.36110
-0.61387,1.36111
-0.61425,1.36112
-0.61460,1.36112
-0.61492,1.36113
-0.61522,1.36114
-0.61549,1.36114
-0.61574,1.36115
-0.61596,1.36115
-0.61616,1.36116
0.58697,-1.39207
0.58697,-1.39207
0.58697,-1.39207
0.58697,-1.39207
0.58697,-1.39207
0.58697,-1.39207
0.58697,-1.39207
0.58697,-1.39207
0.58696,-1.39207
0.58696,-1.39207
0.58696,-1.39207
0.58695,-1.39207
0.58694,-1.39208
0.58691,-1.39208
0.58680,-1.39208
-0.26281,1.27784
-0.31874,1.30056
-0.35747,1.31415
-0.39713,1.32632
-0.44714,1.33921
-0.51116,1.35162
-0.56712,1.35848
-0.59302,1.36031
-0.60253,1.36075
-0.60667,1.36090
-0.60889,1.36097
-0.61029,1.36101
-0.61127,1.36104
-0.61202,1.36106
-0.61261,1.36108
-0.61311,1.36109
-0.61355,1.36110
-0.61393,1.36111
-0.61429,1.36112
-0.61461,1.36113
-0.61491,1.36113
-0.61519,1.36114
-0.61546,1.36114
-0.61570,1.36115
-0.61592,1.36115
0.58698,-1.39207
0.58698,-1.39207
0.58698,-1.39207
0.58698,-1.39207
0.58698,-1.39207
0.58698,-1.39207
0.58698,-1.39207
0.58698,-1.39207
0.58698,-1.39207
0.58698,-1.39207
0.58698,-1.39207
0.58699,-1.39207
0.58699,-1.39207
0.58701,-1.39207
0.58744,-1.39204
-0.25643,1.27500
-0.31112,1.29768
-0.34833,1.31109
-0.38492,1.32276
-0.42953,1.33498
-0.48851,1.34776
-0.55054,1.35686
-0.58627,1.35992
-0.59979,1.36063
-0.60529,1.36085
-0.60805,1.36095
-0.60970,1.36100
-0.61081,1.36103
-0.61163,1.36105
-0.61227,1.36107
-0.61280,1.36108
-0.61325,1.36109
-0.61364,1.36110
-0.61400,1.36111
-0.61433,1.36112
-0.61463,1.36113
-0.61492,1.36113
-0.61519,1.36114
-0.61544,1.36114
-0.61568,1.36115
0.58699,-1.39207
0.58699,-1.39207
0.58699,-1.39207
0.58699,-1.39207
0.58699,-1.39207
0.58699,-1.39207
0.58699,-1.39207
0.58700,-1.39207
0.58700,-1.39207
0.58701,-1.39207
0.58702,-1.39207
0.58703,-1.39207
0.58707,-1.39207
0.58718,-1.39206
0.58784,-1.39202
-0.19997,1.24752
-0.28898,1.28894
-0.33091,1.30501
-0.36716,1.31728
-0.40805,1.32937
-0.46155,1.34241
-0.52646,1.35388
-0.57508,1.35914
-0.59555,1.36044
-0.60334,1.36078
-0.60695,1.36091
-0.60897,1.36097
-0.61027,1.36101
-0.61120,1.36104
-0.61191,1.36106
-0.61248,1.36107
-0.61295,1.36109
-0.61336,1.36110
-0.61373,1.36110
-0.61406,1.36111
-0.61437,1.36112
-0.61466,1.36113
-0.61493,1.36113
-0.61519,1.36114
-0.61544,1.36114
0.58699,-1.39207
0.58699,-1.39207
0.58700,-1.39207
0.58700,-1.39207
0.58700,-1.39207
0.58701,-1.39207
0.58701,-1.39207
0.58702,-1.39207
0.58703,-1.39207
0.58704,-1.39207
0.58707,-1.39207
0.58711,-1.39206
0.58720,-1.39206
0.58741,-1.39205
0.58798,-1.39201
0.58987,-1.39188
-0.23134,1.26333
-0.29988,1.29332
-0.34104,1.30859
-0.38051,1.32143
-0.42851,1.33473
-0.49135,1.34828
-0.55404,1.35723
-0.58761,1.36000
-0.60011,1.36065
-0.60529,1.36085
-0.60796,1.36094
-0.60957,1.36099
-0.61067,1.36102
-0.61148,1.36105
-0.61211,1.36106
-0.61263,1.36108
-0.61307,1.36109
-0.61345,1.36110
-0.61380,1.36111
-0.61411,1.36111
-0.61441,1.36112
-0.61469,1.36113
-0.61495,1.36113
-0.61520,1.36114
0.58700,-1.39207
0.58700,-1.39207
0.58701,-1.39207
0.58701,-1.39207
0.58702,-1.39207
0.58702,-1.39207
0.58703,-1.39207
0.58705,-1.39207
0.58706,-1.39207
0.58709,-1.39207
0.58714,-1.39206
0.58721,-1.39206
0.58736,-1.39205
0.58764,-1.39203
0.58814,-1.39200
0.58900,-1.39194
0.59064,-1.39183
-0.21770,1.25663
-0.29604,1.29179
-0.34141,1.30872
-0.38604,1.32309
-0.44178,1.33796
-0.51161,1.35169
-0.56844,1.35860
-0.59310,1.36031
-0.60219,1.36073
-0.60625,1.36089
-0.60848,1.36096
-0.60989,1.36100
-0.61089,1.36103
-0.61164,1.36105
-0.61223,1.36107
-0.61273,1.36108
-0.61315,1.36109
-0.61352,1.36110
-0.61385,1.36111
-0.61416,1.36111
-0.61444,1.36112
-0.61471,1.36113
-0.61497,1.36113
0.58701,-1.39207
0.58702,-1.39207
0.58702,-1.39207
0.58703,-1.39207
0.58704,-1.39207
0.58705,-1.39207
0.58706,-1.39207
0.58708,-1.39207
0.58711,-1.39206
0.58716,-1.39206
0.58723,-1.39206
0.58735,-1.39205
0.58754,-1.39204
0.58786,-1.39202
0.58834,-1.39199
0.58902,-1.39194
0.58984,-1.39189
0.59081,-1.39182
0.59596,-1.39143
-0.26243,1.27767
-0.32187,1.30172
-0.37284,1.31907
-0.43431,1.33616
-0.51057,1.35152
-0.56975,1.35871
-0.59375,1.36035
-0.60243,1.36074
-0.60635,1.36089
-0.60852,1.36096
-0.60991,1.36100
-0.61090,1.36103
-0.61165,1.36105
-0.61225,1.36107
-0.61274,1.36108
-0.61317,1.36109
-0.61354,1.36110
-0.61387,1.36111
-0.61418,1.36112
-0.61447,1.36112
-0.61474,1.36113
0.58702,-1.39207
0.58703,-1.39207
0.58704,-1.39207
0.58705,-1.39207
0.58706,-1.39207
0.58708,-1.39207
0.58710,-1.39207
0.58713,-1.39206
0.58717,-1.39206
0.58724,-1.39206
0.58734,-1.39205
0.58750,-1.39204
0.58773,-1.39203
0.58809,-1.39200
0.58859,-1.39197
0.58923,-1.39193
0.58999,-1.39188
0.59079,-1.39182
0.59155,-1.39177
0.59220,-1.39172
0.59300,-1.39166
-0.21016,1.25281
-0.30354,1.29475
-0.37131,1.31859
-0.45375,1.34070
-0.54189,1.35587
-0.58595,1.35990
-0.59986,1.36064
-0.60519,1.36085
-0.60787,1.36094
-0.60950,1.36099
-0.61061,1.36102
-0.61145,1.36105
-0.61210,1.36106
-0.61264,1.36108
-0.61310,1.36109
-0.61350,1.36110
-0.61385,1.36111
-0.61417,1.36112
-0.61447,1.36112
0.58704,-1.39207
0.58705,-1.39207
0.58706,-1.39207
0.58707,-1.39207
0.58709,-1.39207
0.58711,-1.39206
0.58714,-1.39206
0.58719,-1.39206
0.58725,-1.39206
0.58734,-1.39205
0.58747,-1.39204
0.58766,-1.39203
0.58794,-1.39201
0.58833,-1.39199
0.58886,-1.39195
0.58954,-1.39191
0.59035,-1.39185
0.59126,-1.39179
0.59223,-1.39172
0.59323,-1.39164
0.59421,-1.39157
0.59513,-1.39149
0.59589,-1.39143
0.59633,-1.39140
0.59608,-1.39142
0.01129,1.09243
-0.34701,1.31064
-0.49636,1.34917
-0.58148,1.35961
-0.60010,1.36065
-0.60572,1.36087
-0.60832,1.36095
-0.60986,1.36100
-0.61092,1.36103
-0.61172,1.36105
-0.61236,1.36107
-0.61289,1.36108
-0.61335,1.36110
-0.61375,1.36111
-0.61411,1.36111
0.58706,-1.39207
0.58707,-1.39207
0.58708,-1.39207
0.58710,-1.39207
0.58712,-1.39206
0.58715,-1.39206
0.58720,-1.39206
0.58725,-1.39206
0.58733,-1.39205
0.58744,-1.39204
0.58760,-1.39203
0.58783,-1.39202
0.58815,-1.39200
0.58859,-1.39197
0.58917,-1.39193
0.58991,-1.39188
0.59080,-1.39182
0.59184,-1.39174
0.59300,-1.39166
0.59427,-1.39156
0.59560,-1.39146
0.59694,-1.39135
0.59820,-1.39124
0.59931,-1.39115
0.60024,-1.39106
0.60094,-1.39100
0.60141,-1.39096
0.60153,-1.39095
0.60082,-1.39101
0.59716,-1.39133
-0.50015,1.34982
-0.59376,1.36035
-0.60466,1.36083
-0.60808,1.36095
-0.60982,1.36100
-0.61096,1.36103
-0.61180,1.36106
-0.61247,1.36107
-0.61304,1.36109
-0.61353,1.36110
0.58708,-1.39207
0.58709,-1.39207
0.58711,-1.39206
0.58714,-1.39206
0.58717,-1.39206
0.58720,-1.39206
0.58726,-1.39206
0.58733,-1.39205
0.58742,-1.39205
0.58756,-1.39204
0.58775,-1.39202
0.58801,-1.39201
0.58837,-1.39198
0.58887,-1.39195
0.58951,-1.39191
0.59031,-1.39185
0.59128,-1.39178
0.59242,-1.39170
0.59370,-1.39161
0.59510,-1.39150
0.59656,-1.39138
0.59798,-1.39126
0.59927,-1.39115
0.60037,-1.39105
0.60127,-1.39097
0.60200,-1.39090
0.60257,-1.39085
0.60302,-1.39081
0.60335,-1.39078
0.60358,-1.39075
0.60364,-1.39075
0.60327,-1.39078
0.60004,-1.39108
-0.52764,1.35404
-0.60044,1.36066
-0.60709,1.36091
-0.60946,1.36099
-0.61080,1.36103
-0.61174,1.36105
-0.61248,1.36107
0.58710,-1.39207
0.58712,-1.39206
0.58715,-1.39206
0.58717,-1.39206
0.58721,-1.39206
0.58726,-1.39206
0.58732,-1.39205
0.58741,-1.39205
0.58752,-1.39204
0.58768,-1.39203
0.58790,-1.39201
0.58820,-1.39199
0.58861,-1.39197
0.58916,-1.39193
0.58987,-1.39188
0.59073,-1.39182
0.59177,-1.39175
0.59297,-1.39166
0.59432,-1.39156
0.59577,-1.39144
0.59725,-1.39132
0.59865,-1.39120
0.59988,-1.39110
0.60091,-1.39100
0.60174,-1.39093
0.60240,-1.39087
0.60292,-1.39082
0.60334,-1.39078
0.60368,-1.39074
0.60396,-1.39072
0.60419,-1.39070
0.60438,-1.39068
0.60450,-1.39066
0.60452,-1.39066
0.60417,-1.39070
0.60049,-1.39104
-0.57423,1.35907
-0.60461,1.36083
-0.60872,1.36097
-0.61047,1.36102
0.58713,-1.39206
0.58716,-1.39206
0.58718,-1.39206
0.58722,-1.39206
0.58726,-1.39206
0.58732,-1.39205
0.58739,-1.39205
0.58749,-1.39204
0.58762,-1.39203
0.58780,-1.39202
0.58806,-1.39200
0.58840,-1.39198
0.58887,-1.39195
0.58947,-1.39191
0.59024,-1.39186
0.59116,-1.39179
0.59224,-1.39171
0.59349,-1.39162
0.59487,-1.39152
0.59632,-1.39140
0.59777,-1.39128
0.59912,-1.39116
0.60028,-1.39106
0.60124,-1.39097
0.60201,-1.39090
0.60262,-1.39085
0.60310,-1.39080
0.60348,-1.39076
0.60380,-1.39073
0.60406,-1.39071
0.60428,-1.39069
0.60447,-1.39067
0.60464,-1.39065
0.60478,-1.39064
0.60490,-1.39063
0.60498,-1.39062
0.60495,-1.39062
0.60450,-1.39067
-0.04469,1.14399
-0.59634,1.36048
0.58716,-1.39206
0.58719,-1.39206
0.58722,-1.39206
0.58726,-1.39206
0.58731,-1.39205
0.58738,-1.39205
0.58746,-1.39204
0.58757,-1.39204
0.58773,-1.39203
0.58794,-1.39201
0.58823,-1.39199
0.58862,-1.39197
0.58914,-1.39193
0.58980,-1.39189
0.59061,-1.39183
0.59158,-1.39176
0.59270,-1.39168
0.59396,-1.39159
0.59534,-1.39148
0.59678,-1.39136
0.59819,-1.39124
0.59947,-1.39113
0.60057,-1.39103
0.60147,-1.39095
0.60219,-1.39089
0.60276,-1.39083
0.60321,-1.39079
0.60357,-1.39076
0.60386,-1.39073
0.60411,-1.39070
0.60432,-1.39068
0.60450,-1.39067
0.60466,-1.39065
0.60479,-1.39064
0.60492,-1.39062
0.60503,-1.39061
0.60513,-1.39060
0.60521,-1.39059
0.60526,-1.39059
0.60518,-1.39060
0.58720,-1.39206
0.58723,-1.39206
0.58727,-1.39206
0.58731,-1.39205
0.58737,-1.39205
0.58744,-1.39204
0.58753,-1.39204
0.58766,-1.39203
0.58784,-1.39202
0.58808,-1.39200
0.58841,-1.39198
0.58885,-1.39195
0.58942,-1.39191
0.59013,-1.39187
0.59099,-1.39181
0.59199,-1.39173
0.59314,-1.39165
0.59440,-1.39155
0.59577,-1.39144
0.59717,-1.39133
0.59853,-1.39121
0.59975,-1.39111
0.60079,-1.39101
0.60164,-1.39094
0.60232,-1.39087
0.60285,-1.39082
0.60328,-1.39078
0.60363,-1.39075
0.60391,-1.39072
0.60415,-1.39070
0.60435,-1.39068
0.60452,-1.39066
0.60467,-1.39065
0.60480,-1.39064
0.60491,-1.39062
0.60502,-1.39061
0.60511,-1.39061
0.60520,-1.39060
0.60528,-1.39059
0.60535,-1.39058
0.58724,-1.39206
0.58727,-1.39205
0.58731,-1.39205
0.58736,-1.39205
0.58742,-1.39205
0.58750,-1.39204
0.58761,-1.39203
0.58775,-1.39202
0.58795,-1.39201
0.58823,-1.39199
0.58860,-1.39197
0.58909,-1.39194
0.58972,-1.39189
0.59048,-1.39184
0.59137,-1.39178
0.59240,-1.39170
0.59355,-1.39162
0.59481,-1.39152
0.59615,-1.39141
0.59751,-1.39130
0.59881,-1.39119
0.59998,-1.39109
0.60097,-1.39100
0.60177,-1.39092
0.60242,-1.39086
0.60293,-1.39082
0.60334,-1.39078
0.60367,-1.39075
0.60395,-1.39072
0.60417,-1.39070
0.60437,-1.39068
0.60453,-1.39066
0.60468,-1.39065
0.60480,-1.39064
0.60491,-1.39062
0.60501,-1.39061
0.60510,-1.39061
0.60517,-1.39060
0.60525,-1.39059
0.60531,-1.39058
0.58727,-1.39205
0.58731,-1.39205
0.58735,-1.39205
0.58740,-1.39205
0.58747,-1.39204
0.58756,-1.39204
0.58768,-1.39203
0.58785,-1.39202
0.58808,-1.39200
0.58839,-1.39198
0.58881,-1.39196
0.58935,-1.39192
0.59002,-1.39187
0.59083,-1.39182
0.59175,-1.39175
0.59279,-1.39167
0.59394,-1.39159
0.59519,-1.39149
0.59650,-1.39138
0.59782,-1.39127
0.59906,-1.39117
0.60018,-1.39107
0.60112,-1.39098
0.60189,-1.39091
0.60250,-1.39086
0.60300,-1.39081
0.60339,-1.39077
0.60371,-1.39074
0.60398,-1.39072
0.60420,-1.39069
0.60439,-1.39068
0.60455,-1.39066
0.60469,-1.39065
0.60481,-1.39063
0.60492,-1.39062
0.60501,-1.39061
0.60509,-1.39061
0.60517,-1.39060
0.60523,-1.39059
0.60529,-1.39059
