-0.62151,1.36125
-0.62151,1.36125
-0.62150,1.36125
-0.62149,1.36125
-0.62148,1.36125
-0.62146,1.36125
-0.62145,1.36125
-0.62143,1.36125
-0.62140,1.36125
-0.62137,1.36125
-0.62133,1.36125
-0.62129,1.36124
-0.62123,1.36124
-0.62115,1.36124
-0.62105,1.36124
-0.62093,1.36124
-0.62077,1.36124
-0.62059,1.36123
-0.62037,1.36123
-0.62014,1.36123
-0.61989,1.36122
-0.61963,1.36122
-0.61938,1.36122
-0.61912,1.36121
-0.61887,1.36121
-0.61865,1.36120
-0.61845,1.36120
-0.61830,1.36120
-0.61819,1.36120
-0.61810,1.36120
-0.61804,1.36119
-0.61800,1.36119
-0.61797,1.36119
-0.61794,1.36119
-0.61792,1.36119
-0.61790,1.36119
-0.61789,1.36119
-0.61787,1.36119
-0.61786,1.36119
-0.61785,1.36119
-0.62152,1.36125
-0.62151,1.36125
-0.62150,1.36125
-0.62149,1.36125
-0.62148,1.36125
-0.62146,1.36125
-0.62145,1.36125
-0.62143,1.36125
-0.62140,1.36125
-0.62137,1.36125
-0.62134,1.36125
-0.62129,1.36124
-0.62123,1.36124
-0.62115,1.36124
-0.62105,1.36124
-0.62092,1.36124
-0.62076,1.36124
-0.62057,1.36123
-0.62035,1.36123
-0.62010,1.36123
-0.61984,1.36122
-0.61958,1.36122
-0.61931,1.36122
-0.61905,1.36121
-0.61880,1.36121
-0.61858,1.36120
-0.61839,1.36120
-0.61825,1.36120
-0.61815,1.36120
-0.61808,1.36120
-0.61802,1.36119
-0.61798,1.36119
-0.61795,1.36119
-0.61792,1.36119
-0.61790,1.36119
-0.61789,1.36119
-0.61787,1.36119
-0.61786,1.36119
-0.61785,1.36119
-0.61783,1.36119
-0.62154,1.36125
-0.62152,1.36125
-0.62151,1.36125
-0.62150,1.36125
-0.62148,1.36125
-0.62147,1.36125
-0.62145,1.36125
-0.62143,1.36125
-0.62140,1.36125
-0.62137,1.36125
-0.62134,1.36125
-0.62129,1.36124
-0.62123,1.36124
-0.62115,1.36124
-0.62105,1.36124
-0.62092,1.36124
-0.62075,1.36124
-0.62055,1.36123
-0.62032,1.36123
-0.62006,1.36123
-0.61979,1.36122
-0.61952,1.36122
-0.61924,1.36121
-0.61897,1.36121
-0.61872,1.36121
-0.61851,1.36120
-0.61834,1.36120
-0.61821,1.36120
-0.61812,1.36120
-0.61805,1.36119
-0.61800,1.36119
-0.61796,1.36119
-0.61793,1.36119
-0.61791,1.36119
-0.61789,1.36119
-0.61787,1.36119
-0.61786,1.36119
-0.61784,1.36119
-0.61783,1.36119
-0.61782,1.36119
-0.62157,1.36125
-0.62155,1.36125
-0.62153,1.36125
-0.62151,1.36125
-0.62149,1.36125
-0.62147,1.36125
-0.62146,1.36125
-0.62143,1.36125
-0.62141,1.36125
-0.62138,1.36125
-0.62134,1.36125
-0.62129,1.36124
-0.62123,1.36124
-0.62115,1.36124
-0.62104,1.36124
-0.62091,1.36124
-0.62074,1.36124
-0.62053,1.36123
-0.62029,1.36123
-0.62002,1.36123
-0.61973,1.36122
-0.61945,1.36122
-0.61916,1.36121
-0.61889,1.36121
-0.61865,1.36121
-0.61844,1.36120
-0.61829,1.36120
-0.61817,1.36120
-0.61809,1.36120
-0.61803,1.36119
-0.61798,1.36119
-0.61794,1.36119
-0.61792,1.36119
-0.61789,1.36119
-0.61787,1.36119
-0.61786,1.36119
-0.61784,1.36119
-0.61783,1.36119
-0.61782,1.36119
-0.61781,1.36119
-0.62154,1.36125
-0.62158,1.36125
-0.62156,1.36125
-0.62154,1.36125
-0.62151,1.36125
-0.62149,1.36125
-0.62147,1.36125
-0.62144,1.36125
-0.62141,1.36125
-0.62138,1.36125
-0.62134,1.36125
-0.62129,1.36124
-0.62123,1.36124
-0.62114,1.36124
-0.62104,1.36124
-0.62090,1.36124
-0.62072,1.36124
-0.62050,1.36123
-0.62024,1.36123
-0.61996,1.36123
-0.61967,1.36122
-0.61937,1.36122
-0.61907,1.36121
-0.61880,1.36121
-0.61857,1.36120
-0.61838,1.36120
-0.61824,1.36120
-0.61813,1.36120
-0.61806,1.36119
-0.61800,1.36119
-0.61796,1.36119
-0.61792,1.36119
-0.61790,1.36119
-0.61787,1.36119
-0.61785,1.36119
-0.61784,1.36119
-0.61782,1.36119
-0.61781,1.36119
-0.61780,1.36119
-0.61779,1.36119
0.58469,-1.39221
0.58293,-1.39231
0.57685,-1.39260
-0.62148,1.36125
-0.62153,1.36125
-0.62151,1.36125
-0.62149,1.36125
-0.62146,1.36125
-0.62143,1.36125
-0.62139,1.36125
-0.62135,1.36125
-0.62129,1.36124
-0.62122,1.36124
-0.62114,1.36124
-0.62102,1.36124
-0.62088,1.36124
-0.62069,1.36124
-0.62046,1.36123
-0.62019,1.36123
-0.61989,1.36122
-0.61958,1.36122
-0.61927,1.36122
-0.61898,1.36121
-0.61871,1.36121
-0.61849,1.36120
-0.61832,1.36120
-0.61819,1.36120
-0.61809,1.36120
-0.61802,1.36119
-0.61797,1.36119
-0.61793,1.36119
-0.61790,1.36119
-0.61787,1.36119
-0.61785,1.36119
-0.61784,1.36119
-0.61782,1.36119
-0.61781,1.36119
-0.61780,1.36119
-0.61779,1.36119
-0.61778,1.36119
0.58623,-1.39212
0.58585,-1.39214
0.58528,-1.39218
0.58438,-1.39223
0.58284,-1.39232
0.57913,-1.39250
-0.62119,1.36124
-0.62143,1.36125
-0.62142,1.36125
-0.62139,1.36125
-0.62135,1.36125
-0.62129,1.36124
-0.62122,1.36124
-0.62112,1.36124
-0.62100,1.36124
-0.62084,1.36124
-0.62064,1.36124
-0.62040,1.36123
-0.62011,1.36123
-0.61980,1.36122
-0.61948,1.36122
-0.61917,1.36121
-0.61888,1.36121
-0.61862,1.36120
-0.61842,1.36120
-0.61826,1.36120
-0.61814,1.36120
-0.61806,1.36119
-0.61799,1.36119
-0.61794,1.36119
-0.61790,1.36119
-0.61788,1.36119
-0.61785,1.36119
-0.61783,1.36119
-0.61782,1.36119
-0.61780,1.36119
-0.61779,1.36119
-0.61778,1.36119
-0.61777,1.36119
-0.61776,1.36119
0.58670,-1.39209
0.58653,-1.39210
0.58630,-1.39211
0.58601,-1.39213
0.58562,-1.39216
0.58508,-1.39219
0.58432,-1.39223
0.58321,-1.39229
0.58141,-1.39239
0.57746,-1.39258
-0.62070,1.36124
-0.62113,1.36124
-0.62112,1.36124
-0.62105,1.36124
-0.62093,1.36124
-0.62076,1.36124
-0.62055,1.36123
-0.62029,1.36123
-0.61999,1.36123
-0.61967,1.36122
-0.61935,1.36122
-0.61904,1.36121
-0.61877,1.36121
-0.61853,1.36120
-0.61835,1.36120
-0.61820,1.36120
-0.61810,1.36120
-0.61802,1.36119
-0.61796,1.36119
-0.61791,1.36119
-0.61788,1.36119
-0.61785,1.36119
-0.61783,1.36119
-0.61781,1.36119
-0.61780,1.36119
-0.61778,1.36119
-0.61777,1.36119
-0.61776,1.36119
-0.61775,1.36119
-0.61775,1.36119
0.58685,-1.39208
0.58678,-1.39209
0.58668,-1.39209
0.58653,-1.39210
0.58634,-1.39211
0.58609,-1.39213
0.58579,-1.39215
0.58541,-1.39217
0.58493,-1.39220
0.58431,-1.39223
0.58352,-1.39228
0.58251,-1.39233
0.58115,-1.39240
0.57919,-1.39250
0.57578,-1.39265
0.56491,-1.39295
-0.62003,1.36123
-0.61996,1.36123
-0.61974,1.36122
-0.61947,1.36122
-0.61918,1.36121
-0.61891,1.36121
-0.61866,1.36121
-0.61845,1.36120
-0.61828,1.36120
-0.61815,1.36120
-0.61805,1.36119
-0.61797,1.36119
-0.61792,1.36119
-0.61788,1.36119
-0.61785,1.36119
-0.61782,1.36119
-0.61780,1.36119
-0.61779,1.36119
-0.61777,1.36119
-0.61776,1.36119
-0.61775,1.36119
-0.61775,1.36119
-0.61774,1.36119
-0.61773,1.36119
0.58690,-1.39208
0.58687,-1.39208
0.58682,-1.39208
0.58675,-1.39209
0.58664,-1.39209
0.58650,-1.39210
0.58632,-1.39211
0.58610,-1.39213
0.58583,-1.39214
0.58551,-1.39216
0.58511,-1.39219
0.58462,-1.39222
0.58402,-1.39225
0.58329,-1.39229
0.58239,-1.39234
0.58123,-1.39240
0.57966,-1.39248
0.57732,-1.39258
0.57308,-1.39274
0.55712,-1.39302
-0.61899,1.36121
-0.61878,1.36121
-0.61857,1.36120
-0.61837,1.36120
-0.61821,1.36120
-0.61809,1.36120
-0.61800,1.36119
-0.61793,1.36119
-0.61788,1.36119
-0.61784,1.36119
-0.61781,1.36119
-0.61779,1.36119
-0.61778,1.36119
-0.61776,1.36119
-0.61775,1.36119
-0.61774,1.36119
-0.61774,1.36119
-0.61773,1.36119
-0.61772,1.36119
-0.61772,1.36119
0.58692,-1.39208
0.58691,-1.39208
0.58688,-1.39208
0.58684,-1.39208
0.58678,-1.39209
0.58669,-1.39209
0.58658,-1.39210
0.58643,-1.39211
0.58625,-1.39212
0.58602,-1.39213
0.58574,-1.39215
0.58540,-1.39217
0.58498,-1.39219
0.58445,-1.39222
0.58381,-1.39226
0.58301,-1.39231
0.58200,-1.39236
0.58069,-1.39243
0.57892,-1.39251
0.57637,-1.39262
0.57199,-1.39278
0.55768,-1.39301
-0.61855,1.36120
-0.61832,1.36120
-0.61815,1.36120
-0.61803,1.36119
-0.61794,1.36119
-0.61788,1.36119
-0.61783,1.36119
-0.61780,1.36119
-0.61778,1.36119
-0.61776,1.36119
-0.61775,1.36119
-0.61774,1.36119
-0.61773,1.36119
-0.61773,1.36119
-0.61772,1.36119
-0.61771,1.36119
-0.61771,1.36119
-0.61770,1.36119
0.58693,-1.39208
0.58692,-1.39208
0.58691,-1.39208
0.58688,-1.39208
0.58684,-1.39208
0.58679,-1.39208
0.58671,-1.39209
0.58660,-1.39210
0.58647,-1.39210
0.58630,-1.39212
0.58608,-1.39213
0.58581,-1.39215
0.58547,-1.39217
0.58504,-1.39219
0.58451,-1.39222
0.58384,-1.39226
0.58300,-1.39231
0.58194,-1.39236
0.58060,-1.39243
0.57887,-1.39251
0.57649,-1.39262
0.57278,-1.39275
0.56414,-1.39296
-0.61837,1.36120
-0.61809,1.36120
-0.61796,1.36119
-0.61787,1.36119
-0.61782,1.36119
-0.61779,1.36119
-0.61776,1.36119
-0.61775,1.36119
-0.61773,1.36119
-0.61772,1.36119
-0.61772,1.36119
-0.61771,1.36119
-0.61770,1.36119
-0.61770,1.36119
-0.61770,1.36119
-0.61769,1.36119
-0.61769,1.36119
0.58694,-1.39208
0.58693,-1.39208
0.58692,-1.39208
0.58691,-1.39208
0.58688,-1.39208
0.58684,-1.39208
0.58679,-1.39209
0.58671,-1.39209
0.58660,-1.39210
0.58646,-1.39211
0.58628,-1.39212
0.58606,-1.39213
0.58577,-1.39215
0.58540,-1.39217
0.58493,-1.39220
0.58434,-1.39223
0.58359,-1.39227
0.58265,-1.39232
0.58148,-1.39239
0.58002,-1.39246
0.57815,-1.39255
0.57561,-1.39265
0.57152,-1.39279
0.56049,-1.39300
-0.61803,1.36119
-0.61787,1.36119
-0.61780,1.36119
-0.61776,1.36119
-0.61774,1.36119
-0.61772,1.36119
-0.61771,1.36119
-0.61770,1.36119
-0.61769,1.36119
-0.61769,1.36119
-0.61768,1.36119
-0.61768,1.36119
-0.61768,1.36119
-0.61768,1.36119
-0.61767,1.36119
-0.61767,1.36119
0.58695,-1.39207
0.58694,-1.39208
0.58694,-1.39208
0.58692,-1.39208
0.58691,-1.39208
0.58688,-1.39208
0.58684,-1.39208
0.58678,-1.39209
0.58669,-1.39209
0.58658,-1.39210
0.58643,-1.39211
0.58623,-1.39212
0.58598,-1.39213
0.58565,-1.39215
0.58523,-1.39218
0.58469,-1.39221
0.58400,-1.39225
0.58313,-1.39230
0.58205,-1.39236
0.58071,-1.39243
0.57905,-1.39251
0.57690,-1.39260
0.57377,-1.39272
0.56766,-1.39290
-0.61785,1.36119
-0.61774,1.36119
-0.61770,1.36119
-0.61769,1.36119
-0.61767,1.36119
-0.61767,1.36119
-0.61766,1.36119
-0.61766,1.36119
-0.61766,1.36119
-0.61766,1.36119
-0.61766,1.36119
-0.61765,1.36119
-0.61765,1.36119
-0.61765,1.36119
-0.61765,1.36119
-0.61765,1.36119
0.58695,-1.39207
0.58695,-1.39207
0.58694,-1.39208
0.58693,-1.39208
0.58692,-1.39208
0.58690,-1.39208
0.58687,-1.39208
0.58683,-1.39208
0.58676,-1.39209
0.58667,-1.39209
0.58654,-1.39210
0.58637,-1.39211
0.58614,-1.39212
0.58585,-1.39214
0.58547,-1.39217
0.58497,-1.39219
0.58432,-1.39223
0.58350,-1.39228
0.58247,-1.39233
0.58119,-1.39240
0.57961,-1.39248
0.57759,-1.39257
0.57474,-1.39269
0.56952,-1.39285
0.53289,-1.39238
-0.61747,1.36118
-0.61753,1.36119
-0.61756,1.36119
-0.61758,1.36119
-0.61759,1.36119
-0.61760,1.36119
-0.61760,1.36119
-0.61761,1.36119
-0.61761,1.36119
-0.61762,1.36119
-0.61762,1.36119
-0.61762,1.36119
-0.61762,1.36119
-0.61763,1.36119
-0.61763,1.36119
0.58696,-1.39207
0.58695,-1.39207
0.58695,-1.39207
0.58694,-1.39208
0.58693,-1.39208
0.58692,-1.39208
0.58690,-1.39208
0.58687,-1.39208
0.58682,-1.39208
0.58674,-1.39209
0.58663,-1.39209
0.58648,-1.39210
0.58628,-1.39212
0.58602,-1.39213
0.58567,-1.39215
0.58521,-1.39218
0.58460,-1.39222
0.58382,-1.39226
0.58281,-1.39232
0.58155,-1.39238
0.57998,-1.39246
0.57795,-1.39255
0.57502,-1.39267
0.56931,-1.39286
-0.61522,1.36114
-0.61684,1.36117
-0.61716,1.36118
-0.61731,1.36118
-0.61740,1.36118
-0.61746,1.36118
-0.61749,1.36118
-0.61752,1.36119
-0.61754,1.36119
-0.61755,1.36119
-0.61756,1.36119
-0.61757,1.36119
-0.61758,1.36119
-0.61759,1.36119
-0.61759,1.36119
-0.61760,1.36119
0.58696,-1.39207
0.58696,-1.39207
0.58696,-1.39207
0.58695,-1.39207
0.58694,-1.39208
0.58693,-1.39208
0.58692,-1.39208
0.58690,-1.39208
0.58686,-1.39208
0.58680,-1.39208
0.58672,-1.39209
0.58659,-1.39210
0.58641,-1.39211
0.58618,-1.39212
0.58586,-1.39214
0.58544,-1.39217
0.58487,-1.39220
0.58411,-1.39224
0.58312,-1.39230
0.58185,-1.39237
0.58022,-1.39245
0.57802,-1.39255
0.57460,-1.39269
0.56552,-1.39294
-0.61514,1.36114
-0.61610,1.36116
-0.61659,1.36117
-0.61690,1.36117
-0.61710,1.36118
-0.61723,1.36118
-0.61732,1.36118
-0.61738,1.36118
-0.61743,1.36118
-0.61746,1.36118
-0.61749,1.36118
-0.61751,1.36118
-0.61753,1.36119
-0.61754,1.36119
-0.61755,1.36119
-0.61756,1.36119
0.58696,-1.39207
0.58696,-1.39207
0.58696,-1.39207
0.58696,-1.39207
0.58695,-1.39207
0.58694,-1.39208
0.58693,-1.39208
0.58692,-1.39208
0.58689,-1.39208
0.58685,-1.39208
0.58679,-1.39209
0.58668,-1.39209
0.58653,-1.39210
0.58632,-1.39211
0.58604,-1.39213
0.58565,-1.39215
0.58512,-1.39219
0.58440,-1.39223
0.58342,-1.39228
0.58210,-1.39235
0.58032,-1.39244
0.57768,-1.39257
0.57247,-1.39276
-0.61299,1.36109
-0.61489,1.36113
-0.61560,1.36115
-0.61608,1.36116
-0.61643,1.36116
-0.61671,1.36117
-0.61692,1.36117
-0.61707,1.36118
-0.61719,1.36118
-0.61727,1.36118
-0.61734,1.36118
-0.61739,1.36118
-0.61742,1.36118
-0.61745,1.36118
-0.61748,1.36118
-0.61749,1.36118
-0.61751,1.36118
0.58697,-1.39207
0.58697,-1.39207
0.58696,-1.39207
0.58696,-1.39207
0.58696,-1.39207
0.58695,-1.39207
0.58695,-1.39208
0.58693,-1.39208
0.58692,-1.39208
0.58689,-1.39208
0.58684,-1.39208
0.58676,-1.39209
0.58664,-1.39209
0.58646,-1.39211
0.58620,-1.39212
0.58585,-1.39214
0.58536,-1.39217
0.58467,-1.39221
0.58370,-1.39227
0.58230,-1.39234
0.58015,-1.39245
0.57602,-1.39264
-0.61047,1.36102
-0.61367,1.36110
-0.61465,1.36113
-0.61525,1.36114
-0.61570,1.36115
-0.61605,1.36116
-0.61634,1.36116
-0.61659,1.36117
-0.61678,1.36117
-0.61694,1.36117
-0.61707,1.36118
-0.61717,1.36118
-0.61725,1.36118
-0.61731,1.36118
-0.61735,1.36118
-0.61739,1.36118
-0.61742,1.36118
-0.61745,1.36118
0.58697,-1.39207
0.58697,-1.39207
0.58697,-1.39207
0.58696,-1.39207
0.58696,-1.39207
0.58696,-1.39207
0.58695,-1.39207
0.58695,-1.39208
0.58694,-1.39208
0.58692,-1.39208
0.58689,-1.39208
0.58683,-1.39208
0.58674,-1.39209
0.58658,-1.39210
0.58636,-1.39211
0.58604,-1.39213
0.58558,-1.39216
0.58493,-1.39220
0.58394,-1.39225
0.58231,-1.39234
0.57858,-1.39253
-0.60694,1.36091
-0.61193,1.36106
-0.61354,1.36110
-0.61441,1.36112
-0.61498,1.36113
-0.61541,1.36114
-0.61575,1.36115
-0.61604,1.36116
-0.61629,1.36116
-0.61650,1.36117
-0.61669,1.36117
-0.61684,1.36117
-0.61697,1.36117
-0.61708,1.36118
-0.61716,1.36118
-0.61723,1.36118
-0.61729,1.36118
-0.61733,1.36118
-0.61737,1.36118
0.58697,-1.39207
0.58697,-1.39207
0.58697,-1.39207
0.58697,-1.39207
0.58697,-1.39207
0.58696,-1.39207
0.58696,-1.39207
0.58696,-1.39207
0.58695,-1.39208
0.58694,-1.39208
0.58692,-1.39208
0.58688,-1.39208
0.58682,-1.39208
0.58670,-1.39209
0.58650,-1.39210
0.58621,-1.39212
0.58578,-1.39215
0.58512,-1.39219
0.58395,-1.39225
-0.47926,1.34602
-0.58987,1.36013
-0.60742,1.36093
-0.61156,1.36105
-0.61322,1.36109
-0.61413,1.36111
-0.61472,1.36113
-0.61516,1.36114
-0.61550,1.36114
-0.61579,1.36115
-0.61604,1.36116
-0.61626,1.36116
-0.61645,1.36116
-0.61662,1.36117
-0.61677,1.36117
-0.61689,1.36117
-0.61700,1.36118
-0.61709,1.36118
-0.61717,1.36118
-0.61723,1.36118
-0.61728,1.36118
0.58697,-1.39207
0.58697,-1.39207
0.58697,-1.39207
0.58697,-1.39207
0.58697,-1.39207
0.58697,-1.39207
0.58697,-1.39207
0.58696,-1.39207
0.58696,-1.39207
0.58695,-1.39207
0.58694,-1.39208
0.58692,-1.39208
0.58688,-1.39208
0.58679,-1.39208
0.58663,-1.39209
0.58635,-1.39211
0.58588,-1.39214
0.58461,-1.39222
-0.47145,1.34447
-0.54031,1.35568
-0.58849,1.36005
-0.60579,1.36087
-0.61081,1.36103
-0.61279,1.36108
-0.61382,1.36111
-0.61447,1.36112
-0.61493,1.36113
-0.61529,1.36114
-0.61558,1.36115
-0.61583,1.36115
-0.61604,1.36116
-0.61624,1.36116
-0.61641,1.36116
-0.61657,1.36117
-0.61671,1.36117
-0.61683,1.36117
-0.61694,1.36117
-0.61704,1.36118
-0.61711,1.36118
-0.61718,1.36118
0.58698,-1.39207
0.58698,-1.39207
0.58697,-1.39207
0.58697,-1.39207
0.58697,-1.39207
0.58697,-1.39207
0.58697,-1.39207
0.58697,-1.39207
0.58696,-1.39207
0.58696,-1.39207
0.58695,-1.39207
0.58694,-1.39208
0.58692,-1.39208
0.58687,-1.39208
0.58674,-1.39209
0.58643,-1.39211
-0.33440,1.30626
-0.44830,1.33947
-0.49389,1.34873
-0.54027,1.35567
-0.58252,1.35968
-0.60309,1.36077
-0.60972,1.36100
-0.61223,1.36107
-0.61346,1.36110
-0.61420,1.36112
-0.61471,1.36113
-0.61509,1.36114
-0.61539,1.36114
-0.61564,1.36115
-0.61586,1.36115
-0.61606,1.36116
-0.61623,1.36116
-0.61639,1.36116
-0.61654,1.36117
-0.61667,1.36117
-0.61679,1.36117
-0.61690,1.36117
-0.61699,1.36118
-0.61707,1.36118
0.58698,-1.39207
0.58698,-1.39207
0.58698,-1.39207
0.58698,-1.39207
0.58698,-1.39207
0.58697,-1.39207
0.58697,-1.39207
0.58697,-1.39207
0.58697,-1.39207
0.58697,-1.39207
0.58696,-1.39207
0.58696,-1.39207
0.58695,-1.39208
0.58692,-1.39208
0.58683,-1.39208
-0.28765,1.28840
-0.42355,1.33347
-0.46130,1.34235
-0.49517,1.34896
-0.53375,1.35485
-0.57405,1.35906
-0.59910,1.36060
-0.60821,1.36095
-0.61152,1.36105
-0.61305,1.36109
-0.61391,1.36111
-0.61448,1.36112
-0.61489,1.36113
-0.61521,1.36114
-0.61548,1.36114
-0.61570,1.36115
-0.61590,1.36115
-0.61607,1.36116
-0.61623,1.36116
-0.61638,1.36116
-0.61652,1.36117
-0.61665,1.36117
-0.61676,1.36117
-0.61687,1.36117
-0.61696,1.36117
0.58698,-1.39207
0.58698,-1.39207
0.58698,-1.39207
0.58698,-1.39207
0.58698,-1.39207
0.58698,-1.39207
0.58698,-1.39207
0.58698,-1.39207
0.58698,-1.39207
0.58698,-1.39207
0.58697,-1.39207
0.58697,-1.39207
0.58697,-1.39207
0.58696,-1.39207
0.58691,-1.39208
-0.38464,1.32268
-0.43051,1.33523
-0.46088,1.34226
-0.49027,1.34808
-0.52445,1.35360
-0.56337,1.35815
-0.59331,1.36032
-0.60606,1.36088
-0.61059,1.36102
-0.61254,1.36108
-0.61358,1.36110
-0.61424,1.36112
-0.61469,1.36113
-0.61504,1.36113
-0.61532,1.36114
-0.61555,1.36115
-0.61575,1.36115
-0.61593,1.36115
-0.61609,1.36116
-0.61624,1.36116
-0.61638,1.36116
-0.61651,1.36117
-0.61663,1.36117
-0.61674,1.36117
-0.61685,1.36117
0.58698,-1.39207
0.58698,-1.39207
0.58698,-1.39207
0.58698,-1.39207
0.58698,-1.39207
0.58698,-1.39207
0.58698,-1.39207
0.58698,-1.39207
0.58698,-1.39207
0.58698,-1.39207
0.58698,-1.39207
0.58698,-1.39207
0.58699,-1.39207
0.58699,-1.39207
0.58715,-1.39206
-0.37932,1.32107
-0.42437,1.33368
-0.45384,1.34072
-0.48142,1.34644
-0.51279,1.35187
-0.55020,1.35682
-0.58479,1.35983
-0.60280,1.36076
-0.60930,1.36098
-0.61189,1.36106
-0.61319,1.36109
-0.61396,1.36111
-0.61448,1.36112
-0.61486,1.36113
-0.61516,1.36114
-0.61540,1.36114
-0.61561,1.36115
-0.61579,1.36115
-0.61596,1.36115
-0.61611,1.36116
-0.61625,1.36116
-0.61638,1.36116
-0.61651,1.36117
-0.61662,1.36117
-0.61673,1.36117
0.58698,-1.39207
0.58698,-1.39207
0.58699,-1.39207
0.58699,-1.39207
0.58699,-1.39207
0.58699,-1.39207
0.58699,-1.39207
0.58699,-1.39207
0.58699,-1.39207
0.58699,-1.39207
0.58700,-1.39207
0.58700,-1.39207
0.58702,-1.39207
0.58706,-1.39207
0.58730,-1.39205
-0.33223,1.30548
-0.40632,1.32890
-0.44021,1.33759
-0.46823,1.34381
-0.49801,1.34945
-0.53367,1.35484
-0.57190,1.35889
-0.59729,1.36052
-0.60728,1.36092
-0.61098,1.36103
-0.61267,1.36108
-0.61362,1.36110
-0.61423,1.36112
-0.61466,1.36113
-0.61499,1.36113
-0.61525,1.36114
-0.61547,1.36114
-0.61566,1.36115
-0.61583,1.36115
-0.61599,1.36116
-0.61613,1.36116
-0.61626,1.36116
-0.61639,1.36116
-0.61651,1.36117
-0.61662,1.36117
0.58699,-1.39207
0.58699,-1.39207
0.58699,-1.39207
0.58699,-1.39207
0.58699,-1.39207
0.58699,-1.39207
0.58699,-1.39207
0.58700,-1.39207
0.58700,-1.39207
0.58701,-1.39207
0.58701,-1.39207
0.58703,-1.39207
0.58706,-1.39207
0.58714,-1.39206
0.58735,-1.39205
0.58805,-1.39200
-0.35835,1.31444
-0.41525,1.33131
-0.44817,1.33944
-0.47819,1.34581
-0.51211,1.35176
-0.55189,1.35700
-0.58662,1.35994
-0.60345,1.36078
-0.60945,1.36099
-0.61190,1.36106
-0.61315,1.36109
-0.61390,1.36111
-0.61441,1.36112
-0.61479,1.36113
-0.61508,1.36114
-0.61532,1.36114
-0.61553,1.36115
-0.61571,1.36115
-0.61587,1.36115
-0.61601,1.36116
-0.61615,1.36116
-0.61628,1.36116
-0.61640,1.36116
-0.61652,1.36117
0.58699,-1.39207
0.58699,-1.39207
0.58699,-1.39207
0.58699,-1.39207
0.58700,-1.39207
0.58700,-1.39207
0.58700,-1.39207
0.58701,-1.39207
0.58701,-1.39207
0.58702,-1.39207
0.58704,-1.39207
0.58707,-1.39207
0.58712,-1.39206
0.58722,-1.39206
0.58741,-1.39205
0.58773,-1.39203
0.58834,-1.39199
-0.34697,1.31063
-0.41211,1.33047
-0.44847,1.33951
-0.48224,1.34659
-0.52095,1.35309
-0.56362,1.35817
-0.59397,1.36036
-0.60610,1.36088
-0.61044,1.36102
-0.61235,1.36107
-0.61339,1.36110
-0.61405,1.36111
-0.61451,1.36112
-0.61486,1.36113
-0.61514,1.36114
-0.61537,1.36114
-0.61556,1.36115
-0.61573,1.36115
-0.61589,1.36115
-0.61603,1.36116
-0.61616,1.36116
-0.61629,1.36116
-0.61641,1.36116
0.58699,-1.39207
0.58700,-1.39207
0.58700,-1.39207
0.58700,-1.39207
0.58700,-1.39207
0.58701,-1.39207
0.58701,-1.39207
0.58702,-1.39207
0.58703,-1.39207
0.58705,-1.39207
0.58707,-1.39207
0.58712,-1.39206
0.58719,-1.39206
0.58731,-1.39205
0.58749,-1.39204
0.58774,-1.39203
0.58804,-1.39201
0.58840,-1.39198
0.59032,-1.39185
-0.38433,1.32258
-0.43301,1.33585
-0.47249,1.34468
-0.51599,1.35236
-0.56303,1.35812
-0.59463,1.36039
-0.60642,1.36089
-0.61055,1.36102
-0.61239,1.36107
-0.61341,1.36110
-0.61406,1.36111
-0.61452,1.36112
-0.61487,1.36113
-0.61515,1.36114
-0.61538,1.36114
-0.61557,1.36115
-0.61575,1.36115
-0.61590,1.36115
-0.61604,1.36116
-0.61617,1.36116
-0.61630,1.36116
0.58700,-1.39207
0.58700,-1.39207
0.58700,-1.39207
0.58701,-1.39207
0.58701,-1.39207
0.58702,-1.39207
0.58703,-1.39207
0.58704,-1.39207
0.58705,-1.39207
0.58708,-1.39207
0.58712,-1.39206
0.58717,-1.39206
0.58726,-1.39206
0.58739,-1.39205
0.58758,-1.39204
0.58781,-1.39202
0.58810,-1.39200
0.58839,-1.39198
0.58867,-1.39196
0.58892,-1.39195
0.58921,-1.39193
-0.34068,1.30847
-0.41823,1.33209
-0.47135,1.34445
-0.52871,1.35419
-0.58024,1.35952
-0.60264,1.36075
-0.60933,1.36099
-0.61185,1.36106
-0.61311,1.36109
-0.61387,1.36111
-0.61439,1.36112
-0.61477,1.36113
-0.61508,1.36114
-0.61533,1.36114
-0.61554,1.36115
-0.61573,1.36115
-0.61589,1.36115
-0.61604,1.36116
-0.61618,1.36116
0.58700,-1.39207
0.58701,-1.39207
0.58701,-1.39207
0.58702,-1.39207
0.58702,-1.39207
0.58703,-1.39207
0.58704,-1.39207
0.58706,-1.39207
0.58708,-1.39207
0.58711,-1.39206
0.58716,-1.39206
0.58723,-1.39206
0.58734,-1.39205
0.58748,-1.39204
0.58768,-1.39203
0.58793,-1.39201
0.58823,-1.39199
0.58857,-1.39197
0.58893,-1.39195
0.58930,-1.39192
0.58967,-1.39190
0.59001,-1.39187
0.59029,-1.39185
0.59045,-1.39184
0.59036,-1.39185
-0.17304,1.23277
-0.45282,1.34050
-0.55483,1.35731
-0.60046,1.36066
-0.60944,1.36099
-0.61210,1.36106
-0.61332,1.36109
-0.61403,1.36111
-0.61453,1.36112
-0.61490,1.36113
-0.61520,1.36114
-0.61544,1.36114
-0.61566,1.36115
-0.61584,1.36115
-0.61601,1.36116
0.58701,-1.39207
0.58701,-1.39207
0.58702,-1.39207
0.58703,-1.39207
0.58704,-1.39207
0.58705,-1.39207
0.58706,-1.39207
0.58708,-1.39207
0.58711,-1.39206
0.58715,-1.39206
0.58721,-1.39206
0.58730,-1.39205
0.58741,-1.39205
0.58758,-1.39204
0.58779,-1.39202
0.58807,-1.39200
0.58840,-1.39198
0.58878,-1.39196
0.58921,-1.39193
0.58969,-1.39190
0.59018,-1.39186
0.59068,-1.39183
0.59116,-1.39179
0.59157,-1.39176
0.59192,-1.39174
0.59219,-1.39172
0.59236,-1.39171
0.59241,-1.39170
0.59214,-1.39172
0.59076,-1.39182
-0.55704,1.35754
-0.60642,1.36089
-0.61160,1.36105
-0.61320,1.36109
-0.61402,1.36111
-0.61455,1.36112
-0.61494,1.36113
-0.61525,1.36114
-0.61551,1.36115
-0.61574,1.36115
0.58702,-1.39207
0.58702,-1.39207
0.58703,-1.39207
0.58704,-1.39207
0.58705,-1.39207
0.58707,-1.39207
0.58708,-1.39207
0.58711,-1.39206
0.58715,-1.39206
0.58720,-1.39206
0.58727,-1.39206
0.58736,-1.39205
0.58750,-1.39204
0.58768,-1.39203
0.58792,-1.39201
0.58822,-1.39199
0.58858,-1.39197
0.58900,-1.39194
0.58948,-1.39191
0.59000,-1.39187
0.59054,-1.39184
0.59107,-1.39180
0.59156,-1.39176
0.59197,-1.39173
0.59231,-1.39171
0.59258,-1.39169
0.59280,-1.39167
0.59297,-1.39166
0.59309,-1.39165
0.59318,-1.39165
0.59320,-1.39164
0.59306,-1.39165
0.59184,-1.39174
-0.57255,1.35894
-0.60960,1.36099
-0.61274,1.36108
-0.61385,1.36111
-0.61447,1.36112
-0.61491,1.36113
-0.61526,1.36114
0.58703,-1.39207
0.58703,-1.39207
0.58704,-1.39207
0.58705,-1.39207
0.58707,-1.39207
0.58709,-1.39207
0.58711,-1.39206
0.58714,-1.39206
0.58718,-1.39206
0.58724,-1.39206
0.58732,-1.39205
0.58743,-1.39204
0.58759,-1.39203
0.58779,-1.39202
0.58805,-1.39200
0.58837,-1.39198
0.58876,-1.39196
0.58920,-1.39193
0.58971,-1.39189
0.59025,-1.39186
0.59080,-1.39182
0.59132,-1.39178
0.59179,-1.39175
0.59217,-1.39172
0.59249,-1.39170
0.59273,-1.39168
0.59293,-1.39166
0.59309,-1.39165
0.59322,-1.39164
0.59332,-1.39163
0.59341,-1.39163
0.59348,-1.39162
0.59353,-1.39162
0.59353,-1.39162
0.59340,-1.39163
0.59202,-1.39173
-0.59687,1.36050
-0.61157,1.36105
-0.61350,1.36110
-0.61432,1.36112
0.58704,-1.39207
0.58705,-1.39207
0.58706,-1.39207
0.58707,-1.39207
0.58709,-1.39207
0.58711,-1.39207
0.58713,-1.39206
0.58717,-1.39206
0.58722,-1.39206
0.58729,-1.39205
0.58738,-1.39205
0.58751,-1.39204
0.58768,-1.39203
0.58791,-1.39201
0.58819,-1.39200
0.58853,-1.39197
0.58893,-1.39195
0.58940,-1.39192
0.58991,-1.39188
0.59045,-1.39184
0.59100,-1.39180
0.59150,-1.39177
0.59194,-1.39174
0.59230,-1.39171
0.59259,-1.39169
0.59282,-1.39167
0.59300,-1.39166
0.59314,-1.39165
0.59326,-1.39164
0.59336,-1.39163
0.59344,-1.39163
0.59352,-1.39162
0.59358,-1.39162
0.59363,-1.39161
0.59368,-1.39161
0.59371,-1.39161
0.59370,-1.39161
0.59353,-1.39162
-0.21185,1.25367
-0.60766,1.36093
0.58705,-1.39207
0.58706,-1.39207
0.58707,-1.39207
0.58709,-1.39207
0.58711,-1.39207
0.58713,-1.39206
0.58716,-1.39206
0.58720,-1.39206
0.58726,-1.39206
0.58734,-1.39205
0.58744,-1.39204
0.58759,-1.39203
0.58778,-1.39202
0.58803,-1.39201
0.58833,-1.39199
0.58869,-1.39196
0.58910,-1.39194
0.58957,-1.39190
0.59009,-1.39187
0.59062,-1.39183
0.59115,-1.39179
0.59163,-1.39176
0.59205,-1.39173
0.59238,-1.39170
0.59265,-1.39168
0.59287,-1.39167
0.59304,-1.39166
0.59317,-1.39165
0.59329,-1.39164
0.59338,-1.39163
0.59346,-1.39162
0.59353,-1.39162
0.59359,-1.39161
0.59364,-1.39161
0.59368,-1.39161
0.59373,-1.39160
0.59376,-1.39160
0.59380,-1.39160
0.59381,-1.39160
0.59378,-1.39160
0.58706,-1.39207
0.58707,-1.39207
0.58709,-1.39207
0.58710,-1.39207
0.58712,-1.39206
0.58715,-1.39206
0.58719,-1.39206
0.58723,-1.39206
0.58730,-1.39205
0.58739,-1.39205
0.58751,-1.39204
0.58767,-1.39203
0.58789,-1.39202
0.58815,-1.39200
0.58847,-1.39198
0.58884,-1.39195
0.58926,-1.39192
0.58974,-1.39189
0.59025,-1.39186
0.59077,-1.39182
0.59128,-1.39178
0.59174,-1.39175
0.59213,-1.39172
0.59245,-1.39170
0.59270,-1.39168
0.59291,-1.39167
0.59307,-1.39165
0.59320,-1.39164
0.59330,-1.39164
0.59339,-1.39163
0.59347,-1.39162
0.59353,-1.39162
0.59359,-1.39161
0.59364,-1.39161
0.59368,-1.39161
0.59372,-1.39160
0.59376,-1.39160
0.59379,-1.39160
0.59382,-1.39160
0.59385,-1.39159
0.58708,-1.39207
0.58709,-1.39207
0.58710,-1.39207
0.58712,-1.39206
0.58714,-1.39206
0.58717,-1.39206
0.58721,-1.39206
0.58727,-1.39205
0.58734,-1.39205
0.58744,-1.39204
0.58758,-1.39203
0.58776,-1.39202
0.58799,-1.39201
0.58828,-1.39199
0.58861,-1.39197
0.58899,-1.39194
0.58942,-1.39191
0.58989,-1.39188
0.59039,-1.39185
0.59090,-1.39181
0.59139,-1.39178
0.59182,-1.39175
0.59220,-1.39172
0.59250,-1.39170
0.59274,-1.39168
0.59293,-1.39166
0.59309,-1.39165
0.59321,-1.39164
0.59332,-1.39164
0.59340,-1.39163
0.59348,-1.39162
0.59354,-1.39162
0.59359,-1.39161
0.59364,-1.39161
0.59368,-1.39161
0.59372,-1.39160
0.59375,-1.39160
0.59378,-1.39160
0.59381,-1.39160
0.59383,-1.39160
0.58709,-1.39207
0.58710,-1.39207
0.58712,-1.39206
0.58714,-1.39206
0.58716,-1.39206
0.58720,-1.39206
0.58724,-1.39206
0.58730,-1.39205
0.58739,-1.39205
0.58750,-1.39204
0.58766,-1.39203
0.58786,-1.39202
0.58811,-1.39200
0.58841,-1.39198
0.58875,-1.39196
0.58914,-1.39193
0.58956,-1.39190
0.59003,-1.39187
0.59052,-1.39184
0.59101,-1.39180
0.59148,-1.39177
0.59190,-1.39174
0.59225,-1.39171
0.59254,-1.39169
0.59277,-1.39168
0.59296,-1.39166
0.59311,-1.39165
0.59323,-1.39164
0.59333,-1.39163
0.59341,-1.39163
0.59348,-1.39162
0.59354,-1.39162
0.59360,-1.39161
0.59364,-1.39161
0.59368,-1.39161
0.59372,-1.39160
0.59375,-1.39160
0.59378,-1.39160
0.59380,-1.39160
0.59383,-1.39160
