-0.61942,1.36122
-0.61941,1.36122
-0.61941,1.36122
-0.61940,1.36122
-0.61940,1.36122
-0.61939,1.36122
-0.61938,1.36122
-0.61938,1.36122
-0.61936,1.36122
-0.61935,1.36122
-0.61933,1.36122
-0.61931,1.36122
-0.61928,1.36122
-0.61925,1.36121
-0.61920,1.36121
-0.61915,1.36121
-0.61908,1.36121
-0.61899,1.36121
-0.61889,1.36121
-0.61878,1.36121
-0.61867,1.36121
-0.61855,1.36120
-0.61844,1.36120
-0.61832,1.36120
-0.61821,1.36120
-0.61810,1.36120
-0.61801,1.36119
-0.61794,1.36119
-0.61789,1.36119
-0.61785,1.36119
-0.61782,1.36119
-0.61780,1.36119
-0.61779,1.36119
-0.61778,1.36119
-0.61777,1.36119
-0.61776,1.36119
-0.61775,1.36119
-0.61775,1.36119
-0.61774,1.36119
-0.61773,1.36119
-0.61942,1.36122
-0.61941,1.36122
-0.61941,1.36122
-0.61940,1.36122
-0.61940,1.36122
-0.61939,1.36122
-0.61938,1.36122
-0.61938,1.36122
-0.61936,1.36122
-0.61935,1.36122
-0.61933,1.36122
-0.61931,1.36122
-0.61928,1.36122
-0.61925,1.36121
-0.61920,1.36121
-0.61915,1.36121
-0.61907,1.36121
-0.61898,1.36121
-0.61888,1.36121
-0.61877,1.36121
-0.61865,1.36121
-0.61853,1.36120
-0.61841,1.36120
-0.61829,1.36120
-0.61817,1.36120
-0.61807,1.36120
-0.61799,1.36119
-0.61792,1.36119
-0.61787,1.36119
-0.61784,1.36119
-0.61781,1.36119
-0.61780,1.36119
-0.61778,1.36119
-0.61777,1.36119
-0.61776,1.36119
-0.61775,1.36119
-0.61775,1.36119
-0.61774,1.36119
-0.61773,1.36119
-0.61773,1.36119
-0.61943,1.36122
-0.61942,1.36122
-0.61941,1.36122
-0.61941,1.36122
-0.61940,1.36122
-0.61939,1.36122
-0.61939,1.36122
-0.61938,1.36122
-0.61937,1.36122
-0.61935,1.36122
-0.61933,1.36122
-0.61931,1.36122
-0.61928,1.36122
-0.61925,1.36121
-0.61920,1.36121
-0.61914,1.36121
-0.61907,1.36121
-0.61898,1.36121
-0.61887,1.36121
-0.61875,1.36121
-0.61863,1.36120
-0.61850,1.36120
-0.61837,1.36120
-0.61825,1.36120
-0.61814,1.36120
-0.61804,1.36119
-0.61796,1.36119
-0.61790,1.36119
-0.61786,1.36119
-0.61783,1.36119
-0.61780,1.36119
-0.61779,1.36119
-0.61777,1.36119
-0.61776,1.36119
-0.61775,1.36119
-0.61775,1.36119
-0.61774,1.36119
-0.61773,1.36119
-0.61773,1.36119
-0.61772,1.36119
-0.61944,1.36122
-0.61943,1.36122
-0.61942,1.36122
-0.61941,1.36122
-0.61941,1.36122
-0.61940,1.36122
-0.61939,1.36122
-0.61938,1.36122
-0.61937,1.36122
-0.61935,1.36122
-0.61933,1.36122
-0.61931,1.36122
-0.61928,1.36122
-0.61925,1.36121
-0.61920,1.36121
-0.61914,1.36121
-0.61906,1.36121
-0.61896,1.36121
-0.61885,1.36121
-0.61873,1.36121
-0.61860,1.36120
-0.61847,1.36120
-0.61834,1.36120
-0.61821,1.36120
-0.61810,1.36120
-0.61801,1.36119
-0.61794,1.36119
-0.61788,1.36119
-0.61784,1.36119
-0.61782,1.36119
-0.61779,1.36119
-0.61778,1.36119
-0.61776,1.36119
-0.61775,1.36119
-0.61775,1.36119
-0.61774,1.36119
-0.61773,1.36119
-0.61773,1.36119
-0.61772,1.36119
-0.61771,1.36119
-0.61943,1.36122
-0.61944,1.36122
-0.61944,1.36122
-0.61943,1.36122
-0.61942,1.36122
-0.61941,1.36122
-0.61939,1.36122
-0.61938,1.36122
-0.61937,1.36122
-0.61935,1.36122
-0.61934,1.36122
-0.61931,1.36122
-0.61928,1.36122
-0.61925,1.36121
-0.61920,1.36121
-0.61913,1.36121
-0.61905,1.36121
-0.61895,1.36121
-0.61883,1.36121
-0.61870,1.36121
-0.61857,1.36120
-0.61843,1.36120
-0.61830,1.36120
-0.61817,1.36120
-0.61807,1.36119
-0.61798,1.36119
-0.61791,1.36119
-0.61787,1.36119
-0.61783,1.36119
-0.61780,1.36119
-0.61778,1.36119
-0.61777,1.36119
-0.61776,1.36119
-0.61775,1.36119
-0.61774,1.36119
-0.61773,1.36119
-0.61772,1.36119
-0.61772,1.36119
-0.61771,1.36119
-0.61771,1.36119
0.58614,-1.39212
0.58549,-1.39216
0.58326,-1.39229
-0.61940,1.36122
-0.61942,1.36122
-0.61942,1.36122
-0.61940,1.36122
-0.61939,1.36122
-0.61938,1.36122
-0.61936,1.36122
-0.61934,1.36122
-0.61931,1.36122
-0.61928,1.36122
-0.61924,1.36121
-0.61919,1.36121
-0.61912,1.36121
-0.61904,1.36121
-0.61893,1.36121
-0.61881,1.36121
-0.61867,1.36121
-0.61853,1.36120
-0.61839,1.36120
-0.61825,1.36120
-0.61813,1.36120
-0.61803,1.36119
-0.61795,1.36119
-0.61789,1.36119
-0.61785,1.36119
-0.61782,1.36119
-0.61779,1.36119
-0.61777,1.36119
-0.61776,1.36119
-0.61775,1.36119
-0.61774,1.36119
-0.61773,1.36119
-0.61772,1.36119
-0.61772,1.36119
-0.61771,1.36119
-0.61771,1.36119
-0.61770,1.36119
0.58671,-1.39209
0.58656,-1.39210
0.58635,-1.39211
0.58602,-1.39213
0.58545,-1.39217
0.58409,-1.39225
-0.61927,1.36122
-0.61938,1.36122
-0.61937,1.36122
-0.61936,1.36122
-0.61934,1.36122
-0.61931,1.36122
-0.61928,1.36122
-0.61924,1.36121
-0.61918,1.36121
-0.61911,1.36121
-0.61902,1.36121
-0.61891,1.36121
-0.61877,1.36121
-0.61863,1.36120
-0.61848,1.36120
-0.61834,1.36120
-0.61821,1.36120
-0.61809,1.36120
-0.61800,1.36119
-0.61792,1.36119
-0.61787,1.36119
-0.61783,1.36119
-0.61780,1.36119
-0.61778,1.36119
-0.61776,1.36119
-0.61775,1.36119
-0.61774,1.36119
-0.61773,1.36119
-0.61772,1.36119
-0.61771,1.36119
-0.61771,1.36119
-0.61770,1.36119
-0.61770,1.36119
-0.61769,1.36119
0.58688,-1.39208
0.58682,-1.39208
0.58673,-1.39209
0.58662,-1.39210
0.58648,-1.39210
0.58628,-1.39212
0.58600,-1.39213
0.58559,-1.39216
0.58493,-1.39220
0.58348,-1.39228
-0.61904,1.36121
-0.61924,1.36121
-0.61924,1.36121
-0.61920,1.36121
-0.61915,1.36121
-0.61907,1.36121
-0.61897,1.36121
-0.61886,1.36121
-0.61872,1.36121
-0.61857,1.36120
-0.61842,1.36120
-0.61828,1.36120
-0.61816,1.36120
-0.61805,1.36119
-0.61796,1.36119
-0.61790,1.36119
-0.61785,1.36119
-0.61781,1.36119
-0.61778,1.36119
-0.61776,1.36119
-0.61775,1.36119
-0.61773,1.36119
-0.61772,1.36119
-0.61772,1.36119
-0.61771,1.36119
-0.61770,1.36119
-0.61770,1.36119
-0.61769,1.36119
-0.61769,1.36119
-0.61769,1.36119
0.58693,-1.39208
0.58691,-1.39208
0.58687,-1.39208
0.58682,-1.39208
0.58674,-1.39209
0.58665,-1.39209
0.58654,-1.39210
0.58640,-1.39211
0.58622,-1.39212
0.58600,-1.39213
0.58571,-1.39215
0.58533,-1.39217
0.58484,-1.39220
0.58412,-1.39224
0.58287,-1.39231
0.57893,-1.39251
-0.61874,1.36121
-0.61871,1.36121
-0.61860,1.36120
-0.61848,1.36120
-0.61835,1.36120
-0.61822,1.36120
-0.61811,1.36120
-0.61801,1.36119
-0.61793,1.36119
-0.61787,1.36119
-0.61783,1.36119
-0.61779,1.36119
-0.61777,1.36119
-0.61775,1.36119
-0.61773,1.36119
-0.61772,1.36119
-0.61771,1.36119
-0.61771,1.36119
-0.61770,1.36119
-0.61770,1.36119
-0.61769,1.36119
-0.61769,1.36119
-0.61768,1.36119
-0.61768,1.36119
0.58695,-1.39207
0.58694,-1.39208
0.58692,-1.39208
0.58690,-1.39208
0.58686,-1.39208
0.58681,-1.39208
0.58674,-1.39209
0.58666,-1.39209
0.58656,-1.39210
0.58644,-1.39211
0.58629,-1.39212
0.58611,-1.39213
0.58589,-1.39214
0.58562,-1.39216
0.58529,-1.39218
0.58486,-1.39220
0.58429,-1.39223
0.58343,-1.39228
0.58189,-1.39237
0.57612,-1.39263
-0.61826,1.36120
-0.61816,1.36120
-0.61806,1.36119
-0.61798,1.36119
-0.61790,1.36119
-0.61784,1.36119
-0.61780,1.36119
-0.61777,1.36119
-0.61775,1.36119
-0.61773,1.36119
-0.61772,1.36119
-0.61771,1.36119
-0.61770,1.36119
-0.61770,1.36119
-0.61769,1.36119
-0.61769,1.36119
-0.61768,1.36119
-0.61768,1.36119
-0.61768,1.36119
-0.61767,1.36119
0.58696,-1.39207
0.58695,-1.39207
0.58694,-1.39208
0.58693,-1.39208
0.58691,-1.39208
0.58688,-1.39208
0.58683,-1.39208
0.58678,-1.39209
0.58671,-1.39209
0.58663,-1.39209
0.58652,-1.39210
0.58640,-1.39211
0.58624,-1.39212
0.58605,-1.39213
0.58581,-1.39214
0.58552,-1.39216
0.58515,-1.39218
0.58467,-1.39221
0.58402,-1.39225
0.58309,-1.39230
0.58149,-1.39239
0.57632,-1.39262
-0.61806,1.36119
-0.61795,1.36119
-0.61787,1.36119
-0.61782,1.36119
-0.61778,1.36119
-0.61775,1.36119
-0.61773,1.36119
-0.61771,1.36119
-0.61770,1.36119
-0.61770,1.36119
-0.61769,1.36119
-0.61768,1.36119
-0.61768,1.36119
-0.61768,1.36119
-0.61767,1.36119
-0.61767,1.36119
-0.61767,1.36119
-0.61767,1.36119
0.58697,-1.39207
0.58696,-1.39207
0.58696,-1.39207
0.58695,-1.39208
0.58693,-1.39208
0.58691,-1.39208
0.58688,-1.39208
0.58684,-1.39208
0.58679,-1.39208
0.58673,-1.39209
0.58665,-1.39209
0.58655,-1.39210
0.58642,-1.39211
0.58627,-1.39212
0.58607,-1.39213
0.58582,-1.39214
0.58551,-1.39216
0.58513,-1.39219
0.58464,-1.39221
0.58400,-1.39225
0.58313,-1.39230
0.58178,-1.39237
0.57865,-1.39252
-0.61797,1.36119
-0.61785,1.36119
-0.61778,1.36119
-0.61775,1.36119
-0.61772,1.36119
-0.61771,1.36119
-0.61770,1.36119
-0.61769,1.36119
-0.61768,1.36119
-0.61768,1.36119
-0.61767,1.36119
-0.61767,1.36119
-0.61767,1.36119
-0.61767,1.36119
-0.61766,1.36119
-0.61766,1.36119
-0.61766,1.36119
0.58697,-1.39207
0.58697,-1.39207
0.58696,-1.39207
0.58696,-1.39207
0.58695,-1.39208
0.58693,-1.39208
0.58691,-1.39208
0.58688,-1.39208
0.58684,-1.39208
0.58679,-1.39208
0.58673,-1.39209
0.58664,-1.39209
0.58654,-1.39210
0.58640,-1.39211
0.58623,-1.39212
0.58601,-1.39213
0.58573,-1.39215
0.58539,-1.39217
0.58496,-1.39220
0.58442,-1.39223
0.58374,-1.39227
0.58281,-1.39232
0.58132,-1.39239
0.57733,-1.39258
-0.61782,1.36119
-0.61774,1.36119
-0.61771,1.36119
-0.61769,1.36119
-0.61768,1.36119
-0.61768,1.36119
-0.61767,1.36119
-0.61767,1.36119
-0.61766,1.36119
-0.61766,1.36119
-0.61766,1.36119
-0.61766,1.36119
-0.61766,1.36119
-0.61765,1.36119
-0.61765,1.36119
-0.61765,1.36119
0.58697,-1.39207
0.58697,-1.39207
0.58697,-1.39207
0.58696,-1.39207
0.58695,-1.39207
0.58694,-1.39208
0.58693,-1.39208
0.58691,-1.39208
0.58688,-1.39208
0.58683,-1.39208
0.58678,-1.39209
0.58671,-1.39209
0.58661,-1.39210
0.58649,-1.39210
0.58634,-1.39211
0.58614,-1.39213
0.58588,-1.39214
0.58556,-1.39216
0.58517,-1.39218
0.58467,-1.39221
0.58407,-1.39225
0.58328,-1.39229
0.58214,-1.39235
0.57992,-1.39246
-0.61773,1.36119
-0.61768,1.36119
-0.61767,1.36119
-0.61766,1.36119
-0.61765,1.36119
-0.61765,1.36119
-0.61765,1.36119
-0.61765,1.36119
-0.61765,1.36119
-0.61765,1.36119
-0.61765,1.36119
-0.61764,1.36119
-0.61764,1.36119
-0.61764,1.36119
-0.61764,1.36119
-0.61764,1.36119
0.58697,-1.39207
0.58697,-1.39207
0.58697,-1.39207
0.58697,-1.39207
0.58696,-1.39207
0.58695,-1.39207
0.58694,-1.39208
0.58693,-1.39208
0.58690,-1.39208
0.58687,-1.39208
0.58682,-1.39208
0.58676,-1.39209
0.58667,-1.39209
0.58656,-1.39210
0.58642,-1.39211
0.58624,-1.39212
0.58600,-1.39213
0.58570,-1.39215
0.58532,-1.39217
0.58485,-1.39220
0.58427,-1.39224
0.58353,-1.39228
0.58249,-1.39233
0.58059,-1.39243
0.56750,-1.39290
-0.61756,1.36119
-0.61759,1.36119
-0.61760,1.36119
-0.61761,1.36119
-0.61761,1.36119
-0.61762,1.36119
-0.61762,1.36119
-0.61762,1.36119
-0.61763,1.36119
-0.61763,1.36119
-0.61763,1.36119
-0.61763,1.36119
-0.61763,1.36119
-0.61763,1.36119
-0.61763,1.36119
0.58697,-1.39207
0.58697,-1.39207
0.58697,-1.39207
0.58697,-1.39207
0.58697,-1.39207
0.58696,-1.39207
0.58695,-1.39207
0.58694,-1.39208
0.58692,-1.39208
0.58689,-1.39208
0.58685,-1.39208
0.58680,-1.39208
0.58673,-1.39209
0.58663,-1.39209
0.58650,-1.39210
0.58633,-1.39211
0.58611,-1.39213
0.58582,-1.39214
0.58545,-1.39217
0.58498,-1.39219
0.58441,-1.39223
0.58366,-1.39227
0.58259,-1.39233
0.58052,-1.39244
-0.61652,1.36117
-0.61727,1.36118
-0.61742,1.36118
-0.61749,1.36118
-0.61753,1.36119
-0.61755,1.36119
-0.61757,1.36119
-0.61758,1.36119
-0.61759,1.36119
-0.61760,1.36119
-0.61760,1.36119
-0.61761,1.36119
-0.61761,1.36119
-0.61761,1.36119
-0.61762,1.36119
-0.61762,1.36119
0.58698,-1.39207
0.58697,-1.39207
0.58697,-1.39207
0.58697,-1.39207
0.58697,-1.39207
0.58697,-1.39207
0.58696,-1.39207
0.58695,-1.39207
0.58694,-1.39208
0.58692,-1.39208
0.58688,-1.39208
0.58684,-1.39208
0.58677,-1.39209
0.58669,-1.39209
0.58657,-1.39210
0.58641,-1.39211
0.58620,-1.39212
0.58592,-1.39214
0.58556,-1.39216
0.58509,-1.39219
0.58449,-1.39222
0.58369,-1.39227
0.58244,-1.39234
0.57915,-1.39250
-0.61649,1.36117
-0.61693,1.36117
-0.61715,1.36118
-0.61730,1.36118
-0.61739,1.36118
-0.61745,1.36118
-0.61749,1.36118
-0.61752,1.36119
-0.61754,1.36119
-0.61756,1.36119
-0.61757,1.36119
-0.61758,1.36119
-0.61759,1.36119
-0.61759,1.36119
-0.61760,1.36119
-0.61760,1.36119
0.58698,-1.39207
0.58698,-1.39207
0.58697,-1.39207
0.58697,-1.39207
0.58697,-1.39207
0.58697,-1.39207
0.58697,-1.39207
0.58696,-1.39207
0.58695,-1.39207
0.58694,-1.39208
0.58691,-1.39208
0.58687,-1.39208
0.58682,-1.39208
0.58674,-1.39209
0.58663,-1.39209
0.58649,-1.39210
0.58630,-1.39212
0.58603,-1.39213
0.58567,-1.39215
0.58519,-1.39218
0.58453,-1.39222
0.58357,-1.39227
0.58167,-1.39238
-0.61549,1.36114
-0.61637,1.36116
-0.61670,1.36117
-0.61692,1.36117
-0.61708,1.36118
-0.61721,1.36118
-0.61731,1.36118
-0.61738,1.36118
-0.61743,1.36118
-0.61747,1.36118
-0.61750,1.36118
-0.61752,1.36119
-0.61754,1.36119
-0.61755,1.36119
-0.61756,1.36119
-0.61757,1.36119
-0.61758,1.36119
0.58698,-1.39207
0.58698,-1.39207
0.58698,-1.39207
0.58698,-1.39207
0.58697,-1.39207
0.58697,-1.39207
0.58697,-1.39207
0.58697,-1.39207
0.58696,-1.39207
0.58695,-1.39207
0.58693,-1.39208
0.58690,-1.39208
0.58686,-1.39208
0.58679,-1.39208
0.58670,-1.39209
0.58656,-1.39210
0.58638,-1.39211
0.58613,-1.39213
0.58577,-1.39215
0.58526,-1.39218
0.58447,-1.39222
0.58296,-1.39231
-0.61432,1.36112
-0.61581,1.36115
-0.61626,1.36116
-0.61654,1.36117
-0.61674,1.36117
-0.61691,1.36117
-0.61704,1.36118
-0.61715,1.36118
-0.61724,1.36118
-0.61732,1.36118
-0.61738,1.36118
-0.61742,1.36118
-0.61746,1.36118
-0.61749,1.36118
-0.61751,1.36118
-0.61752,1.36119
-0.61754,1.36119
-0.61755,1.36119
0.58698,-1.39207
0.58698,-1.39207
0.58698,-1.39207
0.58698,-1.39207
0.58698,-1.39207
0.58697,-1.39207
0.58697,-1.39207
0.58697,-1.39207
0.58697,-1.39207
0.58696,-1.39207
0.58695,-1.39208
0.58693,-1.39208
0.58689,-1.39208
0.58684,-1.39208
0.58675,-1.39209
0.58663,-1.39209
0.58647,-1.39210
0.58623,-1.39212
0.58586,-1.39214
0.58526,-1.39218
0.58389,-1.39226
-0.61267,1.36108
-0.61500,1.36113
-0.61574,1.36115
-0.61615,1.36116
-0.61641,1.36116
-0.61661,1.36117
-0.61677,1.36117
-0.61690,1.36117
-0.61702,1.36118
-0.61711,1.36118
-0.61720,1.36118
-0.61727,1.36118
-0.61733,1.36118
-0.61738,1.36118
-0.61742,1.36118
-0.61745,1.36118
-0.61748,1.36118
-0.61750,1.36118
-0.61751,1.36119
0.58698,-1.39207
0.58698,-1.39207
0.58698,-1.39207
0.58698,-1.39207
0.58698,-1.39207
0.58698,-1.39207
0.58697,-1.39207
0.58697,-1.39207
0.58697,-1.39207
0.58697,-1.39207
0.58696,-1.39207
0.58695,-1.39208
0.58692,-1.39208
0.58688,-1.39208
0.58681,-1.39208
0.58670,-1.39209
0.58654,-1.39210
0.58630,-1.39212
0.58587,-1.39214
-0.54464,1.35619
-0.60454,1.36083
-0.61289,1.36108
-0.61482,1.36113
-0.61560,1.36115
-0.61602,1.36116
-0.61629,1.36116
-0.61649,1.36117
-0.61665,1.36117
-0.61679,1.36117
-0.61690,1.36117
-0.61700,1.36118
-0.61709,1.36118
-0.61717,1.36118
-0.61724,1.36118
-0.61729,1.36118
-0.61734,1.36118
-0.61739,1.36118
-0.61742,1.36118
-0.61745,1.36118
-0.61747,1.36118
0.58698,-1.39207
0.58698,-1.39207
0.58698,-1.39207
0.58698,-1.39207
0.58698,-1.39207
0.58698,-1.39207
0.58698,-1.39207
0.58698,-1.39207
0.58697,-1.39207
0.58697,-1.39207
0.58697,-1.39207
0.58696,-1.39207
0.58694,-1.39208
0.58691,-1.39208
0.58685,-1.39208
0.58675,-1.39209
0.58657,-1.39210
0.58611,-1.39213
-0.53985,1.35562
-0.57940,1.35946
-0.60388,1.36080
-0.61213,1.36106
-0.61448,1.36112
-0.61540,1.36114
-0.61588,1.36115
-0.61618,1.36116
-0.61639,1.36116
-0.61655,1.36117
-0.61669,1.36117
-0.61680,1.36117
-0.61690,1.36117
-0.61699,1.36118
-0.61707,1.36118
-0.61715,1.36118
-0.61721,1.36118
-0.61727,1.36118
-0.61732,1.36118
-0.61736,1.36118
-0.61740,1.36118
-0.61743,1.36118
0.58698,-1.39207
0.58698,-1.39207
0.58698,-1.39207
0.58698,-1.39207
0.58698,-1.39207
0.58698,-1.39207
0.58698,-1.39207
0.58698,-1.39207
0.58698,-1.39207
0.58697,-1.39207
0.58697,-1.39207
0.58697,-1.39207
0.58696,-1.39207
0.58694,-1.39208
0.58689,-1.39208
0.58678,-1.39209
-0.44296,1.33824
-0.52520,1.35370
-0.55339,1.35716
-0.57937,1.35946
-0.60097,1.36068
-0.61086,1.36103
-0.61397,1.36111
-0.61514,1.36114
-0.61571,1.36115
-0.61605,1.36116
-0.61629,1.36116
-0.61646,1.36116
-0.61660,1.36117
-0.61672,1.36117
-0.61682,1.36117
-0.61691,1.36117
-0.61699,1.36118
-0.61706,1.36118
-0.61713,1.36118
-0.61719,1.36118
-0.61725,1.36118
-0.61730,1.36118
-0.61734,1.36118
-0.61738,1.36118
0.58698,-1.39207
0.58698,-1.39207
0.58698,-1.39207
0.58698,-1.39207
0.58698,-1.39207
0.58698,-1.39207
0.58698,-1.39207
0.58698,-1.39207
0.58698,-1.39207
0.58698,-1.39207
0.58698,-1.39207
0.58697,-1.39207
0.58697,-1.39207
0.58696,-1.39207
0.58693,-1.39208
-0.40522,1.32860
-0.50874,1.35123
-0.53351,1.35482
-0.55413,1.35724
-0.57587,1.35920
-0.59678,1.36050
-0.60897,1.36097
-0.61327,1.36109
-0.61481,1.36113
-0.61552,1.36115
-0.61592,1.36115
-0.61618,1.36116
-0.61637,1.36116
-0.61652,1.36117
-0.61664,1.36117
-0.61674,1.36117
-0.61683,1.36117
-0.61692,1.36117
-0.61699,1.36118
-0.61706,1.36118
-0.61712,1.36118
-0.61718,1.36118
-0.61723,1.36118
-0.61728,1.36118
-0.61732,1.36118
0.58698,-1.39207
0.58698,-1.39207
0.58698,-1.39207
0.58698,-1.39207
0.58698,-1.39207
0.58698,-1.39207
0.58698,-1.39207
0.58698,-1.39207
0.58698,-1.39207
0.58698,-1.39207
0.58698,-1.39207
0.58698,-1.39207
0.58698,-1.39207
0.58697,-1.39207
0.58696,-1.39207
-0.48122,1.34640
-0.51345,1.35197
-0.53325,1.35479
-0.55125,1.35693
-0.57080,1.35880
-0.59141,1.36022
-0.60620,1.36088
-0.61226,1.36107
-0.61438,1.36112
-0.61528,1.36114
-0.61577,1.36115
-0.61607,1.36116
-0.61628,1.36116
-0.61644,1.36116
-0.61657,1.36117
-0.61667,1.36117
-0.61677,1.36117
-0.61685,1.36117
-0.61692,1.36117
-0.61699,1.36118
-0.61706,1.36118
-0.61712,1.36118
-0.61717,1.36118
-0.61723,1.36118
-0.61727,1.36118
0.58698,-1.39207
0.58698,-1.39207
0.58698,-1.39207
0.58698,-1.39207
0.58698,-1.39207
0.58698,-1.39207
0.58698,-1.39207
0.58698,-1.39207
0.58698,-1.39207
0.58698,-1.39207
0.58698,-1.39207
0.58698,-1.39207
0.58698,-1.39207
0.58699,-1.39207
0.58705,-1.39207
-0.47731,1.34564
-0.50930,1.35132
-0.52877,1.35419
-0.54595,1.35634
-0.56429,1.35823
-0.58462,1.35981
-0.60208,1.36073
-0.61072,1.36103
-0.61377,1.36111
-0.61498,1.36113
-0.61558,1.36115
-0.61594,1.36115
-0.61618,1.36116
-0.61636,1.36116
-0.61649,1.36117
-0.61661,1.36117
-0.61670,1.36117
-0.61679,1.36117
-0.61686,1.36117
-0.61693,1.36117
-0.61700,1.36118
-0.61706,1.36118
-0.61712,1.36118
-0.61717,1.36118
-0.61722,1.36118
0.58698,-1.39207
0.58698,-1.39207
0.58698,-1.39207
0.58698,-1.39207
0.58698,-1.39207
0.58698,-1.39207
0.58699,-1.39207
0.58699,-1.39207
0.58699,-1.39207
0.58699,-1.39207
0.58699,-1.39207
0.58699,-1.39207
0.58700,-1.39207
0.58701,-1.39207
0.58710,-1.39207
-0.44125,1.33783
-0.49679,1.34924
-0.51991,1.35294
-0.53786,1.35538
-0.55580,1.35741
-0.57583,1.35920
-0.59571,1.36044
-0.60811,1.36095
-0.61283,1.36108
-0.61456,1.36112
-0.61534,1.36114
-0.61578,1.36115
-0.61606,1.36116
-0.61626,1.36116
-0.61641,1.36116
-0.61654,1.36117
-0.61664,1.36117
-0.61673,1.36117
-0.61681,1.36117
-0.61688,1.36117
-0.61694,1.36117
-0.61700,1.36118
-0.61706,1.36118
-0.61712,1.36118
-0.61717,1.36118
0.58698,-1.39207
0.58699,-1.39207
0.58699,-1.39207
0.58699,-1.39207
0.58699,-1.39207
0.58699,-1.39207
0.58699,-1.39207
0.58699,-1.39207
0.58699,-1.39207
0.58699,-1.39207
0.58699,-1.39207
0.58700,-1.39207
0.58701,-1.39207
0.58704,-1.39207
0.58712,-1.39206
0.58738,-1.39205
-0.46155,1.34241
-0.50303,1.35030
-0.52512,1.35369
-0.54398,1.35612
-0.56390,1.35820
-0.58550,1.35987
-0.60297,1.36077
-0.61103,1.36104
-0.61384,1.36111
-0.61498,1.36113
-0.61556,1.36115
-0.61591,1.36115
-0.61615,1.36116
-0.61632,1.36116
-0.61646,1.36116
-0.61657,1.36117
-0.61666,1.36117
-0.61675,1.36117
-0.61682,1.36117
-0.61689,1.36117
-0.61695,1.36117
-0.61701,1.36118
-0.61707,1.36118
-0.61712,1.36118
0.58699,-1.39207
0.58699,-1.39207
0.58699,-1.39207
0.58699,-1.39207
0.58699,-1.39207
0.58699,-1.39207
0.58699,-1.39207
0.58699,-1.39207
0.58699,-1.39207
0.58700,-1.39207
0.58700,-1.39207
0.58702,-1.39207
0.58703,-1.39207
0.58707,-1.39207
0.58714,-1.39206
0.58726,-1.39206
0.58748,-1.39204
-0.45279,1.34049
-0.50085,1.34994
-0.52531,1.35372
-0.54644,1.35640
-0.56886,1.35863
-0.59154,1.36023
-0.60652,1.36090
-0.61228,1.36107
-0.61430,1.36112
-0.61519,1.36114
-0.61568,1.36115
-0.61598,1.36116
-0.61620,1.36116
-0.61636,1.36116
-0.61649,1.36117
-0.61659,1.36117
-0.61668,1.36117
-0.61676,1.36117
-0.61683,1.36117
-0.61690,1.36117
-0.61696,1.36117
-0.61702,1.36118
-0.61707,1.36118
0.58699,-1.39207
0.58699,-1.39207
0.58699,-1.39207
0.58699,-1.39207
0.58699,-1.39207
0.58699,-1.39207
0.58699,-1.39207
0.58700,-1.39207
0.58700,-1.39207
0.58701,-1.39207
0.58702,-1.39207
0.58703,-1.39207
0.58706,-1.39207
0.58710,-1.39207
0.58717,-1.39206
0.58726,-1.39206
0.58737,-1.39205
0.58751,-1.39204
0.58822,-1.39199
-0.48099,1.34635
-0.51513,1.35223
-0.54049,1.35570
-0.56609,1.35839
-0.59123,1.36021
-0.60684,1.36091
-0.61242,1.36107
-0.61436,1.36112
-0.61521,1.36114
-0.61568,1.36115
-0.61599,1.36116
-0.61620,1.36116
-0.61636,1.36116
-0.61649,1.36117
-0.61659,1.36117
-0.61669,1.36117
-0.61677,1.36117
-0.61684,1.36117
-0.61690,1.36117
-0.61696,1.36117
-0.61702,1.36118
0.58699,-1.39207
0.58699,-1.39207
0.58699,-1.39207
0.58699,-1.39207
0.58699,-1.39207
0.58700,-1.39207
0.58700,-1.39207
0.58700,-1.39207
0.58701,-1.39207
0.58702,-1.39207
0.58703,-1.39207
0.58705,-1.39207
0.58709,-1.39207
0.58713,-1.39206
0.58720,-1.39206
0.58729,-1.39205
0.58739,-1.39205
0.58750,-1.39204
0.58761,-1.39203
0.58770,-1.39203
0.58781,-1.39202
-0.44790,1.33938
-0.50509,1.35064
-0.53979,1.35561
-0.57314,1.35899
-0.59985,1.36064
-0.61065,1.36102
-0.61379,1.36111
-0.61496,1.36113
-0.61554,1.36115
-0.61590,1.36115
-0.61614,1.36116
-0.61632,1.36116
-0.61646,1.36116
-0.61657,1.36117
-0.61667,1.36117
-0.61676,1.36117
-0.61683,1.36117
-0.61690,1.36117
-0.61696,1.36117
0.58699,-1.39207
0.58699,-1.39207
0.58699,-1.39207
0.58700,-1.39207
0.58700,-1.39207
0.58700,-1.39207
0.58701,-1.39207
0.58701,-1.39207
0.58702,-1.39207
0.58703,-1.39207
0.58705,-1.39207
0.58708,-1.39207
0.58711,-1.39206
0.58717,-1.39206
0.58724,-1.39206
0.58733,-1.39205
0.58744,-1.39204
0.58757,-1.39204
0.58770,-1.39203
0.58784,-1.39202
0.58798,-1.39201
0.58810,-1.39200
0.58821,-1.39199
0.58827,-1.39199
0.58823,-1.39199
-0.31008,1.29728
-0.52812,1.35410
-0.58703,1.35997
-0.60961,1.36099
-0.61384,1.36111
-0.61508,1.36114
-0.61564,1.36115
-0.61597,1.36115
-0.61620,1.36116
-0.61637,1.36116
-0.61651,1.36117
-0.61663,1.36117
-0.61672,1.36117
-0.61681,1.36117
-0.61689,1.36117
0.58699,-1.39207
0.58700,-1.39207
0.58700,-1.39207
0.58700,-1.39207
0.58700,-1.39207
0.58701,-1.39207
0.58701,-1.39207
0.58702,-1.39207
0.58703,-1.39207
0.58705,-1.39207
0.58707,-1.39207
0.58710,-1.39207
0.58714,-1.39206
0.58720,-1.39206
0.58728,-1.39205
0.58738,-1.39205
0.58751,-1.39204
0.58765,-1.39203
0.58781,-1.39202
0.58798,-1.39201
0.58817,-1.39200
0.58835,-1.39199
0.58853,-1.39197
0.58868,-1.39196
0.58881,-1.39195
0.58891,-1.39195
0.58898,-1.39194
0.58899,-1.39194
0.58889,-1.39195
0.58838,-1.39198
-0.58817,1.36003
-0.61243,1.36107
-0.61484,1.36113
-0.61559,1.36115
-0.61597,1.36115
-0.61621,1.36116
-0.61639,1.36116
-0.61654,1.36117
-0.61666,1.36117
-0.61676,1.36117
0.58700,-1.39207
0.58700,-1.39207
0.58700,-1.39207
0.58700,-1.39207
0.58701,-1.39207
0.58701,-1.39207
0.58702,-1.39207
0.58703,-1.39207
0.58704,-1.39207
0.58706,-1.39207
0.58709,-1.39207
0.58712,-1.39206
0.58717,-1.39206
0.58724,-1.39206
0.58733,-1.39205
0.58744,-1.39204
0.58757,-1.39204
0.58773,-1.39203
0.58791,-1.39201
0.58810,-1.39200
0.58830,-1.39199
0.58850,-1.39198
0.58868,-1.39196
0.58883,-1.39195
0.58896,-1.39195
0.58906,-1.39194
0.58914,-1.39193
0.58920,-1.39193
0.58925,-1.39193
0.58928,-1.39192
0.58929,-1.39192
0.58924,-1.39193
0.58878,-1.39196
-0.59604,1.36046
-0.61392,1.36111
-0.61537,1.36114
-0.61589,1.36115
-0.61618,1.36116
-0.61638,1.36116
-0.61654,1.36117
0.58700,-1.39207
0.58700,-1.39207
0.58701,-1.39207
0.58701,-1.39207
0.58701,-1.39207
0.58702,-1.39207
0.58703,-1.39207
0.58704,-1.39207
0.58706,-1.39207
0.58708,-1.39207
0.58711,-1.39206
0.58715,-1.39206
0.58721,-1.39206
0.58728,-1.39205
0.58738,-1.39205
0.58750,-1.39204
0.58764,-1.39203
0.58781,-1.39202
0.58799,-1.39201
0.58819,-1.39200
0.58840,-1.39198
0.58859,-1.39197
0.58876,-1.39196
0.58891,-1.39195
0.58902,-1.39194
0.58912,-1.39193
0.58919,-1.39193
0.58925,-1.39193
0.58930,-1.39192
0.58933,-1.39192
0.58937,-1.39192
0.58939,-1.39192
0.58941,-1.39191
0.58941,-1.39191
0.58936,-1.39192
0.58885,-1.39195
-0.60791,1.36094
-0.61483,1.36113
-0.61573,1.36115
-0.61611,1.36116
0.58700,-1.39207
0.58701,-1.39207
0.58701,-1.39207
0.58702,-1.39207
0.58702,-1.39207
0.58703,-1.39207
0.58704,-1.39207
0.58705,-1.39207
0.58707,-1.39207
0.58710,-1.39207
0.58713,-1.39206
0.58718,-1.39206
0.58724,-1.39206
0.58732,-1.39205
0.58743,-1.39204
0.58756,-1.39204
0.58770,-1.39203
0.58788,-1.39202
0.58807,-1.39200
0.58827,-1.39199
0.58847,-1.39198
0.58866,-1.39197
0.58882,-1.39195
0.58895,-1.39195
0.58906,-1.39194
0.58915,-1.39193
0.58921,-1.39193
0.58927,-1.39192
0.58931,-1.39192
0.58935,-1.39192
0.58938,-1.39192
0.58941,-1.39191
0.58943,-1.39191
0.58945,-1.39191
0.58947,-1.39191
0.58948,-1.39191
0.58947,-1.39191
0.58941,-1.39191
-0.34209,1.30895
-0.61300,1.36109
0.58701,-1.39207
0.58701,-1.39207
0.58702,-1.39207
0.58702,-1.39207
0.58703,-1.39207
0.58704,-1.39207
0.58705,-1.39207
0.58706,-1.39207
0.58709,-1.39207
0.58711,-1.39206
0.58715,-1.39206
0.58721,-1.39206
0.58728,-1.39205
0.58737,-1.39205
0.58748,-1.39204
0.58761,-1.39203
0.58777,-1.39202
0.58794,-1.39201
0.58813,-1.39200
0.58833,-1.39199
0.58853,-1.39197
0.58871,-1.39196
0.58886,-1.39195
0.58899,-1.39194
0.58909,-1.39194
0.58917,-1.39193
0.58923,-1.39193
0.58928,-1.39192
0.58932,-1.39192
0.58936,-1.39192
0.58939,-1.39192
0.58941,-1.39191
0.58943,-1.39191
0.58945,-1.39191
0.58947,-1.39191
0.58949,-1.39191
0.58950,-1.39191
0.58951,-1.39191
0.58952,-1.39191
0.58951,-1.39191
0.58701,-1.39207
0.58702,-1.39207
0.58702,-1.39207
0.58703,-1.39207
0.58704,-1.39207
0.58705,-1.39207
0.58706,-1.39207
0.58708,-1.39207
0.58710,-1.39207
0.58713,-1.39206
0.58718,-1.39206
0.58724,-1.39206
0.58732,-1.39205
0.58741,-1.39205
0.58753,-1.39204
0.58767,-1.39203
0.58783,-1.39202
0.58800,-1.39201
0.58819,-1.39200
0.58839,-1.39198
0.58857,-1.39197
0.58874,-1.39196
0.58889,-1.39195
0.58901,-1.39194
0.58910,-1.39194
0.58918,-1.39193
0.58924,-1.39193
0.58929,-1.39192
0.58933,-1.39192
0.58936,-1.39192
0.58939,-1.39192
0.58941,-1.39191
0.58943,-1.39191
0.58945,-1.39191
0.58947,-1.39191
0.58948,-1.39191
0.58950,-1.39191
0.58951,-1.39191
0.58952,-1.39191
0.58953,-1.39191
0.58702,-1.39207
0.58702,-1.39207
0.58703,-1.39207
0.58703,-1.39207
0.58704,-1.39207
0.58705,-1.39207
0.58707,-1.39207
0.58709,-1.39207
0.58712,-1.39206
0.58715,-1.39206
0.58720,-1.39206
0.58727,-1.39205
0.58736,-1.39205
0.58746,-1.39204
0.58758,-1.39203
0.58773,-1.39203
0.58788,-1.39202
0.58806,-1.39200
0.58824,-1.39199
0.58843,-1.39198
0.58861,-1.39197
0.58878,-1.39196
0.58892,-1.39195
0.58903,-1.39194
0.58912,-1.39193
0.58919,-1.39193
0.58925,-1.39193
0.58929,-1.39192
0.58933,-1.39192
0.58936,-1.39192
0.58939,-1.39192
0.58942,-1.39191
0.58944,-1.39191
0.58945,-1.39191
0.58947,-1.39191
0.58948,-1.39191
0.58949,-1.39191
0.58951,-1.39191
0.58952,-1.39191
0.58953,-1.39191
0.58702,-1.39207
0.58703,-1.39207
0.58703,-1.39207
0.58704,-1.39207
0.58705,-1.39207
0.58706,-1.39207
0.58708,-1.39207
0.58710,-1.39207
0.58713,-1.39206
0.58718,-1.39206
0.58723,-1.39206
0.58731,-1.39205
0.58740,-1.39205
0.58751,-1.39204
0.58764,-1.39203
0.58778,-1.39202
0.58794,-1.39201
0.58811,-1.39200
0.58829,-1.39199
0.58848,-1.39198
0.58865,-1.39197
0.58880,-1.39196
0.58894,-1.39195
0.58904,-1.39194
0.58913,-1.39193
0.58920,-1.39193
0.58925,-1.39193
0.58930,-1.39192
0.58934,-1.39192
0.58937,-1.39192
0.58939,-1.39192
0.58942,-1.39191
0.58944,-1.39191
0.58945,-1.39191
0.58947,-1.39191
0.58948,-1.39191
0.58949,-1.39191
0.58950,-1.39191
0.58951,-1.39191
0.58952,-1.39191
