-1.57704,0.20762
-1.57679,0.20864
-1.57650,0.20977
-1.57617,0.21107
-1.57578,0.21259
-1.57532,0.21439
-1.57476,0.21654
-1.57409,0.21915
-1.57326,0.22234
-1.57222,0.22627
-1.57092,0.23119
-1.56926,0.23740
-1.56710,0.24533
-1.56428,0.25552
-1.56056,0.26867
-1.55567,0.28553
-1.54929,0.30682
-1.54115,0.33302
-1.53106,0.36428
-1.51891,0.40049
-1.50457,0.44168
-1.48768,0.48853
-1.46748,0.54274
-1.44260,0.60720
-1.41109,0.68517
-1.37093,0.77761
-1.32129,0.87887
-1.26423,0.97639
-1.20471,1.05885
-1.14812,1.12278
-1.09785,1.17041
-1.05503,1.20554
-1.01921,1.23164
-0.98926,1.25140
-0.96389,1.26676
-0.94195,1.27907
-0.92251,1.28924
-0.90490,1.29786
-0.88859,1.30535
-0.87326,1.31195
-1.57723,0.20686
-1.57692,0.20810
-1.57659,0.20939
-1.57623,0.21080
-1.57583,0.21240
-1.57535,0.21425
-1.57479,0.21644
-1.57411,0.21906
-1.57328,0.22226
-1.57224,0.22619
-1.57094,0.23111
-1.56928,0.23732
-1.56711,0.24529
-1.56426,0.25558
-1.56049,0.26893
-1.55548,0.28616
-1.54891,0.30807
-1.54045,0.33523
-1.52988,0.36784
-1.51706,0.40588
-1.50179,0.44949
-1.48363,0.49955
-1.46164,0.55808
-1.43430,0.62815
-1.39953,0.71263
-1.35554,0.81062
-1.30228,0.91356
-1.24290,1.00798
-1.18286,1.08500
-1.12702,1.14369
-1.07802,1.18724
-1.03639,1.21947
-1.00144,1.24358
-0.97196,1.26201
-0.94674,1.27646
-0.92471,1.28812
-0.90505,1.29779
-0.88716,1.30598
-0.87061,1.31305
-0.85512,1.31923
-1.57770,0.20496
-1.57726,0.20670
-1.57684,0.20837
-1.57642,0.21005
-1.57596,0.21184
-1.57545,0.21384
-1.57487,0.21613
-1.57417,0.21883
-1.57332,0.22207
-1.57228,0.22605
-1.57097,0.23099
-1.56929,0.23726
-1.56711,0.24529
-1.56422,0.25572
-1.56038,0.26932
-1.55523,0.28699
-1.54843,0.30963
-1.53960,0.33789
-1.52849,0.37205
-1.51489,0.41218
-1.49855,0.45855
-1.47890,0.51230
-1.45486,0.57574
-1.42469,0.65203
-1.38631,0.74320
-1.33828,0.84591
-1.28154,0.94886
-1.22023,1.03900
-1.15993,1.11041
-1.10485,1.16421
-1.05691,1.20408
-1.01619,1.23371
-0.98184,1.25601
-0.95267,1.27316
-0.92751,1.28668
-0.90541,1.29761
-0.88564,1.30664
-0.86769,1.31425
-0.85118,1.32073
-0.83586,1.32631
-1.57862,0.20095
-1.57800,0.20362
-1.57741,0.20602
-1.57685,0.20827
-1.57629,0.21050
-1.57570,0.21282
-1.57505,0.21537
-1.57431,0.21826
-1.57343,0.22165
-1.57236,0.22575
-1.57102,0.23080
-1.56931,0.23717
-1.56709,0.24534
-1.56415,0.25598
-1.56020,0.26991
-1.55489,0.28814
-1.54781,0.31165
-1.53854,0.34119
-1.52679,0.37716
-1.51228,0.41970
-1.49468,0.46927
-1.47330,0.52727
-1.44687,0.59628
-1.41349,0.67936
-1.37114,0.77713
-1.31894,0.88326
-1.25891,0.98448
-1.19598,1.06951
-1.13555,1.13539
-1.08110,1.18468
-1.03395,1.22122
-0.99389,1.24845
-0.95997,1.26902
-0.93103,1.28486
-0.90600,1.29733
-0.88402,1.30735
-0.86443,1.31556
-0.84677,1.32238
-0.83069,1.32810
-0.81595,1.33294
-1.57430,0.20257
-1.57854,0.19939
-1.57827,0.20186
-1.57764,0.20481
-1.57694,0.20774
-1.57622,0.21067
-1.57546,0.21371
-1.57462,0.21700
-1.57365,0.22073
-1.57251,0.22511
-1.57111,0.23041
-1.56935,0.23702
-1.56705,0.24545
-1.56402,0.25642
-1.55993,0.27084
-1.55440,0.28979
-1.54696,0.31437
-1.53717,0.34547
-1.52463,0.38357
-1.50904,0.42895
-1.48996,0.48226
-1.46654,0.54518
-1.43733,0.62049
-1.40032,0.71075
-1.35365,0.81453
-1.29723,0.92235
-1.23413,1.02026
-1.16978,1.09970
-1.10916,1.16031
-1.05511,1.20545
-1.00849,1.23890
-0.96892,1.26379
-0.93541,1.28255
-0.90685,1.29691
-0.88224,1.30812
-0.86076,1.31702
-0.84179,1.32420
-0.82487,1.33006
-0.80966,1.33489
-0.79591,1.33890
-0.30102,-0.67012
-0.36817,-0.53060
-0.47794,-0.26381
-1.57109,0.21013
-1.57679,0.20545
-1.57672,0.20765
-1.57601,0.21100
-1.57510,0.21480
-1.57403,0.21906
-1.57278,0.22393
-1.57127,0.22971
-1.56938,0.23678
-1.56696,0.24570
-1.56377,0.25724
-1.55947,0.27238
-1.55363,0.29232
-1.54573,0.31830
-1.53526,0.35134
-1.52176,0.39204
-1.50484,0.44081
-1.48397,0.49853
-1.45815,0.56711
-1.42575,0.64934
-1.38471,0.74678
-1.33349,0.85532
-1.27286,0.96282
-1.20682,1.05615
-1.14103,1.12992
-1.07998,1.18559
-1.02604,1.22684
-0.97982,1.25723
-0.94080,1.27967
-0.90796,1.29638
-0.88021,1.30899
-0.85652,1.31867
-0.83609,1.32622
-0.81827,1.33220
-0.80258,1.33699
-0.78867,1.34087
-0.77624,1.34405
-0.17750,-0.87390
-0.22201,-0.80715
-0.26707,-0.73221
-0.31586,-0.64123
-0.37071,-0.52467
-0.44468,-0.34268
-1.52017,0.23505
-1.57199,0.21855
-1.57331,0.21932
-1.57254,0.22362
-1.57110,0.22961
-1.56913,0.23721
-1.56655,0.24683
-1.56313,0.25923
-1.55851,0.27546
-1.55223,0.29680
-1.54370,0.32465
-1.53233,0.36016
-1.51761,0.40405
-1.49907,0.45688
-1.47607,0.51969
-1.44749,0.59454
-1.41155,0.68388
-1.36621,0.78771
-1.31031,0.89904
-1.24543,1.00426
-1.17635,1.09233
-1.10878,1.16062
-1.04694,1.21163
-0.99296,1.24901
-0.94730,1.27611
-0.90929,1.29573
-0.87778,1.31002
-0.85153,1.32058
-0.82947,1.32850
-0.81070,1.33456
-0.79454,1.33927
-0.78049,1.34299
-0.76816,1.34596
-0.75727,1.34836
-0.06997,-1.01192
-0.12294,-0.94752
-0.16700,-0.88871
-0.20576,-0.83228
-0.24249,-0.77406
-0.27971,-0.70965
-0.31856,-0.63580
-0.35943,-0.54979
-0.40474,-0.44314
-0.46732,-0.28258
-1.34409,0.24138
-1.55722,0.25595
-1.56128,0.25860
-1.55928,0.26926
-1.55492,0.28563
-1.54835,0.30815
-1.53917,0.33795
-1.52678,0.37615
-1.51067,0.42351
-1.49032,0.48062
-1.46504,0.54857
-1.43362,0.62934
-1.39417,0.72474
-1.34456,0.83298
-1.28388,0.94476
-1.21443,1.04637
-1.14168,1.12917
-1.07166,1.19234
-1.00873,1.23869
-0.95501,1.27179
-0.91067,1.29505
-0.87466,1.31133
-0.84547,1.32284
-0.82161,1.33111
-0.80186,1.33719
-0.78528,1.34175
-0.77117,1.34525
-0.75900,1.34799
-0.74842,1.35015
-0.73914,1.35188
0.04274,-1.13046
-0.02182,-1.06538
-0.07702,-1.00370
-0.12295,-0.94750
-0.16179,-0.89594
-0.19599,-0.84695
-0.22759,-0.79826
-0.25812,-0.74768
-0.28854,-0.69343
-0.31905,-0.63471
-0.34932,-0.57167
-0.37921,-0.50417
-0.40933,-0.43016
-0.44164,-0.34407
-0.48375,-0.22877
-0.62213,0.00065
-1.44535,0.39244
-1.50002,0.42533
-1.49205,0.46648
-1.47356,0.52170
-1.44814,0.59021
-1.41540,0.67297
-1.37346,0.77085
-1.31999,0.88055
-1.25411,0.99119
-1.17889,1.08923
-1.10102,1.16742
-1.02773,1.22555
-0.96403,1.26659
-0.91180,1.29448
-0.87036,1.31311
-0.83778,1.32560
-0.81201,1.33414
-0.79133,1.34014
-0.77442,1.34447
-0.76036,1.34769
-0.74847,1.35013
-0.73828,1.35203
-0.72945,1.35353
-0.72175,1.35472
0.13725,-1.21332
0.07257,-1.15816
0.01066,-1.09902
-0.04408,-1.04121
-0.09054,-0.98764
-0.12989,-0.93857
-0.16402,-0.89284
-0.19473,-0.84881
-0.22340,-0.80491
-0.25099,-0.75980
-0.27805,-0.71255
-0.30477,-0.66267
-0.33105,-0.61013
-0.35678,-0.55499
-0.38203,-0.49679
-0.40728,-0.43385
-0.43351,-0.36262
-0.46277,-0.27573
-0.50263,-0.15310
-0.65585,0.11870
-1.38242,0.62681
-1.38983,0.71815
-1.35072,0.81520
-1.29386,0.92587
-1.22079,1.03716
-1.13664,1.13376
-1.05128,1.20810
-0.97463,1.26023
-0.91213,1.29427
-0.86398,1.31567
-0.82758,1.32910
-0.79988,1.33774
-0.77840,1.34348
-0.76137,1.34746
-0.74754,1.35031
-0.73608,1.35241
-0.72643,1.35400
-0.71818,1.35523
-0.71105,1.35621
-0.70485,1.35698
0.20784,-1.26591
0.14937,-1.22292
0.08764,-1.17161
0.02801,-1.11624
-0.02546,-1.06148
-0.07145,-1.01018
-0.11073,-0.96292
-0.14490,-0.91884
-0.17562,-0.87654
-0.20426,-0.83451
-0.23181,-0.79145
-0.25888,-0.74631
-0.28577,-0.69842
-0.31251,-0.64748
-0.33900,-0.59337
-0.36516,-0.53588
-0.39105,-0.47440
-0.41684,-0.40762
-0.44301,-0.33299
-0.47100,-0.24465
-0.50682,-0.12486
-0.61692,0.12325
-1.29347,0.79169
-1.26868,0.95663
-1.18270,1.08199
-1.08288,1.18210
-0.98784,1.25182
-0.91077,1.29481
-0.85396,1.31954
-0.81328,1.33369
-0.78383,1.34208
-0.76191,1.34732
-0.74510,1.35076
-0.73183,1.35312
-0.72108,1.35480
-0.71219,1.35605
-0.70469,1.35699
-0.69830,1.35772
-0.69278,1.35829
-0.68798,1.35875
0.26257,-1.30108
0.21155,-1.26845
0.15358,-1.22619
0.09271,-1.17605
0.03406,-1.12211
-0.01861,-1.06878
-0.06410,-1.01866
-0.10317,-0.97228
-0.13739,-0.92877
-0.16838,-0.88675
-0.19748,-0.84469
-0.22572,-0.80120
-0.25374,-0.75510
-0.28183,-0.70561
-0.30998,-0.65239
-0.33796,-0.59548
-0.36545,-0.53508
-0.39221,-0.47127
-0.41813,-0.40363
-0.44345,-0.33067
-0.46915,-0.24822
-0.49884,-0.14378
-0.55473,0.03466
-1.09513,0.77397
-1.13380,1.12273
-1.00790,1.23695
-0.90633,1.29646
-0.83728,1.32551
-0.79197,1.33982
-0.76136,1.34739
-0.73976,1.35171
-0.72385,1.35436
-0.71170,1.35609
-0.70213,1.35727
-0.69439,1.35812
-0.68799,1.35874
-0.68260,1.35921
-0.67800,1.35957
-0.67403,1.35986
-0.67059,1.36008
0.30758,-1.32618
0.26407,-1.30198
0.21189,-1.26868
0.15289,-1.22566
0.09141,-1.17491
0.03262,-1.12072
-0.01990,-1.06741
-0.06522,-1.01737
-0.10427,-0.97092
-0.13871,-0.92704
-0.17017,-0.88423
-0.20003,-0.84088
-0.22928,-0.79550
-0.25854,-0.74686
-0.28804,-0.69417
-0.31760,-0.63728
-0.34676,-0.57660
-0.37500,-0.51284
-0.40190,-0.44655
-0.42736,-0.37757
-0.45176,-0.30417
-0.47648,-0.22105
-0.50566,-0.11230
-0.56517,0.09461
-1.01236,1.07256
-0.89615,1.29642
-0.80635,1.33481
-0.75689,1.34805
-0.72711,1.35372
-0.70764,1.35653
-0.69411,1.35809
-0.68424,1.35903
-0.67678,1.35963
-0.67096,1.36003
-0.66628,1.36032
-0.66243,1.36053
-0.65920,1.36068
-0.65644,1.36080
-0.65406,1.36090
-0.65197,1.36097
0.34579,-1.34461
0.30947,-1.32715
0.26431,-1.30212
0.21012,-1.26747
0.14911,-1.22271
0.08607,-1.17022
0.02642,-1.11468
-0.02641,-1.06046
-0.07183,-1.00974
-0.11106,-0.96249
-0.14589,-0.91750
-0.17803,-0.87308
-0.20887,-0.82748
-0.23937,-0.77910
-0.27006,-0.72673
-0.30098,-0.66977
-0.33170,-0.60850
-0.36152,-0.54390
-0.38977,-0.47709
-0.41614,-0.40863
-0.44079,-0.33776
-0.46464,-0.26105
-0.48993,-0.16873
-0.52378,-0.02735
-0.64230,0.49028
-0.72715,1.34238
-0.68646,1.35749
-0.66646,1.35989
-0.65505,1.36066
-0.64796,1.36098
-0.64331,1.36113
-0.64014,1.36121
-0.63792,1.36125
-0.63632,1.36128
-0.63510,1.36129
-0.63413,1.36130
-0.63332,1.36131
-0.63261,1.36132
-0.63197,1.36132
-0.63138,1.36133
0.37861,-1.35825
0.34881,-1.34595
0.31105,-1.32795
0.26382,-1.30182
0.20702,-1.26534
0.14330,-1.21813
0.07811,-1.16313
0.01720,-1.10556
-0.03618,-1.04988
-0.08187,-0.99797
-0.12140,-0.94945
-0.15678,-0.90278
-0.18980,-0.85604
-0.22184,-0.80732
-0.25381,-0.75493
-0.28607,-0.69778
-0.31833,-0.63576
-0.34986,-0.56978
-0.37978,-0.50135
-0.40755,-0.43156
-0.43320,-0.36014
-0.45751,-0.28423
-0.48234,-0.19532
-0.51194,-0.06550
-0.54299,0.34685
-0.49318,1.33769
-0.53330,1.35361
-0.55329,1.35680
-0.56599,1.35823
-0.57504,1.35906
-0.58194,1.35960
-0.58745,1.35997
-0.59196,1.36024
-0.59570,1.36045
-0.59883,1.36060
-0.60143,1.36072
-0.60359,1.36081
-0.60536,1.36088
-0.60682,1.36093
-0.60800,1.36097
0.40697,-1.36832
0.38280,-1.35984
0.35200,-1.34735
0.31261,-1.32875
0.26297,-1.30132
0.20308,-1.26261
0.13613,-1.21241
0.06837,-1.15434
0.00598,-1.09427
-0.04807,-1.03677
-0.09409,-0.98334
-0.13405,-0.93314
-0.17014,-0.88426
-0.20425,-0.83450
-0.23776,-0.78173
-0.27143,-0.72427
-0.30531,-0.66139
-0.33874,-0.59368
-0.37070,-0.52274
-0.40040,-0.45006
-0.42775,-0.37568
-0.45351,-0.29663
-0.47954,-0.20326
-0.50889,-0.05997
-0.35871,0.68697
-0.28017,1.28062
-0.36096,1.31454
-0.41590,1.33123
-0.45513,1.34089
-0.48396,1.34686
-0.50572,1.35072
-0.52259,1.35332
-0.53595,1.35513
-0.54672,1.35643
-0.55551,1.35739
-0.56273,1.35810
-0.56869,1.35864
-0.57363,1.35905
-0.57772,1.35936
-0.58111,1.35961
0.43164,-1.37575
0.41216,-1.36999
0.38744,-1.36155
0.35561,-1.34890
0.31447,-1.32969
0.26217,-1.30083
0.19875,-1.25957
0.12809,-1.20590
0.05742,-1.14426
-0.00662,-1.08133
-0.06140,-1.02173
-0.10786,-0.96647
-0.14837,-0.91417
-0.18539,-0.86246
-0.22089,-0.80880
-0.25618,-0.75087
-0.29177,-0.68715
-0.32730,-0.61750
-0.36173,-0.54324
-0.39405,-0.46605
-0.42399,-0.38600
-0.45236,-0.29915
-0.48123,-0.19077
-0.50434,0.02045
-0.06211,1.12813
-0.15990,1.22364
-0.23181,1.26316
-0.29147,1.28979
-0.34194,1.30882
-0.38403,1.32245
-0.41861,1.33217
-0.44684,1.33913
-0.46990,1.34415
-0.48880,1.34782
-0.50436,1.35053
-0.51722,1.35256
-0.52789,1.35409
-0.53676,1.35526
-0.54414,1.35616
-0.55029,1.35685
0.45329,-1.38120
0.43762,-1.37735
0.41797,-1.37178
0.39278,-1.36348
0.35998,-1.35075
0.31706,-1.33098
0.26186,-1.30064
0.19448,-1.25655
0.11957,-1.19889
0.04561,-1.13316
-0.02027,-1.06700
-0.07590,-1.00498
-0.12291,-0.94751
-0.16421,-0.89253
-0.20248,-0.83715
-0.23975,-0.77842
-0.27721,-0.71385
-0.31504,-0.64221
-0.35243,-0.56388
-0.38828,-0.48011
-0.42215,-0.39030
-0.45498,-0.28689
-0.48703,-0.13197
0.01811,0.82897
-0.02461,1.12374
-0.09831,1.18479
-0.15581,1.22254
-0.20663,1.25090
-0.25337,1.27357
-0.29632,1.29188
-0.33515,1.30651
-0.36955,1.31803
-0.39952,1.32700
-0.42531,1.33393
-0.44732,1.33926
-0.46599,1.34336
-0.48178,1.34652
-0.49509,1.34896
-0.50629,1.35086
-0.51569,1.35234
0.47249,-1.38519
0.45993,-1.38267
0.44440,-1.37907
0.42471,-1.37378
0.39921,-1.36572
0.36558,-1.35307
0.32094,-1.33291
0.26269,-1.30114
0.19084,-1.25395
0.11098,-1.19170
0.03314,-1.12120
-0.03490,-1.05126
-0.09158,-0.98636
-0.13941,-0.92608
-0.18183,-0.86758
-0.22183,-0.80726
-0.26147,-0.74164
-0.30179,-0.66793
-0.34271,-0.58467
-0.38343,-0.49104
-0.42361,-0.38243
-0.46221,-0.22995
0.06982,0.57266
0.08502,1.00337
-0.00055,1.10351
-0.06064,1.15681
-0.10933,1.19289
-0.15250,1.22069
-0.19275,1.24364
-0.23107,1.26318
-0.26760,1.27992
-0.30204,1.29417
-0.33401,1.30612
-0.36317,1.31601
-0.38935,1.32408
-0.41252,1.33060
-0.43278,1.33581
-0.45033,1.33996
-0.46540,1.34325
-0.47827,1.34585
0.48976,-1.38809
0.47974,-1.38648
0.46755,-1.38423
0.45232,-1.38096
0.43282,-1.37605
0.40727,-1.36840
0.37310,-1.35609
0.32696,-1.33584
0.26556,-1.30283
0.18855,-1.25231
0.10261,-1.18458
0.01991,-1.10823
-0.05087,-1.03362
-0.10898,-0.96503
-0.15805,-0.90096
-0.20221,-0.83744
-0.24478,-0.76986
-0.28801,-0.69351
-0.33319,-0.60339
-0.38062,-0.49081
-0.41176,-0.30693
0.32202,0.46777
0.20539,0.81195
0.09765,0.99010
0.02297,1.08017
-0.03219,1.13319
-0.07672,1.16946
-0.11545,1.19712
-0.15100,1.21982
-0.18475,1.23931
-0.21735,1.25645
-0.24897,1.27162
-0.27949,1.28502
-0.30863,1.29674
-0.33604,1.30685
-0.36142,1.31545
-0.38455,1.32266
-0.40529,1.32863
-0.42365,1.33352
-0.43971,1.33749
0.50554,-1.39016
0.49766,-1.38919
0.48820,-1.38784
0.47656,-1.38592
0.46189,-1.38307
0.44292,-1.37869
0.41775,-1.37169
0.38353,-1.36008
0.33631,-1.34026
0.27170,-1.30642
0.18842,-1.25220
0.09439,-1.17747
0.00509,-1.09332
-0.06943,-1.01244
-0.12971,-0.93863
-0.18097,-0.86856
-0.22835,-0.79611
-0.27584,-0.71298
-0.32023,-0.59778
0.38860,0.00206
0.43567,0.24766
0.34726,0.49996
0.22627,0.77526
0.12254,0.95535
0.04783,1.05300
-0.00717,1.11046
-0.05062,1.14889
-0.08738,1.17743
-0.12026,1.20035
-0.15088,1.21976
-0.18020,1.23681
-0.20873,1.25208
-0.23669,1.26589
-0.26405,1.27839
-0.29064,1.28963
-0.31617,1.29961
-0.34033,1.30836
-0.36282,1.31591
-0.38340,1.32233
-0.40193,1.32770
0.52025,-1.39159
0.51421,-1.39105
0.50705,-1.39031
0.49836,-1.38927
0.48758,-1.38773
0.47385,-1.38541
0.45589,-1.38175
0.43173,-1.37573
0.39824,-1.36535
0.35064,-1.34671
0.28273,-1.31270
0.19111,-1.25410
0.08510,-1.16927
-0.01405,-1.07344
-0.09430,-0.98277
-0.15907,-0.89863
-0.21643,-0.80940
-0.08264,-0.53881
0.50000,0.02341
0.48315,0.12095
0.44392,0.24250
0.37041,0.44410
0.26024,0.70575
0.15404,0.90663
0.07470,1.02081
0.01692,1.08667
-0.02755,1.12920
-0.06407,1.15974
-0.09581,1.18354
-0.12466,1.20326
-0.15176,1.22031
-0.17786,1.23551
-0.20340,1.24932
-0.22860,1.26201
-0.25350,1.27369
-0.27800,1.28440
-0.30185,1.29411
-0.32476,1.30280
-0.34641,1.31046
-0.36652,1.31710
0.53428,-1.39250
0.52990,-1.39226
0.52476,-1.39192
0.51859,-1.39143
0.51102,-1.39072
0.50152,-1.38965
0.48928,-1.38797
0.47306,-1.38524
0.45085,-1.38057
0.41926,-1.37210
0.37239,-1.35572
0.30099,-1.32259
0.19671,-1.25796
0.07005,-1.15553
-0.04686,-1.03711
-0.14095,-0.91544
0.36288,-0.26587
0.51813,-0.00575
0.50544,0.05765
0.48567,0.12173
0.45368,0.21681
0.39489,0.38048
0.29781,0.62247
0.18985,0.84517
0.10389,0.98228
0.04133,1.06046
-0.00571,1.10912
-0.04326,1.14279
-0.07498,1.16819
-0.10307,1.18867
-0.12890,1.20602
-0.15335,1.22127
-0.17702,1.23503
-0.20030,1.24770
-0.22341,1.25948
-0.24643,1.27046
-0.26926,1.28067
-0.29172,1.29007
-0.31353,1.29862
-0.33435,1.30626
0.54802,-1.39298
0.54522,-1.39291
0.54194,-1.39281
0.53804,-1.39265
0.53329,-1.39242
0.52737,-1.39207
0.51982,-1.39150
0.50993,-1.39057
0.49659,-1.38896
0.47785,-1.38604
0.45013,-1.38030
0.40625,-1.36783
0.33160,-1.33765
0.20345,-1.26187
0.02574,-1.10788
0.36675,-0.36434
0.53163,-0.04272
0.52019,0.01505
0.50668,0.05989
0.48960,0.11208
0.46338,0.18958
0.41657,0.32207
0.33436,0.53578
0.22849,0.77176
0.13565,0.93585
0.06688,1.03055
0.01601,1.08763
-0.02358,1.12567
-0.05615,1.15343
-0.08428,1.17517
-0.10956,1.19316
-0.13302,1.20867
-0.15540,1.22250
-0.17719,1.23514
-0.19875,1.24689
-0.22029,1.25793
-0.24186,1.26834
-0.26342,1.27813
-0.28478,1.28724
-0.30567,1.29561
0.56187,-1.39304
0.56065,-1.39305
0.55921,-1.39305
0.55750,-1.39305
0.55541,-1.39304
0.55279,-1.39301
0.54943,-1.39295
0.54502,-1.39284
0.53909,-1.39261
0.53083,-1.39217
0.51881,-1.39123
0.50002,-1.38908
0.46722,-1.38324
0.39813,-1.36181
0.23357,-1.15067
0.55256,-0.11379
0.53573,-0.02909
0.52219,0.01510
0.50946,0.05381
0.49437,0.09889
0.47244,0.16359
0.43499,0.27109
0.36759,0.45249
0.26872,0.68783
0.17042,0.87942
0.09441,0.99524
0.03853,1.06360
-0.00404,1.10754
-0.03822,1.13852
-0.06704,1.16208
-0.09237,1.18108
-0.11541,1.19713
-0.13700,1.21120
-0.15775,1.22390
-0.17809,1.23564
-0.19833,1.24667
-0.21867,1.25713
-0.23917,1.26708
-0.25976,1.27651
-0.28026,1.28536
0.57627,-1.39268
0.57671,-1.39265
0.57720,-1.39263
0.57777,-1.39260
0.57841,-1.39256
0.57914,-1.39251
0.57999,-1.39246
0.58100,-1.39239
0.58228,-1.39230
0.58405,-1.39215
0.58684,-1.39189
0.59202,-1.39133
0.60388,-1.38966
0.64329,-1.38021
0.82867,-0.93184
0.57264,-0.11852
0.54203,-0.03764
0.52652,0.00580
0.51378,0.04254
0.49992,0.08318
0.48117,0.13836
0.45096,0.22599
0.39705,0.37526
0.30965,0.59515
0.20906,0.80965
0.12522,0.95166
0.06301,1.03526
0.01640,1.08724
-0.02019,1.12261
-0.05035,1.14870
-0.07628,1.16919
-0.09941,1.18610
-0.12068,1.20065
-0.14079,1.21358
-0.16026,1.22539
-0.17948,1.23642
-0.19873,1.24688
-0.21817,1.25688
-0.23787,1.26647
-0.25774,1.27561
0.59169,-1.39181
0.59395,-1.39163
0.59658,-1.39142
0.59966,-1.39115
0.60334,-1.39080
0.60781,-1.39034
0.61336,-1.38972
0.62045,-1.38884
0.62987,-1.38752
0.64305,-1.38539
0.66276,-1.38160
0.69495,-1.37393
0.75375,-1.35542
0.87399,-1.29990
1.09808,-1.08634
0.64203,-0.21018
0.55689,-0.06622
0.53459,-0.01316
0.52026,0.02545
0.50672,0.06400
0.49022,0.11217
0.46566,0.18385
0.42353,0.30328
0.35095,0.49486
0.25331,0.72090
0.16177,0.89404
0.09154,0.99909
0.03937,1.06267
-0.00074,1.10435
-0.03305,1.13406
-0.06025,1.15672
-0.08400,1.17497
-0.10544,1.19032
-0.12534,1.20371
-0.14431,1.21576
-0.16281,1.22689
-0.18120,1.23738
-0.19972,1.24740
-0.21852,1.25706
-0.23764,1.26636
0.60862,-1.39029
0.61297,-1.38981
0.61803,-1.38920
0.62403,-1.38841
0.63123,-1.38738
0.64007,-1.38598
0.65114,-1.38402
0.66542,-1.38118
0.68444,-1.37684
0.71075,-1.36984
0.74868,-1.35778
0.80518,-1.33568
0.88939,-1.29371
1.00601,-1.21600
1.14299,-1.08264
1.18812,-0.78977
0.61353,-0.15322
0.55216,-0.05071
0.53103,-0.00154
0.51600,0.03860
0.50061,0.08240
0.48036,0.14138
0.44828,0.23396
0.39249,0.38761
0.30572,0.60444
0.20891,0.80998
0.12840,0.94692
0.06810,1.02907
0.02258,1.08082
-0.01323,1.11622
-0.04268,1.14231
-0.06785,1.16271
-0.09009,1.17943
-0.11033,1.19369
-0.12928,1.20627
-0.14745,1.21769
-0.16528,1.22833
-0.18309,1.23842
-0.20111,1.24814
-0.21949,1.25754
0.62761,-1.38793
0.63436,-1.38692
0.64225,-1.38563
0.65163,-1.38396
0.66293,-1.38173
0.67683,-1.37869
0.69425,-1.37441
0.71656,-1.36820
0.74574,-1.35887
0.78453,-1.34444
0.83627,-1.32164
0.90373,-1.28580
0.98643,-1.23164
1.07834,-1.15550
1.16923,-1.05758
1.24794,-0.94201
1.23452,-0.74608
0.63644,-0.17241
0.55644,-0.05509
0.53170,-0.00084
0.51456,0.04399
0.49675,0.09433
0.47263,0.16427
0.43351,0.27584
0.36721,0.45376
0.27459,0.67509
0.18263,0.85822
0.10970,0.97420
0.05499,1.04482
0.01302,1.09070
-0.02054,1.12295
-0.04851,1.14719
-0.07264,1.16641
-0.09411,1.18234
-0.11375,1.19602
-0.13220,1.20815
-0.14996,1.21923
-0.16744,1.22959
-0.18496,1.23946
-0.20273,1.24898
0.64917,-1.38443
0.65866,-1.38261
0.66978,-1.38029
0.68297,-1.37725
0.69884,-1.37321
0.71822,-1.36772
0.74220,-1.36010
0.77221,-1.34930
0.80994,-1.33379
0.85700,-1.31144
0.91423,-1.27967
0.98065,-1.23599
1.05291,-1.17884
1.12600,-1.10832
1.19431,-1.02742
1.25282,-0.94330
1.29806,-0.86380
1.31679,-0.77959
0.88880,-0.38935
0.58772,-0.10095
0.54272,-0.02234
0.52003,0.03166
0.49950,0.08779
0.47328,0.16307
0.43187,0.28074
0.36332,0.46385
0.27044,0.68425
0.18001,0.86288
0.10839,0.97607
0.05432,1.04562
0.01255,1.09119
-0.02105,1.12341
-0.04916,1.14773
-0.07348,1.16706
-0.09515,1.18309
-0.11497,1.19684
-0.13356,1.20902
-0.15143,1.22012
-0.16897,1.23047
-0.18653,1.24032
0.67371,-1.37942
0.68625,-1.37646
0.70086,-1.37268
0.71807,-1.36778
0.73856,-1.36133
0.76317,-1.35271
0.79286,-1.34109
0.82869,-1.32530
0.87149,-1.30390
0.92151,-1.27529
0.97793,-1.23799
1.03881,-1.19098
1.10136,-1.13389
1.16246,-1.06751
1.21884,-0.99480
1.26777,-0.92130
1.30781,-0.85314
1.33882,-0.79433
1.36036,-0.74597
1.36477,-0.70346
1.21672,-0.58043
0.66361,-0.17480
0.55777,-0.04310
0.52236,0.03078
0.49411,0.10549
0.45762,0.20899
0.39839,0.37255
0.30901,0.59700
0.21164,0.80488
0.13138,0.94247
0.07096,1.02558
0.02485,1.07845
-0.01181,1.11491
-0.04223,1.14194
-0.06840,1.16315
-0.09160,1.18053
-0.11269,1.19530
-0.13232,1.20823
-0.15104,1.21988
-0.16926,1.23063
0.70142,-1.37254
0.71709,-1.36808
0.73517,-1.36245
0.75619,-1.35526
0.78073,-1.34601
0.80947,-1.33402
0.84306,-1.31844
0.88199,-1.29824
0.92636,-1.27232
0.97567,-1.23962
1.02876,-1.19931
1.08396,-1.15083
1.13936,-1.09409
1.19285,-1.02997
1.24232,-0.96111
1.28615,-0.89162
1.32377,-0.82548
1.35559,-0.76500
1.38247,-0.71084
1.40520,-0.66283
1.42425,-0.62083
1.43960,-0.58520
1.45036,-0.55735
1.45320,-0.54056
1.42691,-0.53844
0.85940,-0.28441
0.53736,0.00799
0.48028,0.14732
0.41107,0.33906
0.30597,0.60428
0.19757,0.83135
0.11555,0.96591
0.05645,1.04314
0.01171,1.09205
-0.02421,1.12626
-0.05447,1.15209
-0.08096,1.17272
-0.10480,1.18989
-0.12676,1.20465
-0.14742,1.21768
0.73206,-1.36346
0.75065,-1.35723
0.77177,-1.34950
0.79583,-1.33988
0.82327,-1.32784
0.85452,-1.31274
0.88991,-1.29386
0.92956,-1.27034
0.97324,-1.24135
1.02033,-1.20611
1.06983,-1.16397
1.12049,-1.11446
1.17084,-1.05762
1.21929,-0.99447
1.26429,-0.92745
1.30482,-0.85979
1.34073,-0.79422
1.37251,-0.73211
1.40089,-0.67378
1.42639,-0.61926
1.44915,-0.56892
1.46901,-0.52363
1.48571,-0.48441
1.49918,-0.45193
1.50954,-0.42628
1.51704,-0.40724
1.52169,-0.39498
1.52246,-0.39173
1.51263,-0.40907
0.98233,-0.31759
0.47968,0.15176
0.36358,0.46410
0.22479,0.77947
0.12403,0.95353
0.05783,1.04151
0.00998,1.09380
-0.02797,1.12961
-0.06008,1.15661
-0.08848,1.17828
-0.11435,1.19643
0.76488,-1.35210
0.78581,-1.34399
0.80912,-1.33419
0.83510,-1.32230
0.86404,-1.30786
0.89620,-1.29030
0.93174,-1.26898
0.97066,-1.24316
1.01272,-1.21212
1.05740,-1.17510
1.10389,-1.13148
1.15115,-1.08087
1.19790,-1.02348
1.24274,-0.96064
1.28445,-0.89472
1.32240,-0.82844
1.35662,-0.76379
1.38757,-0.70172
1.41571,-0.64264
1.44120,-0.58707
1.46379,-0.53611
1.48307,-0.49118
1.49882,-0.45332
1.51121,-0.42271
1.52072,-0.39865
1.52795,-0.37999
1.53344,-0.36559
1.53761,-0.35450
1.54069,-0.34619
1.54269,-0.34066
1.54311,-0.33916
1.53922,-0.34799
1.48161,-0.42045
0.46753,0.18643
0.30159,0.61476
0.15725,0.90169
0.07233,1.02390
0.01693,1.08674
-0.02524,1.12720
-0.06065,1.15706
0.79867,-1.33869
0.82107,-1.32885
0.84553,-1.31725
0.87225,-1.30353
0.90147,-1.28728
0.93338,-1.26795
0.96814,-1.24492
1.00578,-1.21749
1.04612,-1.18488
1.08873,-1.14633
1.13292,-1.10122
1.17765,-1.04931
1.22168,-0.99117
1.26370,-0.92845
1.30273,-0.86357
1.33838,-0.79884
1.37083,-0.73576
1.40047,-0.67503
1.42758,-0.61710
1.45207,-0.56287
1.47351,-0.51373
1.49148,-0.47121
1.50587,-0.43611
1.51700,-0.40823
1.52545,-0.38657
1.53187,-0.36984
1.53679,-0.35683
1.54062,-0.34655
1.54368,-0.33829
1.54615,-0.33154
1.54816,-0.32601
1.54975,-0.32161
1.55080,-0.31862
1.55085,-0.31825
1.54751,-0.32631
1.48396,-0.40701
0.42625,0.29982
0.22600,0.77718
0.10100,0.98640
0.03115,1.07174
0.83201,-1.32378
0.85494,-1.31255
0.87958,-1.29959
0.90612,-1.28456
0.93480,-1.26705
0.96587,-1.24650
0.99953,-1.22225
1.03586,-1.19352
1.07476,-1.15948
1.11581,-1.11937
1.15828,-1.07262
1.20108,-1.01931
1.24291,-0.96042
1.28254,-0.89796
1.31919,-0.83433
1.35270,-0.77149
1.38334,-0.71050
1.41147,-0.65184
1.43723,-0.59600
1.46039,-0.54403
1.48049,-0.49743
1.49712,-0.45760
1.51031,-0.42510
1.52044,-0.39950
1.52811,-0.37970
1.53394,-0.36442
1.53841,-0.35252
1.54192,-0.34310
1.54473,-0.33548
1.54703,-0.32918
1.54896,-0.32388
1.55060,-0.31934
1.55202,-0.31541
1.55323,-0.31202
1.55421,-0.30923
1.55483,-0.30744
1.55454,-0.30802
1.55026,-0.31853
0.87463,-0.23813
0.34521,0.51069
0.86359,-1.30811
0.88628,-1.29590
0.91040,-1.28204
0.93621,-1.26616
0.96398,-1.24780
0.99404,-1.22635
1.02665,-1.20107
1.06194,-1.17110
1.09979,-1.13558
1.13974,-1.09375
1.18093,-1.04525
1.22215,-0.99053
1.26206,-0.93107
1.29952,-0.86917
1.33399,-0.80712
1.36548,-0.74646
1.39434,-0.68787
1.42091,-0.63163
1.44523,-0.57826
1.46702,-0.52885
1.48579,-0.48489
1.50123,-0.44760
1.51341,-0.41735
1.52275,-0.39358
1.52985,-0.37519
1.53524,-0.36096
1.53941,-0.34985
1.54269,-0.34103
1.54532,-0.33388
1.54748,-0.32797
1.54929,-0.32299
1.55083,-0.31873
1.55216,-0.31503
1.55333,-0.31177
1.55437,-0.30886
1.55530,-0.30625
1.55612,-0.30392
1.55679,-0.30201
1.55712,-0.30098
1.55639,-0.30277
0.89251,-1.29241
0.91445,-1.27962
0.93769,-1.26522
0.96254,-1.24879
0.98936,-1.22981
1.01853,-1.20758
1.05034,-1.18128
1.08493,-1.14998
1.12212,-1.11280
1.16132,-1.06907
1.20151,-1.01875
1.24135,-0.96275
1.27947,-0.90304
1.31491,-0.84208
1.34732,-0.78189
1.37690,-0.72361
1.40406,-0.66755
1.42910,-0.61387
1.45202,-0.56306
1.47247,-0.51623
1.49002,-0.47479
1.50440,-0.43979
1.51574,-0.41147
1.52446,-0.38920
1.53109,-0.37192
1.53617,-0.35851
1.54011,-0.34798
1.54322,-0.33959
1.54573,-0.33276
1.54779,-0.32712
1.54952,-0.32236
1.55098,-0.31831
1.55225,-0.31480
1.55334,-0.31174
1.55431,-0.30903
1.55517,-0.30662
1.55595,-0.30442
1.55667,-0.30240
1.55733,-0.30052
1.55793,-0.29881
0.91834,-1.27728
0.93930,-1.26419
0.96156,-1.24947
0.98548,-1.23264
1.01149,-1.21310
1.04002,-1.19006
1.07135,-1.16262
1.10559,-1.12981
1.14243,-1.09076
1.18114,-1.04500
1.22049,-0.99288
1.25901,-0.93586
1.29540,-0.87628
1.32889,-0.81662
1.35936,-0.75854
1.38714,-0.70274
1.41270,-0.64926
1.43629,-0.59812
1.45787,-0.54983
1.47708,-0.50546
1.49352,-0.46635
1.50699,-0.43340
1.51761,-0.40674
1.52580,-0.38573
1.53207,-0.36936
1.53689,-0.35660
1.54065,-0.34654
1.54363,-0.33848
1.54604,-0.33190
1.54803,-0.32645
1.54970,-0.32185
1.55112,-0.31793
1.55234,-0.31455
1.55339,-0.31161
1.55431,-0.30903
1.55512,-0.30676
1.55584,-0.30474
1.55649,-0.30291
1.55708,-0.30124
1.55764,-0.29967
0.94104,-1.26308
0.96100,-1.24985
0.98235,-1.23491
1.00552,-1.21771
1.03098,-1.19756
1.05915,-1.17359
1.09033,-1.14482
1.12452,-1.11026
1.16127,-1.06914
1.19962,-1.02126
1.23816,-0.96748
1.27537,-0.90977
1.31004,-0.85076
1.34164,-0.79273
1.37027,-0.73695
1.39637,-0.68367
1.42041,-0.63272
1.44265,-0.58405
1.46298,-0.53816
1.48106,-0.49611
1.49651,-0.45911
1.50916,-0.42799
1.51917,-0.40277
1.52691,-0.38284
1.53287,-0.36725
1.53748,-0.35503
1.54109,-0.34535
1.54396,-0.33757
1.54630,-0.33120
1.54824,-0.32589
1.54986,-0.32142
1.55124,-0.31760
1.55243,-0.31430
1.55345,-0.31144
1.55435,-0.30894
1.55513,-0.30674
1.55582,-0.30481
1.55643,-0.30310
1.55697,-0.30156
1.55746,-0.30017
