-0.65967,1.36064
-0.65958,1.36065
-0.65948,1.36065
-0.65937,1.36066
-0.65924,1.36066
-0.65908,1.36067
-0.65889,1.36068
-0.65866,1.36069
-0.65839,1.36070
-0.65805,1.36071
-0.65762,1.36073
-0.65709,1.36075
-0.65640,1.36078
-0.65553,1.36082
-0.65442,1.36086
-0.65302,1.36091
-0.65127,1.36097
-0.64919,1.36103
-0.64681,1.36109
-0.64421,1.36115
-0.64148,1.36121
-0.63871,1.36125
-0.63593,1.36128
-0.63318,1.36130
-0.63054,1.36130
-0.62813,1.36130
-0.62609,1.36129
-0.62450,1.36128
-0.62331,1.36127
-0.62245,1.36126
-0.62183,1.36125
-0.62137,1.36125
-0.62102,1.36124
-0.62075,1.36124
-0.62053,1.36123
-0.62035,1.36123
-0.62020,1.36123
-0.62006,1.36123
-0.61993,1.36123
-0.61981,1.36122
-0.65974,1.36064
-0.65963,1.36064
-0.65952,1.36065
-0.65939,1.36065
-0.65925,1.36066
-0.65909,1.36067
-0.65890,1.36068
-0.65867,1.36069
-0.65839,1.36070
-0.65805,1.36071
-0.65763,1.36073
-0.65709,1.36075
-0.65641,1.36078
-0.65553,1.36082
-0.65440,1.36086
-0.65296,1.36091
-0.65117,1.36097
-0.64902,1.36103
-0.64654,1.36110
-0.64384,1.36116
-0.64100,1.36121
-0.63811,1.36125
-0.63522,1.36128
-0.63241,1.36130
-0.62975,1.36130
-0.62741,1.36130
-0.62549,1.36129
-0.62403,1.36127
-0.62295,1.36126
-0.62218,1.36126
-0.62161,1.36125
-0.62118,1.36124
-0.62086,1.36124
-0.62060,1.36124
-0.62039,1.36123
-0.62021,1.36123
-0.62006,1.36123
-0.61992,1.36123
-0.61979,1.36122
-0.61967,1.36122
-0.65990,1.36063
-0.65975,1.36064
-0.65960,1.36064
-0.65946,1.36065
-0.65930,1.36066
-0.65913,1.36067
-0.65893,1.36068
-0.65869,1.36069
-0.65841,1.36070
-0.65807,1.36071
-0.65764,1.36073
-0.65710,1.36075
-0.65641,1.36078
-0.65552,1.36082
-0.65437,1.36086
-0.65290,1.36091
-0.65105,1.36097
-0.64881,1.36104
-0.64623,1.36111
-0.64341,1.36117
-0.64044,1.36122
-0.63743,1.36126
-0.63445,1.36129
-0.63158,1.36130
-0.62895,1.36130
-0.62670,1.36129
-0.62492,1.36128
-0.62359,1.36127
-0.62262,1.36126
-0.62191,1.36125
-0.62139,1.36125
-0.62099,1.36124
-0.62069,1.36124
-0.62044,1.36123
-0.62024,1.36123
-0.62006,1.36123
-0.61991,1.36123
-0.61977,1.36122
-0.61964,1.36122
-0.61952,1.36122
-0.66025,1.36062
-0.66002,1.36063
-0.65981,1.36064
-0.65961,1.36064
-0.65942,1.36065
-0.65922,1.36066
-0.65899,1.36067
-0.65874,1.36068
-0.65845,1.36070
-0.65809,1.36071
-0.65765,1.36073
-0.65711,1.36075
-0.65640,1.36078
-0.65550,1.36082
-0.65432,1.36086
-0.65280,1.36092
-0.65089,1.36098
-0.64856,1.36105
-0.64586,1.36112
-0.64291,1.36118
-0.63981,1.36123
-0.63668,1.36127
-0.63361,1.36129
-0.63072,1.36130
-0.62814,1.36130
-0.62601,1.36129
-0.62437,1.36128
-0.62316,1.36127
-0.62229,1.36126
-0.62164,1.36125
-0.62116,1.36124
-0.62079,1.36124
-0.62050,1.36123
-0.62026,1.36123
-0.62006,1.36123
-0.61989,1.36122
-0.61974,1.36122
-0.61961,1.36122
-0.61948,1.36122
-0.61937,1.36122
-0.66001,1.36063
-0.66038,1.36061
-0.66017,1.36062
-0.65991,1.36063
-0.65966,1.36064
-0.65940,1.36065
-0.65914,1.36067
-0.65885,1.36068
-0.65853,1.36069
-0.65815,1.36071
-0.65769,1.36073
-0.65712,1.36075
-0.65639,1.36078
-0.65546,1.36082
-0.65424,1.36086
-0.65266,1.36092
-0.65067,1.36099
-0.64823,1.36106
-0.64540,1.36113
-0.64230,1.36119
-0.63906,1.36124
-0.63581,1.36128
-0.63268,1.36130
-0.62981,1.36130
-0.62733,1.36130
-0.62535,1.36129
-0.62385,1.36127
-0.62276,1.36126
-0.62196,1.36125
-0.62137,1.36125
-0.62092,1.36124
-0.62058,1.36123
-0.62030,1.36123
-0.62007,1.36123
-0.61988,1.36122
-0.61971,1.36122
-0.61957,1.36122
-0.61944,1.36122
-0.61932,1.36122
-0.61922,1.36121
0.53995,-1.39269
0.50191,-1.38967
0.37272,-1.35592
-0.65932,1.36066
-0.65984,1.36063
-0.65966,1.36064
-0.65937,1.36066
-0.65904,1.36067
-0.65867,1.36069
-0.65825,1.36070
-0.65775,1.36073
-0.65714,1.36075
-0.65637,1.36078
-0.65539,1.36082
-0.65411,1.36087
-0.65246,1.36093
-0.65035,1.36099
-0.64778,1.36107
-0.64480,1.36114
-0.64154,1.36120
-0.63816,1.36125
-0.63482,1.36129
-0.63167,1.36130
-0.62886,1.36130
-0.62652,1.36129
-0.62470,1.36128
-0.62335,1.36127
-0.62236,1.36126
-0.62163,1.36125
-0.62109,1.36124
-0.62067,1.36124
-0.62034,1.36123
-0.62008,1.36123
-0.61986,1.36122
-0.61968,1.36122
-0.61953,1.36122
-0.61939,1.36122
-0.61927,1.36122
-0.61916,1.36121
-0.61906,1.36121
0.57193,-1.39278
0.56404,-1.39296
0.55226,-1.39299
0.53335,-1.39240
0.49992,-1.38943
0.41961,-1.37224
-0.65600,1.36080
-0.65866,1.36069
-0.65863,1.36069
-0.65827,1.36070
-0.65775,1.36073
-0.65710,1.36075
-0.65627,1.36079
-0.65522,1.36083
-0.65385,1.36088
-0.65209,1.36094
-0.64985,1.36101
-0.64711,1.36109
-0.64396,1.36116
-0.64054,1.36122
-0.63705,1.36127
-0.63368,1.36129
-0.63058,1.36130
-0.62790,1.36130
-0.62574,1.36129
-0.62408,1.36128
-0.62286,1.36126
-0.62196,1.36125
-0.62129,1.36124
-0.62078,1.36124
-0.62040,1.36123
-0.62009,1.36123
-0.61985,1.36122
-0.61964,1.36122
-0.61948,1.36122
-0.61933,1.36122
-0.61921,1.36121
-0.61910,1.36121
-0.61900,1.36121
-0.61891,1.36121
0.58128,-1.39240
0.57796,-1.39255
0.57336,-1.39273
0.56730,-1.39291
0.55923,-1.39301
0.54807,-1.39293
0.53204,-1.39233
0.50816,-1.39039
0.46871,-1.38442
0.38493,-1.36059
-0.65050,1.36099
-0.65532,1.36082
-0.65522,1.36083
-0.65435,1.36086
-0.65299,1.36091
-0.65115,1.36097
-0.64880,1.36104
-0.64593,1.36112
-0.64265,1.36119
-0.63915,1.36124
-0.63565,1.36128
-0.63236,1.36130
-0.62943,1.36130
-0.62695,1.36129
-0.62498,1.36128
-0.62348,1.36127
-0.62237,1.36126
-0.62154,1.36125
-0.62093,1.36124
-0.62046,1.36123
-0.62010,1.36123
-0.61982,1.36122
-0.61960,1.36122
-0.61942,1.36122
-0.61926,1.36122
-0.61913,1.36121
-0.61902,1.36121
-0.61893,1.36121
-0.61884,1.36121
-0.61877,1.36121
0.58434,-1.39223
0.58301,-1.39231
0.58094,-1.39241
0.57796,-1.39255
0.57402,-1.39271
0.56904,-1.39286
0.56281,-1.39298
0.55496,-1.39301
0.54486,-1.39285
0.53179,-1.39232
0.51486,-1.39106
0.49279,-1.38847
0.46315,-1.38330
0.42082,-1.37260
0.35190,-1.34727
0.19323,-1.25565
-0.64302,1.36118
-0.64231,1.36119
-0.63990,1.36123
-0.63692,1.36127
-0.63384,1.36129
-0.63090,1.36130
-0.62828,1.36130
-0.62606,1.36129
-0.62427,1.36128
-0.62290,1.36126
-0.62187,1.36125
-0.62110,1.36124
-0.62054,1.36123
-0.62011,1.36123
-0.61979,1.36122
-0.61954,1.36122
-0.61934,1.36122
-0.61918,1.36121
-0.61905,1.36121
-0.61894,1.36121
-0.61884,1.36121
-0.61876,1.36121
-0.61869,1.36121
-0.61862,1.36120
0.58534,-1.39217
0.58474,-1.39221
0.58378,-1.39226
0.58232,-1.39234
0.58021,-1.39245
0.57737,-1.39258
0.57374,-1.39272
0.56925,-1.39286
0.56374,-1.39297
0.55697,-1.39302
0.54863,-1.39294
0.53832,-1.39263
0.52558,-1.39193
0.50983,-1.39057
0.49015,-1.38809
0.46487,-1.38365
0.43090,-1.37549
0.38210,-1.35954
0.30370,-1.32412
0.12520,-1.20352
-0.63176,1.36130
-0.62952,1.36130
-0.62729,1.36130
-0.62528,1.36128
-0.62361,1.36127
-0.62230,1.36126
-0.62133,1.36124
-0.62063,1.36124
-0.62011,1.36123
-0.61974,1.36122
-0.61946,1.36122
-0.61925,1.36121
-0.61908,1.36121
-0.61895,1.36121
-0.61883,1.36121
-0.61874,1.36121
-0.61866,1.36121
-0.61859,1.36120
-0.61853,1.36120
-0.61848,1.36120
0.58577,-1.39215
0.58543,-1.39217
0.58490,-1.39220
0.58411,-1.39224
0.58291,-1.39231
0.58121,-1.39240
0.57890,-1.39251
0.57593,-1.39264
0.57220,-1.39277
0.56757,-1.39290
0.56184,-1.39299
0.55473,-1.39301
0.54587,-1.39288
0.53485,-1.39248
0.52107,-1.39160
0.50375,-1.38989
0.48168,-1.38676
0.45309,-1.38110
0.41524,-1.37091
0.36336,-1.35213
0.28592,-1.31451
0.12927,-1.20685
-0.62712,1.36130
-0.62473,1.36128
-0.62297,1.36126
-0.62167,1.36125
-0.62074,1.36124
-0.62010,1.36123
-0.61966,1.36122
-0.61935,1.36122
-0.61912,1.36121
-0.61895,1.36121
-0.61881,1.36121
-0.61871,1.36121
-0.61862,1.36120
-0.61854,1.36120
-0.61848,1.36120
-0.61842,1.36120
-0.61837,1.36120
-0.61833,1.36120
0.58601,-1.39213
0.58579,-1.39215
0.58546,-1.39217
0.58496,-1.39220
0.58421,-1.39224
0.58310,-1.39230
0.58154,-1.39238
0.57943,-1.39249
0.57668,-1.39261
0.57318,-1.39274
0.56878,-1.39287
0.56323,-1.39298
0.55620,-1.39301
0.54729,-1.39291
0.53599,-1.39253
0.52166,-1.39164
0.50349,-1.38986
0.48047,-1.38656
0.45125,-1.38068
0.41403,-1.37053
0.36572,-1.35310
0.29876,-1.32150
0.18515,-1.24985
-0.62523,1.36128
-0.62234,1.36126
-0.62093,1.36124
-0.62007,1.36123
-0.61954,1.36122
-0.61919,1.36121
-0.61895,1.36121
-0.61877,1.36121
-0.61864,1.36120
-0.61854,1.36120
-0.61845,1.36120
-0.61839,1.36120
-0.61833,1.36120
-0.61828,1.36120
-0.61824,1.36120
-0.61820,1.36120
-0.61817,1.36120
0.58618,-1.39212
0.58602,-1.39213
0.58579,-1.39215
0.58545,-1.39217
0.58494,-1.39220
0.58418,-1.39224
0.58307,-1.39230
0.58149,-1.39239
0.57935,-1.39249
0.57655,-1.39261
0.57294,-1.39275
0.56833,-1.39288
0.56242,-1.39299
0.55482,-1.39301
0.54502,-1.39286
0.53243,-1.39235
0.51633,-1.39120
0.49595,-1.38891
0.47040,-1.38474
0.43864,-1.37757
0.39919,-1.36568
0.34882,-1.34592
0.27852,-1.31035
0.15131,-1.22440
-0.62166,1.36125
-0.62000,1.36123
-0.61930,1.36122
-0.61891,1.36121
-0.61867,1.36121
-0.61850,1.36120
-0.61838,1.36120
-0.61829,1.36120
-0.61823,1.36120
-0.61817,1.36120
-0.61813,1.36120
-0.61809,1.36120
-0.61806,1.36119
-0.61803,1.36119
-0.61801,1.36119
-0.61799,1.36119
0.58630,-1.39211
0.58619,-1.39212
0.58602,-1.39213
0.58578,-1.39215
0.58542,-1.39217
0.58489,-1.39220
0.58408,-1.39225
0.58288,-1.39231
0.58119,-1.39240
0.57888,-1.39251
0.57582,-1.39264
0.57185,-1.39278
0.56670,-1.39292
0.56001,-1.39301
0.55128,-1.39298
0.53989,-1.39269
0.52516,-1.39190
0.50636,-1.39019
0.48276,-1.38694
0.45362,-1.38122
0.41796,-1.37174
0.37372,-1.35631
0.31539,-1.33012
0.22491,-1.27738
-0.61980,1.36122
-0.61868,1.36121
-0.61831,1.36120
-0.61813,1.36120
-0.61802,1.36119
-0.61795,1.36119
-0.61790,1.36119
-0.61787,1.36119
-0.61785,1.36119
-0.61783,1.36119
-0.61782,1.36119
-0.61781,1.36119
-0.61780,1.36119
-0.61780,1.36119
-0.61779,1.36119
-0.61778,1.36119
0.58640,-1.39211
0.58631,-1.39211
0.58619,-1.39212
0.58602,-1.39213
0.58576,-1.39215
0.58538,-1.39217
0.58480,-1.39220
0.58391,-1.39226
0.58258,-1.39233
0.58069,-1.39243
0.57809,-1.39255
0.57462,-1.39269
0.57006,-1.39284
0.56407,-1.39296
0.55618,-1.39301
0.54575,-1.39287
0.53206,-1.39233
0.51434,-1.39101
0.49186,-1.38834
0.46397,-1.38347
0.42982,-1.37519
0.38766,-1.36160
0.33265,-1.33854
0.24930,-1.29299
0.01604,-1.10439
-0.61592,1.36115
-0.61658,1.36117
-0.61686,1.36117
-0.61703,1.36118
-0.61714,1.36118
-0.61723,1.36118
-0.61729,1.36118
-0.61735,1.36118
-0.61739,1.36118
-0.61743,1.36118
-0.61746,1.36118
-0.61748,1.36118
-0.61750,1.36118
-0.61752,1.36119
-0.61753,1.36119
0.58648,-1.39210
0.58641,-1.39211
0.58632,-1.39211
0.58620,-1.39212
0.58601,-1.39213
0.58574,-1.39215
0.58533,-1.39217
0.58469,-1.39221
0.58369,-1.39227
0.58218,-1.39235
0.58000,-1.39246
0.57699,-1.39260
0.57295,-1.39275
0.56757,-1.39290
0.56041,-1.39300
0.55083,-1.39297
0.53804,-1.39262
0.52117,-1.39160
0.49938,-1.38936
0.47189,-1.38502
0.43775,-1.37734
0.39495,-1.36421
0.33785,-1.34097
0.24647,-1.29123
-0.59372,1.36034
-0.60953,1.36099
-0.61279,1.36108
-0.61435,1.36112
-0.61523,1.36114
-0.61578,1.36115
-0.61616,1.36116
-0.61642,1.36116
-0.61662,1.36117
-0.61677,1.36117
-0.61689,1.36117
-0.61699,1.36118
-0.61706,1.36118
-0.61713,1.36118
-0.61718,1.36118
-0.61722,1.36118
0.58655,-1.39210
0.58650,-1.39210
0.58643,-1.39211
0.58633,-1.39211
0.58620,-1.39212
0.58601,-1.39213
0.58572,-1.39215
0.58527,-1.39218
0.58455,-1.39222
0.58340,-1.39228
0.58165,-1.39238
0.57911,-1.39250
0.57556,-1.39265
0.57075,-1.39282
0.56427,-1.39296
0.55550,-1.39301
0.54359,-1.39282
0.52751,-1.39206
0.50616,-1.39017
0.47843,-1.38621
0.44288,-1.37865
0.39648,-1.36475
0.33015,-1.33736
0.19983,-1.26031
-0.59293,1.36030
-0.60223,1.36074
-0.60704,1.36091
-0.61012,1.36101
-0.61215,1.36107
-0.61350,1.36110
-0.61441,1.36112
-0.61506,1.36114
-0.61552,1.36115
-0.61587,1.36115
-0.61613,1.36116
-0.61634,1.36116
-0.61650,1.36117
-0.61663,1.36117
-0.61674,1.36117
-0.61682,1.36117
0.58661,-1.39210
0.58657,-1.39210
0.58651,-1.39210
0.58644,-1.39211
0.58635,-1.39211
0.58621,-1.39212
0.58601,-1.39213
0.58570,-1.39215
0.58520,-1.39218
0.58438,-1.39223
0.58306,-1.39230
0.58099,-1.39241
0.57796,-1.39255
0.57372,-1.39272
0.56789,-1.39289
0.55991,-1.39301
0.54889,-1.39294
0.53362,-1.39241
0.51259,-1.39085
0.48396,-1.38713
0.44503,-1.37919
0.38955,-1.36228
0.29366,-1.31876
-0.57306,1.35898
-0.59054,1.36017
-0.59733,1.36052
-0.60197,1.36073
-0.60551,1.36086
-0.60825,1.36095
-0.61034,1.36102
-0.61190,1.36106
-0.61306,1.36109
-0.61393,1.36111
-0.61457,1.36112
-0.61507,1.36114
-0.61545,1.36114
-0.61574,1.36115
-0.61598,1.36115
-0.61616,1.36116
-0.61632,1.36116
0.58666,-1.39209
0.58663,-1.39209
0.58659,-1.39210
0.58653,-1.39210
0.58646,-1.39211
0.58636,-1.39211
0.58622,-1.39212
0.58601,-1.39213
0.58568,-1.39215
0.58513,-1.39219
0.58419,-1.39224
0.58263,-1.39233
0.58015,-1.39245
0.57648,-1.39262
0.57129,-1.39280
0.56407,-1.39296
0.55393,-1.39300
0.53951,-1.39268
0.51868,-1.39140
0.48816,-1.38779
0.44141,-1.37828
0.35664,-1.34931
-0.55129,1.35694
-0.57923,1.35945
-0.58830,1.36004
-0.59401,1.36036
-0.59827,1.36057
-0.60172,1.36072
-0.60460,1.36083
-0.60700,1.36091
-0.60899,1.36098
-0.61059,1.36102
-0.61186,1.36106
-0.61286,1.36108
-0.61365,1.36110
-0.61426,1.36112
-0.61475,1.36113
-0.61513,1.36114
-0.61543,1.36114
-0.61568,1.36115
0.58671,-1.39209
0.58668,-1.39209
0.58665,-1.39209
0.58661,-1.39210
0.58656,-1.39210
0.58648,-1.39210
0.58639,-1.39211
0.58624,-1.39212
0.58602,-1.39213
0.58567,-1.39215
0.58505,-1.39219
0.58396,-1.39225
0.58207,-1.39236
0.57902,-1.39251
0.57447,-1.39270
0.56793,-1.39289
0.55860,-1.39301
0.54492,-1.39285
0.52391,-1.39181
0.48849,-1.38784
0.40802,-1.36862
-0.52331,1.35343
-0.56366,1.35817
-0.57799,1.35936
-0.58598,1.35990
-0.59138,1.36022
-0.59546,1.36043
-0.59878,1.36059
-0.60161,1.36071
-0.60405,1.36081
-0.60618,1.36088
-0.60801,1.36094
-0.60957,1.36099
-0.61087,1.36103
-0.61194,1.36106
-0.61281,1.36108
-0.61351,1.36110
-0.61408,1.36111
-0.61453,1.36112
-0.61490,1.36113
0.58675,-1.39209
0.58673,-1.39209
0.58671,-1.39209
0.58667,-1.39209
0.58663,-1.39209
0.58658,-1.39210
0.58651,-1.39210
0.58642,-1.39211
0.58627,-1.39212
0.58605,-1.39213
0.58567,-1.39215
0.58497,-1.39219
0.58367,-1.39227
0.58130,-1.39240
0.57738,-1.39258
0.57140,-1.39280
0.56255,-1.39298
0.54888,-1.39294
0.52416,-1.39183
-0.10935,1.19301
-0.41936,1.33239
-0.52694,1.35394
-0.56046,1.35787
-0.57512,1.35914
-0.58343,1.35974
-0.58898,1.36008
-0.59310,1.36031
-0.59640,1.36048
-0.59918,1.36061
-0.60160,1.36071
-0.60374,1.36079
-0.60564,1.36086
-0.60733,1.36092
-0.60881,1.36097
-0.61009,1.36101
-0.61117,1.36104
-0.61209,1.36106
-0.61285,1.36108
-0.61348,1.36110
-0.61399,1.36111
0.58679,-1.39208
0.58678,-1.39209
0.58676,-1.39209
0.58673,-1.39209
0.58670,-1.39209
0.58667,-1.39209
0.58662,-1.39210
0.58655,-1.39210
0.58646,-1.39211
0.58632,-1.39211
0.58609,-1.39213
0.58568,-1.39215
0.58488,-1.39220
0.58322,-1.39229
0.57998,-1.39246
0.57429,-1.39270
0.56462,-1.39296
0.53808,-1.39262
-0.09274,1.18134
-0.24819,1.27126
-0.41265,1.33062
-0.51482,1.35218
-0.55408,1.35723
-0.57121,1.35883
-0.58057,1.35954
-0.58660,1.35994
-0.59094,1.36019
-0.59433,1.36038
-0.59713,1.36051
-0.59954,1.36062
-0.60167,1.36071
-0.60358,1.36079
-0.60530,1.36085
-0.60686,1.36091
-0.60826,1.36095
-0.60950,1.36099
-0.61058,1.36102
-0.61151,1.36105
-0.61230,1.36107
-0.61297,1.36109
0.58683,-1.39208
0.58682,-1.39208
0.58681,-1.39208
0.58679,-1.39208
0.58677,-1.39209
0.58674,-1.39209
0.58671,-1.39209
0.58666,-1.39209
0.58660,-1.39210
0.58652,-1.39210
0.58638,-1.39211
0.58616,-1.39212
0.58571,-1.39215
0.58471,-1.39221
0.58220,-1.39235
0.57592,-1.39264
0.21004,0.80777
-0.04318,1.14272
-0.14063,1.21346
-0.24807,1.27120
-0.38548,1.32293
-0.49582,1.34907
-0.54511,1.35625
-0.56629,1.35841
-0.57731,1.35931
-0.58411,1.35978
-0.58884,1.36007
-0.59242,1.36027
-0.59531,1.36042
-0.59775,1.36054
-0.59988,1.36064
-0.60179,1.36072
-0.60352,1.36079
-0.60510,1.36085
-0.60655,1.36090
-0.60787,1.36094
-0.60907,1.36098
-0.61013,1.36101
-0.61107,1.36104
-0.61187,1.36106
0.58687,-1.39208
0.58686,-1.39208
0.58685,-1.39208
0.58684,-1.39208
0.58683,-1.39208
0.58681,-1.39208
0.58679,-1.39208
0.58676,-1.39209
0.58673,-1.39209
0.58668,-1.39209
0.58660,-1.39210
0.58648,-1.39210
0.58626,-1.39212
0.58574,-1.39215
0.58401,-1.39225
0.29094,0.63835
0.01123,1.09249
-0.07111,1.16522
-0.14337,1.21517
-0.23152,1.26342
-0.35160,1.31220
-0.47013,1.34420
-0.53308,1.35477
-0.56014,1.35784
-0.57354,1.35902
-0.58142,1.35960
-0.58669,1.35994
-0.59056,1.36017
-0.59361,1.36034
-0.59613,1.36046
-0.59830,1.36057
-0.60021,1.36065
-0.60194,1.36072
-0.60353,1.36079
-0.60500,1.36084
-0.60636,1.36089
-0.60762,1.36093
-0.60878,1.36097
-0.60982,1.36100
-0.61074,1.36103
0.58691,-1.39208
0.58691,-1.39208
0.58690,-1.39208
0.58690,-1.39208
0.58689,-1.39208
0.58688,-1.39208
0.58687,-1.39208
0.58686,-1.39208
0.58685,-1.39208
0.58682,-1.39208
0.58679,-1.39208
0.58674,-1.39209
0.58665,-1.39209
0.58646,-1.39211
0.58560,-1.39216
0.09999,0.98767
-0.00426,1.10773
-0.07022,1.16453
-0.13284,1.20854
-0.20900,1.25221
-0.31452,1.29898
-0.43706,1.33683
-0.51681,1.35248
-0.55229,1.35704
-0.56904,1.35865
-0.57839,1.35939
-0.58440,1.35980
-0.58868,1.36006
-0.59195,1.36025
-0.59460,1.36039
-0.59683,1.36050
-0.59878,1.36059
-0.60053,1.36067
-0.60212,1.36073
-0.60359,1.36079
-0.60497,1.36084
-0.60626,1.36089
-0.60747,1.36093
-0.60859,1.36096
-0.60960,1.36099
0.58695,-1.39207
0.58695,-1.39207
0.58695,-1.39207
0.58696,-1.39207
0.58696,-1.39207
0.58696,-1.39207
0.58696,-1.39207
0.58697,-1.39207
0.58697,-1.39207
0.58697,-1.39207
0.58698,-1.39207
0.58700,-1.39207
0.58704,-1.39207
0.58717,-1.39206
0.59029,-1.39185
0.11218,0.97063
0.00941,1.09433
-0.05514,1.15261
-0.11395,1.19613
-0.18214,1.23788
-0.27490,1.28307
-0.39548,1.32585
-0.49389,1.34873
-0.54169,1.35584
-0.56337,1.35815
-0.57481,1.35912
-0.58183,1.35963
-0.58665,1.35994
-0.59024,1.36015
-0.59308,1.36031
-0.59543,1.36043
-0.59744,1.36053
-0.59922,1.36061
-0.60082,1.36068
-0.60230,1.36074
-0.60369,1.36079
-0.60500,1.36084
-0.60623,1.36089
-0.60740,1.36092
-0.60848,1.36096
0.58700,-1.39207
0.58700,-1.39207
0.58701,-1.39207
0.58702,-1.39207
0.58703,-1.39207
0.58705,-1.39207
0.58706,-1.39207
0.58709,-1.39207
0.58712,-1.39206
0.58716,-1.39206
0.58723,-1.39206
0.58735,-1.39205
0.58761,-1.39203
0.58841,-1.39198
0.59321,-1.39164
0.21436,0.79947
0.05023,1.05035
-0.02560,1.12747
-0.08589,1.17635
-0.14952,1.21894
-0.23134,1.26333
-0.34370,1.30951
-0.45934,1.34193
-0.52586,1.35379
-0.55553,1.35738
-0.57020,1.35875
-0.57872,1.35941
-0.58431,1.35979
-0.58835,1.36004
-0.59146,1.36022
-0.59398,1.36036
-0.59611,1.36046
-0.59795,1.36055
-0.59959,1.36063
-0.60110,1.36069
-0.60249,1.36075
-0.60381,1.36080
-0.60506,1.36084
-0.60625,1.36089
-0.60738,1.36092
0.58705,-1.39207
0.58706,-1.39207
0.58708,-1.39207
0.58710,-1.39207
0.58712,-1.39206
0.58715,-1.39206
0.58719,-1.39206
0.58724,-1.39206
0.58731,-1.39205
0.58742,-1.39205
0.58759,-1.39203
0.58790,-1.39201
0.58854,-1.39197
0.59008,-1.39187
0.59424,-1.39156
0.60776,-1.39034
0.15945,0.89786
0.02993,1.07299
-0.04291,1.14249
-0.10706,1.19143
-0.18060,1.23703
-0.27968,1.28509
-0.40379,1.32820
-0.49829,1.34950
-0.54288,1.35599
-0.56339,1.35815
-0.57443,1.35909
-0.58129,1.35959
-0.58603,1.35990
-0.58957,1.36012
-0.59237,1.36027
-0.59467,1.36039
-0.59664,1.36049
-0.59836,1.36057
-0.59991,1.36064
-0.60134,1.36070
-0.60267,1.36075
-0.60394,1.36080
-0.60515,1.36085
-0.60631,1.36089
0.58711,-1.39206
0.58713,-1.39206
0.58716,-1.39206
0.58719,-1.39206
0.58723,-1.39206
0.58728,-1.39205
0.58735,-1.39205
0.58744,-1.39204
0.58757,-1.39204
0.58778,-1.39202
0.58810,-1.39200
0.58867,-1.39196
0.58973,-1.39189
0.59175,-1.39175
0.59542,-1.39147
0.60159,-1.39094
0.61318,-1.38974
0.18410,0.85554
0.03703,1.06524
-0.04355,1.14303
-0.11569,1.19731
-0.20079,1.24795
-0.31535,1.29929
-0.44064,1.33769
-0.51710,1.35253
-0.55098,1.35690
-0.56734,1.35850
-0.57665,1.35926
-0.58268,1.35969
-0.58699,1.35996
-0.59027,1.36016
-0.59291,1.36030
-0.59510,1.36041
-0.59698,1.36051
-0.59865,1.36058
-0.60015,1.36065
-0.60153,1.36071
-0.60283,1.36076
-0.60407,1.36081
-0.60526,1.36085
0.58718,-1.39206
0.58722,-1.39206
0.58726,-1.39206
0.58731,-1.39205
0.58737,-1.39205
0.58745,-1.39204
0.58756,-1.39204
0.58771,-1.39203
0.58793,-1.39201
0.58826,-1.39199
0.58878,-1.39196
0.58964,-1.39190
0.59106,-1.39180
0.59337,-1.39163
0.59688,-1.39135
0.60169,-1.39093
0.60753,-1.39036
0.61437,-1.38960
0.64895,-1.38442
0.10071,0.98668
-0.00979,1.11299
-0.09495,1.18292
-0.18939,1.24186
-0.31344,1.29856
-0.44424,1.33854
-0.51941,1.35287
-0.55192,1.35701
-0.56771,1.35854
-0.57680,1.35927
-0.58276,1.35969
-0.58704,1.35997
-0.59032,1.36016
-0.59297,1.36030
-0.59518,1.36042
-0.59707,1.36051
-0.59875,1.36059
-0.60025,1.36065
-0.60164,1.36071
-0.60294,1.36076
-0.60418,1.36081
0.58727,-1.39205
0.58732,-1.39205
0.58738,-1.39205
0.58745,-1.39204
0.58754,-1.39204
0.58766,-1.39203
0.58782,-1.39202
0.58805,-1.39200
0.58838,-1.39198
0.58886,-1.39195
0.58960,-1.39190
0.59073,-1.39182
0.59246,-1.39170
0.59502,-1.39150
0.59860,-1.39121
0.60322,-1.39079
0.60859,-1.39025
0.61420,-1.38962
0.61948,-1.38898
0.62397,-1.38839
0.62938,-1.38763
0.19725,0.83172
0.02320,1.08015
-0.09252,1.18118
-0.21918,1.25737
-0.37588,1.32001
-0.49283,1.34854
-0.54192,1.35587
-0.56297,1.35811
-0.57407,1.35906
-0.58098,1.35957
-0.58580,1.35989
-0.58943,1.36011
-0.59232,1.36027
-0.59472,1.36040
-0.59677,1.36050
-0.59856,1.36058
-0.60016,1.36065
-0.60161,1.36071
-0.60296,1.36076
0.58738,-1.39205
0.58744,-1.39204
0.58753,-1.39204
0.58763,-1.39203
0.58775,-1.39202
0.58792,-1.39201
0.58815,-1.39200
0.58847,-1.39198
0.58892,-1.39195
0.58956,-1.39190
0.59051,-1.39184
0.59191,-1.39174
0.59392,-1.39159
0.59676,-1.39136
0.60059,-1.39103
0.60543,-1.39057
0.61115,-1.38997
0.61749,-1.38923
0.62417,-1.38836
0.63094,-1.38740
0.63751,-1.38638
0.64354,-1.38538
0.64848,-1.38451
0.65131,-1.38399
0.64970,-1.38429
0.39401,0.38331
-0.05294,1.15082
-0.28823,1.28863
-0.47858,1.34589
-0.54285,1.35598
-0.56516,1.35831
-0.57597,1.35921
-0.58253,1.35968
-0.58712,1.35997
-0.59062,1.36018
-0.59346,1.36033
-0.59584,1.36045
-0.59790,1.36055
-0.59971,1.36063
-0.60134,1.36070
0.58751,-1.39204
0.58760,-1.39203
0.58771,-1.39203
0.58784,-1.39202
0.58801,-1.39201
0.58824,-1.39199
0.58854,-1.39197
0.58895,-1.39195
0.58953,-1.39191
0.59034,-1.39185
0.59150,-1.39177
0.59315,-1.39165
0.59546,-1.39147
0.59863,-1.39121
0.60280,-1.39083
0.60805,-1.39031
0.61430,-1.38961
0.62145,-1.38873
0.62937,-1.38763
0.63786,-1.38633
0.64662,-1.38484
0.65522,-1.38325
0.66315,-1.38166
0.67003,-1.38020
0.67564,-1.37895
0.67988,-1.37796
0.68264,-1.37730
0.68334,-1.37713
0.67917,-1.37813
0.65660,-1.38298
-0.29481,1.29130
-0.51944,1.35287
-0.56080,1.35791
-0.57496,1.35913
-0.58239,1.35967
-0.58729,1.35998
-0.59098,1.36020
-0.59397,1.36036
-0.59650,1.36048
-0.59870,1.36059
0.58767,-1.39203
0.58778,-1.39202
0.58792,-1.39201
0.58809,-1.39200
0.58831,-1.39199
0.58860,-1.39197
0.58898,-1.39194
0.58949,-1.39191
0.59019,-1.39186
0.59117,-1.39179
0.59254,-1.39169
0.59446,-1.39155
0.59709,-1.39134
0.60062,-1.39103
0.60520,-1.39060
0.61088,-1.39000
0.61765,-1.38921
0.62544,-1.38819
0.63410,-1.38692
0.64338,-1.38541
0.65280,-1.38371
0.66177,-1.38195
0.66975,-1.38026
0.67645,-1.37876
0.68185,-1.37749
0.68611,-1.37646
0.68944,-1.37563
0.69201,-1.37498
0.69396,-1.37448
0.69525,-1.37414
0.69560,-1.37405
0.69347,-1.37460
0.67444,-1.37922
-0.34605,1.31032
-0.54415,1.35614
-0.57081,1.35880
-0.58083,1.35956
-0.58660,1.35994
-0.59072,1.36018
-0.59402,1.36036
0.58786,-1.39202
0.58800,-1.39201
0.58817,-1.39200
0.58838,-1.39198
0.58865,-1.39197
0.58900,-1.39194
0.58945,-1.39191
0.59006,-1.39187
0.59090,-1.39181
0.59205,-1.39173
0.59364,-1.39161
0.59584,-1.39144
0.59881,-1.39119
0.60274,-1.39083
0.60772,-1.39034
0.61382,-1.38967
0.62101,-1.38878
0.62920,-1.38766
0.63824,-1.38627
0.64775,-1.38464
0.65720,-1.38286
0.66594,-1.38108
0.67349,-1.37943
0.67969,-1.37801
0.68460,-1.37683
0.68845,-1.37588
0.69148,-1.37511
0.69388,-1.37450
0.69582,-1.37399
0.69741,-1.37357
0.69872,-1.37322
0.69976,-1.37294
0.70047,-1.37275
0.70055,-1.37273
0.69860,-1.37325
0.67718,-1.37859
-0.45689,1.34140
-0.56060,1.35789
-0.57765,1.35933
-0.58516,1.35985
0.58807,-1.39200
0.58824,-1.39199
0.58845,-1.39198
0.58870,-1.39196
0.58901,-1.39194
0.58942,-1.39191
0.58995,-1.39188
0.59067,-1.39183
0.59164,-1.39176
0.59297,-1.39166
0.59480,-1.39152
0.59730,-1.39132
0.60064,-1.39103
0.60495,-1.39062
0.61033,-1.39006
0.61678,-1.38932
0.62426,-1.38835
0.63268,-1.38714
0.64182,-1.38567
0.65129,-1.38399
0.66049,-1.38221
0.66883,-1.38046
0.67592,-1.37888
0.68166,-1.37754
0.68618,-1.37644
0.68971,-1.37556
0.69248,-1.37486
0.69469,-1.37429
0.69648,-1.37382
0.69797,-1.37342
0.69922,-1.37309
0.70030,-1.37280
0.70123,-1.37255
0.70204,-1.37233
0.70270,-1.37215
0.70313,-1.37203
0.70298,-1.37207
0.70044,-1.37276
0.37023,0.44567
-0.52876,1.35419
0.58831,-1.39199
0.58851,-1.39198
0.58874,-1.39196
0.58903,-1.39194
0.58939,-1.39192
0.58986,-1.39188
0.59047,-1.39184
0.59129,-1.39178
0.59241,-1.39170
0.59394,-1.39159
0.59603,-1.39142
0.59885,-1.39119
0.60256,-1.39085
0.60725,-1.39039
0.61297,-1.38977
0.61970,-1.38895
0.62736,-1.38792
0.63586,-1.38665
0.64495,-1.38513
0.65421,-1.38344
0.66307,-1.38168
0.67099,-1.37999
0.67765,-1.37848
0.68301,-1.37722
0.68722,-1.37619
0.69051,-1.37536
0.69311,-1.37470
0.69518,-1.37416
0.69686,-1.37372
0.69826,-1.37335
0.69944,-1.37303
0.70045,-1.37276
0.70132,-1.37252
0.70210,-1.37231
0.70279,-1.37212
0.70341,-1.37195
0.70397,-1.37180
0.70442,-1.37167
0.70467,-1.37161
0.70423,-1.37173
0.58856,-1.39197
0.58878,-1.39196
0.58905,-1.39194
0.58937,-1.39192
0.58978,-1.39189
0.59031,-1.39185
0.59100,-1.39180
0.59193,-1.39174
0.59321,-1.39164
0.59496,-1.39151
0.59733,-1.39132
0.60049,-1.39104
0.60457,-1.39066
0.60962,-1.39014
0.61563,-1.38945
0.62254,-1.38858
0.63030,-1.38749
0.63878,-1.38618
0.64772,-1.38465
0.65670,-1.38296
0.66518,-1.38124
0.67269,-1.37961
0.67896,-1.37818
0.68401,-1.37697
0.68797,-1.37600
0.69109,-1.37521
0.69355,-1.37458
0.69552,-1.37407
0.69712,-1.37365
0.69846,-1.37329
0.69958,-1.37299
0.70055,-1.37273
0.70138,-1.37251
0.70211,-1.37231
0.70275,-1.37213
0.70333,-1.37197
0.70385,-1.37183
0.70433,-1.37170
0.70478,-1.37157
0.70519,-1.37146
0.58883,-1.39195
0.58907,-1.39194
0.58936,-1.39192
0.58972,-1.39189
0.59017,-1.39186
0.59076,-1.39182
0.59154,-1.39177
0.59260,-1.39169
0.59405,-1.39158
0.59604,-1.39142
0.59872,-1.39120
0.60223,-1.39088
0.60667,-1.39045
0.61203,-1.38987
0.61826,-1.38913
0.62530,-1.38821
0.63308,-1.38708
0.64146,-1.38573
0.65019,-1.38420
0.65886,-1.38254
0.66697,-1.38086
0.67409,-1.37930
0.68003,-1.37793
0.68480,-1.37678
0.68857,-1.37585
0.69153,-1.37510
0.69388,-1.37450
0.69578,-1.37400
0.69733,-1.37359
0.69862,-1.37325
0.69971,-1.37296
0.70064,-1.37271
0.70144,-1.37249
0.70214,-1.37230
0.70275,-1.37213
0.70329,-1.37198
0.70378,-1.37185
0.70421,-1.37173
0.70461,-1.37162
0.70498,-1.37152
0.58909,-1.39194
0.58935,-1.39192
0.58967,-1.39190
0.59006,-1.39187
0.59056,-1.39184
0.59122,-1.39179
0.59210,-1.39173
0.59330,-1.39164
0.59495,-1.39151
0.59720,-1.39133
0.60020,-1.39107
0.60407,-1.39071
0.60884,-1.39022
0.61446,-1.38959
0.62086,-1.38880
0.62796,-1.38783
0.63569,-1.38667
0.64392,-1.38531
0.65241,-1.38378
0.66076,-1.38215
0.66851,-1.38053
0.67528,-1.37903
0.68092,-1.37771
0.68546,-1.37662
0.68906,-1.37573
0.69190,-1.37501
0.69416,-1.37442
0.69599,-1.37395
0.69749,-1.37355
0.69875,-1.37322
0.69981,-1.37293
0.70072,-1.37269
0.70150,-1.37247
0.70218,-1.37229
0.70278,-1.37213
0.70330,-1.37198
0.70376,-1.37186
0.70417,-1.37174
0.70453,-1.37164
0.70487,-1.37155
