-0.63200,1.36130
-0.63197,1.36130
-0.63194,1.36130
-0.63190,1.36130
-0.63186,1.36130
-0.63180,1.36130
-0.63174,1.36130
-0.63167,1.36130
-0.63158,1.36130
-0.63146,1.36130
-0.63132,1.36130
-0.63115,1.36130
-0.63092,1.36130
-0.63063,1.36130
-0.63026,1.36130
-0.62980,1.36130
-0.62921,1.36130
-0.62852,1.36130
-0.62772,1.36130
-0.62684,1.36129
-0.62592,1.36129
-0.62497,1.36128
-0.62402,1.36127
-0.62308,1.36127
-0.62216,1.36126
-0.62133,1.36124
-0.62062,1.36124
-0.62006,1.36123
-0.61964,1.36122
-0.61934,1.36122
-0.61912,1.36121
-0.61896,1.36121
-0.61884,1.36121
-0.61874,1.36121
-0.61866,1.36121
-0.61860,1.36120
-0.61854,1.36120
-0.61849,1.36120
-0.61845,1.36120
-0.61841,1.36120
-0.63202,1.36130
-0.63198,1.36130
-0.63195,1.36130
-0.63191,1.36130
-0.63186,1.36130
-0.63181,1.36130
-0.63174,1.36130
-0.63167,1.36130
-0.63158,1.36130
-0.63147,1.36130
-0.63132,1.36130
-0.63115,1.36130
-0.63092,1.36130
-0.63063,1.36130
-0.63026,1.36130
-0.62978,1.36130
-0.62918,1.36130
-0.62846,1.36130
-0.62763,1.36130
-0.62671,1.36129
-0.62575,1.36129
-0.62477,1.36128
-0.62378,1.36127
-0.62281,1.36126
-0.62189,1.36125
-0.62108,1.36124
-0.62041,1.36123
-0.61989,1.36122
-0.61952,1.36122
-0.61924,1.36121
-0.61904,1.36121
-0.61889,1.36121
-0.61878,1.36121
-0.61869,1.36121
-0.61861,1.36120
-0.61855,1.36120
-0.61849,1.36120
-0.61845,1.36120
-0.61840,1.36120
-0.61836,1.36120
-0.63207,1.36130
-0.63202,1.36130
-0.63198,1.36130
-0.63193,1.36130
-0.63188,1.36130
-0.63182,1.36130
-0.63175,1.36130
-0.63168,1.36130
-0.63158,1.36130
-0.63147,1.36130
-0.63133,1.36130
-0.63115,1.36130
-0.63092,1.36130
-0.63063,1.36130
-0.63024,1.36130
-0.62975,1.36130
-0.62914,1.36130
-0.62839,1.36130
-0.62752,1.36130
-0.62657,1.36129
-0.62556,1.36129
-0.62454,1.36128
-0.62351,1.36127
-0.62252,1.36126
-0.62161,1.36125
-0.62083,1.36124
-0.62021,1.36123
-0.61974,1.36122
-0.61940,1.36122
-0.61915,1.36121
-0.61896,1.36121
-0.61883,1.36121
-0.61872,1.36121
-0.61863,1.36120
-0.61856,1.36120
-0.61850,1.36120
-0.61844,1.36120
-0.61839,1.36120
-0.61835,1.36120
-0.61831,1.36120
-0.63219,1.36130
-0.63211,1.36130
-0.63204,1.36130
-0.63198,1.36130
-0.63192,1.36130
-0.63185,1.36130
-0.63178,1.36130
-0.63169,1.36130
-0.63160,1.36130
-0.63148,1.36130
-0.63133,1.36130
-0.63115,1.36130
-0.63092,1.36130
-0.63062,1.36130
-0.63023,1.36130
-0.62972,1.36130
-0.62908,1.36130
-0.62830,1.36130
-0.62740,1.36130
-0.62640,1.36129
-0.62535,1.36129
-0.62428,1.36128
-0.62322,1.36127
-0.62222,1.36126
-0.62133,1.36124
-0.62059,1.36123
-0.62001,1.36123
-0.61959,1.36122
-0.61928,1.36122
-0.61905,1.36121
-0.61888,1.36121
-0.61875,1.36121
-0.61865,1.36121
-0.61857,1.36120
-0.61850,1.36120
-0.61844,1.36120
-0.61838,1.36120
-0.61834,1.36120
-0.61829,1.36120
-0.61825,1.36120
-0.63211,1.36130
-0.63223,1.36130
-0.63216,1.36130
-0.63208,1.36130
-0.63199,1.36130
-0.63191,1.36130
-0.63182,1.36130
-0.63173,1.36130
-0.63162,1.36130
-0.63150,1.36130
-0.63134,1.36130
-0.63116,1.36130
-0.63092,1.36130
-0.63061,1.36130
-0.63020,1.36130
-0.62968,1.36130
-0.62901,1.36130
-0.62819,1.36130
-0.62724,1.36130
-0.62619,1.36129
-0.62509,1.36128
-0.62398,1.36127
-0.62290,1.36126
-0.62191,1.36125
-0.62105,1.36124
-0.62036,1.36123
-0.61983,1.36122
-0.61945,1.36122
-0.61917,1.36121
-0.61896,1.36121
-0.61880,1.36121
-0.61868,1.36121
-0.61858,1.36120
-0.61850,1.36120
-0.61843,1.36120
-0.61837,1.36120
-0.61832,1.36120
-0.61828,1.36120
-0.61824,1.36120
-0.61820,1.36120
0.57485,-1.39268
0.56533,-1.39294
0.53186,-1.39232
-0.63188,1.36130
-0.63205,1.36130
-0.63199,1.36130
-0.63190,1.36130
-0.63179,1.36130
-0.63167,1.36130
-0.63153,1.36130
-0.63136,1.36130
-0.63116,1.36130
-0.63091,1.36130
-0.63058,1.36130
-0.63016,1.36130
-0.62961,1.36130
-0.62891,1.36130
-0.62804,1.36130
-0.62704,1.36130
-0.62594,1.36129
-0.62479,1.36128
-0.62364,1.36127
-0.62256,1.36126
-0.62158,1.36125
-0.62077,1.36124
-0.62013,1.36123
-0.61965,1.36122
-0.61931,1.36122
-0.61905,1.36121
-0.61886,1.36121
-0.61871,1.36121
-0.61860,1.36120
-0.61850,1.36120
-0.61843,1.36120
-0.61836,1.36120
-0.61831,1.36120
-0.61826,1.36120
-0.61822,1.36120
-0.61818,1.36120
-0.61814,1.36120
0.58303,-1.39230
0.58099,-1.39241
0.57797,-1.39255
0.57318,-1.39274
0.56484,-1.39295
0.54455,-1.39284
-0.63079,1.36130
-0.63167,1.36130
-0.63166,1.36130
-0.63154,1.36130
-0.63137,1.36130
-0.63115,1.36130
-0.63088,1.36130
-0.63053,1.36130
-0.63007,1.36130
-0.62949,1.36130
-0.62874,1.36130
-0.62782,1.36130
-0.62676,1.36129
-0.62560,1.36129
-0.62441,1.36128
-0.62325,1.36127
-0.62218,1.36126
-0.62125,1.36124
-0.62049,1.36123
-0.61991,1.36123
-0.61948,1.36122
-0.61916,1.36121
-0.61893,1.36121
-0.61875,1.36121
-0.61861,1.36120
-0.61851,1.36120
-0.61842,1.36120
-0.61835,1.36120
-0.61829,1.36120
-0.61824,1.36120
-0.61819,1.36120
-0.61816,1.36120
-0.61812,1.36120
-0.61809,1.36120
0.58548,-1.39216
0.58461,-1.39222
0.58340,-1.39228
0.58183,-1.39237
0.57975,-1.39247
0.57690,-1.39260
0.57285,-1.39275
0.56689,-1.39291
0.55706,-1.39302
0.53526,-1.39250
-0.62896,1.36130
-0.63056,1.36130
-0.63053,1.36130
-0.63024,1.36130
-0.62979,1.36130
-0.62917,1.36130
-0.62839,1.36130
-0.62742,1.36130
-0.62631,1.36129
-0.62512,1.36128
-0.62393,1.36127
-0.62279,1.36126
-0.62178,1.36125
-0.62092,1.36124
-0.62023,1.36123
-0.61970,1.36122
-0.61931,1.36122
-0.61902,1.36121
-0.61880,1.36121
-0.61864,1.36120
-0.61851,1.36120
-0.61841,1.36120
-0.61833,1.36120
-0.61827,1.36120
-0.61821,1.36120
-0.61817,1.36120
-0.61813,1.36120
-0.61809,1.36120
-0.61806,1.36119
-0.61804,1.36119
0.58628,-1.39212
0.58593,-1.39214
0.58539,-1.39217
0.58461,-1.39222
0.58358,-1.39227
0.58228,-1.39234
0.58067,-1.39243
0.57866,-1.39252
0.57609,-1.39263
0.57279,-1.39275
0.56855,-1.39288
0.56306,-1.39298
0.55566,-1.39301
0.54486,-1.39285
0.52586,-1.39195
0.46452,-1.38358
-0.62644,1.36129
-0.62620,1.36129
-0.62538,1.36129
-0.62436,1.36128
-0.62330,1.36127
-0.62229,1.36126
-0.62138,1.36125
-0.62060,1.36124
-0.61998,1.36123
-0.61950,1.36122
-0.61913,1.36121
-0.61886,1.36121
-0.61866,1.36121
-0.61851,1.36120
-0.61840,1.36120
-0.61831,1.36120
-0.61824,1.36120
-0.61819,1.36120
-0.61814,1.36120
-0.61810,1.36120
-0.61806,1.36119
-0.61804,1.36119
-0.61801,1.36119
-0.61799,1.36119
0.58655,-1.39210
0.58639,-1.39211
0.58614,-1.39213
0.58575,-1.39215
0.58520,-1.39218
0.58445,-1.39222
0.58350,-1.39228
0.58234,-1.39234
0.58091,-1.39242
0.57917,-1.39250
0.57704,-1.39259
0.57443,-1.39270
0.57123,-1.39280
0.56730,-1.39290
0.56240,-1.39299
0.55610,-1.39301
0.54747,-1.39291
0.53448,-1.39246
0.51070,-1.39066
0.42131,-1.37275
-0.62259,1.36126
-0.62181,1.36125
-0.62103,1.36124
-0.62033,1.36123
-0.61974,1.36122
-0.61929,1.36122
-0.61895,1.36121
-0.61870,1.36121
-0.61851,1.36120
-0.61838,1.36120
-0.61828,1.36120
-0.61821,1.36120
-0.61815,1.36120
-0.61810,1.36120
-0.61806,1.36119
-0.61803,1.36119
-0.61800,1.36119
-0.61798,1.36119
-0.61795,1.36119
-0.61794,1.36119
0.58666,-1.39209
0.58657,-1.39210
0.58643,-1.39211
0.58622,-1.39212
0.58591,-1.39214
0.58546,-1.39217
0.58485,-1.39220
0.58407,-1.39225
0.58310,-1.39230
0.58190,-1.39236
0.58042,-1.39244
0.57860,-1.39253
0.57634,-1.39262
0.57356,-1.39273
0.57011,-1.39284
0.56579,-1.39294
0.56030,-1.39300
0.55313,-1.39300
0.54340,-1.39281
0.52920,-1.39217
0.50453,-1.38999
0.42438,-1.37365
-0.62097,1.36124
-0.62014,1.36123
-0.61952,1.36122
-0.61906,1.36121
-0.61874,1.36121
-0.61851,1.36120
-0.61836,1.36120
-0.61825,1.36120
-0.61816,1.36120
-0.61810,1.36120
-0.61806,1.36119
-0.61802,1.36119
-0.61798,1.36119
-0.61796,1.36119
-0.61793,1.36119
-0.61791,1.36119
-0.61790,1.36119
-0.61788,1.36119
0.58673,-1.39209
0.58667,-1.39209
0.58658,-1.39210
0.58645,-1.39211
0.58625,-1.39212
0.58596,-1.39214
0.58555,-1.39216
0.58499,-1.39219
0.58427,-1.39224
0.58336,-1.39229
0.58221,-1.39235
0.58078,-1.39242
0.57898,-1.39251
0.57671,-1.39261
0.57385,-1.39272
0.57025,-1.39283
0.56572,-1.39294
0.55999,-1.39301
0.55267,-1.39299
0.54309,-1.39280
0.52987,-1.39221
0.50902,-1.39048
0.46017,-1.38267
-0.62031,1.36123
-0.61930,1.36122
-0.61880,1.36121
-0.61850,1.36120
-0.61831,1.36120
-0.61819,1.36120
-0.61810,1.36120
-0.61804,1.36119
-0.61799,1.36119
-0.61796,1.36119
-0.61793,1.36119
-0.61790,1.36119
-0.61788,1.36119
-0.61787,1.36119
-0.61785,1.36119
-0.61784,1.36119
-0.61783,1.36119
0.58677,-1.39209
0.58673,-1.39209
0.58667,-1.39209
0.58658,-1.39210
0.58644,-1.39211
0.58624,-1.39212
0.58595,-1.39214
0.58553,-1.39216
0.58497,-1.39219
0.58424,-1.39224
0.58330,-1.39229
0.58210,-1.39235
0.58057,-1.39243
0.57862,-1.39252
0.57613,-1.39263
0.57295,-1.39275
0.56892,-1.39287
0.56385,-1.39297
0.55748,-1.39301
0.54946,-1.39295
0.53914,-1.39266
0.52495,-1.39189
0.50186,-1.38967
0.43983,-1.37788
-0.61906,1.36121
-0.61847,1.36120
-0.61823,1.36120
-0.61809,1.36120
-0.61800,1.36119
-0.61794,1.36119
-0.61790,1.36119
-0.61787,1.36119
-0.61785,1.36119
-0.61783,1.36119
-0.61781,1.36119
-0.61780,1.36119
-0.61779,1.36119
-0.61778,1.36119
-0.61777,1.36119
-0.61776,1.36119
0.58680,-1.39208
0.58677,-1.39209
0.58673,-1.39209
0.58666,-1.39209
0.58657,-1.39210
0.58643,-1.39211
0.58621,-1.39212
0.58590,-1.39214
0.58545,-1.39217
0.58485,-1.39220
0.58405,-1.39225
0.58301,-1.39231
0.58168,-1.39238
0.57995,-1.39246
0.57772,-1.39257
0.57483,-1.39268
0.57113,-1.39281
0.56644,-1.39292
0.56056,-1.39300
0.55326,-1.39300
0.54411,-1.39283
0.53214,-1.39234
0.51457,-1.39104
0.48002,-1.38648
-0.61840,1.36120
-0.61801,1.36119
-0.61788,1.36119
-0.61781,1.36119
-0.61777,1.36119
-0.61775,1.36119
-0.61773,1.36119
-0.61772,1.36119
-0.61771,1.36119
-0.61771,1.36119
-0.61770,1.36119
-0.61770,1.36119
-0.61770,1.36119
-0.61769,1.36119
-0.61769,1.36119
-0.61769,1.36119
0.58683,-1.39208
0.58681,-1.39208
0.58677,-1.39209
0.58673,-1.39209
0.58666,-1.39209
0.58656,-1.39210
0.58641,-1.39211
0.58617,-1.39212
0.58582,-1.39214
0.58532,-1.39217
0.58464,-1.39221
0.58373,-1.39227
0.58255,-1.39233
0.58100,-1.39241
0.57897,-1.39251
0.57631,-1.39262
0.57286,-1.39275
0.56842,-1.39288
0.56283,-1.39298
0.55587,-1.39301
0.54720,-1.39291
0.53601,-1.39253
0.52004,-1.39151
0.49054,-1.38815
0.30349,-1.32400
-0.61702,1.36118
-0.61726,1.36118
-0.61736,1.36118
-0.61742,1.36118
-0.61746,1.36118
-0.61749,1.36118
-0.61752,1.36119
-0.61753,1.36119
-0.61755,1.36119
-0.61756,1.36119
-0.61757,1.36119
-0.61758,1.36119
-0.61759,1.36119
-0.61759,1.36119
-0.61760,1.36119
0.58685,-1.39208
0.58683,-1.39208
0.58681,-1.39208
0.58677,-1.39209
0.58673,-1.39209
0.58666,-1.39209
0.58655,-1.39210
0.58638,-1.39211
0.58611,-1.39213
0.58571,-1.39215
0.58514,-1.39218
0.58435,-1.39223
0.58330,-1.39229
0.58190,-1.39236
0.58005,-1.39246
0.57760,-1.39257
0.57436,-1.39270
0.57013,-1.39284
0.56470,-1.39295
0.55785,-1.39301
0.54923,-1.39295
0.53800,-1.39262
0.52164,-1.39164
0.48938,-1.38798
-0.60893,1.36097
-0.61473,1.36113
-0.61590,1.36115
-0.61646,1.36116
-0.61678,1.36117
-0.61698,1.36117
-0.61711,1.36118
-0.61720,1.36118
-0.61728,1.36118
-0.61733,1.36118
-0.61737,1.36118
-0.61741,1.36118
-0.61743,1.36118
-0.61746,1.36118
-0.61747,1.36118
-0.61749,1.36118
0.58687,-1.39208
0.58686,-1.39208
0.58684,-1.39208
0.58681,-1.39208
0.58678,-1.39209
0.58673,-1.39209
0.58665,-1.39209
0.58653,-1.39210
0.58634,-1.39211
0.58604,-1.39213
0.58558,-1.39216
0.58491,-1.39220
0.58398,-1.39225
0.58273,-1.39232
0.58105,-1.39241
0.57880,-1.39252
0.57577,-1.39265
0.57172,-1.39279
0.56639,-1.39292
0.55949,-1.39301
0.55054,-1.39297
0.53841,-1.39263
0.51927,-1.39145
0.46795,-1.38427
-0.60863,1.36096
-0.61208,1.36106
-0.61383,1.36111
-0.61495,1.36113
-0.61568,1.36115
-0.61616,1.36116
-0.61649,1.36117
-0.61672,1.36117
-0.61688,1.36117
-0.61701,1.36118
-0.61710,1.36118
-0.61718,1.36118
-0.61723,1.36118
-0.61728,1.36118
-0.61732,1.36118
-0.61735,1.36118
0.58688,-1.39208
0.58687,-1.39208
0.58686,-1.39208
0.58684,-1.39208
0.58681,-1.39208
0.58678,-1.39209
0.58673,-1.39209
0.58664,-1.39209
0.58651,-1.39210
0.58630,-1.39212
0.58595,-1.39214
0.58540,-1.39217
0.58461,-1.39222
0.58350,-1.39228
0.58198,-1.39236
0.57993,-1.39246
0.57711,-1.39259
0.57325,-1.39274
0.56799,-1.39289
0.56086,-1.39300
0.55109,-1.39298
0.53653,-1.39255
0.50726,-1.39029
-0.60103,1.36069
-0.60773,1.36094
-0.61027,1.36101
-0.61198,1.36106
-0.61327,1.36109
-0.61427,1.36112
-0.61502,1.36113
-0.61559,1.36115
-0.61600,1.36116
-0.61631,1.36116
-0.61655,1.36117
-0.61672,1.36117
-0.61686,1.36117
-0.61696,1.36117
-0.61705,1.36118
-0.61711,1.36118
-0.61717,1.36118
0.58690,-1.39208
0.58689,-1.39208
0.58688,-1.39208
0.58686,-1.39208
0.58685,-1.39208
0.58682,-1.39208
0.58678,-1.39209
0.58673,-1.39209
0.58664,-1.39209
0.58649,-1.39210
0.58624,-1.39212
0.58583,-1.39214
0.58518,-1.39218
0.58422,-1.39224
0.58287,-1.39231
0.58100,-1.39241
0.57840,-1.39254
0.57473,-1.39269
0.56951,-1.39285
0.56191,-1.39299
0.55017,-1.39296
0.52725,-1.39204
-0.59228,1.36027
-0.60343,1.36078
-0.60689,1.36091
-0.60903,1.36098
-0.61062,1.36102
-0.61189,1.36106
-0.61294,1.36109
-0.61382,1.36111
-0.61454,1.36112
-0.61511,1.36114
-0.61557,1.36115
-0.61593,1.36115
-0.61621,1.36116
-0.61643,1.36116
-0.61661,1.36117
-0.61674,1.36117
-0.61685,1.36117
-0.61694,1.36117
0.58691,-1.39208
0.58690,-1.39208
0.58690,-1.39208
0.58688,-1.39208
0.58687,-1.39208
0.58685,-1.39208
0.58683,-1.39208
0.58679,-1.39209
0.58673,-1.39209
0.58664,-1.39209
0.58647,-1.39210
0.58618,-1.39212
0.58569,-1.39215
0.58488,-1.39220
0.58369,-1.39227
0.58199,-1.39236
0.57959,-1.39248
0.57610,-1.39263
0.57082,-1.39282
0.56199,-1.39299
0.54150,-1.39275
-0.58032,1.35953
-0.59731,1.36052
-0.60295,1.36076
-0.60601,1.36088
-0.60805,1.36095
-0.60958,1.36099
-0.61081,1.36103
-0.61185,1.36106
-0.61274,1.36108
-0.61352,1.36110
-0.61418,1.36112
-0.61475,1.36113
-0.61522,1.36114
-0.61560,1.36115
-0.61591,1.36115
-0.61617,1.36116
-0.61637,1.36116
-0.61653,1.36117
-0.61666,1.36117
0.58692,-1.39208
0.58692,-1.39208
0.58691,-1.39208
0.58690,-1.39208
0.58689,-1.39208
0.58688,-1.39208
0.58686,-1.39208
0.58683,-1.39208
0.58680,-1.39208
0.58674,-1.39209
0.58663,-1.39209
0.58645,-1.39211
0.58611,-1.39213
0.58548,-1.39216
0.58445,-1.39222
0.58289,-1.39231
0.58060,-1.39243
0.57711,-1.39259
0.57088,-1.39281
-0.30281,1.29447
-0.52742,1.35401
-0.58193,1.35964
-0.59602,1.36046
-0.60183,1.36072
-0.60504,1.36084
-0.60715,1.36092
-0.60869,1.36097
-0.60992,1.36100
-0.61095,1.36103
-0.61184,1.36106
-0.61263,1.36108
-0.61332,1.36109
-0.61394,1.36111
-0.61447,1.36112
-0.61493,1.36113
-0.61533,1.36114
-0.61566,1.36115
-0.61593,1.36115
-0.61615,1.36116
-0.61634,1.36116
0.58693,-1.39208
0.58693,-1.39208
0.58692,-1.39208
0.58692,-1.39208
0.58691,-1.39208
0.58690,-1.39208
0.58689,-1.39208
0.58687,-1.39208
0.58684,-1.39208
0.58681,-1.39208
0.58675,-1.39209
0.58664,-1.39209
0.58643,-1.39211
0.58599,-1.39213
0.58513,-1.39219
0.58365,-1.39227
0.58114,-1.39240
0.57437,-1.39270
-0.29091,1.28973
-0.40882,1.32958
-0.52349,1.35346
-0.57653,1.35925
-0.59343,1.36033
-0.60030,1.36066
-0.60394,1.36080
-0.60624,1.36089
-0.60789,1.36094
-0.60915,1.36098
-0.61020,1.36101
-0.61109,1.36104
-0.61187,1.36106
-0.61257,1.36108
-0.61320,1.36109
-0.61377,1.36111
-0.61427,1.36112
-0.61472,1.36113
-0.61511,1.36114
-0.61545,1.36114
-0.61573,1.36115
-0.61597,1.36115
0.58694,-1.39208
0.58694,-1.39208
0.58694,-1.39208
0.58693,-1.39208
0.58693,-1.39208
0.58692,-1.39208
0.58691,-1.39208
0.58690,-1.39208
0.58688,-1.39208
0.58686,-1.39208
0.58682,-1.39208
0.58676,-1.39209
0.58665,-1.39209
0.58638,-1.39211
0.58572,-1.39215
0.58407,-1.39225
-0.09576,1.18351
-0.25691,1.27521
-0.32585,1.30318
-0.40873,1.32956
-0.50690,1.35094
-0.56771,1.35854
-0.58971,1.36012
-0.59835,1.36057
-0.60268,1.36075
-0.60530,1.36085
-0.60709,1.36091
-0.60844,1.36096
-0.60952,1.36099
-0.61043,1.36102
-0.61121,1.36104
-0.61191,1.36106
-0.61255,1.36108
-0.61313,1.36109
-0.61365,1.36110
-0.61413,1.36111
-0.61457,1.36112
-0.61495,1.36113
-0.61529,1.36114
-0.61558,1.36115
0.58695,-1.39207
0.58695,-1.39207
0.58695,-1.39207
0.58695,-1.39208
0.58694,-1.39208
0.58694,-1.39208
0.58693,-1.39208
0.58693,-1.39208
0.58692,-1.39208
0.58690,-1.39208
0.58688,-1.39208
0.58685,-1.39208
0.58679,-1.39208
0.58666,-1.39209
0.58620,-1.39212
-0.02279,1.12496
-0.22193,1.25873
-0.27580,1.28345
-0.32790,1.30393
-0.39589,1.32597
-0.48473,1.34706
-0.55507,1.35734
-0.58460,1.35981
-0.59589,1.36045
-0.60122,1.36069
-0.60427,1.36081
-0.60628,1.36089
-0.60774,1.36094
-0.60889,1.36097
-0.60982,1.36100
-0.61063,1.36102
-0.61133,1.36104
-0.61197,1.36106
-0.61255,1.36108
-0.61309,1.36109
-0.61358,1.36110
-0.61404,1.36111
-0.61446,1.36112
-0.61484,1.36113
-0.61517,1.36114
0.58696,-1.39207
0.58696,-1.39207
0.58696,-1.39207
0.58696,-1.39207
0.58696,-1.39207
0.58696,-1.39207
0.58695,-1.39207
0.58695,-1.39207
0.58695,-1.39208
0.58694,-1.39208
0.58693,-1.39208
0.58692,-1.39208
0.58689,-1.39208
0.58684,-1.39208
0.58662,-1.39210
-0.16781,1.22978
-0.23167,1.26349
-0.27518,1.28319
-0.32003,1.30104
-0.37834,1.32077
-0.45872,1.34180
-0.53748,1.35533
-0.57743,1.35932
-0.59269,1.36029
-0.59944,1.36062
-0.60310,1.36077
-0.60541,1.36086
-0.60703,1.36091
-0.60826,1.36095
-0.60925,1.36098
-0.61009,1.36101
-0.61081,1.36103
-0.61145,1.36105
-0.61203,1.36106
-0.61257,1.36108
-0.61308,1.36109
-0.61355,1.36110
-0.61399,1.36111
-0.61439,1.36112
-0.61476,1.36113
0.58698,-1.39207
0.58698,-1.39207
0.58698,-1.39207
0.58698,-1.39207
0.58698,-1.39207
0.58698,-1.39207
0.58698,-1.39207
0.58698,-1.39207
0.58698,-1.39207
0.58698,-1.39207
0.58698,-1.39207
0.58699,-1.39207
0.58700,-1.39207
0.58703,-1.39207
0.58786,-1.39202
-0.16038,1.22545
-0.22307,1.25930
-0.26491,1.27876
-0.30614,1.29577
-0.35748,1.31415
-0.42931,1.33493
-0.51313,1.35192
-0.56679,1.35846
-0.58827,1.36004
-0.59719,1.36052
-0.60171,1.36071
-0.60443,1.36082
-0.60626,1.36089
-0.60762,1.36093
-0.60869,1.36097
-0.60956,1.36099
-0.61031,1.36101
-0.61097,1.36103
-0.61156,1.36105
-0.61210,1.36106
-0.61261,1.36108
-0.61309,1.36109
-0.61354,1.36110
-0.61396,1.36111
-0.61435,1.36112
0.58699,-1.39207
0.58699,-1.39207
0.58699,-1.39207
0.58699,-1.39207
0.58700,-1.39207
0.58700,-1.39207
0.58701,-1.39207
0.58701,-1.39207
0.58702,-1.39207
0.58703,-1.39207
0.58705,-1.39207
0.58708,-1.39207
0.58715,-1.39206
0.58736,-1.39205
0.58864,-1.39197
-0.09252,1.18118
-0.19795,1.24645
-0.24536,1.26995
-0.28608,1.28775
-0.33254,1.30559
-0.39574,1.32593
-0.47933,1.34603
-0.54950,1.35674
-0.58145,1.35960
-0.59402,1.36036
-0.59991,1.36064
-0.60323,1.36078
-0.60538,1.36086
-0.60691,1.36091
-0.60808,1.36095
-0.60902,1.36098
-0.60982,1.36100
-0.61050,1.36102
-0.61111,1.36104
-0.61166,1.36105
-0.61217,1.36107
-0.61265,1.36108
-0.61311,1.36109
-0.61355,1.36110
-0.61396,1.36111
0.58700,-1.39207
0.58700,-1.39207
0.58701,-1.39207
0.58701,-1.39207
0.58702,-1.39207
0.58703,-1.39207
0.58704,-1.39207
0.58705,-1.39207
0.58707,-1.39207
0.58710,-1.39207
0.58714,-1.39206
0.58723,-1.39206
0.58740,-1.39205
0.58781,-1.39202
0.58892,-1.39195
0.59258,-1.39169
-0.13070,1.20717
-0.21035,1.25290
-0.25673,1.27513
-0.30115,1.29382
-0.35629,1.31376
-0.43293,1.33583
-0.51820,1.35269
-0.56888,1.35864
-0.58878,1.36007
-0.59720,1.36052
-0.60156,1.36071
-0.60422,1.36081
-0.60603,1.36088
-0.60737,1.36092
-0.60842,1.36096
-0.60928,1.36098
-0.61001,1.36101
-0.61065,1.36102
-0.61122,1.36104
-0.61175,1.36105
-0.61224,1.36107
-0.61270,1.36108
-0.61314,1.36109
-0.61357,1.36110
0.58702,-1.39207
0.58702,-1.39207
0.58703,-1.39207
0.58704,-1.39207
0.58705,-1.39207
0.58706,-1.39207
0.58708,-1.39207
0.58711,-1.39207
0.58714,-1.39206
0.58719,-1.39206
0.58728,-1.39205
0.58743,-1.39204
0.58771,-1.39203
0.58825,-1.39199
0.58923,-1.39193
0.59090,-1.39181
0.59407,-1.39158
-0.11426,1.19634
-0.20599,1.25066
-0.25715,1.27532
-0.30741,1.29626
-0.37195,1.31879
-0.45932,1.34193
-0.53946,1.35557
-0.57756,1.35933
-0.59215,1.36026
-0.59877,1.36059
-0.60243,1.36074
-0.60475,1.36083
-0.60639,1.36089
-0.60763,1.36093
-0.60862,1.36096
-0.60944,1.36099
-0.61014,1.36101
-0.61076,1.36103
-0.61131,1.36104
-0.61182,1.36106
-0.61230,1.36107
-0.61275,1.36108
-0.61318,1.36109
0.58704,-1.39207
0.58705,-1.39207
0.58706,-1.39207
0.58707,-1.39207
0.58709,-1.39207
0.58711,-1.39207
0.58714,-1.39206
0.58718,-1.39206
0.58723,-1.39206
0.58732,-1.39205
0.58746,-1.39204
0.58769,-1.39203
0.58807,-1.39200
0.58868,-1.39196
0.58962,-1.39190
0.59092,-1.39181
0.59251,-1.39170
0.59439,-1.39155
0.60427,-1.39069
-0.16737,1.22953
-0.23519,1.26517
-0.29248,1.29036
-0.36309,1.31598
-0.45794,1.34163
-0.54143,1.35581
-0.57859,1.35940
-0.59254,1.36028
-0.59892,1.36060
-0.60248,1.36075
-0.60478,1.36083
-0.60641,1.36089
-0.60765,1.36093
-0.60865,1.36096
-0.60947,1.36099
-0.61017,1.36101
-0.61079,1.36103
-0.61135,1.36104
-0.61186,1.36106
-0.61234,1.36107
-0.61279,1.36108
0.58706,-1.39207
0.58707,-1.39207
0.58709,-1.39207
0.58711,-1.39207
0.58713,-1.39206
0.58716,-1.39206
0.58721,-1.39206
0.58727,-1.39205
0.58735,-1.39205
0.58748,-1.39204
0.58768,-1.39203
0.58798,-1.39201
0.58844,-1.39198
0.58913,-1.39193
0.59009,-1.39187
0.59134,-1.39178
0.59280,-1.39167
0.59435,-1.39156
0.59581,-1.39144
0.59707,-1.39134
0.59860,-1.39121
-0.10506,1.19005
-0.21450,1.25501
-0.29076,1.28966
-0.38627,1.32316
-0.50078,1.34992
-0.56628,1.35841
-0.58837,1.36005
-0.59703,1.36051
-0.60142,1.36070
-0.60410,1.36081
-0.60594,1.36088
-0.60732,1.36092
-0.60840,1.36096
-0.60930,1.36098
-0.61006,1.36101
-0.61072,1.36103
-0.61131,1.36104
-0.61185,1.36106
-0.61234,1.36107
0.58709,-1.39207
0.58711,-1.39207
0.58713,-1.39206
0.58715,-1.39206
0.58719,-1.39206
0.58723,-1.39206
0.58729,-1.39205
0.58738,-1.39205
0.58750,-1.39204
0.58767,-1.39203
0.58792,-1.39201
0.58829,-1.39199
0.58883,-1.39195
0.58959,-1.39190
0.59063,-1.39183
0.59194,-1.39174
0.59351,-1.39162
0.59526,-1.39148
0.59713,-1.39133
0.59905,-1.39117
0.60093,-1.39100
0.60268,-1.39084
0.60413,-1.39070
0.60497,-1.39062
0.60450,-1.39067
0.17663,0.86868
-0.26343,1.27811
-0.43936,1.33738
-0.55932,1.35776
-0.58876,1.36007
-0.59790,1.36055
-0.60216,1.36073
-0.60469,1.36083
-0.60644,1.36089
-0.60777,1.36094
-0.60883,1.36097
-0.60972,1.36100
-0.61048,1.36102
-0.61115,1.36104
-0.61175,1.36105
0.58712,-1.39206
0.58715,-1.39206
0.58718,-1.39206
0.58721,-1.39206
0.58726,-1.39206
0.58732,-1.39205
0.58740,-1.39205
0.58751,-1.39204
0.58766,-1.39203
0.58788,-1.39202
0.58818,-1.39200
0.58862,-1.39197
0.58924,-1.39193
0.59010,-1.39187
0.59123,-1.39179
0.59265,-1.39168
0.59437,-1.39155
0.59637,-1.39140
0.59860,-1.39121
0.60103,-1.39099
0.60359,-1.39075
0.60614,-1.39050
0.60854,-1.39025
0.61065,-1.39003
0.61240,-1.38983
0.61374,-1.38968
0.61462,-1.38957
0.61484,-1.38955
0.61351,-1.38970
0.60655,-1.39046
-0.44427,1.33854
-0.57861,1.35940
-0.59616,1.36047
-0.60177,1.36072
-0.60464,1.36083
-0.60651,1.36089
-0.60790,1.36094
-0.60902,1.36098
-0.60996,1.36100
-0.61078,1.36103
0.58717,-1.39206
0.58720,-1.39206
0.58723,-1.39206
0.58728,-1.39205
0.58734,-1.39205
0.58741,-1.39205
0.58751,-1.39204
0.58765,-1.39203
0.58784,-1.39202
0.58810,-1.39200
0.58846,-1.39198
0.58897,-1.39194
0.58968,-1.39190
0.59063,-1.39183
0.59188,-1.39174
0.59343,-1.39163
0.59530,-1.39148
0.59749,-1.39130
0.59995,-1.39109
0.60264,-1.39084
0.60542,-1.39057
0.60811,-1.39030
0.61056,-1.39004
0.61265,-1.38980
0.61436,-1.38960
0.61573,-1.38944
0.61680,-1.38931
0.61764,-1.38921
0.61828,-1.38913
0.61871,-1.38908
0.61882,-1.38906
0.61812,-1.38915
0.61202,-1.38987
-0.48094,1.34634
-0.58931,1.36010
-0.60014,1.36065
-0.60404,1.36081
-0.60625,1.36089
-0.60780,1.36094
-0.60904,1.36098
0.58722,-1.39206
0.58725,-1.39206
0.58730,-1.39205
0.58735,-1.39205
0.58743,-1.39204
0.58752,-1.39204
0.58764,-1.39203
0.58780,-1.39202
0.58802,-1.39201
0.58833,-1.39199
0.58876,-1.39196
0.58935,-1.39192
0.59015,-1.39186
0.59121,-1.39179
0.59257,-1.39169
0.59424,-1.39156
0.59624,-1.39141
0.59855,-1.39121
0.60114,-1.39098
0.60392,-1.39072
0.60673,-1.39044
0.60939,-1.39016
0.61173,-1.38991
0.61368,-1.38968
0.61524,-1.38950
0.61648,-1.38935
0.61747,-1.38923
0.61825,-1.38913
0.61889,-1.38905
0.61942,-1.38899
0.61985,-1.38893
0.62020,-1.38889
0.62044,-1.38886
0.62046,-1.38885
0.61981,-1.38894
0.61288,-1.38978
-0.54821,1.35660
-0.59608,1.36046
-0.60281,1.36076
-0.60570,1.36087
0.58727,-1.39205
0.58732,-1.39205
0.58737,-1.39205
0.58744,-1.39204
0.58752,-1.39204
0.58763,-1.39203
0.58777,-1.39202
0.58796,-1.39201
0.58822,-1.39199
0.58858,-1.39197
0.58907,-1.39194
0.58974,-1.39189
0.59064,-1.39183
0.59181,-1.39175
0.59328,-1.39164
0.59506,-1.39150
0.59715,-1.39133
0.59954,-1.39113
0.60218,-1.39089
0.60497,-1.39062
0.60773,-1.39034
0.61028,-1.39007
0.61249,-1.38982
0.61430,-1.38961
0.61575,-1.38944
0.61689,-1.38930
0.61780,-1.38919
0.61852,-1.38910
0.61911,-1.38903
0.61960,-1.38896
0.62002,-1.38891
0.62038,-1.38886
0.62069,-1.38882
0.62096,-1.38879
0.62118,-1.38876
0.62133,-1.38874
0.62128,-1.38875
0.62043,-1.38886
0.10936,0.97464
-0.58272,1.35969
0.58734,-1.39205
0.58739,-1.39205
0.58745,-1.39204
0.58753,-1.39204
0.58762,-1.39203
0.58775,-1.39202
0.58791,-1.39201
0.58813,-1.39200
0.58843,-1.39198
0.58884,-1.39195
0.58940,-1.39192
0.59016,-1.39186
0.59116,-1.39179
0.59244,-1.39170
0.59401,-1.39158
0.59587,-1.39144
0.59803,-1.39126
0.60046,-1.39104
0.60310,-1.39080
0.60584,-1.39053
0.60851,-1.39026
0.61095,-1.38999
0.61303,-1.38976
0.61473,-1.38956
0.61609,-1.38940
0.61715,-1.38927
0.61800,-1.38917
0.61868,-1.38908
0.61924,-1.38901
0.61970,-1.38895
0.62009,-1.38890
0.62043,-1.38886
0.62072,-1.38882
0.62098,-1.38879
0.62121,-1.38876
0.62142,-1.38873
0.62161,-1.38870
0.62176,-1.38868
0.62185,-1.38867
0.62170,-1.38869
0.58740,-1.39205
0.58746,-1.39204
0.58753,-1.39204
0.58762,-1.39203
0.58773,-1.39203
0.58787,-1.39202
0.58805,-1.39200
0.58830,-1.39199
0.58864,-1.39197
0.58911,-1.39194
0.58975,-1.39189
0.59060,-1.39183
0.59171,-1.39175
0.59308,-1.39165
0.59474,-1.39153
0.59667,-1.39137
0.59886,-1.39119
0.60130,-1.39097
0.60391,-1.39072
0.60658,-1.39046
0.60916,-1.39019
0.61148,-1.38993
0.61345,-1.38971
0.61505,-1.38952
0.61633,-1.38937
0.61734,-1.38925
0.61814,-1.38915
0.61879,-1.38907
0.61932,-1.38900
0.61977,-1.38894
0.62014,-1.38890
0.62046,-1.38885
0.62074,-1.38882
0.62098,-1.38879
0.62120,-1.38876
0.62139,-1.38873
0.62157,-1.38871
0.62173,-1.38869
0.62188,-1.38867
0.62202,-1.38865
0.58747,-1.39204
0.58754,-1.39204
0.58761,-1.39203
0.58771,-1.39203
0.58783,-1.39202
0.58799,-1.39201
0.58820,-1.39200
0.58848,-1.39198
0.58887,-1.39195
0.58940,-1.39192
0.59012,-1.39187
0.59107,-1.39180
0.59228,-1.39171
0.59375,-1.39160
0.59547,-1.39147
0.59745,-1.39131
0.59966,-1.39112
0.60207,-1.39090
0.60464,-1.39065
0.60723,-1.39039
0.60970,-1.39013
0.61191,-1.38989
0.61378,-1.38967
0.61531,-1.38949
0.61652,-1.38935
0.61749,-1.38923
0.61826,-1.38913
0.61888,-1.38906
0.61939,-1.38899
0.61982,-1.38894
0.62018,-1.38889
0.62049,-1.38885
0.62076,-1.38882
0.62099,-1.38878
0.62120,-1.38876
0.62138,-1.38873
0.62155,-1.38871
0.62169,-1.38869
0.62183,-1.38868
0.62195,-1.38866
0.58754,-1.39204
0.58761,-1.39203
0.58770,-1.39203
0.58780,-1.39202
0.58793,-1.39201
0.58811,-1.39200
0.58834,-1.39199
0.58867,-1.39196
0.58911,-1.39194
0.58971,-1.39189
0.59052,-1.39184
0.59157,-1.39176
0.59287,-1.39167
0.59442,-1.39155
0.59620,-1.39141
0.59820,-1.39124
0.60041,-1.39105
0.60279,-1.39083
0.60530,-1.39059
0.60781,-1.39033
0.61018,-1.39008
0.61229,-1.38984
0.61407,-1.38964
0.61552,-1.38947
0.61668,-1.38933
0.61760,-1.38921
0.61835,-1.38912
0.61895,-1.38905
0.61945,-1.38898
0.61986,-1.38893
0.62022,-1.38889
0.62052,-1.38885
0.62078,-1.38881
0.62101,-1.38878
0.62121,-1.38876
0.62138,-1.38873
0.62154,-1.38871
0.62168,-1.38870
0.62180,-1.38868
0.62191,-1.38867
