-0.68136,1.35929
-0.68122,1.35930
-0.68107,1.35931
-0.68089,1.35932
-0.68069,1.35934
-0.68044,1.35936
-0.68015,1.35938
-0.67980,1.35941
-0.67937,1.35944
-0.67884,1.35948
-0.67818,1.35953
-0.67735,1.35959
-0.67630,1.35967
-0.67495,1.35977
-0.67323,1.35988
-0.67106,1.36002
-0.66838,1.36019
-0.66517,1.36037
-0.66152,1.36056
-0.65754,1.36073
-0.65338,1.36089
-0.64916,1.36103
-0.64495,1.36114
-0.64081,1.36122
-0.63684,1.36127
-0.63322,1.36130
-0.63018,1.36130
-0.62780,1.36130
-0.62604,1.36129
-0.62476,1.36128
-0.62383,1.36127
-0.62315,1.36127
-0.62264,1.36126
-0.62224,1.36126
-0.62192,1.36125
-0.62165,1.36125
-0.62142,1.36125
-0.62121,1.36124
-0.62102,1.36124
-0.62085,1.36124
-0.68147,1.35928
-0.68130,1.35929
-0.68112,1.35931
-0.68093,1.35932
-0.68071,1.35934
-0.68046,1.35936
-0.68017,1.35938
-0.67981,1.35941
-0.67938,1.35944
-0.67885,1.35948
-0.67819,1.35953
-0.67736,1.35959
-0.67630,1.35967
-0.67494,1.35977
-0.67320,1.35989
-0.67098,1.36003
-0.66822,1.36020
-0.66491,1.36038
-0.66111,1.36058
-0.65697,1.36076
-0.65264,1.36092
-0.64825,1.36106
-0.64389,1.36116
-0.63964,1.36123
-0.63566,1.36128
-0.63215,1.36130
-0.62928,1.36130
-0.62710,1.36130
-0.62551,1.36129
-0.62435,1.36128
-0.62351,1.36127
-0.62288,1.36126
-0.62240,1.36126
-0.62202,1.36125
-0.62171,1.36125
-0.62144,1.36125
-0.62121,1.36124
-0.62100,1.36124
-0.62082,1.36124
-0.62064,1.36124
-0.68172,1.35926
-0.68149,1.35928
-0.68126,1.35929
-0.68103,1.35931
-0.68079,1.35933
-0.68052,1.35935
-0.68021,1.35938
-0.67984,1.35941
-0.67941,1.35944
-0.67887,1.35948
-0.67821,1.35953
-0.67737,1.35959
-0.67630,1.35967
-0.67493,1.35977
-0.67315,1.35989
-0.67088,1.36004
-0.66803,1.36021
-0.66459,1.36040
-0.66064,1.36060
-0.65632,1.36078
-0.65180,1.36095
-0.64723,1.36108
-0.64272,1.36118
-0.63840,1.36125
-0.63445,1.36129
-0.63109,1.36130
-0.62843,1.36130
-0.62644,1.36129
-0.62500,1.36128
-0.62395,1.36127
-0.62318,1.36127
-0.62260,1.36126
-0.62214,1.36126
-0.62178,1.36125
-0.62147,1.36125
-0.62122,1.36124
-0.62099,1.36124
-0.62078,1.36124
-0.62060,1.36124
-0.62042,1.36123
-0.68227,1.35921
-0.68190,1.35924
-0.68158,1.35927
-0.68127,1.35929
-0.68097,1.35932
-0.68066,1.35934
-0.68031,1.35937
-0.67992,1.35940
-0.67946,1.35944
-0.67891,1.35948
-0.67823,1.35953
-0.67738,1.35959
-0.67630,1.35967
-0.67489,1.35977
-0.67307,1.35989
-0.67073,1.36005
-0.66778,1.36022
-0.66420,1.36042
-0.66007,1.36062
-0.65555,1.36081
-0.65083,1.36098
-0.64608,1.36111
-0.64145,1.36121
-0.63710,1.36127
-0.63324,1.36129
-0.63006,1.36130
-0.62762,1.36130
-0.62582,1.36129
-0.62451,1.36128
-0.62356,1.36127
-0.62285,1.36126
-0.62230,1.36126
-0.62187,1.36125
-0.62152,1.36125
-0.62122,1.36124
-0.62097,1.36124
-0.62075,1.36124
-0.62055,1.36123
-0.62036,1.36123
-0.62020,1.36123
-0.68189,1.35924
-0.68246,1.35920
-0.68214,1.35922
-0.68174,1.35926
-0.68134,1.35929
-0.68095,1.35932
-0.68054,1.35935
-0.68009,1.35939
-0.67959,1.35943
-0.67900,1.35947
-0.67829,1.35952
-0.67740,1.35959
-0.67628,1.35967
-0.67483,1.35977
-0.67295,1.35990
-0.67052,1.36006
-0.66744,1.36024
-0.66369,1.36045
-0.65936,1.36066
-0.65462,1.36085
-0.64970,1.36101
-0.64478,1.36114
-0.64006,1.36123
-0.63573,1.36128
-0.63202,1.36130
-0.62907,1.36130
-0.62684,1.36129
-0.62521,1.36128
-0.62403,1.36127
-0.62315,1.36127
-0.62249,1.36126
-0.62198,1.36125
-0.62157,1.36125
-0.62123,1.36124
-0.62095,1.36124
-0.62070,1.36124
-0.62049,1.36123
-0.62030,1.36123
-0.62013,1.36123
-0.61997,1.36123
0.50814,-1.39039
0.44452,-1.37906
0.25911,-1.29898
-0.68081,1.35933
-0.68163,1.35927
-0.68135,1.35929
-0.68090,1.35932
-0.68038,1.35936
-0.67981,1.35941
-0.67915,1.35946
-0.67838,1.35952
-0.67743,1.35959
-0.67625,1.35967
-0.67473,1.35978
-0.67275,1.35992
-0.67020,1.36008
-0.66696,1.36027
-0.66300,1.36048
-0.65844,1.36070
-0.65346,1.36089
-0.64833,1.36105
-0.64328,1.36117
-0.63854,1.36125
-0.63432,1.36129
-0.63082,1.36130
-0.62811,1.36130
-0.62609,1.36129
-0.62462,1.36128
-0.62354,1.36127
-0.62273,1.36126
-0.62212,1.36125
-0.62163,1.36125
-0.62125,1.36124
-0.62093,1.36124
-0.62066,1.36124
-0.62043,1.36123
-0.62022,1.36123
-0.62005,1.36123
-0.61989,1.36122
-0.61974,1.36122
0.56202,-1.39299
0.54880,-1.39294
0.52894,-1.39215
0.49699,-1.38905
0.44126,-1.37824
0.31953,-1.33219
-0.67567,1.35972
-0.67979,1.35941
-0.67975,1.35941
-0.67918,1.35946
-0.67838,1.35952
-0.67737,1.35959
-0.67609,1.35969
-0.67446,1.35980
-0.67235,1.35994
-0.66963,1.36011
-0.66618,1.36031
-0.66198,1.36053
-0.65716,1.36075
-0.65195,1.36094
-0.64666,1.36110
-0.64155,1.36120
-0.63689,1.36127
-0.63288,1.36130
-0.62965,1.36130
-0.62718,1.36130
-0.62536,1.36129
-0.62402,1.36127
-0.62303,1.36126
-0.62229,1.36126
-0.62171,1.36125
-0.62126,1.36124
-0.62090,1.36124
-0.62060,1.36124
-0.62035,1.36123
-0.62014,1.36123
-0.61995,1.36123
-0.61979,1.36122
-0.61965,1.36122
-0.61952,1.36122
0.57756,-1.39257
0.57206,-1.39278
0.56441,-1.39296
0.55426,-1.39301
0.54070,-1.39272
0.52186,-1.39166
0.49479,-1.38875
0.45484,-1.38150
0.39142,-1.36296
0.27409,-1.30781
-0.66718,1.36026
-0.67462,1.35979
-0.67446,1.35980
-0.67311,1.35989
-0.67102,1.36003
-0.66819,1.36020
-0.66457,1.36040
-0.66017,1.36062
-0.65515,1.36083
-0.64983,1.36101
-0.64454,1.36115
-0.63957,1.36124
-0.63516,1.36128
-0.63146,1.36130
-0.62852,1.36130
-0.62629,1.36129
-0.62463,1.36128
-0.62341,1.36127
-0.62250,1.36126
-0.62181,1.36125
-0.62128,1.36124
-0.62086,1.36124
-0.62053,1.36123
-0.62026,1.36123
-0.62004,1.36123
-0.61985,1.36122
-0.61968,1.36122
-0.61954,1.36122
-0.61941,1.36122
-0.61930,1.36122
0.58263,-1.39233
0.58044,-1.39244
0.57700,-1.39260
0.57206,-1.39278
0.56550,-1.39294
0.55718,-1.39302
0.54673,-1.39290
0.53349,-1.39241
0.51645,-1.39121
0.49435,-1.38869
0.46595,-1.38387
0.42964,-1.37514
0.38285,-1.35982
0.32120,-1.33302
0.23470,-1.28377
0.08336,-1.16780
-0.65573,1.36081
-0.65464,1.36085
-0.65097,1.36098
-0.64646,1.36110
-0.64179,1.36120
-0.63738,1.36126
-0.63345,1.36129
-0.63013,1.36130
-0.62746,1.36130
-0.62542,1.36129
-0.62389,1.36127
-0.62276,1.36126
-0.62192,1.36125
-0.62129,1.36124
-0.62081,1.36124
-0.62044,1.36123
-0.62015,1.36123
-0.61992,1.36123
-0.61972,1.36122
-0.61956,1.36122
-0.61942,1.36122
-0.61929,1.36122
-0.61918,1.36121
-0.61909,1.36121
0.58428,-1.39223
0.58328,-1.39229
0.58171,-1.39237
0.57929,-1.39249
0.57580,-1.39264
0.57108,-1.39281
0.56504,-1.39295
0.55753,-1.39301
0.54829,-1.39293
0.53690,-1.39257
0.52281,-1.39173
0.50538,-1.39008
0.48390,-1.38712
0.45759,-1.38211
0.42536,-1.37393
0.38549,-1.36080
0.33528,-1.33977
0.27057,-1.30577
0.18309,-1.24835
0.02913,-1.11731
-0.63867,1.36125
-0.63531,1.36128
-0.63197,1.36130
-0.62896,1.36130
-0.62647,1.36129
-0.62454,1.36128
-0.62310,1.36127
-0.62205,1.36125
-0.62129,1.36124
-0.62074,1.36124
-0.62033,1.36123
-0.62001,1.36123
-0.61977,1.36122
-0.61957,1.36122
-0.61940,1.36122
-0.61927,1.36122
-0.61915,1.36121
-0.61904,1.36121
-0.61895,1.36121
-0.61888,1.36121
0.58498,-1.39219
0.58442,-1.39223
0.58356,-1.39228
0.58224,-1.39235
0.58027,-1.39245
0.57745,-1.39258
0.57363,-1.39273
0.56868,-1.39287
0.56246,-1.39298
0.55472,-1.39301
0.54510,-1.39286
0.53311,-1.39239
0.51815,-1.39136
0.49952,-1.38938
0.47634,-1.38584
0.44755,-1.37980
0.41180,-1.36983
0.36762,-1.35388
0.31357,-1.32921
0.24796,-1.29215
0.16554,-1.23533
0.03230,-1.12039
-0.63171,1.36130
-0.62815,1.36130
-0.62554,1.36129
-0.62359,1.36127
-0.62222,1.36126
-0.62128,1.36124
-0.62063,1.36124
-0.62017,1.36123
-0.61983,1.36122
-0.61958,1.36122
-0.61937,1.36122
-0.61921,1.36121
-0.61908,1.36121
-0.61897,1.36121
-0.61887,1.36121
-0.61879,1.36121
-0.61872,1.36121
-0.61866,1.36121
0.58539,-1.39217
0.58501,-1.39219
0.58447,-1.39222
0.58364,-1.39227
0.58241,-1.39234
0.58058,-1.39243
0.57800,-1.39255
0.57450,-1.39269
0.56993,-1.39284
0.56411,-1.39296
0.55674,-1.39301
0.54743,-1.39291
0.53560,-1.39251
0.52055,-1.39156
0.50145,-1.38962
0.47732,-1.38601
0.44713,-1.37970
0.40987,-1.36922
0.36487,-1.35275
0.31193,-1.32837
0.25074,-1.29387
0.17814,-1.24473
0.07674,-1.16189
-0.62889,1.36130
-0.62460,1.36128
-0.62250,1.36126
-0.62123,1.36124
-0.62044,1.36123
-0.61992,1.36123
-0.61957,1.36122
-0.61931,1.36122
-0.61912,1.36121
-0.61896,1.36121
-0.61884,1.36121
-0.61874,1.36121
-0.61866,1.36121
-0.61858,1.36120
-0.61852,1.36120
-0.61847,1.36120
-0.61842,1.36120
0.58566,-1.39215
0.58540,-1.39217
0.58502,-1.39219
0.58446,-1.39222
0.58362,-1.39227
0.58237,-1.39234
0.58052,-1.39243
0.57792,-1.39256
0.57437,-1.39270
0.56972,-1.39285
0.56371,-1.39297
0.55600,-1.39301
0.54608,-1.39288
0.53327,-1.39240
0.51671,-1.39123
0.49543,-1.38884
0.46841,-1.38436
0.43477,-1.37655
0.39403,-1.36389
0.34636,-1.34483
0.29225,-1.31799
0.23120,-1.28150
0.15845,-1.22992
0.04960,-1.13693
-0.62359,1.36127
-0.62113,1.36124
-0.62009,1.36123
-0.61952,1.36122
-0.61916,1.36121
-0.61891,1.36121
-0.61874,1.36121
-0.61861,1.36120
-0.61851,1.36120
-0.61843,1.36120
-0.61836,1.36120
-0.61831,1.36120
-0.61826,1.36120
-0.61822,1.36120
-0.61819,1.36120
-0.61816,1.36120
0.58586,-1.39214
0.58567,-1.39215
0.58540,-1.39217
0.58500,-1.39219
0.58442,-1.39223
0.58353,-1.39228
0.58219,-1.39235
0.58022,-1.39245
0.57742,-1.39258
0.57359,-1.39273
0.56851,-1.39288
0.56189,-1.39299
0.55327,-1.39300
0.54202,-1.39277
0.52728,-1.39204
0.50804,-1.39038
0.48321,-1.38701
0.45185,-1.38082
0.41351,-1.37037
0.36840,-1.35419
0.31727,-1.33107
0.26032,-1.29970
0.19504,-1.25694
0.11001,-1.19088
-0.62083,1.36124
-0.61917,1.36121
-0.61864,1.36120
-0.61836,1.36120
-0.61820,1.36120
-0.61810,1.36120
-0.61803,1.36119
-0.61798,1.36119
-0.61795,1.36119
-0.61793,1.36119
-0.61791,1.36119
-0.61789,1.36119
-0.61788,1.36119
-0.61787,1.36119
-0.61786,1.36119
-0.61785,1.36119
0.58603,-1.39213
0.58588,-1.39214
0.58568,-1.39215
0.58539,-1.39217
0.58498,-1.39219
0.58435,-1.39223
0.58339,-1.39228
0.58192,-1.39236
0.57973,-1.39247
0.57659,-1.39261
0.57227,-1.39277
0.56650,-1.39292
0.55889,-1.39301
0.54885,-1.39294
0.53555,-1.39251
0.51795,-1.39134
0.49482,-1.38876
0.46509,-1.38369
0.42813,-1.37472
0.38410,-1.36029
0.33376,-1.33906
0.27751,-1.30977
0.21332,-1.26962
0.13145,-1.20862
-0.05580,-1.02808
-0.61510,1.36114
-0.61608,1.36116
-0.61649,1.36117
-0.61674,1.36117
-0.61691,1.36117
-0.61703,1.36118
-0.61713,1.36118
-0.61721,1.36118
-0.61728,1.36118
-0.61733,1.36118
-0.61737,1.36118
-0.61741,1.36118
-0.61744,1.36118
-0.61746,1.36118
-0.61748,1.36118
0.58616,-1.39212
0.58605,-1.39213
0.58590,-1.39214
0.58569,-1.39215
0.58539,-1.39217
0.58494,-1.39220
0.58426,-1.39224
0.58320,-1.39230
0.58155,-1.39238
0.57905,-1.39251
0.57545,-1.39266
0.57045,-1.39283
0.56371,-1.39297
0.55472,-1.39301
0.54268,-1.39279
0.52653,-1.39199
0.50491,-1.39003
0.47651,-1.38587
0.44037,-1.37802
0.39636,-1.36470
0.34507,-1.34425
0.28678,-1.31499
0.21899,-1.27345
0.12892,-1.20656
-0.58302,1.35971
-0.60575,1.36087
-0.61051,1.36102
-0.61280,1.36108
-0.61409,1.36111
-0.61491,1.36113
-0.61546,1.36114
-0.61585,1.36115
-0.61614,1.36116
-0.61636,1.36116
-0.61654,1.36117
-0.61668,1.36117
-0.61679,1.36117
-0.61688,1.36117
-0.61696,1.36117
-0.61702,1.36118
0.58627,-1.39212
0.58619,-1.39212
0.58607,-1.39213
0.58591,-1.39214
0.58570,-1.39215
0.58538,-1.39217
0.58491,-1.39220
0.58416,-1.39224
0.58297,-1.39231
0.58108,-1.39241
0.57819,-1.39254
0.57396,-1.39271
0.56807,-1.39289
0.56005,-1.39301
0.54918,-1.39295
0.53441,-1.39245
0.51429,-1.39101
0.48715,-1.38764
0.45152,-1.38074
0.40664,-1.36817
0.35252,-1.34754
0.28875,-1.31607
0.21063,-1.26779
0.08881,-1.17262
-0.58189,1.35963
-0.59519,1.36042
-0.60214,1.36073
-0.60662,1.36090
-0.60958,1.36099
-0.61155,1.36105
-0.61290,1.36108
-0.61384,1.36111
-0.61452,1.36112
-0.61503,1.36113
-0.61542,1.36114
-0.61573,1.36115
-0.61596,1.36115
-0.61616,1.36116
-0.61631,1.36116
-0.61643,1.36116
0.58637,-1.39211
0.58630,-1.39212
0.58621,-1.39212
0.58609,-1.39213
0.58594,-1.39214
0.58571,-1.39215
0.58538,-1.39217
0.58487,-1.39220
0.58405,-1.39225
0.58270,-1.39232
0.58051,-1.39244
0.57709,-1.39259
0.57207,-1.39278
0.56500,-1.39295
0.55526,-1.39301
0.54184,-1.39276
0.52325,-1.39176
0.49744,-1.38911
0.46217,-1.38309
0.41543,-1.37097
0.35566,-1.34889
0.27989,-1.31113
0.17310,-1.24100
-0.55415,1.35724
-0.57851,1.35940
-0.58815,1.36003
-0.59481,1.36040
-0.59992,1.36064
-0.60389,1.36080
-0.60694,1.36091
-0.60922,1.36098
-0.61092,1.36103
-0.61218,1.36107
-0.61313,1.36109
-0.61385,1.36111
-0.61441,1.36112
-0.61485,1.36113
-0.61519,1.36114
-0.61547,1.36114
-0.61569,1.36115
0.58646,-1.39211
0.58640,-1.39211
0.58633,-1.39211
0.58624,-1.39212
0.58613,-1.39213
0.58596,-1.39214
0.58573,-1.39215
0.58539,-1.39217
0.58484,-1.39220
0.58393,-1.39225
0.58238,-1.39234
0.57979,-1.39247
0.57569,-1.39265
0.56960,-1.39285
0.56095,-1.39300
0.54884,-1.39294
0.53177,-1.39232
0.50739,-1.39031
0.47234,-1.38511
0.42216,-1.37300
0.35037,-1.34660
0.24013,-1.28724
-0.52477,1.35364
-0.56267,1.35808
-0.57535,1.35916
-0.58343,1.35974
-0.58951,1.36011
-0.59445,1.36038
-0.59860,1.36058
-0.60209,1.36073
-0.60497,1.36084
-0.60730,1.36092
-0.60916,1.36098
-0.61062,1.36102
-0.61177,1.36106
-0.61267,1.36108
-0.61339,1.36110
-0.61395,1.36111
-0.61440,1.36112
-0.61475,1.36113
0.58653,-1.39210
0.58649,-1.39210
0.58643,-1.39211
0.58637,-1.39211
0.58628,-1.39212
0.58616,-1.39212
0.58600,-1.39213
0.58577,-1.39215
0.58541,-1.39217
0.58482,-1.39220
0.58380,-1.39226
0.58200,-1.39236
0.57888,-1.39251
0.57383,-1.39272
0.56625,-1.39293
0.55532,-1.39301
0.53963,-1.39268
0.51655,-1.39122
0.48111,-1.38666
0.42269,-1.37315
0.30386,-1.32420
-0.48848,1.34776
-0.54133,1.35580
-0.56095,1.35792
-0.57209,1.35890
-0.57969,1.35948
-0.58549,1.35987
-0.59024,1.36015
-0.59429,1.36037
-0.59782,1.36055
-0.60089,1.36068
-0.60355,1.36079
-0.60581,1.36087
-0.60771,1.36093
-0.60927,1.36098
-0.61054,1.36102
-0.61157,1.36105
-0.61240,1.36107
-0.61307,1.36109
-0.61361,1.36110
0.58660,-1.39210
0.58657,-1.39210
0.58653,-1.39210
0.58647,-1.39210
0.58641,-1.39211
0.58632,-1.39211
0.58621,-1.39212
0.58605,-1.39213
0.58582,-1.39214
0.58544,-1.39217
0.58482,-1.39220
0.58367,-1.39227
0.58152,-1.39238
0.57760,-1.39257
0.57109,-1.39281
0.56113,-1.39300
0.54629,-1.39289
0.52323,-1.39176
0.48153,-1.38673
-0.01267,1.11568
-0.36506,1.31661
-0.49311,1.34859
-0.53703,1.35527
-0.55698,1.35753
-0.56852,1.35861
-0.57630,1.35923
-0.58214,1.35965
-0.58683,1.35995
-0.59081,1.36019
-0.59428,1.36037
-0.59736,1.36052
-0.60011,1.36065
-0.60256,1.36075
-0.60471,1.36083
-0.60657,1.36090
-0.60816,1.36095
-0.60949,1.36099
-0.61061,1.36102
-0.61152,1.36105
-0.61228,1.36107
0.58667,-1.39209
0.58664,-1.39209
0.58661,-1.39210
0.58657,-1.39210
0.58652,-1.39210
0.58646,-1.39211
0.58638,-1.39211
0.58627,-1.39212
0.58612,-1.39213
0.58589,-1.39214
0.58551,-1.39216
0.58484,-1.39220
0.58351,-1.39228
0.58078,-1.39242
0.57541,-1.39266
0.56596,-1.39293
0.54976,-1.39296
0.50498,-1.39004
0.00792,1.09582
-0.17665,1.23482
-0.35752,1.31416
-0.47778,1.34573
-0.52848,1.35415
-0.55161,1.35697
-0.56453,1.35825
-0.57295,1.35897
-0.57908,1.35944
-0.58388,1.35977
-0.58787,1.36002
-0.59132,1.36021
-0.59438,1.36038
-0.59713,1.36051
-0.59962,1.36063
-0.60188,1.36072
-0.60391,1.36080
-0.60571,1.36087
-0.60729,1.36092
-0.60865,1.36096
-0.60981,1.36100
-0.61078,1.36103
0.58673,-1.39209
0.58671,-1.39209
0.58669,-1.39209
0.58666,-1.39209
0.58663,-1.39209
0.58659,-1.39210
0.58653,-1.39210
0.58646,-1.39211
0.58636,-1.39211
0.58622,-1.39212
0.58600,-1.39213
0.58562,-1.39216
0.58489,-1.39220
0.58323,-1.39229
0.57910,-1.39250
0.56866,-1.39287
0.31272,0.58787
0.06929,1.02759
-0.05107,1.14928
-0.17652,1.23474
-0.32736,1.30373
-0.45429,1.34082
-0.51662,1.35246
-0.54490,1.35622
-0.56001,1.35783
-0.56947,1.35869
-0.57611,1.35922
-0.58117,1.35958
-0.58528,1.35986
-0.58876,1.36007
-0.59181,1.36024
-0.59455,1.36039
-0.59704,1.36051
-0.59933,1.36061
-0.60143,1.36070
-0.60335,1.36078
-0.60509,1.36085
-0.60664,1.36090
-0.60800,1.36094
-0.60918,1.36098
0.58680,-1.39208
0.58678,-1.39209
0.58677,-1.39209
0.58675,-1.39209
0.58673,-1.39209
0.58670,-1.39209
0.58667,-1.39209
0.58662,-1.39210
0.58656,-1.39210
0.58648,-1.39210
0.58636,-1.39211
0.58616,-1.39212
0.58579,-1.39215
0.58494,-1.39220
0.58209,-1.39235
0.36379,0.46222
0.13392,0.93851
0.03481,1.06769
-0.05440,1.15200
-0.15786,1.22396
-0.29024,1.28945
-0.42348,1.33345
-0.50098,1.34996
-0.53659,1.35522
-0.55481,1.35731
-0.56571,1.35836
-0.57308,1.35898
-0.57854,1.35940
-0.58286,1.35970
-0.58645,1.35993
-0.58954,1.36011
-0.59228,1.36027
-0.59477,1.36040
-0.59706,1.36051
-0.59918,1.36061
-0.60115,1.36069
-0.60298,1.36077
-0.60466,1.36083
-0.60618,1.36088
-0.60753,1.36093
0.58686,-1.39208
0.58686,-1.39208
0.58685,-1.39208
0.58684,-1.39208
0.58683,-1.39208
0.58682,-1.39208
0.58680,-1.39208
0.58678,-1.39209
0.58676,-1.39209
0.58672,-1.39209
0.58666,-1.39209
0.58658,-1.39210
0.58643,-1.39211
0.58612,-1.39213
0.58471,-1.39221
0.22565,0.77742
0.11602,0.96513
0.03592,1.06647
-0.04157,1.14136
-0.13211,1.20808
-0.24983,1.27201
-0.38510,1.32281
-0.48028,1.34622
-0.52610,1.35383
-0.54864,1.35665
-0.56151,1.35797
-0.56988,1.35872
-0.57588,1.35920
-0.58050,1.35954
-0.58426,1.35979
-0.58745,1.35999
-0.59024,1.36015
-0.59274,1.36029
-0.59502,1.36041
-0.59715,1.36051
-0.59914,1.36061
-0.60101,1.36069
-0.60276,1.36076
-0.60438,1.36082
-0.60587,1.36087
0.58693,-1.39208
0.58693,-1.39208
0.58694,-1.39208
0.58694,-1.39208
0.58694,-1.39208
0.58695,-1.39208
0.58695,-1.39207
0.58695,-1.39207
0.58696,-1.39207
0.58697,-1.39207
0.58698,-1.39207
0.58701,-1.39207
0.58707,-1.39207
0.58728,-1.39205
0.59241,-1.39170
0.23667,0.75530
0.13183,0.94170
0.05458,1.04528
-0.01835,1.12093
-0.10080,1.18708
-0.20637,1.25086
-0.33841,1.30767
-0.45194,1.34030
-0.51214,1.35177
-0.54094,1.35575
-0.55656,1.35749
-0.56629,1.35841
-0.57303,1.35898
-0.57808,1.35937
-0.58210,1.35965
-0.58544,1.35987
-0.58831,1.36004
-0.59086,1.36019
-0.59316,1.36031
-0.59529,1.36042
-0.59729,1.36052
-0.59918,1.36061
-0.60097,1.36068
-0.60266,1.36075
-0.60423,1.36081
0.58701,-1.39207
0.58702,-1.39207
0.58703,-1.39207
0.58705,-1.39207
0.58707,-1.39207
0.58709,-1.39207
0.58712,-1.39206
0.58715,-1.39206
0.58721,-1.39206
0.58728,-1.39205
0.58739,-1.39205
0.58759,-1.39203
0.58802,-1.39201
0.58932,-1.39192
0.59720,-1.39133
0.31565,0.58092
0.17666,0.86862
0.09065,1.00025
0.01645,1.08718
-0.06186,1.15799
-0.15765,1.22383
-0.28162,1.28590
-0.41081,1.33012
-0.49173,1.34835
-0.53041,1.35441
-0.55024,1.35682
-0.56196,1.35802
-0.56975,1.35871
-0.57542,1.35917
-0.57981,1.35949
-0.58339,1.35973
-0.58641,1.35993
-0.58904,1.36009
-0.59140,1.36022
-0.59356,1.36034
-0.59556,1.36044
-0.59746,1.36053
-0.59927,1.36061
-0.60100,1.36069
-0.60264,1.36075
0.58709,-1.39207
0.58712,-1.39206
0.58714,-1.39206
0.58717,-1.39206
0.58721,-1.39206
0.58726,-1.39206
0.58732,-1.39205
0.58741,-1.39205
0.58752,-1.39204
0.58770,-1.39203
0.58798,-1.39201
0.58849,-1.39198
0.58954,-1.39191
0.59207,-1.39173
0.59886,-1.39119
0.62069,-1.38882
0.27595,0.67194
0.15486,0.90541
0.06962,1.02718
-0.00983,1.11303
-0.09898,1.18579
-0.21164,1.25356
-0.34763,1.31086
-0.45731,1.34149
-0.51370,1.35201
-0.54098,1.35576
-0.55603,1.35743
-0.56553,1.35834
-0.57216,1.35891
-0.57714,1.35930
-0.58109,1.35958
-0.58437,1.35980
-0.58717,1.35997
-0.58963,1.36012
-0.59185,1.36024
-0.59390,1.36035
-0.59582,1.36045
-0.59765,1.36054
-0.59940,1.36062
-0.60108,1.36069
0.58719,-1.39206
0.58723,-1.39206
0.58727,-1.39205
0.58733,-1.39205
0.58739,-1.39205
0.58748,-1.39204
0.58759,-1.39203
0.58774,-1.39202
0.58796,-1.39201
0.58829,-1.39199
0.58882,-1.39195
0.58976,-1.39189
0.59150,-1.39177
0.59480,-1.39152
0.60079,-1.39101
0.61078,-1.39001
0.62932,-1.38764
0.29447,0.63031
0.16261,0.89261
0.06884,1.02814
-0.02050,1.12289
-0.12262,1.20192
-0.25073,1.27242
-0.38920,1.32403
-0.48065,1.34629
-0.52436,1.35358
-0.54633,1.35639
-0.55909,1.35774
-0.56748,1.35852
-0.57351,1.35902
-0.57813,1.35937
-0.58186,1.35963
-0.58498,1.35984
-0.58766,1.36000
-0.59004,1.36014
-0.59219,1.36026
-0.59418,1.36037
-0.59605,1.36046
-0.59784,1.36055
-0.59956,1.36062
0.58731,-1.39205
0.58737,-1.39205
0.58743,-1.39204
0.58751,-1.39204
0.58762,-1.39203
0.58775,-1.39202
0.58793,-1.39201
0.58818,-1.39200
0.58853,-1.39197
0.58908,-1.39194
0.58994,-1.39188
0.59135,-1.39178
0.59368,-1.39161
0.59745,-1.39131
0.60316,-1.39079
0.61095,-1.38999
0.62032,-1.38887
0.63119,-1.38736
0.68417,-1.37693
0.22632,0.77610
0.10951,0.97443
0.00519,1.09854
-0.10933,1.19299
-0.24864,1.27147
-0.39333,1.32523
-0.48356,1.34684
-0.52561,1.35376
-0.54684,1.35644
-0.55930,1.35776
-0.56758,1.35852
-0.57357,1.35902
-0.57820,1.35937
-0.58195,1.35964
-0.58509,1.35984
-0.58779,1.36001
-0.59018,1.36015
-0.59235,1.36027
-0.59434,1.36038
-0.59621,1.36047
-0.59800,1.36055
0.58746,-1.39204
0.58754,-1.39204
0.58763,-1.39203
0.58775,-1.39202
0.58790,-1.39201
0.58810,-1.39200
0.58836,-1.39198
0.58874,-1.39196
0.58927,-1.39192
0.59007,-1.39187
0.59128,-1.39178
0.59314,-1.39165
0.59596,-1.39143
0.60014,-1.39107
0.60596,-1.39052
0.61342,-1.38971
0.62202,-1.38865
0.63093,-1.38740
0.63923,-1.38610
0.64624,-1.38491
0.65462,-1.38337
0.30387,0.60861
0.14741,0.91743
0.00820,1.09554
-0.14381,1.21544
-0.31680,1.29983
-0.45065,1.34001
-0.51245,1.35182
-0.54040,1.35569
-0.55554,1.35738
-0.56510,1.35831
-0.57184,1.35888
-0.57694,1.35928
-0.58103,1.35957
-0.58444,1.35980
-0.58736,1.35999
-0.58991,1.36014
-0.59220,1.36026
-0.59430,1.36037
-0.59624,1.36047
0.58763,-1.39203
0.58774,-1.39202
0.58787,-1.39202
0.58804,-1.39201
0.58825,-1.39199
0.58853,-1.39197
0.58890,-1.39195
0.58942,-1.39191
0.59016,-1.39186
0.59122,-1.39179
0.59278,-1.39168
0.59506,-1.39150
0.59835,-1.39123
0.60297,-1.39081
0.60917,-1.39019
0.61697,-1.38929
0.62610,-1.38810
0.63612,-1.38661
0.64656,-1.38485
0.65701,-1.38290
0.66703,-1.38085
0.67611,-1.37884
0.68347,-1.37710
0.68765,-1.37608
0.68528,-1.37666
0.42567,0.29713
0.05729,1.04209
-0.22105,1.25830
-0.43350,1.33597
-0.51366,1.35201
-0.54336,1.35604
-0.55815,1.35765
-0.56726,1.35850
-0.57369,1.35903
-0.57863,1.35940
-0.58264,1.35968
-0.58603,1.35990
-0.58897,1.36008
-0.59157,1.36023
-0.59390,1.36035
0.58785,-1.39202
0.58799,-1.39201
0.58817,-1.39200
0.58839,-1.39198
0.58868,-1.39196
0.58905,-1.39194
0.58954,-1.39191
0.59022,-1.39186
0.59116,-1.39179
0.59250,-1.39170
0.59439,-1.39155
0.59708,-1.39134
0.60085,-1.39101
0.60600,-1.39052
0.61274,-1.38979
0.62115,-1.38877
0.63108,-1.38738
0.64232,-1.38559
0.65460,-1.38337
0.66756,-1.38073
0.68072,-1.37776
0.69340,-1.37462
0.70492,-1.37154
0.71476,-1.36873
0.72267,-1.36636
0.72861,-1.36451
0.73244,-1.36330
0.73341,-1.36298
0.72761,-1.36483
0.69541,-1.37410
-0.22827,1.26184
-0.48359,1.34685
-0.53748,1.35533
-0.55676,1.35751
-0.56706,1.35848
-0.57393,1.35905
-0.57913,1.35944
-0.58337,1.35973
-0.58697,1.35996
-0.59011,1.36015
0.58811,-1.39200
0.58830,-1.39199
0.58853,-1.39197
0.58881,-1.39196
0.58917,-1.39193
0.58964,-1.39190
0.59026,-1.39186
0.59110,-1.39180
0.59225,-1.39171
0.59386,-1.39159
0.59610,-1.39142
0.59922,-1.39115
0.60350,-1.39076
0.60922,-1.39018
0.61659,-1.38934
0.62567,-1.38816
0.63637,-1.38657
0.64852,-1.38450
0.66185,-1.38193
0.67587,-1.37889
0.68985,-1.37553
0.70292,-1.37209
0.71436,-1.36885
0.72381,-1.36601
0.73134,-1.36365
0.73722,-1.36174
0.74178,-1.36023
0.74529,-1.35904
0.74793,-1.35813
0.74968,-1.35753
0.75014,-1.35737
0.74727,-1.35836
0.72098,-1.36687
-0.28419,1.28697
-0.51537,1.35227
-0.55106,1.35691
-0.56490,1.35829
-0.57296,1.35897
-0.57877,1.35941
-0.58344,1.35974
0.58842,-1.39198
0.58865,-1.39197
0.58893,-1.39195
0.58928,-1.39192
0.58972,-1.39189
0.59029,-1.39185
0.59104,-1.39180
0.59204,-1.39173
0.59341,-1.39163
0.59529,-1.39148
0.59790,-1.39127
0.60147,-1.39095
0.60630,-1.39049
0.61263,-1.38980
0.62064,-1.38883
0.63033,-1.38749
0.64162,-1.38571
0.65434,-1.38342
0.66812,-1.38061
0.68239,-1.37736
0.69629,-1.37387
0.70892,-1.37041
0.71966,-1.36727
0.72834,-1.36460
0.73515,-1.36242
0.74044,-1.36068
0.74456,-1.35929
0.74782,-1.35817
0.75044,-1.35726
0.75258,-1.35651
0.75434,-1.35589
0.75573,-1.35539
0.75668,-1.35505
0.75678,-1.35502
0.75418,-1.35594
0.72484,-1.36569
-0.40795,1.32934
-0.53721,1.35530
-0.56048,1.35787
-0.57094,1.35881
0.58877,-1.39196
0.58905,-1.39194
0.58939,-1.39192
0.58980,-1.39189
0.59032,-1.39185
0.59099,-1.39181
0.59186,-1.39174
0.59303,-1.39166
0.59462,-1.39154
0.59680,-1.39136
0.59978,-1.39110
0.60385,-1.39073
0.60925,-1.39018
0.61620,-1.38939
0.62479,-1.38828
0.63499,-1.38678
0.64669,-1.38483
0.65967,-1.38237
0.67353,-1.37942
0.68762,-1.37609
0.70108,-1.37259
0.71305,-1.36923
0.72307,-1.36624
0.73108,-1.36373
0.73732,-1.36171
0.74216,-1.36010
0.74593,-1.35882
0.74892,-1.35779
0.75134,-1.35695
0.75333,-1.35625
0.75501,-1.35565
0.75645,-1.35513
0.75770,-1.35469
0.75877,-1.35430
0.75965,-1.35398
0.76022,-1.35377
0.76003,-1.35384
0.75664,-1.35507
0.41078,0.33809
-0.49544,1.34901
0.58916,-1.39193
0.58949,-1.39191
0.58987,-1.39188
0.59035,-1.39185
0.59094,-1.39181
0.59170,-1.39175
0.59271,-1.39168
0.59405,-1.39158
0.59587,-1.39144
0.59837,-1.39123
0.60178,-1.39092
0.60636,-1.39048
0.61234,-1.38984
0.61988,-1.38893
0.62899,-1.38769
0.63957,-1.38605
0.65150,-1.38395
0.66452,-1.38138
0.67822,-1.37835
0.69193,-1.37500
0.70481,-1.37157
0.71612,-1.36833
0.72549,-1.36549
0.73294,-1.36313
0.73875,-1.36124
0.74325,-1.35973
0.74677,-1.35853
0.74958,-1.35756
0.75184,-1.35677
0.75372,-1.35611
0.75530,-1.35555
0.75665,-1.35506
0.75782,-1.35464
0.75885,-1.35427
0.75977,-1.35394
0.76060,-1.35363
0.76134,-1.35337
0.76194,-1.35314
0.76226,-1.35303
0.76169,-1.35324
0.58958,-1.39190
0.58994,-1.39188
0.59038,-1.39185
0.59091,-1.39181
0.59158,-1.39176
0.59244,-1.39170
0.59357,-1.39162
0.59510,-1.39150
0.59719,-1.39133
0.60003,-1.39108
0.60389,-1.39072
0.60901,-1.39020
0.61558,-1.38946
0.62365,-1.38843
0.63318,-1.38706
0.64402,-1.38530
0.65603,-1.38309
0.66894,-1.38044
0.68234,-1.37738
0.69557,-1.37406
0.70784,-1.37072
0.71852,-1.36761
0.72733,-1.36492
0.73433,-1.36269
0.73978,-1.36090
0.74403,-1.35947
0.74737,-1.35833
0.75003,-1.35740
0.75220,-1.35665
0.75399,-1.35601
0.75550,-1.35548
0.75678,-1.35502
0.75789,-1.35462
0.75886,-1.35427
0.75972,-1.35396
0.76049,-1.35368
0.76118,-1.35342
0.76182,-1.35319
0.76241,-1.35297
0.76296,-1.35277
0.59001,-1.39187
0.59041,-1.39185
0.59089,-1.39181
0.59147,-1.39177
0.59222,-1.39172
0.59318,-1.39165
0.59446,-1.39155
0.59620,-1.39141
0.59856,-1.39121
0.60180,-1.39092
0.60614,-1.39050
0.61182,-1.38990
0.61894,-1.38905
0.62748,-1.38790
0.63732,-1.38641
0.64831,-1.38454
0.66028,-1.38225
0.67298,-1.37955
0.68600,-1.37649
0.69871,-1.37323
0.71039,-1.36999
0.72050,-1.36702
0.72881,-1.36445
0.73542,-1.36233
0.74059,-1.36063
0.74464,-1.35926
0.74783,-1.35817
0.75038,-1.35728
0.75247,-1.35655
0.75420,-1.35594
0.75566,-1.35542
0.75690,-1.35497
0.75797,-1.35459
0.75891,-1.35425
0.75972,-1.35395
0.76044,-1.35369
0.76108,-1.35346
0.76166,-1.35325
0.76219,-1.35305
0.76268,-1.35287
0.59044,-1.39184
0.59087,-1.39181
0.59139,-1.39178
0.59203,-1.39173
0.59286,-1.39167
0.59393,-1.39159
0.59537,-1.39148
0.59734,-1.39132
0.60003,-1.39108
0.60368,-1.39074
0.60855,-1.39025
0.61478,-1.38956
0.62241,-1.38860
0.63134,-1.38734
0.64140,-1.38574
0.65242,-1.38378
0.66426,-1.38143
0.67668,-1.37871
0.68928,-1.37567
0.70147,-1.37248
0.71259,-1.36936
0.72218,-1.36651
0.73006,-1.36406
0.73633,-1.36203
0.74126,-1.36040
0.74513,-1.35909
0.74820,-1.35804
0.75067,-1.35718
0.75270,-1.35647
0.75438,-1.35588
0.75580,-1.35537
0.75701,-1.35494
0.75805,-1.35456
0.75896,-1.35423
0.75975,-1.35394
0.76045,-1.35369
0.76106,-1.35347
0.76160,-1.35327
0.76209,-1.35309
0.76253,-1.35293
