-1.54297,0.32722
-1.54270,0.32807
-1.54240,0.32902
-1.54206,0.33010
-1.54166,0.33138
-1.54118,0.33289
-1.54061,0.33470
-1.53991,0.33689
-1.53906,0.33958
-1.53799,0.34291
-1.53665,0.34709
-1.53494,0.35238
-1.53272,0.35918
-1.52983,0.36800
-1.52601,0.37947
-1.52098,0.39438
-1.51442,0.41352
-1.50601,0.43757
-1.49550,0.46701
-1.48266,0.50212
-1.46723,0.54335
-1.44863,0.59176
-1.42574,0.64940
-1.39668,0.71926
-1.35876,0.80376
-1.30942,0.90073
-1.24848,0.99989
-1.18052,1.08761
-1.11324,1.15655
-1.05295,1.20707
-1.00242,1.24288
-0.96158,1.26805
-0.92894,1.28590
-0.90267,1.29886
-0.88109,1.30858
-0.86291,1.31613
-0.84713,1.32221
-0.83309,1.32724
-0.82029,1.33152
-0.80841,1.33523
-1.54317,0.32658
-1.54284,0.32762
-1.54251,0.32870
-1.54213,0.32988
-1.54171,0.33122
-1.54122,0.33277
-1.54064,0.33461
-1.53994,0.33682
-1.53908,0.33951
-1.53801,0.34284
-1.53667,0.34702
-1.53496,0.35232
-1.53273,0.35915
-1.52981,0.36805
-1.52593,0.37970
-1.52079,0.39494
-1.51403,0.41465
-1.50529,0.43962
-1.49426,0.47041
-1.48069,0.50744
-1.46421,0.55132
-1.44409,0.60336
-1.41901,0.66593
-1.38679,0.74206
-1.34464,0.83307
-1.29044,0.93396
-1.22551,1.03194
-1.15597,1.11454
-1.08954,1.17753
-1.03140,1.22301
-0.98326,1.25509
-0.94443,1.27767
-0.91324,1.29379
-0.88789,1.30561
-0.86684,1.31455
-0.84890,1.32155
-0.83321,1.32720
-0.81917,1.33188
-0.80637,1.33584
-0.79452,1.33925
-1.54366,0.32500
-1.54321,0.32646
-1.54277,0.32785
-1.54233,0.32925
-1.54186,0.33075
-1.54133,0.33242
-1.54072,0.33435
-1.54000,0.33662
-1.53913,0.33936
-1.53805,0.34272
-1.53670,0.34692
-1.53498,0.35226
-1.53273,0.35915
-1.52977,0.36817
-1.52582,0.38004
-1.52054,0.39568
-1.51354,0.41607
-1.50441,0.44210
-1.49280,0.47445
-1.47838,0.51368
-1.46066,0.56061
-1.43877,0.61686
-1.41112,0.68505
-1.37526,0.76799
-1.32840,0.86524
-1.26923,0.96853
-1.20082,1.06358
-1.13041,1.14036
-1.06524,1.19751
-1.00929,1.23833
-0.96333,1.26703
-0.92626,1.28728
-0.89630,1.30182
-0.87174,1.31254
-0.85116,1.32070
-0.83349,1.32710
-0.81799,1.33226
-0.80412,1.33651
-0.79153,1.34007
-0.77996,1.34309
-1.54469,0.32168
-1.54401,0.32390
-1.54338,0.32589
-1.54279,0.32777
-1.54221,0.32963
-1.54160,0.33158
-1.54092,0.33371
-1.54015,0.33614
-1.53924,0.33900
-1.53813,0.34247
-1.53676,0.34676
-1.53500,0.35219
-1.53272,0.35920
-1.52970,0.36839
-1.52564,0.38056
-1.52019,0.39671
-1.51290,0.41791
-1.50331,0.44519
-1.49101,0.47937
-1.47558,0.52118
-1.45641,0.57168
-1.43242,0.63280
-1.40174,0.70738
-1.36170,0.79751
-1.30969,0.90024
-1.24564,1.00400
-1.17436,1.09458
-1.10372,1.16516
-1.04005,1.21673
-0.98621,1.25325
-0.94222,1.27887
-0.90668,1.29696
-0.87782,1.30999
-0.85401,1.31961
-0.83396,1.32693
-0.81673,1.33266
-0.80163,1.33724
-0.78819,1.34097
-0.77608,1.34405
-0.76507,1.34663
-1.54374,0.32388
-1.54503,0.32049
-1.54444,0.32247
-1.54369,0.32490
-1.54293,0.32734
-1.54216,0.32978
-1.54136,0.33232
-1.54048,0.33509
-1.53949,0.33823
-1.53831,0.34193
-1.53686,0.34642
-1.53504,0.35206
-1.53269,0.35930
-1.52957,0.36878
-1.52537,0.38138
-1.51969,0.39818
-1.51203,0.42039
-1.50188,0.44920
-1.48874,0.48558
-1.47209,0.53047
-1.45118,0.58521
-1.42468,0.65203
-1.39043,0.73373
-1.34561,0.83108
-1.28814,0.93785
-1.21949,1.03992
-1.14603,1.12484
-1.07562,1.18915
-1.01355,1.23546
-0.96166,1.26800
-0.91945,1.29073
-0.88533,1.30674
-0.85757,1.31824
-0.83464,1.32670
-0.81535,1.33309
-0.79882,1.33804
-0.78442,1.34195
-0.77172,1.34510
-0.76039,1.34766
-0.75021,1.34977
-0.26276,-0.73953
-0.32880,-0.61457
-0.43269,-0.36559
-1.54157,0.33048
-1.54343,0.32558
-1.54292,0.32732
-1.54206,0.33008
-1.54106,0.33326
-1.53993,0.33683
-1.53862,0.34095
-1.53705,0.34584
-1.53510,0.35186
-1.53261,0.35952
-1.52933,0.36949
-1.52491,0.38274
-1.51891,0.40045
-1.51078,0.42399
-1.49991,0.45473
-1.48572,0.49384
-1.46756,0.54248
-1.44451,0.60229
-1.41498,0.67571
-1.37657,0.76509
-1.32645,0.86898
-1.26340,0.97759
-1.19063,1.07585
-1.11559,1.15439
-1.04567,1.21257
-0.98514,1.25392
-0.93507,1.28269
-0.89458,1.30260
-0.86197,1.31651
-0.83552,1.32639
-0.81377,1.33358
-0.79559,1.33895
-0.78013,1.34305
-0.76680,1.34624
-0.75515,1.34877
-0.74486,1.35080
-0.73572,1.35245
-0.14199,-0.92269
-0.18630,-0.86114
-0.23000,-0.79432
-0.27720,-0.71397
-0.33140,-0.60920
-0.40466,-0.44035
-1.52773,0.36198
-1.53976,0.33689
-1.53976,0.33720
-1.53866,0.34075
-1.53705,0.34580
-1.53497,0.35226
-1.53228,0.36051
-1.52874,0.37125
-1.52399,0.38547
-1.51752,0.40449
-1.50872,0.42985
-1.49690,0.46310
-1.48135,0.50565
-1.46130,0.55892
-1.43563,0.62474
-1.40253,0.70551
-1.35940,0.80240
-1.30367,0.91102
-1.23525,1.01867
-1.15891,1.11143
-1.08262,1.18336
-1.01319,1.23570
-0.95411,1.27230
-0.90588,1.29734
-0.86731,1.31436
-0.83658,1.32602
-0.81189,1.33417
-0.79180,1.34000
-0.77516,1.34427
-0.76116,1.34749
-0.74920,1.34997
-0.73884,1.35191
-0.72978,1.35345
-0.72179,1.35469
-0.02604,-1.06084
-0.08491,-0.99434
-0.13127,-0.93674
-0.17032,-0.88401
-0.20626,-0.83145
-0.24220,-0.77442
-0.27985,-0.70916
-0.32019,-0.63207
-0.36583,-0.53427
-0.42575,-0.38407
-1.47841,0.40993
-1.52866,0.37002
-1.52862,0.37118
-1.52567,0.38026
-1.52084,0.39465
-1.51392,0.41486
-1.50432,0.44227
-1.49130,0.47849
-1.47409,0.52509
-1.45179,0.58357
-1.42315,0.65575
-1.38618,0.74342
-1.33822,0.84595
-1.27707,0.95605
-1.20370,1.06001
-1.12405,1.14645
-1.04638,1.21203
-0.97724,1.25877
-0.91967,1.29061
-0.87370,1.31172
-0.83768,1.32563
-0.80949,1.33490
-0.78720,1.34123
-0.76929,1.34567
-0.75461,1.34888
-0.74237,1.35127
-0.73199,1.35308
-0.72306,1.35450
-0.71530,1.35561
-0.70849,1.35651
0.10663,-1.18802
0.02996,-1.11812
-0.03407,-1.05217
-0.08493,-0.99433
-0.12592,-0.94366
-0.16061,-0.89752
-0.19177,-0.85313
-0.22139,-0.80802
-0.25074,-0.76013
-0.28037,-0.70821
-0.31022,-0.65187
-0.34024,-0.59059
-0.37094,-0.52241
-0.40367,-0.44236
-0.44272,-0.33463
-0.51985,-0.10902
-1.46972,0.51684
-1.47145,0.52997
-1.45678,0.56996
-1.43439,0.62748
-1.40427,0.70116
-1.36471,0.79090
-1.31304,0.89403
-1.24724,1.00163
-1.16904,1.10045
-1.08542,1.18100
-1.00560,1.24078
-0.93662,1.28186
-0.88124,1.30851
-0.83858,1.32531
-0.80618,1.33590
-0.78141,1.34272
-0.76215,1.34728
-0.74683,1.35043
-0.73438,1.35268
-0.72406,1.35435
-0.71533,1.35561
-0.70786,1.35658
-0.70138,1.35735
-0.69572,1.35797
0.21512,-1.27085
0.14175,-1.21688
0.06850,-1.15444
0.00383,-1.09208
-0.04931,-1.03538
-0.09239,-0.98539
-0.12822,-0.94069
-0.15936,-0.89924
-0.18768,-0.85912
-0.21450,-0.81878
-0.24063,-0.77700
-0.26649,-0.73300
-0.29221,-0.68637
-0.31778,-0.63687
-0.34334,-0.58392
-0.36934,-0.52602
-0.39662,-0.46003
-0.42675,-0.37949
-0.46403,-0.26603
-0.55506,0.00478
-1.37358,0.75990
-1.33965,0.84174
-1.28686,0.93956
-1.21649,1.04365
-1.13154,1.13919
-1.04140,1.21570
-0.95821,1.26996
-0.89020,1.30457
-0.83885,1.32521
-0.80129,1.33733
-0.77375,1.34461
-0.75315,1.34918
-0.73731,1.35217
-0.72480,1.35423
-0.71465,1.35570
-0.70625,1.35678
-0.69916,1.35760
-0.69309,1.35824
-0.68784,1.35874
-0.68327,1.35913
0.28874,-1.31607
0.22829,-1.27961
0.15924,-1.23053
0.08914,-1.17291
0.02566,-1.11391
-0.02774,-1.05901
-0.07165,-1.00994
-0.10832,-0.96589
-0.14010,-0.92518
-0.16885,-0.88607
-0.19590,-0.84702
-0.22215,-0.80682
-0.24811,-0.76455
-0.27407,-0.71957
-0.30011,-0.67142
-0.32630,-0.61961
-0.35274,-0.56345
-0.37958,-0.50186
-0.40714,-0.43276
-0.43639,-0.35118
-0.47096,-0.24097
-0.54349,-0.00018
-1.27649,0.94380
-1.19154,1.07379
-1.09076,1.17625
-0.98833,1.25185
-0.90159,1.29934
-0.83780,1.32557
-0.79366,1.33948
-0.76310,1.34706
-0.74131,1.35146
-0.72520,1.35417
-0.71287,1.35594
-0.70313,1.35715
-0.69523,1.35802
-0.68868,1.35866
-0.68316,1.35914
-0.67843,1.35952
-0.67435,1.35981
-0.67079,1.36004
0.34054,-1.34221
0.29240,-1.31808
0.23281,-1.28255
0.16508,-1.23498
0.09633,-1.17917
0.03374,-1.12179
-0.01933,-1.06799
-0.06334,-1.01951
-0.10039,-0.97567
-0.13270,-0.93488
-0.16211,-0.89544
-0.18996,-0.85579
-0.21718,-0.81461
-0.24432,-0.77089
-0.27162,-0.72393
-0.29911,-0.67332
-0.32664,-0.61890
-0.35402,-0.56061
-0.38109,-0.49822
-0.40789,-0.43071
-0.43514,-0.35465
-0.46541,-0.25887
-0.51108,-0.09290
-1.18329,1.01425
-1.04423,1.21260
-0.91966,1.29046
-0.83438,1.32674
-0.78108,1.34279
-0.74732,1.35032
-0.72480,1.35423
-0.70895,1.35644
-0.69727,1.35780
-0.68833,1.35869
-0.68127,1.35929
-0.67554,1.35973
-0.67079,1.36004
-0.66679,1.36028
-0.66337,1.36047
-0.66041,1.36061
-0.65783,1.36072
0.37988,-1.35870
0.34190,-1.34282
0.29273,-1.31826
0.23208,-1.28207
0.16358,-1.23384
0.09462,-1.17769
0.03222,-1.12031
-0.02062,-1.06663
-0.06456,-1.01811
-0.10179,-0.97395
-0.13454,-0.93248
-0.16465,-0.89193
-0.19344,-0.85066
-0.22183,-0.80731
-0.25033,-0.76082
-0.27907,-0.71055
-0.30788,-0.65640
-0.33638,-0.59868
-0.36414,-0.53788
-0.39093,-0.47414
-0.41695,-0.40628
-0.44333,-0.32983
-0.47340,-0.23040
-0.52376,-0.03666
-0.98236,1.24030
-0.82740,1.32880
-0.75809,1.34808
-0.72155,1.35470
-0.69967,1.35753
-0.68534,1.35895
-0.67533,1.35974
-0.66801,1.36021
-0.66246,1.36051
-0.65811,1.36071
-0.65461,1.36085
-0.65172,1.36095
-0.64929,1.36103
-0.64722,1.36108
-0.64542,1.36113
-0.64385,1.36116
0.41124,-1.36966
0.38147,-1.35930
0.34212,-1.34292
0.29100,-1.31731
0.22801,-1.27942
0.15742,-1.22914
0.08725,-1.17124
0.02454,-1.11281
-0.02818,-1.05854
-0.07202,-1.00951
-0.10937,-0.96459
-0.14256,-0.92193
-0.17341,-0.87963
-0.20327,-0.83598
-0.23296,-0.78953
-0.26288,-0.73930
-0.29295,-0.68497
-0.32271,-0.62691
-0.35158,-0.56598
-0.37912,-0.50290
-0.40534,-0.43735
-0.43098,-0.36663
-0.45820,-0.28215
-0.49347,-0.15316
-0.63964,0.52108
-0.70057,1.35665
-0.66972,1.36002
-0.65475,1.36082
-0.64617,1.36110
-0.64081,1.36121
-0.63728,1.36126
-0.63488,1.36128
-0.63319,1.36129
-0.63197,1.36130
-0.63104,1.36130
-0.63030,1.36130
-0.62968,1.36130
-0.62914,1.36130
-0.62865,1.36130
-0.62819,1.36130
0.43692,-1.37712
0.41365,-1.37042
0.38279,-1.35980
0.34167,-1.34272
0.28793,-1.31562
0.22172,-1.27527
0.14819,-1.22197
0.07627,-1.16147
0.01305,-1.10140
-0.03957,-1.04616
-0.08327,-0.99630
-0.12075,-0.95027
-0.15443,-0.90597
-0.18618,-0.86132
-0.21727,-0.81447
-0.24843,-0.76401
-0.27981,-0.70921
-0.31100,-0.65028
-0.34131,-0.58821
-0.37012,-0.52409
-0.39730,-0.45807
-0.42349,-0.38801
-0.45063,-0.30657
-0.48398,-0.18866
-0.54153,0.24562
-0.51532,1.35154
-0.55024,1.35675
-0.56669,1.35842
-0.57696,1.35927
-0.58422,1.35978
-0.58971,1.36012
-0.59407,1.36036
-0.59762,1.36054
-0.60057,1.36067
-0.60301,1.36077
-0.60505,1.36084
-0.60673,1.36090
-0.60812,1.36095
-0.60925,1.36098
-0.61017,1.36101
0.45835,-1.38228
0.44013,-1.37796
0.41618,-1.37120
0.38410,-1.36029
0.34090,-1.34237
0.28402,-1.31345
0.21390,-1.27002
0.13684,-1.21296
0.06292,-1.14933
-0.00082,-1.08732
-0.05328,-1.03092
-0.09684,-0.98000
-0.13451,-0.93252
-0.16885,-0.88606
-0.20171,-0.83833
-0.23429,-0.78736
-0.26711,-0.73191
-0.29994,-0.67173
-0.33205,-0.60772
-0.36269,-0.54116
-0.39157,-0.47247
-0.41936,-0.39949
-0.44823,-0.31398
-0.48445,-0.18440
-0.22221,1.01608
-0.32086,1.30106
-0.39800,1.32652
-0.44857,1.33952
-0.48361,1.34684
-0.50872,1.35123
-0.52729,1.35399
-0.54145,1.35582
-0.55253,1.35707
-0.56137,1.35796
-0.56852,1.35861
-0.57435,1.35908
-0.57915,1.35944
-0.58310,1.35972
-0.58636,1.35993
-0.58905,1.36009
0.47653,-1.38588
0.46221,-1.38310
0.44366,-1.37885
0.41903,-1.37207
0.38566,-1.36087
0.34017,-1.34204
0.27969,-1.31101
0.20502,-1.26394
0.12397,-1.20251
0.04794,-1.13537
-0.01624,-1.07126
-0.06851,-1.01357
-0.11198,-0.96133
-0.15001,-0.91196
-0.18525,-0.86266
-0.21956,-0.81088
-0.25397,-0.75464
-0.28864,-0.69300
-0.32299,-0.62634
-0.35613,-0.55589
-0.38769,-0.48206
-0.41845,-0.40191
-0.45151,-0.30293
-0.49749,-0.11370
-0.11134,1.19270
-0.20930,1.25228
-0.27650,1.28373
-0.33286,1.30570
-0.38040,1.32139
-0.41951,1.33243
-0.45106,1.34010
-0.47631,1.34544
-0.49656,1.34920
-0.51289,1.35189
-0.52614,1.35383
-0.53697,1.35527
-0.54587,1.35634
-0.55320,1.35714
-0.55926,1.35776
-0.56428,1.35823
0.49219,-1.38839
0.48088,-1.38663
0.46650,-1.38398
0.44771,-1.37984
0.42247,-1.37309
0.38781,-1.36166
0.33989,-1.34191
0.27539,-1.30856
0.19554,-1.25730
0.11002,-1.19088
0.03177,-1.11988
-0.03281,-1.05354
-0.08490,-0.99435
-0.12843,-0.94042
-0.16710,-0.88851
-0.20366,-0.83538
-0.23990,-0.77819
-0.27663,-0.71495
-0.31367,-0.64500
-0.35026,-0.56884
-0.38601,-0.48613
-0.42230,-0.39091
-0.46580,-0.25115
0.04604,1.03430
-0.08866,1.17824
-0.15406,1.22166
-0.20602,1.25067
-0.25301,1.27345
-0.29690,1.29213
-0.33748,1.30734
-0.37405,1.31945
-0.40614,1.32885
-0.43373,1.33602
-0.45710,1.34144
-0.47674,1.34553
-0.49316,1.34860
-0.50685,1.35093
-0.51827,1.35270
-0.52778,1.35406
-0.53569,1.35511
0.50592,-1.39015
0.49695,-1.38905
0.48578,-1.38743
0.47146,-1.38495
0.45255,-1.38098
0.42685,-1.37436
0.39103,-1.36282
0.34065,-1.34225
0.27170,-1.30643
0.18588,-1.25038
0.09522,-1.17821
0.01455,-1.10290
-0.05048,-1.03406
-0.10254,-0.97303
-0.14643,-0.91676
-0.18620,-0.86128
-0.22472,-0.80273
-0.26377,-0.73773
-0.30408,-0.66375
-0.34557,-0.57898
-0.38870,-0.47923
-0.43850,-0.34082
0.17042,0.81207
0.00721,1.09633
-0.06867,1.16330
-0.12096,1.20081
-0.16403,1.22759
-0.20304,1.24913
-0.24011,1.26750
-0.27592,1.28350
-0.31034,1.29739
-0.34288,1.30923
-0.37298,1.31912
-0.40023,1.32720
-0.42442,1.33370
-0.44556,1.33884
-0.46380,1.34289
-0.47940,1.34605
-0.49264,1.34851
-0.50383,1.35044
0.51817,-1.39136
0.51107,-1.39070
0.50239,-1.38974
0.49149,-1.38829
0.47739,-1.38603
0.45858,-1.38233
0.43268,-1.37598
0.39599,-1.36457
0.34323,-1.34343
0.26937,-1.30507
0.17639,-1.24344
0.07949,-1.16436
-0.00408,-1.08395
-0.06977,-1.01211
-0.12210,-0.94854
-0.16689,-0.88880
-0.20863,-0.82780
-0.25057,-0.76037
-0.29513,-0.68074
-0.34502,-0.57970
-0.40836,-0.41929
0.30550,0.59655
0.12272,0.95511
0.01719,1.08638
-0.04852,1.14717
-0.09623,1.18384
-0.13513,1.21000
-0.16954,1.23078
-0.20169,1.24842
-0.23270,1.26398
-0.26305,1.27795
-0.29277,1.29048
-0.32158,1.30162
-0.34910,1.31136
-0.37489,1.31971
-0.39861,1.32674
-0.42000,1.33256
-0.43899,1.33730
-0.45561,1.34112
-0.46998,1.34417
0.52931,-1.39218
0.52375,-1.39180
0.51706,-1.39127
0.50881,-1.39046
0.49835,-1.38923
0.48471,-1.38726
0.46633,-1.38395
0.44068,-1.37810
0.40361,-1.36717
0.34873,-1.34588
0.26924,-1.30499
0.16699,-1.23642
0.06183,-1.14833
-0.02548,-1.06144
-0.09228,-0.98551
-0.14567,-0.91777
-0.19289,-0.85143
-0.23984,-0.77810
-0.29388,-0.68110
0.47739,0.06386
0.42701,0.29114
0.29788,0.62219
0.14379,0.92313
0.03966,1.06232
-0.02701,1.12873
-0.07461,1.16790
-0.11228,1.19500
-0.14455,1.21590
-0.17386,1.23324
-0.20158,1.24836
-0.22850,1.26195
-0.25500,1.27436
-0.28120,1.28573
-0.30700,1.29610
-0.33212,1.30545
-0.35621,1.31373
-0.37892,1.32095
-0.39990,1.32711
-0.41894,1.33228
-0.43593,1.33656
0.53967,-1.39269
0.53542,-1.39251
0.53037,-1.39224
0.52425,-1.39184
0.51662,-1.39123
0.50688,-1.39025
0.49406,-1.38865
0.47659,-1.38588
0.45182,-1.38081
0.41509,-1.37086
0.35848,-1.35009
0.27196,-1.30657
0.15626,-1.22823
0.03906,-1.12690
-0.05367,-1.03046
-0.12358,-0.94660
-0.18351,-0.86485
-0.23499,-0.71244
0.50352,0.06277
0.47702,0.14887
0.43077,0.28259
0.32948,0.54764
0.18246,0.85844
0.06927,1.02761
-0.00350,1.10701
-0.05382,1.15153
-0.09224,1.18098
-0.12404,1.20285
-0.15203,1.22046
-0.17782,1.23548
-0.20239,1.24879
-0.22635,1.26091
-0.25003,1.27211
-0.27361,1.28252
-0.29705,1.29219
-0.32017,1.30109
-0.34271,1.30917
-0.36430,1.31637
-0.38460,1.32267
-0.40334,1.32807
0.54956,-1.39296
0.54648,-1.39290
0.54285,-1.39280
0.53851,-1.39264
0.53317,-1.39239
0.52647,-1.39199
0.51782,-1.39133
0.50632,-1.39019
0.49043,-1.38813
0.46744,-1.38416
0.43212,-1.37582
0.37425,-1.35651
0.27757,-1.30979
0.13862,-1.21437
0.00005,-1.08815
-0.10823,-0.96554
0.45643,-0.16757
0.51358,0.03693
0.49744,0.08897
0.47737,0.14892
0.44182,0.25172
0.36408,0.46144
0.22903,0.77070
0.10477,0.98107
0.02254,1.08085
-0.03270,1.13374
-0.07336,1.16695
-0.10588,1.19062
-0.13362,1.20904
-0.15849,1.22433
-0.18165,1.23761
-0.20384,1.24954
-0.22556,1.26052
-0.24714,1.27078
-0.26874,1.28043
-0.29037,1.28951
-0.31192,1.29799
-0.33315,1.30581
-0.35372,1.31291
-0.37331,1.31922
0.55926,-1.39301
0.55728,-1.39302
0.55497,-1.39301
0.55222,-1.39299
0.54886,-1.39294
0.54469,-1.39285
0.53937,-1.39267
0.53240,-1.39235
0.52299,-1.39174
0.50972,-1.39055
0.48990,-1.38804
0.45778,-1.38214
0.39969,-1.36582
0.28400,-1.31337
0.08311,-1.16722
0.42241,-0.28161
0.52378,0.00745
0.50996,0.05222
0.49721,0.09052
0.48076,0.13921
0.45282,0.22046
0.39404,0.38319
0.27804,0.66732
0.14587,0.91988
0.05176,1.04857
-0.01040,1.11356
-0.05462,1.15218
-0.08881,1.17849
-0.11712,1.19827
-0.14182,1.21421
-0.16428,1.22773
-0.18537,1.23967
-0.20571,1.25052
-0.22573,1.26060
-0.24571,1.27011
-0.26581,1.27916
-0.28608,1.28775
-0.30641,1.29587
-0.32659,1.30345
-0.34631,1.31041
0.56907,-1.39287
0.56820,-1.39289
0.56718,-1.39291
0.56597,-1.39293
0.56449,-1.39296
0.56263,-1.39298
0.56026,-1.39300
0.55714,-1.39301
0.55295,-1.39299
0.54713,-1.39290
0.53865,-1.39263
0.52539,-1.39189
0.50209,-1.38962
0.45121,-1.38039
0.26166,-1.28907
0.54158,-0.04553
0.52232,0.01648
0.51041,0.05185
0.49921,0.08495
0.48517,0.12637
0.46274,0.19193
0.41831,0.31747
0.32494,0.55871
0.19248,0.84047
0.08520,1.00742
0.01400,1.08968
-0.03514,1.13586
-0.07193,1.16585
-0.10150,1.18757
-0.12665,1.20455
-0.14897,1.21861
-0.16952,1.23076
-0.18898,1.24164
-0.20786,1.25163
-0.22655,1.26101
-0.24531,1.26993
-0.26430,1.27849
-0.28354,1.28670
-0.30295,1.29453
-0.32232,1.30189
0.57932,-1.39250
0.57963,-1.39248
0.57998,-1.39246
0.58038,-1.39244
0.58084,-1.39242
0.58137,-1.39239
0.58198,-1.39236
0.58270,-1.39232
0.58361,-1.39227
0.58488,-1.39219
0.58689,-1.39206
0.59062,-1.39180
0.59922,-1.39107
0.62862,-1.38732
0.93228,-1.20024
0.54840,-0.05218
0.52549,0.00917
0.51332,0.04393
0.50268,0.07496
0.49026,0.11149
0.47187,0.16542
0.43811,0.26236
0.36688,0.45429
0.24445,0.73936
0.12477,0.95231
0.04203,1.05968
-0.01380,1.11674
-0.05428,1.15191
-0.08588,1.17635
-0.11205,1.19485
-0.13477,1.20977
-0.15523,1.22239
-0.17425,1.23346
-0.19241,1.24349
-0.21016,1.25281
-0.22784,1.26163
-0.24568,1.27010
-0.26384,1.27829
-0.28232,1.28620
-0.30105,1.29378
0.59036,-1.39185
0.59199,-1.39174
0.59388,-1.39160
0.59611,-1.39142
0.59877,-1.39119
0.60202,-1.39090
0.60606,-1.39051
0.61124,-1.38996
0.61817,-1.38914
0.62795,-1.38783
0.64279,-1.38550
0.66761,-1.38070
0.71510,-1.36858
0.82193,-1.32823
1.06666,-1.16299
0.59228,-0.12978
0.53460,-0.01363
0.51900,0.02827
0.50782,0.06019
0.49628,0.09387
0.48088,0.13913
0.45511,0.21398
0.40324,0.35856
0.30120,0.61481
0.17410,0.87308
0.07670,1.01833
0.01143,1.09229
-0.03441,1.13522
-0.06908,1.16365
-0.09702,1.18440
-0.12070,1.20065
-0.14157,1.21405
-0.16060,1.22558
-0.17844,1.23583
-0.19561,1.24521
-0.21250,1.25400
-0.22943,1.26241
-0.24660,1.27053
-0.26416,1.27843
-0.28211,1.28611
0.60260,-1.39085
0.60577,-1.39054
0.60947,-1.39016
0.61386,-1.38967
0.61917,-1.38902
0.62572,-1.38815
0.63400,-1.38694
0.64479,-1.38516
0.65939,-1.38243
0.68003,-1.37792
0.71078,-1.36987
0.75889,-1.35424
0.83566,-1.32197
0.95022,-1.25693
1.09321,-1.14146
1.24443,-0.93077
0.56832,-0.08359
0.53051,-0.00196
0.51586,0.03754
0.50404,0.07137
0.49060,0.11067
0.47086,0.16847
0.43476,0.27181
0.36036,0.47097
0.23922,0.75012
0.12459,0.95258
0.04497,1.05636
-0.00934,1.11256
-0.04894,1.14753
-0.07987,1.17188
-0.10538,1.19027
-0.12736,1.20501
-0.14696,1.21738
-0.16497,1.22814
-0.18199,1.23780
-0.19846,1.24672
-0.21476,1.25515
-0.23117,1.26325
-0.24791,1.27113
-0.26507,1.27883
0.61650,-1.38935
0.62148,-1.38872
0.62735,-1.38792
0.63436,-1.38688
0.64290,-1.38549
0.65351,-1.38358
0.66701,-1.38085
0.68465,-1.37682
0.70834,-1.37058
0.74095,-1.36050
0.78649,-1.34368
0.84917,-1.31540
0.93016,-1.26992
1.02354,-1.20349
1.11794,-1.11699
1.20369,-1.01504
1.27966,-0.87860
0.58105,-0.10186
0.53244,-0.00582
0.51588,0.03793
0.50254,0.07594
0.48684,0.12181
0.46258,0.19253
0.41619,0.32337
0.32426,0.56036
0.19959,0.82741
0.09738,0.99123
0.02779,1.07529
-0.02082,1.12318
-0.05720,1.15427
-0.08619,1.17657
-0.11045,1.19376
-0.13156,1.20773
-0.15052,1.21955
-0.16803,1.22991
-0.18463,1.23926
-0.20076,1.24793
-0.21675,1.25615
-0.23291,1.26408
-0.24941,1.27182
0.63251,-1.38717
0.63966,-1.38604
0.64811,-1.38458
0.65825,-1.38266
0.67061,-1.38007
0.68598,-1.37649
0.70542,-1.37140
0.73045,-1.36393
0.76301,-1.35275
0.80535,-1.33579
0.85920,-1.31033
0.92431,-1.27357
0.99732,-1.22385
1.07244,-1.16156
1.14343,-1.08955
1.20504,-1.01386
1.25468,-0.94196
1.29430,-0.87348
0.95012,-0.45823
0.54972,-0.04316
0.52277,0.02001
0.50645,0.06506
0.48905,0.11552
0.46308,0.19118
0.41395,0.32954
0.31865,0.57382
0.19449,0.83681
0.09472,0.99482
0.02659,1.07657
-0.02141,1.12372
-0.05761,1.15460
-0.08663,1.17690
-0.11102,1.19415
-0.13231,1.20820
-0.15145,1.22011
-0.16913,1.23054
-0.18586,1.23994
-0.20209,1.24863
-0.21816,1.25686
-0.23436,1.26478
0.65112,-1.38403
0.66078,-1.38215
0.67219,-1.37972
0.68586,-1.37652
0.70244,-1.37222
0.72282,-1.36632
0.74812,-1.35807
0.77966,-1.34641
0.81875,-1.32987
0.86619,-1.30670
0.92158,-1.27525
0.98291,-1.23445
1.04695,-1.18413
1.11009,-1.12520
1.16879,-1.06009
1.22007,-0.99337
1.26225,-0.93062
1.29530,-0.87614
1.32002,-0.83202
1.33697,-0.79801
1.32932,-0.74688
0.59292,-0.11052
0.53053,0.00231
0.50718,0.06388
0.48345,0.13221
0.44530,0.24223
0.36839,0.45049
0.24345,0.74145
0.12746,0.94830
0.04773,1.05322
-0.00684,1.11020
-0.04699,1.14591
-0.07864,1.17096
-0.10499,1.19000
-0.12784,1.20533
-0.14830,1.21820
-0.16708,1.22936
-0.18475,1.23932
-0.20173,1.24845
-0.21842,1.25699
0.67264,-1.37963
0.68507,-1.37672
0.69967,-1.37297
0.71698,-1.36808
0.73769,-1.36159
0.76260,-1.35290
0.79261,-1.34118
0.82855,-1.32536
0.87087,-1.30423
0.91932,-1.27664
0.97268,-1.24172
1.02904,-1.19909
1.08612,-1.14880
1.14161,-1.09162
1.19324,-1.02955
1.23913,-0.96598
1.27846,-0.90463
1.31148,-0.84808
1.33911,-0.79736
1.36228,-0.75258
1.38162,-0.71372
1.39737,-0.68111
1.40911,-0.65611
1.41524,-0.64224
1.40962,-0.64897
0.81238,-0.30211
0.51543,0.04335
0.46917,0.17408
0.38573,0.40542
0.23936,0.74986
0.11262,0.97001
0.03310,1.06956
-0.01956,1.12203
-0.05835,1.15519
-0.08936,1.17890
-0.11566,1.19729
-0.13889,1.21238
-0.16004,1.22525
-0.17973,1.23654
-0.19844,1.24671
0.69713,-1.37365
0.71238,-1.36942
0.73006,-1.36406
0.75068,-1.35718
0.77481,-1.34830
0.80306,-1.33678
0.83600,-1.32184
0.87397,-1.30258
0.91689,-1.27811
0.96414,-1.24765
1.01454,-1.21067
1.06661,-1.16688
1.11871,-1.11632
1.16913,-1.05970
1.21617,-0.99884
1.25857,-0.93649
1.29591,-0.87534
1.32858,-0.81711
1.35730,-0.76250
1.38268,-0.71179
1.40503,-0.66543
1.42432,-0.62419
1.44044,-0.58886
1.45339,-0.55988
1.46337,-0.53717
1.47063,-0.52043
1.47521,-0.50973
1.47633,-0.50703
1.46918,-0.52312
1.05827,-0.44694
0.46777,0.17846
0.31861,0.57400
0.14164,0.92658
0.04089,1.06096
-0.01836,1.12094
-0.05984,1.15638
-0.09262,1.18125
-0.12056,1.20056
-0.14554,1.21651
-0.16858,1.23022
0.72425,-1.36588
0.74203,-1.36015
0.76228,-1.35302
0.78540,-1.34412
0.81182,-1.33297
0.84195,-1.31897
0.87609,-1.30144
0.91433,-1.27965
0.95645,-1.25287
1.00182,-1.22047
1.04950,-1.18196
1.09829,-1.13702
1.14682,-1.08578
1.19361,-1.02908
1.23725,-0.96877
1.27685,-0.90730
1.31224,-0.84679
1.34379,-0.78859
1.37199,-0.73343
1.39713,-0.68203
1.41912,-0.63545
1.43774,-0.59487
1.45289,-0.56105
1.46479,-0.53396
1.47393,-0.51281
1.48088,-0.49650
1.48617,-0.48397
1.49018,-0.47436
1.49317,-0.46718
1.49514,-0.46241
1.49565,-0.46115
1.49237,-0.46895
1.45912,-0.54098
0.45473,0.21599
0.23349,0.76181
0.07225,1.02393
-0.00564,1.10906
-0.05384,1.15155
-0.09027,1.17955
-0.12105,1.20089
0.75315,-1.35631
0.77285,-1.34906
0.79485,-1.34025
0.81944,-1.32955
0.84696,-1.31651
0.87768,-1.30058
0.91183,-1.28115
0.94944,-1.25754
0.99031,-1.22906
1.03392,-1.19509
1.07943,-1.15511
1.12577,-1.10889
1.17160,-1.05671
1.21553,-0.99973
1.25634,-0.93996
1.29341,-0.87963
1.32676,-0.82049
1.35675,-0.76360
1.38371,-0.70972
1.40770,-0.65982
1.42849,-0.61516
1.44580,-0.57697
1.45963,-0.54578
1.47032,-0.52120
1.47845,-0.50223
1.48462,-0.48766
1.48935,-0.47636
1.49305,-0.46747
1.49600,-0.46034
1.49839,-0.45453
1.50033,-0.44977
1.50187,-0.44600
1.50291,-0.44344
1.50303,-0.44315
1.50013,-0.45018
1.46366,-0.52996
0.40525,0.35351
0.14293,0.92456
0.01988,1.08363
-0.04155,1.14135
0.78263,-1.34523
0.80345,-1.33662
0.82629,-1.32642
0.85139,-1.31430
0.87906,-1.29983
0.90957,-1.28249
0.94315,-1.26166
0.97988,-1.23663
1.01958,-1.20670
1.06178,-1.17121
1.10567,-1.12968
1.15013,-1.08202
1.19377,-1.02887
1.23522,-0.97174
1.27349,-0.91278
1.30818,-0.85400
1.33947,-0.79680
1.36772,-0.74197
1.39319,-0.69023
1.41578,-0.64263
1.43520,-0.60047
1.45122,-0.56484
1.46389,-0.53605
1.47362,-0.51354
1.48100,-0.49623
1.48660,-0.48294
1.49091,-0.47263
1.49429,-0.46448
1.49700,-0.45791
1.49922,-0.45249
1.50109,-0.44794
1.50267,-0.44404
1.50404,-0.44067
1.50522,-0.43777
1.50618,-0.43539
1.50679,-0.43386
1.50658,-0.43438
1.50284,-0.44352
0.79931,-0.26668
0.29243,0.63508
0.81141,-1.33315
0.83258,-1.32347
0.85549,-1.31223
0.88043,-1.29909
0.90770,-1.28360
0.93765,-1.26520
0.97053,-1.24323
1.00645,-1.21694
1.04527,-1.18557
1.08648,-1.14847
1.12917,-1.10525
1.17209,-1.05612
1.21379,-1.00212
1.25298,-0.94515
1.28885,-0.88737
1.32128,-0.83052
1.35057,-0.77560
1.37709,-0.72318
1.40102,-0.67391
1.42219,-0.62884
1.44031,-0.58921
1.45516,-0.55595
1.46686,-0.52921
1.47584,-0.50835
1.48266,-0.49230
1.48786,-0.47994
1.49187,-0.47032
1.49503,-0.46270
1.49757,-0.45653
1.49965,-0.45145
1.50140,-0.44717
1.50289,-0.44352
1.50417,-0.44035
1.50530,-0.43756
1.50631,-0.43507
1.50721,-0.43283
1.50801,-0.43085
1.50866,-0.42922
1.50901,-0.42835
1.50838,-0.42990
0.83845,-1.32066
0.85938,-1.31024
0.88187,-1.29829
0.90628,-1.28444
0.93296,-1.26818
0.96230,-1.24891
0.99461,-1.22589
1.03000,-1.19831
1.06827,-1.16538
1.10881,-1.12651
1.15057,-1.08152
1.19213,-1.03098
1.23201,-0.97642
1.26902,-0.91999
1.30263,-0.86375
1.33292,-0.80908
1.36032,-0.75661
1.38518,-0.70672
1.40763,-0.65999
1.42746,-0.61741
1.44438,-0.58016
1.45820,-0.54903
1.46910,-0.52404
1.47748,-0.50452
1.48386,-0.48946
1.48875,-0.47781
1.49254,-0.46870
1.49554,-0.46145
1.49796,-0.45557
1.49995,-0.45071
1.50162,-0.44663
1.50304,-0.44315
1.50425,-0.44015
1.50532,-0.43753
1.50625,-0.43521
1.50709,-0.43314
1.50784,-0.43127
1.50853,-0.42955
1.50918,-0.42794
1.50976,-0.42648
0.86312,-1.30831
0.88345,-1.29743
0.90530,-1.28501
0.92907,-1.27062
0.95520,-1.25372
0.98409,-1.23360
1.01608,-1.20947
1.05124,-1.18046
1.08926,-1.14581
1.12938,-1.10503
1.17034,-1.05824
1.21060,-1.00649
1.24867,-0.95173
1.28356,-0.89624
1.31501,-0.84185
1.34331,-0.78952
1.36893,-0.73956
1.39225,-0.69218
1.41331,-0.64790
1.43191,-0.60770
1.44775,-0.57263
1.46069,-0.54338
1.47089,-0.51988
1.47877,-0.50149
1.48480,-0.48724
1.48944,-0.47616
1.49306,-0.46745
1.49594,-0.46050
1.49827,-0.45483
1.50019,-0.45014
1.50180,-0.44619
1.50317,-0.44283
1.50434,-0.43993
1.50536,-0.43741
1.50625,-0.43521
1.50704,-0.43327
1.50773,-0.43154
1.50836,-0.42998
1.50893,-0.42855
1.50947,-0.42722
0.88514,-1.29649
0.90475,-1.28533
0.92595,-1.27256
0.94918,-1.25772
0.97491,-1.24016
1.00360,-1.21913
1.03555,-1.19374
1.07075,-1.16313
1.10876,-1.12657
1.14859,-1.08377
1.18880,-1.03527
1.22772,-0.98260
1.26394,-0.92806
1.29676,-0.87390
1.32617,-0.82159
1.35260,-0.77167
1.37660,-0.72418
1.39848,-0.67923
1.41827,-0.63728
1.43575,-0.59927
1.45062,-0.56618
1.46278,-0.53859
1.47239,-0.51640
1.47984,-0.49897
1.48557,-0.48540
1.49001,-0.47480
1.49349,-0.46643
1.49626,-0.45971
1.49852,-0.45422
1.50038,-0.44967
1.50195,-0.44582
1.50328,-0.44254
1.50443,-0.43972
1.50542,-0.43727
1.50629,-0.43513
1.50704,-0.43325
1.50771,-0.43160
1.50830,-0.43014
1.50882,-0.42883
1.50930,-0.42764
