-1.20807,1.05457
-1.20741,1.05540
-1.20666,1.05634
-1.20581,1.05741
-1.20480,1.05866
-1.20361,1.06014
-1.20217,1.06192
-1.20041,1.06407
-1.19825,1.06671
-1.19556,1.06996
-1.19216,1.07404
-1.18779,1.07919
-1.18211,1.08578
-1.17464,1.09426
-1.16473,1.10518
-1.15156,1.11915
-1.13425,1.13662
-1.11195,1.15773
-1.08417,1.18207
-1.05088,1.20864
-1.01251,1.23616
-0.96976,1.26326
-0.92351,1.28868
-0.87521,1.31109
-0.82744,1.32916
-0.78391,1.34208
-0.74798,1.35020
-0.72079,1.35483
-0.70131,1.35736
-0.68760,1.35876
-0.67787,1.35956
-0.67082,1.36004
-0.66557,1.36035
-0.66152,1.36056
-0.65829,1.36070
-0.65562,1.36081
-0.65332,1.36090
-0.65129,1.36097
-0.64945,1.36102
-0.64774,1.36107
-1.20857,1.05394
-1.20776,1.05496
-1.20691,1.05602
-1.20598,1.05718
-1.20493,1.05850
-1.20370,1.06003
-1.20224,1.06183
-1.20047,1.06400
-1.19831,1.06664
-1.19562,1.06990
-1.19221,1.07397
-1.18784,1.07913
-1.18214,1.08575
-1.17460,1.09431
-1.16454,1.10540
-1.15107,1.11966
-1.13321,1.13763
-1.11003,1.15948
-1.08094,1.18476
-1.04587,1.21242
-1.00528,1.24100
-0.96000,1.26895
-0.91130,1.29473
-0.86125,1.31679
-0.81318,1.33377
-0.77109,1.34525
-0.73765,1.35211
-0.71303,1.35592
-0.69559,1.35798
-0.68329,1.35913
-0.67449,1.35980
-0.66803,1.36021
-0.66314,1.36048
-0.65930,1.36066
-0.65619,1.36079
-0.65358,1.36089
-0.65131,1.36096
-0.64929,1.36103
-0.64744,1.36108
-0.64574,1.36112
-1.20980,1.05238
-1.20867,1.05382
-1.20758,1.05518
-1.20648,1.05657
-1.20530,1.05804
-1.20397,1.05969
-1.20244,1.06158
-1.20063,1.06381
-1.19843,1.06649
-1.19571,1.06978
-1.19229,1.07388
-1.18789,1.07907
-1.18214,1.08575
-1.17450,1.09442
-1.16424,1.10572
-1.15040,1.12035
-1.13190,1.13891
-1.10770,1.16159
-1.07710,1.18793
-1.04000,1.21677
-0.99692,1.24646
-0.94893,1.27519
-0.89779,1.30113
-0.84636,1.32249
-0.79868,1.33808
-0.75862,1.34804
-0.72792,1.35374
-0.70578,1.35684
-0.69018,1.35852
-0.67912,1.35946
-0.67111,1.36002
-0.66515,1.36037
-0.66056,1.36060
-0.65691,1.36076
-0.65391,1.36088
-0.65135,1.36096
-0.64912,1.36103
-0.64712,1.36109
-0.64531,1.36113
-0.64363,1.36117
-1.21237,1.04912
-1.21066,1.05130
-1.20911,1.05326
-1.20764,1.05511
-1.20618,1.05694
-1.20464,1.05886
-1.20295,1.06095
-1.20101,1.06334
-1.19872,1.06614
-1.19592,1.06953
-1.19243,1.07372
-1.18795,1.07900
-1.18210,1.08579
-1.17431,1.09464
-1.16378,1.10621
-1.14948,1.12130
-1.13022,1.14055
-1.10480,1.16420
-1.07243,1.19174
-1.03299,1.22187
-0.98711,1.25269
-0.93624,1.28207
-0.88282,1.30783
-0.83062,1.32808
-0.78411,1.34203
-0.74662,1.35047
-0.71876,1.35513
-0.69895,1.35762
-0.68499,1.35899
-0.67500,1.35976
-0.66767,1.36023
-0.66213,1.36053
-0.65781,1.36072
-0.65432,1.36086
-0.65142,1.36096
-0.64894,1.36104
-0.64676,1.36109
-0.64482,1.36114
-0.64307,1.36118
-0.64146,1.36121
-1.21061,1.05136
-1.21329,1.04794
-1.21176,1.04989
-1.20988,1.05229
-1.20798,1.05468
-1.20606,1.05709
-1.20405,1.05959
-1.20185,1.06231
-1.19934,1.06539
-1.19636,1.06900
-1.19270,1.07340
-1.18806,1.07888
-1.18202,1.08589
-1.17397,1.09501
-1.16306,1.10698
-1.14816,1.12266
-1.12792,1.14276
-1.10102,1.16755
-1.06654,1.19648
-1.02436,1.22800
-0.97536,1.25991
-0.92153,1.28967
-0.86625,1.31479
-0.81411,1.33348
-0.76964,1.34558
-0.73516,1.35255
-0.71012,1.35630
-0.69244,1.35830
-0.67991,1.35940
-0.67084,1.36004
-0.66409,1.36043
-0.65892,1.36068
-0.65484,1.36084
-0.65152,1.36096
-0.64874,1.36104
-0.64636,1.36110
-0.64428,1.36115
-0.64243,1.36119
-0.64078,1.36122
-0.63928,1.36124
-0.01436,-1.07324
-0.08908,-0.98937
-0.18883,-0.85744
-1.20542,1.05789
-1.20934,1.05297
-1.20799,1.05467
-1.20582,1.05739
-1.20331,1.06051
-1.20046,1.06402
-1.19715,1.06804
-1.19318,1.07282
-1.18822,1.07869
-1.18184,1.08610
-1.17336,1.09569
-1.16187,1.10827
-1.14612,1.12474
-1.12459,1.14594
-1.09580,1.17213
-1.05871,1.20263
-1.01331,1.23561
-0.96089,1.26844
-0.90431,1.29808
-0.84798,1.32189
-0.79707,1.33854
-0.75549,1.34870
-0.72425,1.35431
-0.70191,1.35729
-0.68611,1.35889
-0.67481,1.35978
-0.66654,1.36029
-0.66030,1.36061
-0.65548,1.36082
-0.65164,1.36095
-0.64851,1.36105
-0.64589,1.36112
-0.64366,1.36117
-0.64172,1.36120
-0.64001,1.36123
-0.63849,1.36125
-0.63712,1.36127
0.20412,-1.26331
0.10948,-1.19043
0.03233,-1.12042
-0.03250,-1.05388
-0.09169,-0.98623
-0.16190,-0.89574
-1.17865,1.08974
-1.20038,1.06412
-1.20015,1.06439
-1.19730,1.06786
-1.19320,1.07279
-1.18789,1.07908
-1.18099,1.08707
-1.17185,1.09737
-1.15947,1.11084
-1.14247,1.12845
-1.11916,1.15106
-1.08787,1.17894
-1.04755,1.21116
-0.99843,1.24548
-0.94260,1.27866
-0.88404,1.30730
-0.82812,1.32893
-0.77984,1.34312
-0.74186,1.35136
-0.71392,1.35580
-0.69400,1.35814
-0.67984,1.35941
-0.66959,1.36012
-0.66201,1.36053
-0.65626,1.36079
-0.65179,1.36095
-0.64824,1.36106
-0.64535,1.36113
-0.64294,1.36118
-0.64089,1.36122
-0.63913,1.36124
-0.63759,1.36126
-0.63623,1.36127
-0.63501,1.36128
0.41714,-1.37149
0.32602,-1.33537
0.22813,-1.27950
0.14214,-1.21720
0.07197,-1.15759
0.01395,-1.10229
-0.03570,-1.05039
-0.08032,-0.99978
-0.12514,-0.94465
-0.18228,-0.86696
-1.12617,1.14444
-1.17277,1.09635
-1.17188,1.09735
-1.16402,1.10595
-1.15131,1.11941
-1.13300,1.13783
-1.10753,1.16174
-1.07326,1.19107
-1.02934,1.22447
-0.97676,1.25906
-0.91876,1.29107
-0.86043,1.31711
-0.80724,1.33558
-0.76303,1.34708
-0.72899,1.35357
-0.70409,1.35704
-0.68626,1.35888
-0.67345,1.35987
-0.66413,1.36042
-0.65720,1.36075
-0.65195,1.36094
-0.64789,1.36107
-0.64468,1.36114
-0.64208,1.36120
-0.63993,1.36123
-0.63812,1.36125
-0.63656,1.36127
-0.63521,1.36128
-0.63402,1.36129
-0.63297,1.36130
0.50999,-1.39058
0.46955,-1.38458
0.40717,-1.36835
0.32600,-1.33536
0.24009,-1.28721
0.16293,-1.23335
0.09882,-1.18133
0.04609,-1.13362
0.00180,-1.09000
-0.03633,-1.04971
-0.06989,-1.01198
-0.10048,-0.97556
-0.13003,-0.93836
-0.16112,-0.89680
-0.19948,-0.84168
-0.27316,-0.72118
-1.03464,1.22068
-1.02455,1.22786
-0.98853,1.25180
-0.94038,1.27986
-0.88688,1.30605
-0.83402,1.32691
-0.78660,1.34138
-0.74740,1.35032
-0.71706,1.35537
-0.69464,1.35808
-0.67845,1.35951
-0.66678,1.36028
-0.65831,1.36070
-0.65208,1.36094
-0.64742,1.36108
-0.64384,1.36116
-0.64104,1.36121
-0.63878,1.36125
-0.63692,1.36127
-0.63536,1.36128
-0.63403,1.36129
-0.63287,1.36130
-0.63186,1.36130
-0.63097,1.36130
0.53989,-1.39269
0.52193,-1.39166
0.49302,-1.38851
0.44842,-1.38001
0.38620,-1.36106
0.31146,-1.32813
0.23495,-1.28393
0.16565,-1.23541
0.10676,-1.18812
0.05759,-1.14441
0.01623,-1.10457
-0.01918,-1.06815
-0.05012,-1.03447
-0.07784,-1.00270
-0.10353,-0.97181
-0.12854,-0.94028
-0.15448,-0.90590
-0.18382,-0.86473
-0.22246,-0.80632
-0.30736,-0.65740
-0.84962,1.32127
-0.80901,1.33505
-0.76896,1.34574
-0.73398,1.35275
-0.70610,1.35680
-0.68526,1.35896
-0.67027,1.36007
-0.65965,1.36064
-0.65212,1.36094
-0.64671,1.36110
-0.64273,1.36118
-0.63971,1.36123
-0.63736,1.36126
-0.63547,1.36128
-0.63392,1.36129
-0.63262,1.36130
-0.63151,1.36130
-0.63055,1.36130
-0.62971,1.36130
-0.62898,1.36130
0.55247,-1.39299
0.54244,-1.39278
0.52693,-1.39202
0.50282,-1.38978
0.46641,-1.38396
0.41509,-1.37086
0.35028,-1.34656
0.27856,-1.31037
0.20834,-1.26623
0.14524,-1.21965
0.09096,-1.17450
0.04485,-1.13244
0.00547,-1.09374
-0.02868,-1.05800
-0.05896,-1.02450
-0.08659,-0.99234
-0.11267,-0.96046
-0.13829,-0.92757
-0.16464,-0.89193
-0.19369,-0.85029
-0.23061,-0.79333
-0.30519,-0.66163
-0.76587,1.34645
-0.72472,1.35424
-0.69589,1.35795
-0.67537,1.35974
-0.66136,1.36056
-0.65197,1.36094
-0.64561,1.36112
-0.64118,1.36121
-0.63796,1.36126
-0.63553,1.36128
-0.63365,1.36129
-0.63213,1.36130
-0.63089,1.36130
-0.62985,1.36130
-0.62896,1.36130
-0.62819,1.36130
-0.62753,1.36130
-0.62694,1.36129
0.55955,-1.39301
0.55301,-1.39300
0.54328,-1.39281
0.52848,-1.39212
0.50588,-1.39014
0.47222,-1.38509
0.42493,-1.37381
0.36436,-1.35255
0.29522,-1.31961
0.22493,-1.27739
0.15966,-1.23085
0.10231,-1.18433
0.05306,-1.14019
0.01087,-1.09920
-0.02566,-1.06125
-0.05786,-1.02575
-0.08694,-0.99193
-0.11392,-0.95890
-0.13973,-0.92567
-0.16539,-0.89089
-0.19248,-0.85208
-0.22473,-0.80272
-0.27702,-0.71425
-0.73314,1.35289
-0.68591,1.35891
-0.66413,1.36042
-0.65148,1.36096
-0.64380,1.36116
-0.63885,1.36125
-0.63547,1.36128
-0.63304,1.36130
-0.63121,1.36130
-0.62979,1.36130
-0.62865,1.36130
-0.62772,1.36130
-0.62694,1.36129
-0.62628,1.36129
-0.62570,1.36129
-0.62521,1.36128
-0.62477,1.36128
0.56432,-1.39296
0.55972,-1.39301
0.55306,-1.39300
0.54314,-1.39280
0.52808,-1.39210
0.50516,-1.39006
0.47115,-1.38489
0.42347,-1.37338
0.36235,-1.35171
0.29232,-1.31803
0.22080,-1.27466
0.15420,-1.22665
0.09562,-1.17856
0.04536,-1.13292
0.00236,-1.09058
-0.03478,-1.05140
-0.06741,-1.01484
-0.09669,-0.98018
-0.12362,-0.94661
-0.14910,-0.91318
-0.17426,-0.87843
-0.20100,-0.83938
-0.23397,-0.78789
-0.29373,-0.68349
-0.67532,1.35974
-0.65048,1.36099
-0.64044,1.36122
-0.63498,1.36128
-0.63159,1.36130
-0.62931,1.36130
-0.62769,1.36130
-0.62648,1.36129
-0.62555,1.36129
-0.62482,1.36128
-0.62422,1.36128
-0.62373,1.36127
-0.62331,1.36127
-0.62295,1.36126
-0.62264,1.36126
-0.62236,1.36126
0.56789,-1.39289
0.56451,-1.39296
0.55975,-1.39301
0.55281,-1.39299
0.54239,-1.39278
0.52643,-1.39199
0.50199,-1.38968
0.46557,-1.38379
0.41456,-1.37070
0.34963,-1.34628
0.27632,-1.30909
0.20284,-1.26242
0.13564,-1.21200
0.07734,-1.16244
0.02773,-1.11594
-0.01453,-1.07306
-0.05097,-1.03352
-0.08293,-0.99669
-0.11156,-0.96185
-0.13788,-0.92811
-0.16294,-0.89429
-0.18831,-0.85821
-0.21703,-0.81484
-0.25837,-0.74711
-0.64759,1.36105
-0.63174,1.36130
-0.62676,1.36129
-0.62425,1.36128
-0.62277,1.36126
-0.62183,1.36125
-0.62121,1.36124
-0.62078,1.36124
-0.62048,1.36123
-0.62026,1.36123
-0.62009,1.36123
-0.61996,1.36123
-0.61984,1.36122
-0.61975,1.36122
-0.61966,1.36122
-0.61958,1.36122
0.57071,-1.39282
0.56816,-1.39289
0.56466,-1.39295
0.55969,-1.39301
0.55235,-1.39299
0.54119,-1.39274
0.52383,-1.39181
0.49690,-1.38904
0.45646,-1.38186
0.39993,-1.36593
0.32914,-1.33687
0.25155,-1.29437
0.17643,-1.24347
0.10972,-1.19063
0.05292,-1.14005
0.00502,-1.09328
-0.03567,-1.05043
-0.07074,-1.01099
-0.10157,-0.97423
-0.12932,-0.93927
-0.15521,-0.90491
-0.18078,-0.86912
-0.20887,-0.82745
-0.24723,-0.76603
-0.37460,-0.51360
-0.59550,1.36043
-0.60386,1.36080
-0.60748,1.36093
-0.60964,1.36100
-0.61114,1.36104
-0.61225,1.36107
-0.61311,1.36109
-0.61381,1.36111
-0.61439,1.36112
-0.61486,1.36113
-0.61526,1.36114
-0.61558,1.36115
-0.61584,1.36115
-0.61606,1.36116
-0.61623,1.36116
0.57301,-1.39275
0.57105,-1.39281
0.56844,-1.39288
0.56481,-1.39295
0.55959,-1.39301
0.55177,-1.39298
0.53964,-1.39268
0.52042,-1.39154
0.49008,-1.38808
0.44410,-1.37896
0.38027,-1.35884
0.30250,-1.32349
0.22086,-1.27470
0.14524,-1.21964
0.08018,-1.16497
0.02570,-1.11395
-0.01997,-1.06732
-0.05878,-1.02471
-0.09239,-0.98539
-0.12224,-0.94837
-0.14974,-0.91232
-0.17669,-0.87497
-0.20636,-0.83128
-0.24851,-0.76387
-0.40562,1.32870
-0.52508,1.35368
-0.55883,1.35771
-0.57655,1.35925
-0.58707,1.35997
-0.59384,1.36035
-0.59849,1.36058
-0.60185,1.36072
-0.60437,1.36082
-0.60633,1.36089
-0.60787,1.36094
-0.60910,1.36098
-0.61010,1.36101
-0.61091,1.36103
-0.61157,1.36105
-0.61211,1.36106
0.57494,-1.39268
0.57342,-1.39273
0.57143,-1.39280
0.56875,-1.39287
0.56499,-1.39295
0.55950,-1.39301
0.55112,-1.39298
0.53782,-1.39261
0.51624,-1.39119
0.48147,-1.38672
0.42836,-1.37479
0.35570,-1.34891
0.27071,-1.30585
0.18622,-1.25062
0.11155,-1.19217
0.04909,-1.13645
-0.00265,-1.08543
-0.04605,-1.03900
-0.08322,-0.99635
-0.11596,-0.95633
-0.14605,-0.91728
-0.17582,-0.87622
-0.21006,-0.82562
-0.27004,-0.72673
-0.40096,1.32741
-0.46248,1.34260
-0.50192,1.35012
-0.53092,1.35448
-0.55189,1.35700
-0.56676,1.35845
-0.57734,1.35931
-0.58498,1.35984
-0.59063,1.36018
-0.59491,1.36040
-0.59821,1.36056
-0.60081,1.36068
-0.60287,1.36076
-0.60452,1.36082
-0.60586,1.36087
-0.60696,1.36091
0.57660,-1.39261
0.57540,-1.39266
0.57388,-1.39272
0.57187,-1.39278
0.56913,-1.39286
0.56524,-1.39295
0.55946,-1.39301
0.55045,-1.39297
0.53578,-1.39252
0.51127,-1.39071
0.47084,-1.38483
0.40879,-1.36887
0.32604,-1.33538
0.23447,-1.28362
0.14895,-1.22256
0.07663,-1.16179
0.01729,-1.10564
-0.03183,-1.05460
-0.07356,-1.00771
-0.11030,-0.96342
-0.14446,-0.91939
-0.17973,-0.87063
-0.22707,-0.79900
-0.30738,1.29625
-0.38752,1.32353
-0.42801,1.33460
-0.46047,1.34218
-0.48864,1.34779
-0.51292,1.35189
-0.53310,1.35477
-0.54927,1.35672
-0.56191,1.35801
-0.57168,1.35887
-0.57923,1.35945
-0.58510,1.35985
-0.58971,1.36012
-0.59336,1.36032
-0.59627,1.36047
-0.59861,1.36058
-0.60050,1.36066
0.57806,-1.39255
0.57711,-1.39259
0.57592,-1.39264
0.57440,-1.39270
0.57239,-1.39277
0.56961,-1.39285
0.56561,-1.39294
0.55956,-1.39301
0.54988,-1.39296
0.53360,-1.39241
0.50542,-1.39009
0.45770,-1.38214
0.38446,-1.36042
0.29075,-1.31717
0.19418,-1.25633
0.10968,-1.19060
0.04067,-1.12846
-0.01570,-1.07184
-0.06332,-1.01953
-0.10576,-0.96906
-0.14712,-0.91584
-0.19711,-0.84522
-0.23326,1.26425
-0.33271,1.30566
-0.37560,1.31993
-0.40733,1.32918
-0.43428,1.33616
-0.45864,1.34178
-0.48109,1.34637
-0.50160,1.35006
-0.51986,1.35294
-0.53561,1.35509
-0.54883,1.35667
-0.55969,1.35780
-0.56849,1.35860
-0.57558,1.35918
-0.58128,1.35959
-0.58587,1.35989
-0.58957,1.36012
-0.59257,1.36028
0.57937,-1.39249
0.57861,-1.39253
0.57769,-1.39257
0.57653,-1.39262
0.57503,-1.39267
0.57303,-1.39275
0.57025,-1.39283
0.56618,-1.39293
0.55989,-1.39301
0.54951,-1.39295
0.53134,-1.39229
0.49844,-1.38924
0.44095,-1.37817
0.35354,-1.34798
0.24856,-1.29252
0.14940,-1.22291
0.06774,-1.15375
0.00201,-1.09021
-0.05349,-1.03069
-0.10540,-0.96951
-0.16906,-0.88577
-0.15605,1.22288
-0.27302,1.28227
-0.32740,1.30374
-0.36384,1.31622
-0.39214,1.32489
-0.41616,1.33155
-0.43774,1.33700
-0.45780,1.34160
-0.47669,1.34552
-0.49440,1.34882
-0.51074,1.35155
-0.52548,1.35374
-0.53845,1.35545
-0.54963,1.35676
-0.55907,1.35774
-0.56694,1.35847
-0.57344,1.35901
-0.57877,1.35941
-0.58313,1.35972
0.58057,-1.39243
0.57997,-1.39246
0.57925,-1.39250
0.57837,-1.39254
0.57726,-1.39258
0.57581,-1.39264
0.57386,-1.39272
0.57111,-1.39281
0.56704,-1.39291
0.56057,-1.39300
0.54949,-1.39295
0.52897,-1.39215
0.48949,-1.38799
0.41781,-1.37169
0.31167,-1.32824
0.19587,-1.25752
0.09663,-1.17943
0.01726,-1.10561
-0.05299,-1.03125
0.43624,0.26761
0.10179,0.98520
-0.16547,1.22843
-0.26225,1.27759
-0.31555,1.29936
-0.35160,1.31219
-0.37913,1.32101
-0.40197,1.32769
-0.42205,1.33309
-0.44045,1.33764
-0.45774,1.34158
-0.47417,1.34502
-0.48979,1.34800
-0.50451,1.35055
-0.51816,1.35269
-0.53057,1.35444
-0.54163,1.35584
-0.55128,1.35694
-0.55956,1.35779
-0.56656,1.35844
-0.57242,1.35893
0.58169,-1.39238
0.58123,-1.39240
0.58068,-1.39243
0.58002,-1.39246
0.57921,-1.39250
0.57817,-1.39255
0.57680,-1.39260
0.57495,-1.39268
0.57231,-1.39277
0.56832,-1.39288
0.56177,-1.39299
0.54992,-1.39296
0.52611,-1.39197
0.47581,-1.38575
0.37966,-1.35861
0.24522,-1.29044
0.11471,-1.19483
-0.01986,-1.06744
0.44019,0.25647
0.37743,0.42700
0.11846,0.96159
-0.13452,1.20961
-0.24181,1.26830
-0.30026,1.29347
-0.33857,1.30773
-0.36691,1.31720
-0.38972,1.32418
-0.40925,1.32970
-0.42675,1.33429
-0.44293,1.33823
-0.45824,1.34169
-0.47287,1.34476
-0.48691,1.34747
-0.50032,1.34985
-0.51300,1.35190
-0.52478,1.35364
-0.53553,1.35508
-0.54515,1.35625
-0.55359,1.35718
-0.56086,1.35791
0.58277,-1.39232
0.58243,-1.39234
0.58204,-1.39236
0.58156,-1.39238
0.58099,-1.39241
0.58026,-1.39245
0.57933,-1.39249
0.57811,-1.39255
0.57642,-1.39262
0.57398,-1.39271
0.57018,-1.39283
0.56366,-1.39297
0.55079,-1.39297
0.52097,-1.39159
0.44489,-1.37915
0.27828,-1.31021
0.48183,0.13624
0.45009,0.22833
0.42762,0.29171
0.37751,0.42678
0.18328,0.85700
-0.08763,1.17763
-0.21502,1.25528
-0.28220,1.28614
-0.32456,1.30271
-0.35480,1.31327
-0.37839,1.32079
-0.39804,1.32658
-0.41522,1.33130
-0.43080,1.33530
-0.44533,1.33879
-0.45913,1.34189
-0.47240,1.34466
-0.48523,1.34715
-0.49761,1.34938
-0.50946,1.35135
-0.52066,1.35305
-0.53106,1.35450
-0.54053,1.35570
-0.54897,1.35668
0.58384,-1.39226
0.58362,-1.39227
0.58337,-1.39229
0.58306,-1.39230
0.58270,-1.39232
0.58224,-1.39235
0.58166,-1.39238
0.58090,-1.39242
0.57989,-1.39247
0.57847,-1.39253
0.57636,-1.39262
0.57295,-1.39275
0.56660,-1.39292
0.55177,-1.39298
0.50004,-1.38944
0.49223,0.10566
0.45866,0.20374
0.44482,0.24334
0.42678,0.29405
0.38838,0.39826
0.25336,0.72074
-0.02489,1.12684
-0.18168,1.23763
-0.26119,1.27712
-0.30927,1.29697
-0.34236,1.30905
-0.36737,1.31735
-0.38765,1.32357
-0.40496,1.32852
-0.42034,1.33265
-0.43444,1.33620
-0.44766,1.33933
-0.46029,1.34214
-0.47250,1.34468
-0.48439,1.34700
-0.49596,1.34910
-0.50715,1.35098
-0.51786,1.35264
-0.52792,1.35408
-0.53719,1.35529
0.58494,-1.39220
0.58484,-1.39220
0.58473,-1.39221
0.58459,-1.39222
0.58443,-1.39223
0.58422,-1.39224
0.58395,-1.39225
0.58361,-1.39227
0.58315,-1.39230
0.58251,-1.39233
0.58158,-1.39238
0.58015,-1.39245
0.57766,-1.39257
0.57224,-1.39277
0.54758,-1.39292
0.46973,0.17165
0.45640,0.21023
0.44500,0.24283
0.42993,0.28528
0.40086,0.36497
0.31205,0.58945
0.05740,1.04195
-0.13953,1.21278
-0.23631,1.26571
-0.29214,1.29022
-0.32911,1.30436
-0.35618,1.31372
-0.37754,1.32053
-0.39536,1.32582
-0.41087,1.33014
-0.42483,1.33380
-0.43773,1.33699
-0.44991,1.33984
-0.46161,1.34242
-0.47300,1.34478
-0.48416,1.34695
-0.49510,1.34895
-0.50578,1.35076
-0.51607,1.35237
-0.52584,1.35379
0.58610,-1.39213
0.58614,-1.39213
0.58618,-1.39212
0.58622,-1.39212
0.58628,-1.39212
0.58634,-1.39211
0.58641,-1.39211
0.58649,-1.39210
0.58659,-1.39210
0.58674,-1.39209
0.58697,-1.39207
0.58741,-1.39205
0.58841,-1.39198
0.59199,-1.39173
0.67025,-1.38015
0.47110,0.16766
0.45840,0.20449
0.44792,0.23452
0.43507,0.27088
0.41302,0.33199
0.35596,0.48210
0.16008,0.89682
-0.08291,1.17415
-0.20529,1.25030
-0.27203,1.28184
-0.31432,1.29890
-0.34423,1.30969
-0.36718,1.31729
-0.38588,1.32305
-0.40183,1.32765
-0.41593,1.33149
-0.42875,1.33479
-0.44069,1.33770
-0.45205,1.34032
-0.46302,1.34272
-0.47377,1.34494
-0.48437,1.34699
-0.49484,1.34890
-0.50512,1.35065
-0.51509,1.35222
0.58738,-1.39205
0.58756,-1.39204
0.58779,-1.39202
0.58805,-1.39200
0.58836,-1.39198
0.58874,-1.39196
0.58923,-1.39193
0.58985,-1.39188
0.59069,-1.39183
0.59190,-1.39174
0.59379,-1.39160
0.59711,-1.39133
0.60414,-1.39070
0.62482,-1.38827
0.73039,-1.36395
0.48233,0.13479
0.46384,0.18877
0.45307,0.21980
0.44172,0.25215
0.42484,0.29945
0.38849,0.39796
0.26748,0.69051
0.00175,1.10192
-0.16265,1.22678
-0.24633,1.27040
-0.29647,1.29196
-0.33049,1.30486
-0.35577,1.31359
-0.37585,1.32001
-0.39262,1.32503
-0.40718,1.32913
-0.42019,1.33261
-0.43213,1.33563
-0.44332,1.33832
-0.45404,1.34077
-0.46446,1.34302
-0.47473,1.34513
-0.48491,1.34710
-0.49502,1.34893
-0.50500,1.35063
0.58881,-1.39195
0.58919,-1.39193
0.58964,-1.39190
0.59017,-1.39186
0.59082,-1.39182
0.59163,-1.39176
0.59267,-1.39168
0.59405,-1.39158
0.59599,-1.39143
0.59886,-1.39119
0.60346,-1.39077
0.61164,-1.38992
0.62814,-1.38781
0.66543,-1.38119
0.74877,-1.35784
0.91027,-1.28208
0.47626,0.15258
0.46122,0.19635
0.45014,0.22819
0.43680,0.26601
0.41364,0.33028
0.35152,0.49330
0.14017,0.92886
-0.09367,1.18201
-0.20865,1.25204
-0.27212,1.28188
-0.31278,1.29832
-0.34177,1.30884
-0.36409,1.31630
-0.38227,1.32196
-0.39773,1.32649
-0.41131,1.33026
-0.42356,1.33348
-0.43487,1.33630
-0.44554,1.33884
-0.45581,1.34116
-0.46584,1.34331
-0.47577,1.34534
-0.48567,1.34724
-0.49554,1.34902
0.59049,-1.39184
0.59110,-1.39180
0.59183,-1.39175
0.59271,-1.39168
0.59381,-1.39160
0.59520,-1.39149
0.59703,-1.39134
0.59952,-1.39113
0.60307,-1.39080
0.60843,-1.39027
0.61701,-1.38929
0.63161,-1.38730
0.65742,-1.38282
0.70171,-1.37242
0.76854,-1.35069
0.85105,-1.31446
0.95056,-1.25680
0.47894,0.14472
0.46215,0.19365
0.45003,0.22851
0.43462,0.27215
0.40485,0.35419
0.31094,0.59206
0.04841,1.05244
-0.14026,1.21324
-0.23232,1.26380
-0.28595,1.28770
-0.32178,1.30169
-0.34813,1.31103
-0.36888,1.31783
-0.38607,1.32310
-0.40085,1.32738
-0.41393,1.33096
-0.42580,1.33405
-0.43680,1.33677
-0.44720,1.33922
-0.45723,1.34147
-0.46706,1.34357
-0.47681,1.34554
-0.48655,1.34740
0.59248,-1.39170
0.59339,-1.39163
0.59449,-1.39155
0.59583,-1.39144
0.59753,-1.39130
0.59971,-1.39111
0.60262,-1.39085
0.60664,-1.39045
0.61240,-1.38983
0.62102,-1.38878
0.63433,-1.38689
0.65522,-1.38325
0.68733,-1.37616
0.73322,-1.36305
0.79085,-1.34191
0.85219,-1.31389
0.90834,-1.28322
0.95827,-1.25164
1.10136,-1.13399
0.46981,0.17141
0.45557,0.21263
0.43969,0.25789
0.40998,0.34027
0.31349,0.58604
0.03939,1.06263
-0.14611,1.21686
-0.23518,1.26517
-0.28730,1.28825
-0.32242,1.30192
-0.34846,1.31114
-0.36912,1.31790
-0.38633,1.32318
-0.40120,1.32747
-0.41440,1.33108
-0.42638,1.33419
-0.43748,1.33693
-0.44796,1.33940
-0.45805,1.34165
-0.46791,1.34375
-0.47768,1.34571
0.59488,-1.39151
0.59618,-1.39141
0.59775,-1.39128
0.59970,-1.39111
0.60216,-1.39089
0.60538,-1.39058
0.60968,-1.39013
0.61562,-1.38946
0.62405,-1.38838
0.63629,-1.38658
0.65421,-1.38344
0.68012,-1.37790
0.71599,-1.36837
0.76198,-1.35313
0.81487,-1.33161
0.86853,-1.30547
0.91706,-1.27801
0.95723,-1.25235
0.98830,-1.23054
1.01104,-1.21340
1.03502,-1.19417
0.48040,0.14046
0.46031,0.19896
0.44024,0.25633
0.39551,0.37930
0.20460,0.81806
-0.08033,1.17222
-0.20594,1.25064
-0.27065,1.28125
-0.31135,1.29777
-0.34040,1.30837
-0.36296,1.31594
-0.38154,1.32174
-0.39749,1.32643
-0.41161,1.33034
-0.42440,1.33369
-0.43620,1.33662
-0.44727,1.33924
-0.45783,1.34160
-0.46807,1.34378
0.59781,-1.39128
0.59958,-1.39112
0.60174,-1.39093
0.60444,-1.39067
0.60786,-1.39032
0.61232,-1.38984
0.61827,-1.38913
0.62639,-1.38806
0.63764,-1.38636
0.65339,-1.38360
0.67528,-1.37903
0.70493,-1.37153
0.74320,-1.35975
0.78917,-1.34259
0.83963,-1.32009
0.89000,-1.29378
0.93648,-1.26594
0.97723,-1.23852
1.01202,-1.21264
1.04134,-1.18890
1.06574,-1.16767
1.08542,-1.14947
1.10001,-1.13532
1.10786,-1.12747
1.10345,-1.13190
0.51917,0.02796
0.44833,0.23336
0.34303,0.51449
-0.04558,1.14473
-0.20857,1.25199
-0.27821,1.28447
-0.31899,1.30065
-0.34743,1.31079
-0.36955,1.31804
-0.38798,1.32367
-0.40406,1.32827
-0.41851,1.33217
-0.43177,1.33554
-0.44413,1.33851
-0.45579,1.34116
0.60136,-1.39096
0.60371,-1.39074
0.60657,-1.39046
0.61014,-1.39008
0.61466,-1.38957
0.62051,-1.38885
0.62822,-1.38780
0.63855,-1.38621
0.65252,-1.38376
0.67140,-1.37990
0.69658,-1.37379
0.72912,-1.36436
0.76914,-1.35046
0.81519,-1.33147
0.86421,-1.30774
0.91264,-1.28066
0.95785,-1.25193
0.99868,-1.22285
1.03498,-1.19421
1.06695,-1.16657
1.09468,-1.14055
1.11813,-1.11692
1.13728,-1.09642
1.15234,-1.07949
1.16372,-1.06619
1.17188,-1.05637
1.17699,-1.05011
1.17826,-1.04854
1.17052,-1.05802
1.12162,-1.11327
0.33600,0.53182
-0.14618,1.21690
-0.26338,1.27809
-0.31491,1.29912
-0.34676,1.31056
-0.37042,1.31831
-0.38995,1.32425
-0.40709,1.32911
-0.42268,1.33325
-0.43714,1.33685
0.60561,-1.39055
0.60861,-1.39025
0.61227,-1.38985
0.61678,-1.38932
0.62246,-1.38859
0.62973,-1.38758
0.63918,-1.38611
0.65161,-1.38393
0.66804,-1.38063
0.68968,-1.37557
0.71763,-1.36788
0.75253,-1.35653
0.79394,-1.34063
0.84001,-1.31991
0.88784,-1.29499
0.93452,-1.26719
0.97814,-1.23787
1.01788,-1.20804
1.05352,-1.17848
1.08493,-1.14994
1.11185,-1.12341
1.13409,-1.09991
1.15174,-1.08017
1.16531,-1.06430
1.17553,-1.05190
1.18320,-1.04236
1.18897,-1.03504
1.19332,-1.02944
1.19654,-1.02526
1.19865,-1.02249
1.19920,-1.02177
1.19574,-1.02631
1.16134,-1.06900
0.26336,0.69941
-0.21228,1.25389
-0.29874,1.29287
-0.33974,1.30814
-0.36693,1.31721
-0.38853,1.32383
-0.40740,1.32919
0.61059,-1.39003
0.61428,-1.38961
0.61874,-1.38907
0.62422,-1.38836
0.63103,-1.38739
0.63965,-1.38603
0.65073,-1.38410
0.66509,-1.38126
0.68376,-1.37703
0.70786,-1.37071
0.73825,-1.36140
0.77515,-1.34817
0.81762,-1.33037
0.86350,-1.30811
0.91000,-1.28223
0.95476,-1.25400
0.99637,-1.22457
1.03427,-1.19480
1.06822,-1.16542
1.09795,-1.13736
1.12311,-1.11170
1.14353,-1.08948
1.15945,-1.07122
1.17151,-1.05682
1.18053,-1.04571
1.18729,-1.03719
1.19242,-1.03061
1.19641,-1.02543
1.19956,-1.02129
1.20211,-1.01792
1.20417,-1.01517
1.20580,-1.01298
1.20690,-1.01150
1.20702,-1.01134
1.20399,-1.01541
1.16672,-1.06260
0.00782,1.09591
-0.26271,1.27780
-0.32597,1.30323
-0.35984,1.31492
0.61622,-1.38938
0.62060,-1.38884
0.62584,-1.38813
0.63221,-1.38721
0.64007,-1.38596
0.64994,-1.38424
0.66251,-1.38180
0.67866,-1.37825
0.69942,-1.37304
0.72579,-1.36540
0.75840,-1.35444
0.79700,-1.33935
0.84018,-1.31982
0.88552,-1.29628
0.93045,-1.26976
0.97307,-1.24145
1.01241,-1.21234
1.04813,-1.18313
1.08003,-1.15455
1.10780,-1.12753
1.13109,-1.10317
1.14981,-1.08238
1.16428,-1.06552
1.17518,-1.05233
1.18333,-1.04220
1.18944,-1.03444
1.19410,-1.02843
1.19773,-1.02369
1.20063,-1.01988
1.20299,-1.01674
1.20497,-1.01410
1.20664,-1.01185
1.20809,-1.00990
1.20932,-1.00823
1.21033,-1.00686
1.21098,-1.00598
1.21076,-1.00628
1.20686,-1.01156
0.50942,0.05551
-0.17023,1.23117
0.62237,-1.38860
0.62737,-1.38792
0.63331,-1.38704
0.64048,-1.38590
0.64930,-1.38436
0.66031,-1.38224
0.67429,-1.37925
0.69215,-1.37494
0.71492,-1.36868
0.74347,-1.35966
0.77810,-1.34702
0.81810,-1.33016
0.86160,-1.30909
0.90605,-1.28457
0.94915,-1.25773
0.98947,-1.22968
1.02645,-1.20119
1.05992,-1.17286
1.08972,-1.14536
1.11556,-1.11960
1.13711,-1.09661
1.15434,-1.07718
1.16763,-1.06151
1.17765,-1.04929
1.18515,-1.03991
1.19081,-1.03269
1.19514,-1.02709
1.19852,-1.02266
1.20123,-1.01908
1.20345,-1.01613
1.20530,-1.01366
1.20687,-1.01155
1.20822,-1.00972
1.20941,-1.00811
1.21047,-1.00667
1.21141,-1.00538
1.21225,-1.00424
1.21293,-1.00330
1.21330,-1.00280
1.21264,-1.00370
0.62884,-1.38771
0.63438,-1.38688
0.64092,-1.38582
0.64881,-1.38445
0.65849,-1.38261
0.67059,-1.38008
0.68594,-1.37650
0.70550,-1.37137
0.73027,-1.36399
0.76094,-1.35351
0.79741,-1.33918
0.83847,-1.32065
0.88187,-1.29829
0.92508,-1.27310
0.96615,-1.24626
1.00414,-1.21871
1.03878,-1.19105
1.07006,-1.16376
1.09785,-1.13745
1.12188,-1.11300
1.14187,-1.09134
1.15783,-1.07313
1.17014,-1.05848
1.17945,-1.04705
1.18646,-1.03825
1.19177,-1.03145
1.19586,-1.02615
1.19907,-1.02193
1.20165,-1.01852
1.20377,-1.01571
1.20553,-1.01335
1.20703,-1.01134
1.20831,-1.00960
1.20943,-1.00809
1.21041,-1.00675
1.21128,-1.00556
1.21207,-1.00449
1.21279,-1.00349
1.21347,-1.00257
1.21408,-1.00173
0.63542,-1.38671
0.64141,-1.38574
0.64848,-1.38451
0.65700,-1.38290
0.66751,-1.38075
0.68069,-1.37777
0.69744,-1.37356
0.71876,-1.36754
0.74556,-1.35895
0.77828,-1.34695
0.81638,-1.33093
0.85812,-1.31088
0.90101,-1.28751
0.94267,-1.26197
0.98160,-1.23539
1.01726,-1.20853
1.04965,-1.18182
1.07886,-1.15564
1.10480,-1.13055
1.12719,-1.10737
1.14579,-1.08694
1.16065,-1.06981
1.17215,-1.05605
1.18088,-1.04528
1.18748,-1.03695
1.19252,-1.03049
1.19641,-1.02542
1.19949,-1.02138
1.20197,-1.01809
1.20401,-1.01538
1.20572,-1.01309
1.20716,-1.01115
1.20840,-1.00948
1.20947,-1.00802
1.21041,-1.00675
1.21123,-1.00563
1.21196,-1.00464
1.21261,-1.00374
1.21321,-1.00292
1.21377,-1.00216
0.64193,-1.38565
0.64829,-1.38454
0.65583,-1.38313
0.66497,-1.38128
0.67631,-1.37879
0.69062,-1.37533
0.70885,-1.37043
0.73201,-1.36343
0.76089,-1.35353
0.79558,-1.33995
0.83502,-1.32231
0.87703,-1.30093
0.91901,-1.27682
0.95889,-1.25123
0.99562,-1.22513
1.02902,-1.19910
1.05930,-1.17341
1.08659,-1.14836
1.11082,-1.12446
1.13174,-1.10247
1.14912,-1.08317
1.16302,-1.06701
1.17382,-1.05401
1.18206,-1.04380
1.18832,-1.03587
1.19313,-1.02970
1.19687,-1.02483
1.19984,-1.02092
1.20224,-1.01774
1.20422,-1.01510
1.20588,-1.01288
1.20729,-1.01098
1.20849,-1.00935
1.20954,-1.00794
1.21044,-1.00671
1.21123,-1.00563
1.21193,-1.00468
1.21255,-1.00383
1.21310,-1.00308
1.21359,-1.00240
