-0.64560,1.36112
-0.64555,1.36112
-0.64548,1.36113
-0.64541,1.36113
-0.64532,1.36113
-0.64522,1.36113
-0.64509,1.36113
-0.64495,1.36114
-0.64476,1.36114
-0.64454,1.36115
-0.64426,1.36115
-0.64391,1.36116
-0.64347,1.36117
-0.64290,1.36118
-0.64217,1.36119
-0.64124,1.36121
-0.64010,1.36123
-0.63873,1.36125
-0.63715,1.36127
-0.63544,1.36128
-0.63363,1.36129
-0.63179,1.36130
-0.62994,1.36130
-0.62810,1.36130
-0.62634,1.36129
-0.62472,1.36128
-0.62335,1.36127
-0.62227,1.36126
-0.62148,1.36125
-0.62090,1.36124
-0.62047,1.36123
-0.62016,1.36123
-0.61993,1.36123
-0.61975,1.36122
-0.61960,1.36122
-0.61948,1.36122
-0.61937,1.36122
-0.61928,1.36122
-0.61919,1.36121
-0.61911,1.36121
-0.64565,1.36112
-0.64558,1.36112
-0.64550,1.36113
-0.64542,1.36113
-0.64533,1.36113
-0.64522,1.36113
-0.64510,1.36113
-0.64495,1.36114
-0.64477,1.36114
-0.64455,1.36115
-0.64427,1.36115
-0.64392,1.36116
-0.64347,1.36117
-0.64289,1.36118
-0.64215,1.36119
-0.64121,1.36121
-0.64003,1.36123
-0.63861,1.36125
-0.63698,1.36127
-0.63519,1.36128
-0.63331,1.36129
-0.63139,1.36130
-0.62947,1.36130
-0.62758,1.36130
-0.62581,1.36129
-0.62424,1.36128
-0.62295,1.36126
-0.62196,1.36125
-0.62124,1.36124
-0.62071,1.36124
-0.62033,1.36123
-0.62004,1.36123
-0.61982,1.36122
-0.61965,1.36122
-0.61950,1.36122
-0.61938,1.36122
-0.61928,1.36122
-0.61918,1.36121
-0.61910,1.36121
-0.61902,1.36121
-0.64576,1.36112
-0.64566,1.36112
-0.64556,1.36112
-0.64546,1.36113
-0.64536,1.36113
-0.64525,1.36113
-0.64512,1.36113
-0.64496,1.36114
-0.64478,1.36114
-0.64455,1.36115
-0.64427,1.36115
-0.64392,1.36116
-0.64347,1.36117
-0.64289,1.36118
-0.64213,1.36119
-0.64116,1.36121
-0.63995,1.36123
-0.63848,1.36125
-0.63678,1.36127
-0.63491,1.36129
-0.63294,1.36130
-0.63094,1.36130
-0.62895,1.36130
-0.62703,1.36130
-0.62527,1.36128
-0.62376,1.36127
-0.62256,1.36126
-0.62166,1.36125
-0.62101,1.36124
-0.62053,1.36123
-0.62018,1.36123
-0.61991,1.36123
-0.61970,1.36122
-0.61954,1.36122
-0.61940,1.36122
-0.61928,1.36122
-0.61917,1.36121
-0.61908,1.36121
-0.61900,1.36121
-0.61892,1.36121
-0.64598,1.36111
-0.64583,1.36112
-0.64569,1.36112
-0.64557,1.36112
-0.64544,1.36113
-0.64531,1.36113
-0.64516,1.36113
-0.64500,1.36114
-0.64480,1.36114
-0.64457,1.36115
-0.64428,1.36115
-0.64393,1.36116
-0.64347,1.36117
-0.64287,1.36118
-0.64210,1.36120
-0.64110,1.36121
-0.63984,1.36123
-0.63831,1.36125
-0.63653,1.36127
-0.63457,1.36129
-0.63252,1.36130
-0.63043,1.36130
-0.62839,1.36130
-0.62645,1.36129
-0.62473,1.36128
-0.62330,1.36127
-0.62219,1.36126
-0.62138,1.36125
-0.62078,1.36124
-0.62035,1.36123
-0.62002,1.36123
-0.61977,1.36122
-0.61958,1.36122
-0.61942,1.36122
-0.61928,1.36122
-0.61917,1.36121
-0.61906,1.36121
-0.61897,1.36121
-0.61889,1.36121
-0.61881,1.36121
-0.64583,1.36112
-0.64607,1.36111
-0.64593,1.36112
-0.64576,1.36112
-0.64560,1.36112
-0.64543,1.36113
-0.64526,1.36113
-0.64507,1.36114
-0.64486,1.36114
-0.64461,1.36115
-0.64431,1.36115
-0.64393,1.36116
-0.64346,1.36117
-0.64285,1.36118
-0.64205,1.36120
-0.64101,1.36121
-0.63970,1.36123
-0.63809,1.36125
-0.63622,1.36127
-0.63417,1.36129
-0.63202,1.36130
-0.62986,1.36130
-0.62777,1.36130
-0.62584,1.36129
-0.62418,1.36128
-0.62285,1.36126
-0.62184,1.36125
-0.62110,1.36124
-0.62056,1.36123
-0.62016,1.36123
-0.61986,1.36122
-0.61963,1.36122
-0.61944,1.36122
-0.61929,1.36122
-0.61916,1.36121
-0.61904,1.36121
-0.61895,1.36121
-0.61886,1.36121
-0.61878,1.36121
-0.61871,1.36121
0.55878,-1.39301
0.53626,-1.39254
0.45649,-1.38187
-0.64537,1.36113
-0.64571,1.36112
-0.64560,1.36112
-0.64541,1.36113
-0.64519,1.36113
-0.64495,1.36114
-0.64467,1.36114
-0.64435,1.36115
-0.64395,1.36116
-0.64344,1.36117
-0.64280,1.36118
-0.64196,1.36120
-0.64088,1.36122
-0.63949,1.36124
-0.63780,1.36126
-0.63583,1.36128
-0.63367,1.36129
-0.63142,1.36130
-0.62920,1.36130
-0.62709,1.36130
-0.62521,1.36128
-0.62364,1.36127
-0.62241,1.36126
-0.62150,1.36125
-0.62083,1.36124
-0.62034,1.36123
-0.61997,1.36123
-0.61969,1.36122
-0.61947,1.36122
-0.61929,1.36122
-0.61915,1.36121
-0.61902,1.36121
-0.61892,1.36121
-0.61882,1.36121
-0.61874,1.36121
-0.61867,1.36121
-0.61860,1.36120
0.57788,-1.39256
0.57315,-1.39274
0.56610,-1.39293
0.55487,-1.39301
0.53509,-1.39249
0.48657,-1.38755
-0.64320,1.36117
-0.64494,1.36114
-0.64492,1.36114
-0.64469,1.36114
-0.64435,1.36115
-0.64392,1.36116
-0.64338,1.36117
-0.64269,1.36118
-0.64179,1.36120
-0.64063,1.36122
-0.63916,1.36124
-0.63736,1.36126
-0.63527,1.36128
-0.63301,1.36130
-0.63069,1.36130
-0.62843,1.36130
-0.62636,1.36129
-0.62457,1.36128
-0.62311,1.36127
-0.62199,1.36125
-0.62117,1.36124
-0.62056,1.36123
-0.62011,1.36123
-0.61977,1.36122
-0.61951,1.36122
-0.61930,1.36122
-0.61913,1.36121
-0.61900,1.36121
-0.61888,1.36121
-0.61879,1.36121
-0.61870,1.36121
-0.61863,1.36120
-0.61856,1.36120
-0.61850,1.36120
0.58352,-1.39228
0.58152,-1.39238
0.57874,-1.39252
0.57510,-1.39267
0.57027,-1.39283
0.56361,-1.39297
0.55410,-1.39301
0.53997,-1.39270
0.51651,-1.39121
0.46451,-1.38358
-0.63959,1.36124
-0.64276,1.36118
-0.64269,1.36118
-0.64212,1.36119
-0.64123,1.36121
-0.64002,1.36123
-0.63847,1.36125
-0.63657,1.36127
-0.63440,1.36129
-0.63208,1.36130
-0.62975,1.36130
-0.62755,1.36130
-0.62559,1.36129
-0.62393,1.36127
-0.62260,1.36126
-0.62159,1.36125
-0.62084,1.36124
-0.62028,1.36123
-0.61986,1.36122
-0.61955,1.36122
-0.61931,1.36122
-0.61912,1.36121
-0.61897,1.36121
-0.61884,1.36121
-0.61874,1.36121
-0.61865,1.36121
-0.61858,1.36120
-0.61851,1.36120
-0.61845,1.36120
-0.61840,1.36120
0.58538,-1.39217
0.58457,-1.39222
0.58332,-1.39229
0.58152,-1.39238
0.57914,-1.39250
0.57614,-1.39263
0.57241,-1.39277
0.56771,-1.39290
0.56170,-1.39299
0.55394,-1.39300
0.54392,-1.39283
0.53086,-1.39226
0.51317,-1.39090
0.48733,-1.38766
0.44246,-1.37855
0.31364,-1.32924
-0.63465,1.36129
-0.63418,1.36129
-0.63258,1.36130
-0.63060,1.36130
-0.62854,1.36130
-0.62658,1.36129
-0.62482,1.36128
-0.62333,1.36127
-0.62212,1.36125
-0.62120,1.36124
-0.62050,1.36123
-0.61998,1.36123
-0.61960,1.36122
-0.61931,1.36122
-0.61909,1.36121
-0.61893,1.36121
-0.61879,1.36121
-0.61868,1.36121
-0.61859,1.36120
-0.61852,1.36120
-0.61845,1.36120
-0.61840,1.36120
-0.61835,1.36120
-0.61830,1.36120
0.58599,-1.39213
0.58562,-1.39216
0.58504,-1.39219
0.58415,-1.39224
0.58288,-1.39231
0.58116,-1.39240
0.57897,-1.39251
0.57627,-1.39263
0.57296,-1.39275
0.56892,-1.39287
0.56394,-1.39297
0.55781,-1.39301
0.55027,-1.39296
0.54095,-1.39273
0.52929,-1.39217
0.51421,-1.39100
0.49357,-1.38858
0.46266,-1.38320
0.40790,-1.36858
0.24229,-1.28860
-0.62715,1.36130
-0.62565,1.36129
-0.62415,1.36128
-0.62280,1.36126
-0.62167,1.36125
-0.62080,1.36124
-0.62014,1.36123
-0.61966,1.36122
-0.61931,1.36122
-0.61906,1.36121
-0.61887,1.36121
-0.61873,1.36121
-0.61862,1.36120
-0.61852,1.36120
-0.61845,1.36120
-0.61839,1.36120
-0.61833,1.36120
-0.61828,1.36120
-0.61824,1.36120
-0.61821,1.36120
0.58625,-1.39212
0.58604,-1.39213
0.58572,-1.39215
0.58524,-1.39218
0.58451,-1.39222
0.58348,-1.39228
0.58209,-1.39236
0.58029,-1.39245
0.57804,-1.39255
0.57526,-1.39267
0.57183,-1.39279
0.56757,-1.39290
0.56230,-1.39299
0.55576,-1.39301
0.54760,-1.39292
0.53735,-1.39259
0.52426,-1.39184
0.50711,-1.39028
0.48385,-1.38712
0.45024,-1.38044
0.39428,-1.36398
0.24687,-1.29147
-0.62404,1.36127
-0.62243,1.36126
-0.62125,1.36124
-0.62037,1.36123
-0.61974,1.36122
-0.61931,1.36122
-0.61901,1.36121
-0.61880,1.36121
-0.61864,1.36120
-0.61853,1.36120
-0.61844,1.36120
-0.61836,1.36120
-0.61830,1.36120
-0.61825,1.36120
-0.61821,1.36120
-0.61817,1.36120
-0.61813,1.36120
-0.61811,1.36120
0.58639,-1.39211
0.58626,-1.39212
0.58606,-1.39213
0.58575,-1.39215
0.58530,-1.39218
0.58463,-1.39221
0.58368,-1.39227
0.58240,-1.39234
0.58074,-1.39242
0.57863,-1.39252
0.57599,-1.39264
0.57266,-1.39276
0.56846,-1.39288
0.56315,-1.39298
0.55643,-1.39301
0.54795,-1.39292
0.53720,-1.39258
0.52353,-1.39178
0.50600,-1.39015
0.48309,-1.38699
0.45182,-1.38081
0.40417,-1.36736
0.30574,-1.32518
-0.62277,1.36126
-0.62082,1.36124
-0.61986,1.36122
-0.61928,1.36122
-0.61892,1.36121
-0.61869,1.36121
-0.61852,1.36120
-0.61841,1.36120
-0.61832,1.36120
-0.61825,1.36120
-0.61819,1.36120
-0.61814,1.36120
-0.61811,1.36120
-0.61807,1.36120
-0.61804,1.36119
-0.61802,1.36119
-0.61800,1.36119
0.58649,-1.39210
0.58640,-1.39211
0.58626,-1.39212
0.58605,-1.39213
0.58574,-1.39215
0.58528,-1.39218
0.58461,-1.39222
0.58365,-1.39227
0.58236,-1.39234
0.58066,-1.39243
0.57849,-1.39253
0.57572,-1.39265
0.57218,-1.39277
0.56763,-1.39290
0.56180,-1.39299
0.55432,-1.39301
0.54480,-1.39285
0.53273,-1.39237
0.51752,-1.39130
0.49832,-1.38922
0.47370,-1.38536
0.44034,-1.37801
0.38846,-1.36189
0.27096,-1.30600
-0.62036,1.36123
-0.61924,1.36121
-0.61876,1.36121
-0.61850,1.36120
-0.61834,1.36120
-0.61822,1.36120
-0.61814,1.36120
-0.61808,1.36120
-0.61804,1.36119
-0.61800,1.36119
-0.61797,1.36119
-0.61795,1.36119
-0.61792,1.36119
-0.61791,1.36119
-0.61789,1.36119
-0.61788,1.36119
0.58657,-1.39210
0.58650,-1.39210
0.58640,-1.39211
0.58625,-1.39212
0.58604,-1.39213
0.58571,-1.39215
0.58522,-1.39218
0.58450,-1.39222
0.58347,-1.39228
0.58207,-1.39236
0.58023,-1.39245
0.57783,-1.39256
0.57474,-1.39269
0.57073,-1.39282
0.56552,-1.39294
0.55875,-1.39301
0.55002,-1.39296
0.53890,-1.39265
0.52490,-1.39188
0.50743,-1.39031
0.48554,-1.38739
0.45715,-1.38202
0.41658,-1.37132
0.34320,-1.34341
-0.61910,1.36121
-0.61834,1.36120
-0.61810,1.36120
-0.61797,1.36119
-0.61790,1.36119
-0.61785,1.36119
-0.61782,1.36119
-0.61780,1.36119
-0.61778,1.36119
-0.61777,1.36119
-0.61776,1.36119
-0.61776,1.36119
-0.61775,1.36119
-0.61774,1.36119
-0.61774,1.36119
-0.61774,1.36119
0.58663,-1.39209
0.58658,-1.39210
0.58650,-1.39210
0.58640,-1.39211
0.58624,-1.39212
0.58601,-1.39213
0.58566,-1.39215
0.58512,-1.39219
0.58431,-1.39223
0.58317,-1.39230
0.58159,-1.39238
0.57950,-1.39248
0.57676,-1.39261
0.57316,-1.39274
0.56844,-1.39288
0.56223,-1.39299
0.55411,-1.39301
0.54362,-1.39282
0.53031,-1.39223
0.51367,-1.39095
0.49290,-1.38849
0.46628,-1.38394
0.42903,-1.37497
0.36450,-1.35260
0.10832,-1.18945
-0.61647,1.36116
-0.61692,1.36117
-0.61711,1.36118
-0.61722,1.36118
-0.61730,1.36118
-0.61736,1.36118
-0.61740,1.36118
-0.61744,1.36118
-0.61747,1.36118
-0.61750,1.36118
-0.61752,1.36119
-0.61753,1.36119
-0.61755,1.36119
-0.61756,1.36119
-0.61757,1.36119
0.58668,-1.39209
0.58664,-1.39209
0.58658,-1.39210
0.58651,-1.39210
0.58639,-1.39211
0.58623,-1.39212
0.58598,-1.39213
0.58559,-1.39216
0.58498,-1.39219
0.58407,-1.39225
0.58275,-1.39232
0.58093,-1.39241
0.57849,-1.39253
0.57526,-1.39267
0.57097,-1.39281
0.56525,-1.39294
0.55765,-1.39301
0.54766,-1.39292
0.53476,-1.39247
0.51841,-1.39138
0.49778,-1.38915
0.47098,-1.38485
0.43271,-1.37599
0.36209,-1.35161
-0.60121,1.36069
-0.61211,1.36106
-0.61434,1.36112
-0.61540,1.36114
-0.61600,1.36116
-0.61638,1.36116
-0.61663,1.36117
-0.61681,1.36117
-0.61695,1.36117
-0.61705,1.36118
-0.61713,1.36118
-0.61720,1.36118
-0.61725,1.36118
-0.61729,1.36118
-0.61732,1.36118
-0.61735,1.36118
0.58672,-1.39209
0.58669,-1.39209
0.58665,-1.39209
0.58659,-1.39210
0.58651,-1.39210
0.58639,-1.39211
0.58622,-1.39212
0.58594,-1.39214
0.58550,-1.39216
0.58481,-1.39220
0.58375,-1.39226
0.58221,-1.39235
0.58007,-1.39246
0.57717,-1.39259
0.57328,-1.39274
0.56804,-1.39289
0.56095,-1.39300
0.55141,-1.39298
0.53878,-1.39265
0.52232,-1.39169
0.50091,-1.38955
0.47197,-1.38504
0.42726,-1.37447
0.31998,-1.33242
-0.60066,1.36067
-0.60710,1.36092
-0.61041,1.36102
-0.61252,1.36107
-0.61390,1.36111
-0.61482,1.36113
-0.61545,1.36114
-0.61588,1.36115
-0.61620,1.36116
-0.61644,1.36116
-0.61662,1.36117
-0.61676,1.36117
-0.61687,1.36117
-0.61695,1.36117
-0.61703,1.36118
-0.61708,1.36118
0.58676,-1.39209
0.58673,-1.39209
0.58670,-1.39209
0.58666,-1.39209
0.58660,-1.39210
0.58651,-1.39210
0.58639,-1.39211
0.58620,-1.39212
0.58590,-1.39214
0.58540,-1.39217
0.58460,-1.39222
0.58335,-1.39229
0.58152,-1.39238
0.57896,-1.39251
0.57545,-1.39266
0.57067,-1.39282
0.56410,-1.39296
0.55503,-1.39301
0.54258,-1.39279
0.52561,-1.39193
0.50222,-1.38971
0.46750,-1.38418
0.40027,-1.36605
-0.58667,1.35994
-0.59899,1.36060
-0.60371,1.36079
-0.60692,1.36091
-0.60936,1.36099
-0.61124,1.36104
-0.61267,1.36108
-0.61374,1.36110
-0.61453,1.36112
-0.61511,1.36114
-0.61556,1.36115
-0.61589,1.36115
-0.61615,1.36116
-0.61635,1.36116
-0.61651,1.36117
-0.61664,1.36117
-0.61674,1.36117
0.58679,-1.39208
0.58677,-1.39209
0.58674,-1.39209
0.58671,-1.39209
0.58667,-1.39209
0.58661,-1.39210
0.58652,-1.39210
0.58639,-1.39211
0.58619,-1.39212
0.58586,-1.39214
0.58529,-1.39218
0.58434,-1.39223
0.58284,-1.39231
0.58062,-1.39243
0.57750,-1.39257
0.57316,-1.39274
0.56710,-1.39291
0.55852,-1.39301
0.54619,-1.39289
0.52811,-1.39210
0.50001,-1.38944
0.44569,-1.37935
-0.57097,1.35881
-0.59105,1.36020
-0.59743,1.36053
-0.60141,1.36070
-0.60437,1.36082
-0.60675,1.36090
-0.60873,1.36097
-0.61038,1.36102
-0.61174,1.36105
-0.61284,1.36108
-0.61371,1.36110
-0.61439,1.36112
-0.61493,1.36113
-0.61534,1.36114
-0.61567,1.36115
-0.61593,1.36115
-0.61614,1.36116
-0.61631,1.36116
0.58682,-1.39208
0.58680,-1.39208
0.58678,-1.39209
0.58676,-1.39209
0.58672,-1.39209
0.58668,-1.39209
0.58662,-1.39210
0.58653,-1.39210
0.58640,-1.39211
0.58618,-1.39212
0.58581,-1.39214
0.58515,-1.39218
0.58400,-1.39225
0.58216,-1.39235
0.57941,-1.39249
0.57548,-1.39266
0.56989,-1.39284
0.56174,-1.39299
0.54928,-1.39295
0.52830,-1.39211
0.47930,-1.38636
-0.55018,1.35682
-0.57994,1.35950
-0.59017,1.36015
-0.59580,1.36045
-0.59958,1.36062
-0.60242,1.36074
-0.60472,1.36083
-0.60667,1.36090
-0.60836,1.36096
-0.60982,1.36100
-0.61108,1.36104
-0.61214,1.36107
-0.61303,1.36109
-0.61376,1.36111
-0.61435,1.36112
-0.61483,1.36113
-0.61522,1.36114
-0.61553,1.36115
-0.61578,1.36115
0.58684,-1.39208
0.58683,-1.39208
0.58681,-1.39208
0.58680,-1.39208
0.58677,-1.39209
0.58674,-1.39209
0.58670,-1.39209
0.58664,-1.39209
0.58655,-1.39210
0.58642,-1.39211
0.58618,-1.39212
0.58576,-1.39215
0.58497,-1.39219
0.58353,-1.39228
0.58116,-1.39240
0.57756,-1.39257
0.57225,-1.39277
0.56409,-1.39296
0.54943,-1.39295
-0.18941,1.24187
-0.46665,1.34348
-0.55293,1.35711
-0.57764,1.35933
-0.58814,1.36003
-0.59401,1.36036
-0.59790,1.36055
-0.60078,1.36068
-0.60307,1.36077
-0.60500,1.36084
-0.60667,1.36090
-0.60814,1.36095
-0.60945,1.36099
-0.61061,1.36102
-0.61162,1.36105
-0.61249,1.36107
-0.61324,1.36109
-0.61386,1.36111
-0.61438,1.36112
-0.61481,1.36113
-0.61516,1.36114
0.58687,-1.39208
0.58686,-1.39208
0.58685,-1.39208
0.58683,-1.39208
0.58681,-1.39208
0.58679,-1.39208
0.58676,-1.39209
0.58672,-1.39209
0.58666,-1.39209
0.58658,-1.39210
0.58644,-1.39211
0.58619,-1.39212
0.58570,-1.39215
0.58470,-1.39221
0.58274,-1.39232
0.57930,-1.39249
0.57349,-1.39273
0.55768,-1.39301
-0.17532,1.23407
-0.31302,1.29841
-0.46092,1.34227
-0.54374,1.35609
-0.57301,1.35898
-0.58535,1.35986
-0.59200,1.36025
-0.59624,1.36047
-0.59927,1.36061
-0.60164,1.36071
-0.60358,1.36079
-0.60525,1.36085
-0.60671,1.36090
-0.60803,1.36095
-0.60922,1.36098
-0.61029,1.36101
-0.61124,1.36104
-0.61209,1.36106
-0.61283,1.36108
-0.61347,1.36110
-0.61401,1.36111
-0.61446,1.36112
0.58689,-1.39208
0.58688,-1.39208
0.58688,-1.39208
0.58686,-1.39208
0.58685,-1.39208
0.58684,-1.39208
0.58682,-1.39208
0.58679,-1.39208
0.58675,-1.39209
0.58670,-1.39209
0.58662,-1.39210
0.58648,-1.39210
0.58621,-1.39212
0.58560,-1.39216
0.58408,-1.39225
0.58028,-1.39245
0.08339,1.00977
-0.13416,1.20938
-0.21640,1.25597
-0.31292,1.29837
-0.43739,1.33691
-0.52906,1.35423
-0.56644,1.35842
-0.58183,1.35963
-0.58969,1.36012
-0.59449,1.36038
-0.59781,1.36054
-0.60031,1.36066
-0.60232,1.36074
-0.60401,1.36081
-0.60548,1.36086
-0.60680,1.36090
-0.60799,1.36094
-0.60908,1.36098
-0.61007,1.36101
-0.61098,1.36103
-0.61180,1.36106
-0.61253,1.36108
-0.61317,1.36109
-0.61372,1.36110
0.58691,-1.39208
0.58691,-1.39208
0.58690,-1.39208
0.58690,-1.39208
0.58689,-1.39208
0.58688,-1.39208
0.58687,-1.39208
0.58685,-1.39208
0.58683,-1.39208
0.58680,-1.39208
0.58675,-1.39209
0.58668,-1.39209
0.58654,-1.39210
0.58623,-1.39212
0.58518,-1.39218
0.17927,0.86407
-0.09008,1.17942
-0.15720,1.22356
-0.21880,1.25717
-0.29778,1.29248
-0.40735,1.32918
-0.50869,1.35123
-0.55753,1.35759
-0.57741,1.35932
-0.58702,1.35996
-0.59259,1.36028
-0.59630,1.36047
-0.59901,1.36060
-0.60113,1.36069
-0.60289,1.36076
-0.60439,1.36082
-0.60571,1.36087
-0.60690,1.36091
-0.60800,1.36094
-0.60901,1.36098
-0.60994,1.36100
-0.61081,1.36103
-0.61160,1.36105
-0.61231,1.36107
-0.61294,1.36109
0.58694,-1.39208
0.58694,-1.39208
0.58693,-1.39208
0.58693,-1.39208
0.58693,-1.39208
0.58692,-1.39208
0.58692,-1.39208
0.58691,-1.39208
0.58690,-1.39208
0.58689,-1.39208
0.58687,-1.39208
0.58683,-1.39208
0.58678,-1.39209
0.58666,-1.39209
0.58614,-1.39212
-0.01781,1.12044
-0.10256,1.18831
-0.15645,1.22312
-0.20962,1.25253
-0.27729,1.28408
-0.37381,1.31937
-0.48156,1.34646
-0.54526,1.35626
-0.57171,1.35887
-0.58380,1.35976
-0.59046,1.36017
-0.59470,1.36039
-0.59769,1.36054
-0.59998,1.36064
-0.60182,1.36072
-0.60337,1.36078
-0.60472,1.36083
-0.60593,1.36087
-0.60702,1.36091
-0.60804,1.36095
-0.60899,1.36098
-0.60988,1.36100
-0.61070,1.36103
-0.61147,1.36105
-0.61217,1.36107
0.58696,-1.39207
0.58697,-1.39207
0.58697,-1.39207
0.58697,-1.39207
0.58697,-1.39207
0.58697,-1.39207
0.58697,-1.39207
0.58697,-1.39207
0.58698,-1.39207
0.58698,-1.39207
0.58698,-1.39207
0.58699,-1.39207
0.58702,-1.39207
0.58709,-1.39207
0.58900,-1.39194
-0.00752,1.11085
-0.09155,1.18048
-0.14398,1.21554
-0.19334,1.24399
-0.25309,1.27350
-0.33753,1.30736
-0.44611,1.33897
-0.52755,1.35403
-0.56392,1.35820
-0.57973,1.35948
-0.58792,1.36002
-0.59289,1.36030
-0.59627,1.36047
-0.59878,1.36059
-0.60076,1.36068
-0.60240,1.36074
-0.60379,1.36080
-0.60502,1.36084
-0.60613,1.36088
-0.60715,1.36092
-0.60811,1.36095
-0.60901,1.36098
-0.60986,1.36100
-0.61065,1.36102
-0.61140,1.36105
0.58699,-1.39207
0.58700,-1.39207
0.58700,-1.39207
0.58701,-1.39207
0.58701,-1.39207
0.58702,-1.39207
0.58703,-1.39207
0.58705,-1.39207
0.58707,-1.39207
0.58709,-1.39207
0.58713,-1.39206
0.58721,-1.39206
0.58737,-1.39205
0.58785,-1.39202
0.59078,-1.39182
0.08791,1.00387
-0.05867,1.15545
-0.11982,1.20007
-0.16955,1.23078
-0.22418,1.25984
-0.29761,1.29242
-0.40025,1.32721
-0.49994,1.34978
-0.55211,1.35703
-0.57406,1.35906
-0.58464,1.35982
-0.59069,1.36018
-0.59463,1.36039
-0.59747,1.36053
-0.59964,1.36063
-0.60139,1.36070
-0.60287,1.36076
-0.60415,1.36081
-0.60528,1.36085
-0.60632,1.36089
-0.60728,1.36092
-0.60819,1.36095
-0.60905,1.36098
-0.60987,1.36100
-0.61065,1.36102
0.58702,-1.39207
0.58703,-1.39207
0.58704,-1.39207
0.58705,-1.39207
0.58707,-1.39207
0.58709,-1.39207
0.58711,-1.39206
0.58714,-1.39206
0.58718,-1.39206
0.58725,-1.39206
0.58735,-1.39205
0.58754,-1.39204
0.58793,-1.39201
0.58887,-1.39195
0.59141,-1.39178
0.59971,-1.39111
0.03413,1.06844
-0.07504,1.16823
-0.13394,1.20924
-0.18746,1.24081
-0.25171,1.27287
-0.34192,1.30889
-0.45331,1.34060
-0.53099,1.35449
-0.56480,1.35828
-0.57975,1.35949
-0.58765,1.36000
-0.59250,1.36028
-0.59584,1.36045
-0.59832,1.36057
-0.60027,1.36065
-0.60187,1.36072
-0.60324,1.36078
-0.60443,1.36082
-0.60550,1.36086
-0.60649,1.36089
-0.60741,1.36093
-0.60828,1.36095
-0.60911,1.36098
-0.60991,1.36100
0.58706,-1.39207
0.58707,-1.39207
0.58709,-1.39207
0.58711,-1.39206
0.58713,-1.39206
0.58717,-1.39206
0.58721,-1.39206
0.58726,-1.39206
0.58734,-1.39205
0.58747,-1.39204
0.58766,-1.39203
0.58801,-1.39201
0.58866,-1.39197
0.58988,-1.39188
0.59213,-1.39172
0.59591,-1.39143
0.60308,-1.39080
0.05737,1.04199
-0.06932,1.16384
-0.13446,1.20957
-0.19484,1.24479
-0.26986,1.28091
-0.37456,1.31961
-0.48454,1.34703
-0.54548,1.35629
-0.57075,1.35879
-0.58258,1.35968
-0.58922,1.36010
-0.59349,1.36033
-0.59651,1.36048
-0.59881,1.36059
-0.60065,1.36067
-0.60217,1.36073
-0.60348,1.36078
-0.60463,1.36083
-0.60566,1.36087
-0.60662,1.36090
-0.60752,1.36093
-0.60837,1.36096
-0.60919,1.36098
0.58711,-1.39207
0.58713,-1.39206
0.58715,-1.39206
0.58718,-1.39206
0.58722,-1.39206
0.58727,-1.39205
0.58733,-1.39205
0.58742,-1.39204
0.58756,-1.39204
0.58776,-1.39202
0.58808,-1.39200
0.58860,-1.39197
0.58947,-1.39191
0.59087,-1.39181
0.59302,-1.39166
0.59597,-1.39143
0.59957,-1.39112
0.60381,-1.39073
0.62572,-1.38815
-0.01720,1.11988
-0.10702,1.19141
-0.17718,1.23512
-0.25960,1.27642
-0.37282,1.31906
-0.48753,1.34758
-0.54724,1.35649
-0.57144,1.35885
-0.58285,1.35970
-0.58933,1.36010
-0.59354,1.36033
-0.59654,1.36048
-0.59884,1.36059
-0.60069,1.36067
-0.60222,1.36074
-0.60354,1.36079
-0.60470,1.36083
-0.60574,1.36087
-0.60670,1.36090
-0.60759,1.36093
-0.60844,1.36096
0.58716,-1.39206
0.58719,-1.39206
0.58722,-1.39206
0.58727,-1.39205
0.58732,-1.39205
0.58740,-1.39205
0.58749,-1.39204
0.58763,-1.39203
0.58783,-1.39202
0.58813,-1.39200
0.58857,-1.39197
0.58927,-1.39192
0.59032,-1.39185
0.59188,-1.39174
0.59408,-1.39158
0.59692,-1.39135
0.60023,-1.39106
0.60371,-1.39074
0.60700,-1.39041
0.60981,-1.39012
0.61322,-1.38974
0.07035,1.02628
-0.08045,1.17232
-0.17513,1.23396
-0.28653,1.28794
-0.42895,1.33484
-0.52672,1.35391
-0.56409,1.35821
-0.57944,1.35946
-0.58739,1.35999
-0.59229,1.36027
-0.59568,1.36044
-0.59822,1.36056
-0.60024,1.36065
-0.60191,1.36072
-0.60333,1.36078
-0.60457,1.36083
-0.60567,1.36087
-0.60668,1.36090
-0.60761,1.36093
0.58722,-1.39206
0.58726,-1.39206
0.58731,-1.39205
0.58737,-1.39205
0.58745,-1.39204
0.58756,-1.39204
0.58769,-1.39203
0.58789,-1.39202
0.58816,-1.39200
0.58855,-1.39197
0.58913,-1.39193
0.58998,-1.39188
0.59121,-1.39179
0.59295,-1.39166
0.59530,-1.39148
0.59828,-1.39124
0.60182,-1.39092
0.60576,-1.39054
0.60994,-1.39010
0.61421,-1.38962
0.61838,-1.38912
0.62223,-1.38862
0.62541,-1.38819
0.62724,-1.38794
0.62620,-1.38808
0.34223,0.51646
-0.14217,1.21442
-0.34976,1.31158
-0.51546,1.35228
-0.56478,1.35828
-0.58102,1.35957
-0.58874,1.36007
-0.59338,1.36033
-0.59660,1.36049
-0.59905,1.36060
-0.60103,1.36069
-0.60268,1.36075
-0.60411,1.36081
-0.60536,1.36085
-0.60649,1.36089
0.58730,-1.39205
0.58736,-1.39205
0.58742,-1.39205
0.58750,-1.39204
0.58761,-1.39203
0.58775,-1.39202
0.58793,-1.39201
0.58818,-1.39200
0.58853,-1.39197
0.58903,-1.39194
0.58973,-1.39189
0.59074,-1.39182
0.59215,-1.39172
0.59409,-1.39158
0.59666,-1.39137
0.59989,-1.39109
0.60377,-1.39074
0.60824,-1.39029
0.61322,-1.38974
0.61860,-1.38909
0.62422,-1.38836
0.62977,-1.38757
0.63496,-1.38679
0.63950,-1.38606
0.64322,-1.38543
0.64607,-1.38494
0.64792,-1.38461
0.64839,-1.38452
0.64558,-1.38502
0.63067,-1.38744
-0.35579,1.31359
-0.54726,1.35649
-0.57788,1.35935
-0.58802,1.36003
-0.59328,1.36032
-0.59672,1.36049
-0.59930,1.36061
-0.60138,1.36070
-0.60314,1.36077
-0.60466,1.36083
0.58740,-1.39205
0.58747,-1.39204
0.58755,-1.39204
0.58766,-1.39203
0.58779,-1.39202
0.58797,-1.39201
0.58820,-1.39200
0.58851,-1.39197
0.58894,-1.39195
0.58953,-1.39191
0.59037,-1.39185
0.59154,-1.39177
0.59315,-1.39165
0.59532,-1.39148
0.59814,-1.39125
0.60165,-1.39094
0.60586,-1.39053
0.61074,-1.39002
0.61621,-1.38938
0.62213,-1.38864
0.62821,-1.38780
0.63405,-1.38693
0.63931,-1.38609
0.64377,-1.38534
0.64739,-1.38470
0.65026,-1.38418
0.65252,-1.38376
0.65427,-1.38343
0.65560,-1.38318
0.65649,-1.38300
0.65672,-1.38296
0.65527,-1.38324
0.64242,-1.38557
-0.40237,1.32780
-0.56574,1.35836
-0.58507,1.35984
-0.59218,1.36026
-0.59624,1.36047
-0.59912,1.36060
-0.60142,1.36070
0.58751,-1.39204
0.58760,-1.39203
0.58770,-1.39203
0.58783,-1.39202
0.58800,-1.39201
0.58821,-1.39199
0.58849,-1.39198
0.58886,-1.39195
0.58937,-1.39192
0.59007,-1.39187
0.59104,-1.39180
0.59238,-1.39170
0.59421,-1.39157
0.59662,-1.39137
0.59969,-1.39111
0.60347,-1.39076
0.60796,-1.39031
0.61311,-1.38975
0.61884,-1.38906
0.62494,-1.38826
0.63106,-1.38738
0.63679,-1.38650
0.64180,-1.38568
0.64593,-1.38496
0.64924,-1.38437
0.65185,-1.38389
0.65390,-1.38350
0.65554,-1.38319
0.65687,-1.38293
0.65797,-1.38271
0.65886,-1.38253
0.65958,-1.38239
0.66007,-1.38229
0.66012,-1.38228
0.65878,-1.38255
0.64425,-1.38526
-0.49794,1.34944
-0.57774,1.35934
-0.58993,1.36014
-0.59523,1.36042
0.58765,-1.39203
0.58775,-1.39202
0.58787,-1.39202
0.58803,-1.39201
0.58822,-1.39199
0.58847,-1.39198
0.58879,-1.39196
0.58923,-1.39193
0.58982,-1.39189
0.59063,-1.39183
0.59175,-1.39175
0.59328,-1.39164
0.59533,-1.39148
0.59798,-1.39126
0.60131,-1.39097
0.60531,-1.39058
0.61000,-1.39010
0.61531,-1.38949
0.62113,-1.38877
0.62722,-1.38794
0.63321,-1.38706
0.63870,-1.38619
0.64341,-1.38540
0.64726,-1.38473
0.65031,-1.38417
0.65270,-1.38373
0.65459,-1.38337
0.65610,-1.38308
0.65733,-1.38284
0.65835,-1.38264
0.65921,-1.38246
0.65996,-1.38232
0.66060,-1.38219
0.66116,-1.38207
0.66161,-1.38198
0.66191,-1.38192
0.66181,-1.38194
0.66005,-1.38230
0.30181,0.61339
-0.55429,1.35726
0.58779,-1.39202
0.58791,-1.39201
0.58805,-1.39200
0.58823,-1.39199
0.58845,-1.39198
0.58873,-1.39196
0.58911,-1.39194
0.58961,-1.39190
0.59029,-1.39185
0.59122,-1.39179
0.59250,-1.39170
0.59423,-1.39157
0.59651,-1.39138
0.59940,-1.39114
0.60295,-1.39081
0.60714,-1.39040
0.61195,-1.38988
0.61733,-1.38925
0.62314,-1.38850
0.62912,-1.38767
0.63491,-1.38679
0.64013,-1.38595
0.64457,-1.38520
0.64817,-1.38457
0.65101,-1.38404
0.65325,-1.38363
0.65502,-1.38329
0.65643,-1.38301
0.65759,-1.38279
0.65855,-1.38260
0.65936,-1.38244
0.66006,-1.38230
0.66066,-1.38217
0.66120,-1.38206
0.66168,-1.38197
0.66211,-1.38188
0.66249,-1.38180
0.66281,-1.38173
0.66298,-1.38170
0.66268,-1.38176
0.58794,-1.39201
0.58808,-1.39200
0.58824,-1.39199
0.58844,-1.39198
0.58869,-1.39196
0.58901,-1.39194
0.58943,-1.39191
0.59000,-1.39187
0.59078,-1.39182
0.59184,-1.39174
0.59330,-1.39164
0.59524,-1.39149
0.59775,-1.39128
0.60087,-1.39101
0.60460,-1.39066
0.60892,-1.39021
0.61380,-1.38967
0.61919,-1.38902
0.62492,-1.38826
0.63074,-1.38743
0.63630,-1.38658
0.64126,-1.38577
0.64545,-1.38505
0.64884,-1.38444
0.65152,-1.38395
0.65364,-1.38355
0.65532,-1.38323
0.65667,-1.38297
0.65777,-1.38275
0.65869,-1.38257
0.65946,-1.38241
0.66013,-1.38228
0.66070,-1.38217
0.66120,-1.38206
0.66165,-1.38197
0.66205,-1.38189
0.66241,-1.38182
0.66274,-1.38175
0.66306,-1.38168
0.66334,-1.38162
0.58810,-1.39200
0.58825,-1.39199
0.58843,-1.39198
0.58865,-1.39197
0.58892,-1.39195
0.58928,-1.39192
0.58976,-1.39189
0.59041,-1.39185
0.59129,-1.39178
0.59251,-1.39170
0.59415,-1.39157
0.59631,-1.39140
0.59904,-1.39117
0.60236,-1.39087
0.60624,-1.39049
0.61065,-1.39003
0.61556,-1.38946
0.62090,-1.38880
0.62651,-1.38804
0.63215,-1.38722
0.63747,-1.38639
0.64219,-1.38561
0.64616,-1.38492
0.64937,-1.38435
0.65192,-1.38387
0.65394,-1.38349
0.65555,-1.38319
0.65684,-1.38293
0.65791,-1.38272
0.65880,-1.38255
0.65954,-1.38240
0.66019,-1.38227
0.66074,-1.38216
0.66123,-1.38206
0.66165,-1.38197
0.66202,-1.38190
0.66236,-1.38183
0.66266,-1.38176
0.66294,-1.38171
0.66320,-1.38165
0.58826,-1.39199
0.58842,-1.39198
0.58862,-1.39197
0.58886,-1.39195
0.58916,-1.39193
0.58956,-1.39190
0.59010,-1.39187
0.59083,-1.39182
0.59184,-1.39174
0.59322,-1.39164
0.59506,-1.39150
0.59744,-1.39131
0.60038,-1.39105
0.60387,-1.39073
0.60787,-1.39032
0.61232,-1.38984
0.61722,-1.38926
0.62248,-1.38859
0.62795,-1.38784
0.63339,-1.38703
0.63849,-1.38622
0.64299,-1.38547
0.64676,-1.38482
0.64982,-1.38426
0.65226,-1.38381
0.65419,-1.38345
0.65574,-1.38315
0.65699,-1.38290
0.65802,-1.38270
0.65889,-1.38253
0.65962,-1.38238
0.66024,-1.38226
0.66078,-1.38215
0.66125,-1.38205
0.66167,-1.38197
0.66203,-1.38189
0.66235,-1.38183
0.66263,-1.38177
0.66288,-1.38172
0.66311,-1.38167
