-1.50790,0.43220
-1.50763,0.43298
-1.50732,0.43386
-1.50696,0.43487
-1.50655,0.43605
-1.50605,0.43745
-1.50546,0.43913
-1.50474,0.44117
-1.50385,0.44368
-1.50274,0.44680
-1.50134,0.45071
-1.49956,0.45571
-1.49724,0.46215
-1.49421,0.47056
-1.49019,0.48161
-1.48488,0.49612
-1.47788,0.51502
-1.46881,0.53918
-1.45731,0.56934
-1.44302,0.60608
-1.42547,0.65006
-1.40382,0.70246
-1.37654,0.76514
-1.34116,0.84010
-1.29444,0.92713
-1.23413,1.02021
-1.16237,1.10773
-1.08706,1.17963
-1.01762,1.23268
-0.95967,1.26914
-0.91412,1.29336
-0.87917,1.30940
-0.85233,1.32025
-0.83134,1.32784
-0.81447,1.33337
-0.80046,1.33757
-0.78847,1.34089
-0.77788,1.34361
-0.76831,1.34589
-0.75947,1.34786
-1.50811,0.43161
-1.50777,0.43256
-1.50742,0.43356
-1.50704,0.43466
-1.50660,0.43590
-1.50609,0.43734
-1.50549,0.43905
-1.50476,0.44110
-1.50387,0.44362
-1.50276,0.44673
-1.50137,0.45065
-1.49958,0.45565
-1.49726,0.46212
-1.49419,0.47061
-1.49012,0.48183
-1.48468,0.49667
-1.47746,0.51615
-1.46802,0.54126
-1.45595,0.57287
-1.44080,0.61170
-1.42199,0.65864
-1.39846,0.71508
-1.36841,0.78304
-1.32901,0.86406
-1.27706,0.95608
-1.21140,1.05036
-1.13635,1.13455
-1.06113,1.20074
-0.99435,1.24811
-0.93992,1.28011
-0.89752,1.30125
-0.86495,1.31531
-0.83972,1.32490
-0.81975,1.33169
-0.80348,1.33669
-0.78981,1.34053
-0.77797,1.34358
-0.76747,1.34608
-0.75795,1.34818
-0.74919,1.34997
-1.50862,0.43015
-1.50815,0.43149
-1.50770,0.43278
-1.50724,0.43408
-1.50675,0.43547
-1.50620,0.43702
-1.50557,0.43880
-1.50483,0.44092
-1.50392,0.44347
-1.50280,0.44662
-1.50140,0.45056
-1.49960,0.45559
-1.49725,0.46212
-1.49415,0.47072
-1.48999,0.48216
-1.48441,0.49740
-1.47693,0.51756
-1.46707,0.54378
-1.45433,0.57706
-1.43818,0.61833
-1.41788,0.66868
-1.39215,0.72977
-1.35882,0.80364
-1.31480,0.89090
-1.25717,0.98705
-1.18639,1.08083
-1.10901,1.16040
-1.03485,1.22052
-0.97115,1.26243
-0.92016,1.29037
-0.88064,1.30877
-0.85016,1.32107
-0.82633,1.32953
-0.80724,1.33558
-0.79152,1.34007
-0.77819,1.34353
-0.76659,1.34628
-0.75629,1.34853
-0.74698,1.35040
-0.73846,1.35197
-1.50969,0.42710
-1.50898,0.42913
-1.50833,0.43097
-1.50772,0.43271
-1.50712,0.43443
-1.50648,0.43623
-1.50578,0.43821
-1.50498,0.44047
-1.50404,0.44314
-1.50289,0.44638
-1.50145,0.45041
-1.49962,0.45552
-1.49724,0.46217
-1.49407,0.47094
-1.48981,0.48267
-1.48404,0.49840
-1.47625,0.51939
-1.46588,0.54693
-1.45235,0.58219
-1.43501,0.62631
-1.41294,0.68066
-1.38457,0.74712
-1.34737,0.82750
-1.29806,0.92088
-1.23446,1.01976
-1.15912,1.11121
-1.08049,1.18513
-1.00819,1.23906
-0.94779,1.27582
-0.90006,1.30008
-0.86314,1.31604
-0.83451,1.32674
-0.81193,1.33415
-0.79368,1.33948
-0.77854,1.34344
-0.76565,1.34650
-0.75444,1.34891
-0.74452,1.35087
-0.73560,1.35247
-0.72751,1.35381
-1.50894,0.42919
-1.51007,0.42600
-1.50944,0.42782
-1.50865,0.43006
-1.50786,0.43230
-1.50707,0.43457
-1.50624,0.43692
-1.50533,0.43950
-1.50429,0.44242
-1.50307,0.44588
-1.50156,0.45009
-1.49967,0.45540
-1.49721,0.46226
-1.49394,0.47131
-1.48952,0.48346
-1.48350,0.49985
-1.47532,0.52188
-1.46432,0.55102
-1.44983,0.58868
-1.43104,0.63624
-1.40682,0.69534
-1.37526,0.76799
-1.33348,0.85534
-1.27826,0.95414
-1.20866,1.05383
-1.12961,1.14113
-1.05082,1.20869
-0.98099,1.25648
-0.92393,1.28846
-0.87924,1.30937
-0.84468,1.32311
-0.81776,1.33233
-0.79639,1.33872
-0.77905,1.34332
-0.76462,1.34673
-0.75236,1.34934
-0.74174,1.35138
-0.73240,1.35301
-0.72408,1.35434
-0.71662,1.35543
-0.22592,-0.80084
-0.29006,-0.69037
-0.39558,-0.46272
-1.50678,0.43531
-1.50843,0.43070
-1.50787,0.43229
-1.50697,0.43485
-1.50593,0.43780
-1.50475,0.44112
-1.50339,0.44496
-1.50176,0.44954
-1.49973,0.45522
-1.49713,0.46247
-1.49369,0.47200
-1.48904,0.48477
-1.48268,0.50208
-1.47396,0.52549
-1.46216,0.55669
-1.44645,0.59734
-1.42585,0.64912
-1.39896,0.71392
-1.36353,0.79359
-1.31641,0.88792
-1.25479,0.99060
-1.17960,1.08866
-1.09794,1.17026
-1.01995,1.23107
-0.95294,1.27296
-0.89914,1.30050
-0.85731,1.31834
-0.82497,1.32998
-0.79975,1.33777
-0.77971,1.34315
-0.76346,1.34699
-0.74998,1.34981
-0.73858,1.35195
-0.72878,1.35361
-0.72023,1.35491
-0.71269,1.35596
-0.70598,1.35681
-0.10526,-0.96967
-0.15092,-0.91072
-0.19415,-0.84961
-0.23985,-0.77828
-0.29263,-0.68557
-0.36671,-0.53205
-1.49556,0.46596
-1.50471,0.44121
-1.50462,0.44148
-1.50345,0.44478
-1.50177,0.44951
-1.49960,0.45560
-1.49679,0.46342
-1.49308,0.47369
-1.48807,0.48743
-1.48120,0.50607
-1.47175,0.53138
-1.45886,0.56530
-1.44155,0.60981
-1.41863,0.66685
-1.38841,0.73836
-1.34834,0.82551
-1.29523,0.92578
-1.22722,1.02964
-1.14731,1.12353
-1.06420,1.19833
-0.98768,1.25233
-0.92361,1.28863
-0.87295,1.31203
-0.83388,1.32696
-0.80384,1.33659
-0.78050,1.34295
-0.76206,1.34730
-0.74718,1.35036
-0.73493,1.35259
-0.72465,1.35425
-0.71587,1.35553
-0.70828,1.35653
-0.70162,1.35733
-0.69575,1.35796
0.02496,-1.11323
-0.04300,-1.04238
-0.09388,-0.98358
-0.13470,-0.93228
-0.17084,-0.88327
-0.20602,-0.83180
-0.24242,-0.77404
-0.28162,-0.70593
-0.32701,-0.61815
-0.38863,-0.47996
-1.47178,0.52266
-1.49342,0.47264
-1.49308,0.47366
-1.48990,0.48239
-1.48477,0.49640
-1.47737,0.51637
-1.46700,0.54396
-1.45270,0.58128
-1.43334,0.63048
-1.40756,0.69357
-1.37343,0.77204
-1.32827,0.86549
-1.26920,0.96859
-1.19559,1.06993
-1.11217,1.15752
-1.02843,1.22513
-0.95360,1.27259
-0.89239,1.30359
-0.84487,1.32304
-0.80875,1.33512
-0.78133,1.34274
-0.76027,1.34768
-0.74379,1.35100
-0.73061,1.35331
-0.71984,1.35497
-0.71086,1.35620
-0.70325,1.35714
-0.69669,1.35787
-0.69097,1.35844
-0.68596,1.35890
0.18097,-1.24680
0.09145,-1.17492
0.01552,-1.10387
-0.04302,-1.04236
-0.08814,-0.99049
-0.12471,-0.94520
-0.15642,-0.90327
-0.18574,-0.86195
-0.21430,-0.81909
-0.24293,-0.77320
-0.27187,-0.72348
-0.30139,-0.66895
-0.33222,-0.60738
-0.36586,-0.53397
-0.40661,-0.43421
-0.47669,-0.22471
-1.43522,0.62419
-1.43108,0.63598
-1.41364,0.67890
-1.38707,0.74139
-1.35056,0.82092
-1.30184,0.91425
-1.23855,1.01406
-1.16098,1.10922
-1.07486,1.18976
-0.99038,1.25063
-0.91691,1.29198
-0.85857,1.31784
-0.81458,1.33333
-0.78202,1.34257
-0.75782,1.34821
-0.73952,1.35178
-0.72537,1.35414
-0.71414,1.35577
-0.70500,1.35693
-0.69742,1.35779
-0.69100,1.35844
-0.68549,1.35894
-0.68071,1.35934
-0.67653,1.35965
0.29589,-1.31997
0.22002,-1.27414
0.13698,-1.21307
0.06036,-1.14697
-0.00226,-1.08583
-0.05138,-1.03306
-0.09062,-0.98752
-0.12342,-0.94686
-0.15231,-0.90884
-0.17898,-0.87171
-0.20450,-0.83410
-0.22953,-0.79507
-0.25438,-0.75395
-0.27927,-0.71020
-0.30449,-0.66298
-0.33063,-0.61068
-0.35865,-0.55030
-0.39022,-0.47590
-0.42956,-0.37099
-0.50580,-0.11932
-1.31765,0.88466
-1.27154,0.96479
-1.20734,1.05546
-1.12636,1.14424
-1.03603,1.21967
-0.94903,1.27513
-0.87636,1.31060
-0.82155,1.33111
-0.78222,1.34252
-0.75420,1.34896
-0.73389,1.35276
-0.71877,1.35512
-0.70715,1.35667
-0.69796,1.35773
-0.69050,1.35849
-0.68431,1.35904
-0.67907,1.35947
-0.67458,1.35979
-0.67069,1.36005
-0.66729,1.36025
0.36374,-1.35229
0.30863,-1.32668
0.23885,-1.28642
0.16096,-1.23185
0.08633,-1.17043
0.02296,-1.11125
-0.02797,-1.05876
-0.06902,-1.01298
-0.10327,-0.97213
-0.13320,-0.93424
-0.16055,-0.89760
-0.18648,-0.86087
-0.21176,-0.82302
-0.23684,-0.78322
-0.26204,-0.74076
-0.28764,-0.69486
-0.31389,-0.64458
-0.34110,-0.58867
-0.36966,-0.52518
-0.40057,-0.44973
-0.43733,-0.34807
-0.50245,-0.12578
-1.20088,1.06249
-1.09936,1.16895
-0.99563,1.24727
-0.90191,1.29921
-0.83049,1.32812
-0.78143,1.34272
-0.74856,1.35009
-0.72607,1.35403
-0.71008,1.35630
-0.69826,1.35770
-0.68919,1.35861
-0.68200,1.35923
-0.67616,1.35968
-0.67131,1.36001
-0.66721,1.36026
-0.66369,1.36045
-0.66064,1.36060
-0.65798,1.36072
0.40702,-1.36830
0.36691,-1.35359
0.31294,-1.32889
0.24503,-1.29033
0.16922,-1.23810
0.09595,-1.17884
0.03288,-1.12095
-0.01848,-1.06890
-0.06028,-1.02301
-0.09541,-0.98173
-0.12627,-0.94320
-0.15461,-0.90573
-0.18161,-0.86792
-0.20808,-0.82866
-0.23448,-0.78706
-0.26108,-0.74244
-0.28798,-0.69423
-0.31518,-0.64202
-0.34265,-0.58534
-0.37047,-0.52329
-0.39930,-0.45297
-0.43169,-0.36459
-0.47840,-0.21259
-1.12154,1.14305
-0.95198,1.27342
-0.84489,1.32302
-0.77886,1.34336
-0.73928,1.35182
-0.71449,1.35572
-0.69796,1.35773
-0.68630,1.35887
-0.67767,1.35957
-0.67105,1.36003
-0.66580,1.36034
-0.66153,1.36056
-0.65799,1.36072
-0.65499,1.36084
-0.65242,1.36093
-0.65020,1.36100
-0.64826,1.36106
0.43789,-1.37737
0.40811,-1.36865
0.36719,-1.35370
0.31224,-1.32853
0.24345,-1.28933
0.16726,-1.23662
0.09413,-1.17726
0.03136,-1.11948
-0.01987,-1.06742
-0.06183,-1.02124
-0.09737,-0.97935
-0.12888,-0.93983
-0.15809,-0.90097
-0.18618,-0.86132
-0.21390,-0.81970
-0.24168,-0.77527
-0.26961,-0.72749
-0.29759,-0.67620
-0.32538,-0.62147
-0.35280,-0.56328
-0.38002,-0.50074
-0.40811,-0.43004
-0.44044,-0.33851
-0.49175,-0.16132
-0.90130,1.29843
-0.77368,1.34461
-0.72240,1.35459
-0.69558,1.35798
-0.67945,1.35944
-0.66883,1.36016
-0.66138,1.36056
-0.65591,1.36080
-0.65174,1.36095
-0.64847,1.36105
-0.64583,1.36112
-0.64366,1.36117
-0.64182,1.36120
-0.64025,1.36123
-0.63889,1.36125
-0.63769,1.36126
0.46152,-1.38296
0.43911,-1.37769
0.40829,-1.36871
0.36569,-1.35309
0.30836,-1.32654
0.23692,-1.28519
0.15878,-1.23018
0.08500,-1.16926
0.02245,-1.11075
-0.02840,-1.05831
-0.07017,-1.01165
-0.10587,-0.96893
-0.13787,-0.92813
-0.16788,-0.88742
-0.19705,-0.84531
-0.22604,-0.80064
-0.25510,-0.75271
-0.28411,-0.70136
-0.31274,-0.64686
-0.34065,-0.58962
-0.36781,-0.52943
-0.39493,-0.46407
-0.42418,-0.38608
-0.46236,-0.26805
-0.64281,0.59289
-0.68016,1.35933
-0.65718,1.36074
-0.64595,1.36111
-0.63946,1.36124
-0.63539,1.36128
-0.63270,1.36130
-0.63087,1.36130
-0.62958,1.36130
-0.62865,1.36130
-0.62794,1.36130
-0.62737,1.36130
-0.62690,1.36129
-0.62648,1.36129
-0.62610,1.36129
-0.62576,1.36129
0.48036,-1.38654
0.46331,-1.38333
0.44012,-1.37795
0.40793,-1.36859
0.36303,-1.35200
0.30231,-1.32338
0.22701,-1.27877
0.14605,-1.22028
0.07133,-1.15701
0.00909,-1.09741
-0.04115,-1.04442
-0.08256,-0.99713
-0.11831,-0.95336
-0.15080,-0.91089
-0.18170,-0.86780
-0.21207,-0.82254
-0.24239,-0.77409
-0.27265,-0.72208
-0.30249,-0.66683
-0.33146,-0.60894
-0.35943,-0.54852
-0.38698,-0.48385
-0.41607,-0.40860
-0.45251,-0.30051
-0.53564,0.11407
-0.53530,1.35501
-0.56423,1.35822
-0.57754,1.35932
-0.58575,1.35989
-0.59151,1.36023
-0.59585,1.36045
-0.59928,1.36061
-0.60207,1.36073
-0.60438,1.36082
-0.60629,1.36089
-0.60788,1.36094
-0.60919,1.36098
-0.61026,1.36101
-0.61114,1.36104
-0.61186,1.36106
0.49582,-1.38889
0.48269,-1.38693
0.46518,-1.38371
0.44112,-1.37821
0.40731,-1.36839
0.35962,-1.35058
0.29469,-1.31932
0.21466,-1.27053
0.13043,-1.20779
0.05483,-1.14184
-0.00687,-1.08107
-0.05634,-1.02747
-0.09734,-0.97939
-0.13320,-0.93424
-0.16633,-0.88958
-0.19835,-0.84337
-0.23012,-0.79411
-0.26188,-0.74104
-0.29332,-0.68427
-0.32392,-0.62444
-0.35349,-0.56176
-0.38262,-0.49447
-0.41354,-0.41545
-0.45359,-0.29676
-0.18076,1.21486
-0.36055,1.31514
-0.43233,1.33568
-0.47784,1.34574
-0.50843,1.35118
-0.52983,1.35434
-0.54537,1.35628
-0.55706,1.35754
-0.56610,1.35839
-0.57325,1.35900
-0.57900,1.35943
-0.58367,1.35975
-0.58749,1.35999
-0.59063,1.36018
-0.59321,1.36032
-0.59533,1.36043
0.50878,-1.39046
0.49858,-1.38926
0.48525,-1.38734
0.46728,-1.38414
0.44230,-1.37851
0.40672,-1.36820
0.35582,-1.34896
0.28594,-1.31452
0.20045,-1.26075
0.11277,-1.19320
0.03654,-1.12449
-0.02439,-1.06260
-0.07303,-1.00833
-0.11369,-0.95918
-0.14987,-0.91215
-0.18395,-0.86454
-0.21743,-0.81422
-0.25093,-0.75980
-0.28439,-0.70086
-0.31732,-0.63776
-0.34949,-0.57056
-0.38168,-0.49672
-0.41725,-0.40531
-0.47159,-0.23325
-0.16527,1.22822
-0.25551,1.27458
-0.31874,1.30056
-0.37190,1.31878
-0.41618,1.33155
-0.45187,1.34028
-0.48004,1.34617
-0.50213,1.35015
-0.51952,1.35289
-0.53334,1.35480
-0.54441,1.35617
-0.55337,1.35716
-0.56067,1.35789
-0.56664,1.35844
-0.57155,1.35886
-0.57560,1.35918
0.51988,-1.39150
0.51187,-1.39078
0.50165,-1.38964
0.48817,-1.38779
0.46981,-1.38463
0.44394,-1.37892
0.40650,-1.36813
0.35202,-1.34732
0.27646,-1.30917
0.18480,-1.24959
0.09360,-1.17680
0.01701,-1.10535
-0.04299,-1.04239
-0.09085,-0.98725
-0.13141,-0.93657
-0.16827,-0.88687
-0.20380,-0.83517
-0.23932,-0.77915
-0.27526,-0.71741
-0.31143,-0.64944
-0.34777,-0.57430
-0.38585,-0.48658
-0.43377,-0.35796
-0.02091,1.12222
-0.14564,1.21656
-0.20448,1.24987
-0.25247,1.27321
-0.29658,1.29201
-0.33802,1.30754
-0.37623,1.32012
-0.41031,1.32999
-0.43976,1.33748
-0.46464,1.34306
-0.48536,1.34718
-0.50249,1.35021
-0.51662,1.35245
-0.52825,1.35412
-0.53785,1.35538
-0.54577,1.35632
-0.55232,1.35705
0.52957,-1.39219
0.52325,-1.39176
0.51535,-1.39111
0.50518,-1.39006
0.49165,-1.38831
0.47302,-1.38524
0.44638,-1.37952
0.40710,-1.36832
0.34874,-1.34588
0.26665,-1.30347
0.16795,-1.23715
0.07311,-1.15862
-0.00363,-1.08442
-0.06266,-1.02029
-0.10994,-0.96387
-0.15082,-0.91086
-0.18901,-0.85718
-0.22691,-0.79926
-0.26592,-0.73400
-0.30676,-0.65857
-0.35064,-0.56801
-0.40401,-0.44053
0.11149,0.96796
-0.06214,1.15820
-0.12806,1.20547
-0.17449,1.23360
-0.21362,1.25457
-0.24969,1.27195
-0.28442,1.28707
-0.31820,1.30036
-0.35071,1.31190
-0.38130,1.32167
-0.40932,1.32972
-0.43437,1.33618
-0.45630,1.34127
-0.47517,1.34522
-0.49124,1.34826
-0.50480,1.35059
-0.51618,1.35239
-0.52569,1.35377
0.53820,-1.39263
0.53321,-1.39239
0.52709,-1.39203
0.51939,-1.39146
0.50939,-1.39052
0.49598,-1.38891
0.47728,-1.38601
0.45013,-1.38042
0.40918,-1.36900
0.34666,-1.34496
0.25687,-1.29762
0.14979,-1.22322
0.05095,-1.13820
-0.02583,-1.06106
-0.08403,-0.99539
-0.13119,-0.93685
-0.17320,-0.87994
-0.21415,-0.81932
-0.25726,-0.74901
-0.30638,-0.65929
-0.37417,-0.51391
0.24267,0.74250
0.03981,1.06215
-0.05358,1.15134
-0.11046,1.19376
-0.15240,1.22069
-0.18727,1.24071
-0.21867,1.25711
-0.24843,1.27137
-0.27746,1.28416
-0.30605,1.29573
-0.33413,1.30616
-0.36131,1.31540
-0.38712,1.32341
-0.41109,1.33020
-0.43289,1.33582
-0.45232,1.34038
-0.46934,1.34404
-0.48405,1.34693
-0.49663,1.34921
0.54606,-1.39288
0.54214,-1.39277
0.53743,-1.39259
0.53161,-1.39231
0.52424,-1.39184
0.51459,-1.39104
0.50153,-1.38963
0.48309,-1.38699
0.45584,-1.38172
0.41358,-1.37039
0.34654,-1.34491
0.24704,-1.29158
0.12915,-1.20675
0.02562,-1.11387
-0.05126,-1.03319
-0.10915,-0.96486
-0.15756,-0.90170
-0.20381,-0.83514
-0.25679,-0.74971
0.48964,0.10035
0.40881,0.34324
0.22917,0.77041
0.05945,1.03952
-0.03415,1.13500
-0.09178,1.18065
-0.13329,1.20883
-0.16671,1.22914
-0.19582,1.24532
-0.22265,1.25909
-0.24834,1.27133
-0.27351,1.28248
-0.29846,1.29275
-0.32320,1.30221
-0.34756,1.31083
-0.37121,1.31856
-0.39375,1.32535
-0.41481,1.33119
-0.43407,1.33611
-0.45136,1.34017
-0.46661,1.34348
0.55337,-1.39300
0.55037,-1.39297
0.54681,-1.39290
0.54249,-1.39278
0.53712,-1.39258
0.53025,-1.39223
0.52120,-1.39161
0.50882,-1.39046
0.49113,-1.38823
0.46437,-1.38355
0.42129,-1.37274
0.34897,-1.34598
0.23567,-1.28439
0.10225,-1.18427
-0.00734,-1.08058
-0.08565,-0.99346
-0.14826,-0.91429
-0.22802,-0.79290
0.49585,0.09360
0.46801,0.17648
0.41299,0.33205
0.27132,0.68213
0.09724,0.99142
-0.00830,1.11158
-0.07146,1.16549
-0.11508,1.19690
-0.14886,1.21854
-0.17727,1.23517
-0.20264,1.24892
-0.22630,1.26088
-0.24909,1.27167
-0.27149,1.28161
-0.29377,1.29088
-0.31602,1.29954
-0.33817,1.30759
-0.35998,1.31497
-0.38114,1.32162
-0.40127,1.32750
-0.42005,1.33257
-0.43721,1.33687
0.56035,-1.39300
0.55817,-1.39301
0.55561,-1.39301
0.55254,-1.39299
0.54878,-1.39294
0.54406,-1.39283
0.53796,-1.39262
0.52985,-1.39221
0.51864,-1.39140
0.50232,-1.38972
0.47687,-1.38593
0.43356,-1.37622
0.35394,-1.34816
0.21660,-1.27184
0.05583,-1.14276
-0.06915,-1.01280
0.51614,-0.07371
0.50385,0.07057
0.48830,0.11703
0.46807,0.17642
0.42700,0.29343
0.31995,0.57069
0.14646,0.91894
0.02333,1.08001
-0.04898,1.14756
-0.09671,1.18418
-0.13219,1.20813
-0.16099,1.22581
-0.18591,1.23996
-0.20854,1.25198
-0.22984,1.26260
-0.25044,1.27229
-0.27075,1.28130
-0.29105,1.28978
-0.31142,1.29780
-0.33187,1.30536
-0.35221,1.31240
-0.37217,1.31886
-0.39143,1.32468
-0.40963,1.32980
0.56721,-1.39291
0.56581,-1.39294
0.56418,-1.39296
0.56223,-1.39299
0.55986,-1.39301
0.55691,-1.39302
0.55315,-1.39300
0.54824,-1.39293
0.54160,-1.39275
0.53225,-1.39234
0.51827,-1.39137
0.49541,-1.38884
0.45290,-1.38106
0.35959,-1.35056
0.15381,-1.22632
0.49571,-0.16980
0.51234,0.04573
0.49968,0.08355
0.48787,0.11842
0.47155,0.16633
0.44040,0.25586
0.36268,0.46504
0.20391,0.81934
0.06141,1.03718
-0.02363,1.12571
-0.07742,1.17004
-0.11577,1.19736
-0.14582,1.21668
-0.17105,1.23164
-0.19334,1.24399
-0.21384,1.25468
-0.23329,1.26426
-0.25219,1.27309
-0.27091,1.28136
-0.28969,1.28923
-0.30866,1.29674
-0.32781,1.30389
-0.34701,1.31064
-0.36601,1.31692
-0.38451,1.32264
0.57418,-1.39271
0.57357,-1.39273
0.57284,-1.39275
0.57198,-1.39278
0.57093,-1.39281
0.56961,-1.39285
0.56792,-1.39289
0.56572,-1.39294
0.56275,-1.39298
0.55863,-1.39301
0.55264,-1.39299
0.54330,-1.39280
0.52687,-1.39201
0.49066,-1.38814
0.33611,-1.33931
0.52683,0.00366
0.51016,0.05288
0.49986,0.08315
0.48967,0.11317
0.47602,0.15327
0.45194,0.22304
0.39633,0.37712
0.26506,0.69576
0.10744,0.97734
0.00578,1.09795
-0.05635,1.15358
-0.09882,1.18568
-0.13093,1.20732
-0.15709,1.22350
-0.17961,1.23648
-0.19985,1.24745
-0.21865,1.25710
-0.23662,1.26586
-0.25419,1.27399
-0.27168,1.28170
-0.28932,1.28908
-0.30723,1.29619
-0.32541,1.30302
-0.34374,1.30952
-0.36200,1.31563
0.58149,-1.39239
0.58171,-1.39237
0.58197,-1.39236
0.58226,-1.39235
0.58258,-1.39233
0.58296,-1.39231
0.58340,-1.39228
0.58391,-1.39226
0.58457,-1.39222
0.58548,-1.39216
0.58692,-1.39208
0.58960,-1.39190
0.59580,-1.39143
0.61728,-1.38922
0.90319,-1.28090
0.52981,-0.00229
0.51240,0.04668
0.50227,0.07617
0.49283,0.10391
0.48106,0.13852
0.46207,0.19388
0.42228,0.30655
0.32394,0.56113
0.16385,0.89053
0.04162,1.06014
-0.03210,1.13321
-0.08035,1.17224
-0.11548,1.19717
-0.14323,1.21508
-0.16651,1.22903
-0.18695,1.24053
-0.20555,1.25044
-0.22301,1.25927
-0.23981,1.26736
-0.25634,1.27496
-0.27289,1.28221
-0.28967,1.28922
-0.30679,1.29602
-0.32426,1.30260
-0.34195,1.30891
0.58941,-1.39192
0.59058,-1.39183
0.59194,-1.39174
0.59355,-1.39162
0.59547,-1.39147
0.59782,-1.39127
0.60074,-1.39102
0.60451,-1.39066
0.60957,-1.39014
0.61675,-1.38932
0.62775,-1.38786
0.64646,-1.38487
0.68350,-1.37709
0.77368,-1.34872
1.01300,-1.21161
0.55657,-0.06345
0.51909,0.02792
0.50694,0.06264
0.49740,0.09051
0.48684,0.12154
0.47159,0.16623
0.44309,0.24827
0.37559,0.43179
0.23336,0.76202
0.08885,1.00263
-0.00175,1.10533
-0.05857,1.15537
-0.09819,1.18523
-0.12843,1.20571
-0.15310,1.22111
-0.17426,1.23347
-0.19312,1.24387
-0.21047,1.25297
-0.22688,1.26116
-0.24278,1.26876
-0.25852,1.27594
-0.27438,1.28285
-0.29054,1.28957
-0.30710,1.29614
-0.32406,1.30253
0.59824,-1.39124
0.60053,-1.39104
0.60322,-1.39079
0.60642,-1.39047
0.61030,-1.39006
0.61511,-1.38952
0.62122,-1.38876
0.62925,-1.38765
0.64022,-1.38594
0.65598,-1.38310
0.68005,-1.37792
0.71925,-1.36740
0.78593,-1.34390
0.89419,-1.29141
1.03876,-1.19103
1.20716,-1.00917
0.54089,-0.02768
0.51582,0.03733
0.50424,0.07056
0.49398,0.10059
0.48135,0.13770
0.46094,0.19716
0.41799,0.31837
0.31462,0.58337
0.15788,0.90045
0.04146,1.06032
-0.02954,1.13097
-0.07650,1.16934
-0.11083,1.19402
-0.13792,1.21177
-0.16055,1.22554
-0.18025,1.23684
-0.19801,1.24648
-0.21448,1.25501
-0.23016,1.26276
-0.24543,1.26999
-0.26064,1.27688
-0.27602,1.28355
-0.29176,1.29007
-0.30795,1.29647
0.60835,-1.39027
0.61199,-1.38988
0.61631,-1.38937
0.62149,-1.38872
0.62783,-1.38785
0.63578,-1.38666
0.64600,-1.38495
0.65955,-1.38240
0.67811,-1.37838
0.70440,-1.37168
0.74263,-1.35994
0.79818,-1.33886
0.87457,-1.30226
0.96741,-1.24539
1.06404,-1.16918
1.15320,-1.07844
1.24226,-0.95960
0.54791,-0.04248
0.51704,0.03408
0.50416,0.07086
0.49257,0.10477
0.47760,0.14868
0.45171,0.22371
0.39342,0.38487
0.26412,0.69777
0.11481,0.96687
0.01667,1.08695
-0.04444,1.14378
-0.08642,1.17674
-0.11803,1.19888
-0.14350,1.21525
-0.16508,1.22820
-0.18405,1.23894
-0.20126,1.24820
-0.21729,1.25642
-0.23260,1.26394
-0.24757,1.27097
-0.26250,1.27770
-0.27765,1.28424
-0.29318,1.29064
0.62012,-1.38890
0.62542,-1.38819
0.63173,-1.38728
0.63935,-1.38608
0.64875,-1.38446
0.66058,-1.38219
0.67580,-1.37891
0.69583,-1.37399
0.72270,-1.36635
0.75899,-1.35422
0.80737,-1.33492
0.86889,-1.30528
0.94096,-1.26307
1.01723,-1.20856
1.09033,-1.14477
1.15433,-1.07718
1.20633,-1.01223
1.24944,-0.95022
1.10314,-0.60356
0.52848,0.00381
0.50954,0.05548
0.49598,0.09481
0.47975,0.14243
0.45225,0.22218
0.39036,0.39302
0.25651,0.71408
0.10951,0.97442
0.01428,1.08940
-0.04548,1.14465
-0.08694,1.17712
-0.11839,1.19912
-0.14389,1.21549
-0.16558,1.22849
-0.18472,1.23931
-0.20210,1.24864
-0.21830,1.25692
-0.23374,1.26448
-0.24881,1.27154
-0.26382,1.27828
-0.27902,1.28481
0.63398,-1.38694
0.64127,-1.38577
0.64996,-1.38424
0.66049,-1.38221
0.67345,-1.37944
0.68967,-1.37557
0.71029,-1.37002
0.73678,-1.36189
0.77080,-1.34984
0.81383,-1.33207
0.86626,-1.30667
0.92653,-1.27220
0.99118,-1.22843
1.05590,-1.17640
1.11659,-1.11852
1.16995,-1.05871
1.21406,-1.00175
1.24869,-0.95167
1.27468,-0.91079
1.29331,-0.87955
1.31065,-0.84409
0.55312,-0.05062
0.51497,0.04050
0.49641,0.09367
0.47406,0.15910
0.43118,0.28181
0.32606,0.55601
0.16269,0.89247
0.04411,1.05734
-0.02714,1.12885
-0.07434,1.16770
-0.10913,1.19285
-0.13684,1.21109
-0.16020,1.22534
-0.18069,1.23708
-0.19923,1.24713
-0.21641,1.25598
-0.23270,1.26399
-0.24848,1.27139
-0.26406,1.27839
0.65030,-1.38418
0.65987,-1.38233
0.67127,-1.37993
0.68499,-1.37673
0.70173,-1.37241
0.72235,-1.36646
0.74790,-1.35814
0.77954,-1.34645
0.81817,-1.33013
0.86407,-1.30781
0.91635,-1.27843
0.97297,-1.24152
1.03124,-1.19729
1.08843,-1.14660
1.14198,-1.09122
1.18984,-1.03393
1.23098,-0.97790
1.26550,-0.92560
1.29421,-0.87826
1.31808,-0.83630
1.33783,-0.79986
1.35378,-0.76936
1.36563,-0.74607
1.37201,-0.73328
1.36826,-0.74039
0.76219,-0.28542
0.50288,0.07525
0.45888,0.20318
0.35079,0.49513
0.15803,0.90021
0.03046,1.07241
-0.03984,1.13989
-0.08533,1.17594
-0.11903,1.19954
-0.14631,1.21698
-0.16974,1.23089
-0.19069,1.24256
-0.20995,1.25270
-0.22806,1.26174
-0.24541,1.26998
0.66928,-1.38036
0.68132,-1.37762
0.69552,-1.37407
0.71241,-1.36941
0.73265,-1.36323
0.75699,-1.35494
0.78623,-1.34379
0.82106,-1.32882
0.86174,-1.30902
0.90787,-1.28349
0.95829,-1.25163
1.01125,-1.21324
1.06478,-1.16852
1.11694,-1.11817
1.16587,-1.06363
1.21016,-1.00708
1.24923,-0.95087
1.28326,-0.89672
1.31292,-0.84558
1.33882,-0.79801
1.36131,-0.75465
1.38049,-0.71629
1.39635,-0.68367
1.40899,-0.65709
1.41868,-0.63640
1.42571,-0.62122
1.43014,-0.61156
1.43125,-0.60913
1.42452,-0.62375
1.23789,-0.63414
0.45724,0.20795
0.25641,0.71428
0.05739,1.04197
-0.03308,1.13407
-0.08429,1.17517
-0.12034,1.20041
-0.14920,1.21875
-0.17414,1.23340
-0.19672,1.24580
-0.21779,1.25667
0.69083,-1.37528
0.70529,-1.37143
0.72208,-1.36654
0.74169,-1.36026
0.76467,-1.35214
0.79161,-1.34159
0.82303,-1.32792
0.85927,-1.31029
0.90028,-1.28793
0.94548,-1.26014
0.99377,-1.22651
1.04375,-1.18687
1.09382,-1.14140
1.14236,-1.09079
1.18787,-1.03645
1.22929,-0.98034
1.26626,-0.92439
1.29900,-0.87003
1.32795,-0.81830
1.35339,-0.77014
1.37533,-0.72673
1.39369,-0.68919
1.40849,-0.65816
1.42004,-0.63347
1.42888,-0.61432
1.43558,-0.59963
1.44068,-0.58838
1.44454,-0.57979
1.44741,-0.57337
1.44931,-0.56913
1.44981,-0.56801
1.44669,-0.57497
1.41648,-0.64068
0.44233,0.25051
0.15140,0.91102
-0.00568,1.10910
-0.07331,1.16691
-0.11510,1.19691
-0.14711,1.21747
-0.17458,1.23365
0.71446,-1.36882
0.73099,-1.36376
0.74984,-1.35747
0.77141,-1.34960
0.79616,-1.33970
0.82452,-1.32723
0.85687,-1.31152
0.89339,-1.29187
0.93393,-1.26757
0.97791,-1.23803
1.02438,-1.20286
1.07206,-1.16193
1.11950,-1.11550
1.16519,-1.06443
1.20783,-1.01025
1.24661,-0.95484
1.28137,-0.89987
1.31235,-0.84660
1.33985,-0.79607
1.36397,-0.74940
1.38459,-0.70793
1.40158,-0.67273
1.41504,-0.64422
1.42539,-0.62191
1.43324,-0.60479
1.43919,-0.59169
1.44374,-0.58157
1.44730,-0.57363
1.45013,-0.56728
1.45243,-0.56211
1.45430,-0.55788
1.45578,-0.55453
1.45678,-0.55226
1.45689,-0.55201
1.45413,-0.55825
1.42107,-0.63075
0.37823,0.42494
0.05860,1.04053
-0.05127,1.14945
-0.10440,1.18959
0.73931,-1.36105
0.75732,-1.35482
0.77751,-1.34725
0.80021,-1.33800
0.82581,-1.32663
0.85471,-1.31262
0.88723,-1.29533
0.92350,-1.27407
0.96338,-1.24817
1.00631,-1.21706
1.05134,-1.18036
1.09724,-1.13806
1.14253,-1.09060
1.18575,-1.03915
1.22577,-0.98537
1.26203,-0.93108
1.29454,-0.87772
1.32359,-0.82631
1.34942,-0.77781
1.37201,-0.73340
1.39120,-0.69435
1.40686,-0.66161
1.41916,-0.63537
1.42858,-0.61498
1.43570,-0.59939
1.44109,-0.58746
1.44524,-0.57824
1.44849,-0.57097
1.45110,-0.56511
1.45323,-0.56030
1.45502,-0.55625
1.45655,-0.55279
1.45786,-0.54981
1.45899,-0.54724
1.45991,-0.54514
1.46051,-0.54378
1.46030,-0.54424
1.45674,-0.55235
0.72418,-0.24108
0.22198,0.78467
0.76431,-1.35227
0.78315,-1.34502
0.80396,-1.33639
0.82709,-1.32604
0.85292,-1.31353
0.88185,-1.29831
0.91421,-1.27973
0.95014,-1.25708
0.98947,-1.22968
1.03161,-1.19699
1.07557,-1.15870
1.12000,-1.11498
1.16338,-1.06658
1.20431,-1.01498
1.24184,-0.96199
1.27567,-0.90923
1.30599,-0.85785
1.33313,-0.80868
1.35728,-0.76256
1.37837,-0.72059
1.39620,-0.68397
1.41069,-0.65349
1.42204,-0.62917
1.43072,-0.61030
1.43730,-0.59586
1.44230,-0.58478
1.44616,-0.57618
1.44920,-0.56937
1.45164,-0.56389
1.45364,-0.55937
1.45532,-0.55557
1.45675,-0.55233
1.45799,-0.54952
1.45907,-0.54705
1.46004,-0.54485
1.46091,-0.54287
1.46167,-0.54112
1.46230,-0.53968
1.46264,-0.53891
1.46204,-0.54028
0.78844,-1.34289
0.80753,-1.33485
0.82845,-1.32541
0.85155,-1.31421
0.87728,-1.30079
0.90606,-1.28456
0.93823,-1.26482
0.97394,-1.24084
1.01295,-1.21192
1.05458,-1.17756
1.09770,-1.13761
1.14083,-1.09250
1.18239,-1.04338
1.22109,-0.99199
1.25623,-0.94013
1.28776,-0.88921
1.31601,-0.84005
1.34134,-0.79325
1.36389,-0.74956
1.38358,-0.71000
1.40018,-0.67566
1.41365,-0.64718
1.42421,-0.62448
1.43230,-0.60685
1.43845,-0.59330
1.44316,-0.58287
1.44681,-0.57473
1.44969,-0.56827
1.45202,-0.56303
1.45393,-0.55872
1.45553,-0.55509
1.45689,-0.55201
1.45807,-0.54935
1.45909,-0.54702
1.45998,-0.54498
1.46078,-0.54315
1.46151,-0.54149
1.46218,-0.53997
1.46279,-0.53855
1.46336,-0.53726
0.81098,-1.33334
0.82992,-1.32472
0.85063,-1.31468
0.87351,-1.30283
0.89905,-1.28864
0.92771,-1.27147
0.95985,-1.25058
0.99554,-1.22519
1.03446,-1.19464
1.07578,-1.15850
1.11819,-1.11687
1.16006,-1.07052
1.19980,-1.02097
1.23630,-0.97017
1.26914,-0.91979
1.29850,-0.87090
1.32482,-0.82405
1.34847,-0.77963
1.36956,-0.73830
1.38796,-0.70102
1.40347,-0.66875
1.41606,-0.64203
1.42594,-0.62072
1.43354,-0.60412
1.43936,-0.59131
1.44382,-0.58139
1.44731,-0.57362
1.45007,-0.56742
1.45231,-0.56238
1.45416,-0.55821
1.45570,-0.55470
1.45702,-0.55172
1.45815,-0.54915
1.45913,-0.54692
1.45998,-0.54498
1.46074,-0.54326
1.46141,-0.54173
1.46201,-0.54035
1.46256,-0.53909
1.46307,-0.53791
0.83151,-1.32397
0.85010,-1.31494
0.87048,-1.30444
0.89313,-1.29202
0.91856,-1.27710
0.94726,-1.25897
0.97957,-1.23685
1.01548,-1.20993
1.05452,-1.17760
1.09565,-1.13961
1.13736,-1.09634
1.17791,-1.04897
1.21578,-0.99938
1.25011,-0.94954
1.28075,-0.90089
1.30808,-0.85417
1.33263,-0.80962
1.35474,-0.76752
1.37449,-0.72843
1.39173,-0.69324
1.40627,-0.66285
1.41809,-0.63768
1.42739,-0.61757
1.43458,-0.60185
1.44010,-0.58966
1.44437,-0.58017
1.44772,-0.57270
1.45038,-0.56672
1.45255,-0.56184
1.45434,-0.55779
1.45585,-0.55437
1.45713,-0.55147
1.45823,-0.54896
1.45919,-0.54679
1.46002,-0.54490
1.46074,-0.54324
1.46138,-0.54178
1.46195,-0.54049
1.46245,-0.53933
1.46291,-0.53829
