-0.62026,1.36123
-0.62026,1.36123
-0.62025,1.36123
-0.62024,1.36123
-0.62024,1.36123
-0.62023,1.36123
-0.62022,1.36123
-0.62020,1.36123
-0.62019,1.36123
-0.62017,1.36123
-0.62014,1.36123
-0.62011,1.36123
-0.62007,1.36123
-0.62002,1.36123
-0.61995,1.36123
-0.61987,1.36122
-0.61976,1.36122
-0.61963,1.36122
-0.61949,1.36122
-0.61933,1.36122
-0.61916,1.36121
-0.61899,1.36121
-0.61882,1.36121
-0.61864,1.36120
-0.61847,1.36120
-0.61832,1.36120
-0.61819,1.36120
-0.61809,1.36120
-0.61801,1.36119
-0.61795,1.36119
-0.61791,1.36119
-0.61788,1.36119
-0.61786,1.36119
-0.61784,1.36119
-0.61783,1.36119
-0.61782,1.36119
-0.61781,1.36119
-0.61780,1.36119
-0.61779,1.36119
-0.61778,1.36119
-0.62027,1.36123
-0.62026,1.36123
-0.62025,1.36123
-0.62025,1.36123
-0.62024,1.36123
-0.62023,1.36123
-0.62022,1.36123
-0.62020,1.36123
-0.62019,1.36123
-0.62017,1.36123
-0.62014,1.36123
-0.62011,1.36123
-0.62007,1.36123
-0.62002,1.36123
-0.61995,1.36123
-0.61986,1.36122
-0.61975,1.36122
-0.61962,1.36122
-0.61947,1.36122
-0.61931,1.36122
-0.61913,1.36121
-0.61895,1.36121
-0.61877,1.36121
-0.61859,1.36120
-0.61842,1.36120
-0.61827,1.36120
-0.61815,1.36120
-0.61806,1.36119
-0.61799,1.36119
-0.61794,1.36119
-0.61790,1.36119
-0.61787,1.36119
-0.61785,1.36119
-0.61783,1.36119
-0.61782,1.36119
-0.61781,1.36119
-0.61780,1.36119
-0.61779,1.36119
-0.61778,1.36119
-0.61777,1.36119
-0.62028,1.36123
-0.62027,1.36123
-0.62026,1.36123
-0.62025,1.36123
-0.62024,1.36123
-0.62023,1.36123
-0.62022,1.36123
-0.62020,1.36123
-0.62019,1.36123
-0.62017,1.36123
-0.62014,1.36123
-0.62011,1.36123
-0.62007,1.36123
-0.62002,1.36123
-0.61995,1.36123
-0.61986,1.36122
-0.61975,1.36122
-0.61961,1.36122
-0.61945,1.36122
-0.61928,1.36122
-0.61910,1.36121
-0.61891,1.36121
-0.61872,1.36121
-0.61854,1.36120
-0.61837,1.36120
-0.61823,1.36120
-0.61811,1.36120
-0.61803,1.36119
-0.61796,1.36119
-0.61792,1.36119
-0.61788,1.36119
-0.61786,1.36119
-0.61784,1.36119
-0.61782,1.36119
-0.61781,1.36119
-0.61780,1.36119
-0.61779,1.36119
-0.61778,1.36119
-0.61777,1.36119
-0.61776,1.36119
-0.62030,1.36123
-0.62028,1.36123
-0.62027,1.36123
-0.62026,1.36123
-0.62025,1.36123
-0.62024,1.36123
-0.62022,1.36123
-0.62021,1.36123
-0.62019,1.36123
-0.62017,1.36123
-0.62014,1.36123
-0.62011,1.36123
-0.62007,1.36123
-0.62001,1.36123
-0.61994,1.36123
-0.61985,1.36122
-0.61974,1.36122
-0.61960,1.36122
-0.61943,1.36122
-0.61925,1.36121
-0.61906,1.36121
-0.61886,1.36121
-0.61867,1.36121
-0.61849,1.36120
-0.61832,1.36120
-0.61818,1.36120
-0.61808,1.36120
-0.61800,1.36119
-0.61794,1.36119
-0.61790,1.36119
-0.61787,1.36119
-0.61784,1.36119
-0.61783,1.36119
-0.61781,1.36119
-0.61780,1.36119
-0.61779,1.36119
-0.61778,1.36119
-0.61777,1.36119
-0.61776,1.36119
-0.61775,1.36119
-0.62028,1.36123
-0.62030,1.36123
-0.62029,1.36123
-0.62028,1.36123
-0.62026,1.36123
-0.62025,1.36123
-0.62023,1.36123
-0.62021,1.36123
-0.62019,1.36123
-0.62017,1.36123
-0.62014,1.36123
-0.62011,1.36123
-0.62007,1.36123
-0.62001,1.36123
-0.61994,1.36123
-0.61984,1.36122
-0.61972,1.36122
-0.61958,1.36122
-0.61940,1.36122
-0.61921,1.36121
-0.61901,1.36121
-0.61881,1.36121
-0.61861,1.36120
-0.61843,1.36120
-0.61827,1.36120
-0.61814,1.36120
-0.61804,1.36119
-0.61797,1.36119
-0.61792,1.36119
-0.61788,1.36119
-0.61785,1.36119
-0.61783,1.36119
-0.61781,1.36119
-0.61780,1.36119
-0.61778,1.36119
-0.61777,1.36119
-0.61776,1.36119
-0.61776,1.36119
-0.61775,1.36119
-0.61774,1.36119
0.58559,-1.39216
0.58452,-1.39222
0.58084,-1.39242
-0.62024,1.36123
-0.62027,1.36123
-0.62026,1.36123
-0.62024,1.36123
-0.62023,1.36123
-0.62020,1.36123
-0.62018,1.36123
-0.62015,1.36123
-0.62011,1.36123
-0.62007,1.36123
-0.62001,1.36123
-0.61993,1.36123
-0.61983,1.36122
-0.61970,1.36122
-0.61955,1.36122
-0.61937,1.36122
-0.61917,1.36121
-0.61896,1.36121
-0.61875,1.36121
-0.61855,1.36120
-0.61837,1.36120
-0.61822,1.36120
-0.61810,1.36120
-0.61801,1.36119
-0.61795,1.36119
-0.61790,1.36119
-0.61786,1.36119
-0.61784,1.36119
-0.61782,1.36119
-0.61780,1.36119
-0.61778,1.36119
-0.61777,1.36119
-0.61776,1.36119
-0.61775,1.36119
-0.61774,1.36119
-0.61774,1.36119
-0.61773,1.36119
0.58653,-1.39210
0.58629,-1.39212
0.58595,-1.39214
0.58541,-1.39217
0.58447,-1.39222
0.58222,-1.39235
-0.62004,1.36123
-0.62020,1.36123
-0.62020,1.36123
-0.62018,1.36123
-0.62015,1.36123
-0.62011,1.36123
-0.62006,1.36123
-0.62000,1.36123
-0.61992,1.36123
-0.61981,1.36122
-0.61967,1.36122
-0.61951,1.36122
-0.61931,1.36122
-0.61910,1.36121
-0.61889,1.36121
-0.61867,1.36121
-0.61848,1.36120
-0.61831,1.36120
-0.61817,1.36120
-0.61806,1.36119
-0.61798,1.36119
-0.61792,1.36119
-0.61788,1.36119
-0.61784,1.36119
-0.61782,1.36119
-0.61780,1.36119
-0.61778,1.36119
-0.61777,1.36119
-0.61776,1.36119
-0.61775,1.36119
-0.61774,1.36119
-0.61773,1.36119
-0.61773,1.36119
-0.61772,1.36119
0.58681,-1.39208
0.58671,-1.39209
0.58657,-1.39210
0.58639,-1.39211
0.58615,-1.39212
0.58583,-1.39214
0.58537,-1.39217
0.58470,-1.39221
0.58360,-1.39227
0.58121,-1.39240
-0.61971,1.36122
-0.62000,1.36123
-0.62000,1.36123
-0.61995,1.36123
-0.61986,1.36122
-0.61975,1.36122
-0.61961,1.36122
-0.61944,1.36122
-0.61923,1.36121
-0.61902,1.36121
-0.61880,1.36121
-0.61859,1.36120
-0.61840,1.36120
-0.61824,1.36120
-0.61812,1.36120
-0.61802,1.36119
-0.61795,1.36119
-0.61789,1.36119
-0.61785,1.36119
-0.61782,1.36119
-0.61780,1.36119
-0.61778,1.36119
-0.61777,1.36119
-0.61775,1.36119
-0.61774,1.36119
-0.61774,1.36119
-0.61773,1.36119
-0.61772,1.36119
-0.61772,1.36119
-0.61771,1.36119
0.58690,-1.39208
0.58686,-1.39208
0.58680,-1.39208
0.58671,-1.39209
0.58659,-1.39210
0.58644,-1.39211
0.58626,-1.39212
0.58603,-1.39213
0.58573,-1.39215
0.58536,-1.39217
0.58488,-1.39220
0.58427,-1.39224
0.58345,-1.39228
0.58226,-1.39235
0.58020,-1.39245
0.57367,-1.39272
-0.61926,1.36122
-0.61921,1.36121
-0.61906,1.36121
-0.61888,1.36121
-0.61868,1.36121
-0.61850,1.36120
-0.61833,1.36120
-0.61819,1.36120
-0.61807,1.36120
-0.61798,1.36119
-0.61791,1.36119
-0.61787,1.36119
-0.61783,1.36119
-0.61780,1.36119
-0.61778,1.36119
-0.61776,1.36119
-0.61775,1.36119
-0.61774,1.36119
-0.61773,1.36119
-0.61772,1.36119
-0.61772,1.36119
-0.61771,1.36119
-0.61771,1.36119
-0.61770,1.36119
0.58693,-1.39208
0.58691,-1.39208
0.58689,-1.39208
0.58684,-1.39208
0.58678,-1.39209
0.58669,-1.39209
0.58658,-1.39210
0.58645,-1.39211
0.58628,-1.39212
0.58609,-1.39213
0.58584,-1.39214
0.58555,-1.39216
0.58518,-1.39218
0.58474,-1.39221
0.58419,-1.39224
0.58349,-1.39228
0.58254,-1.39233
0.58113,-1.39240
0.57857,-1.39253
0.56900,-1.39287
-0.61855,1.36120
-0.61841,1.36120
-0.61827,1.36120
-0.61814,1.36120
-0.61803,1.36119
-0.61794,1.36119
-0.61788,1.36119
-0.61783,1.36119
-0.61780,1.36119
-0.61778,1.36119
-0.61776,1.36119
-0.61774,1.36119
-0.61773,1.36119
-0.61772,1.36119
-0.61772,1.36119
-0.61771,1.36119
-0.61770,1.36119
-0.61770,1.36119
-0.61770,1.36119
-0.61769,1.36119
0.58695,-1.39208
0.58694,-1.39208
0.58692,-1.39208
0.58690,-1.39208
0.58686,-1.39208
0.58681,-1.39208
0.58674,-1.39209
0.58665,-1.39209
0.58654,-1.39210
0.58640,-1.39211
0.58623,-1.39212
0.58602,-1.39213
0.58576,-1.39215
0.58545,-1.39217
0.58506,-1.39219
0.58457,-1.39222
0.58396,-1.39225
0.58317,-1.39230
0.58210,-1.39235
0.58056,-1.39243
0.57792,-1.39256
0.56934,-1.39286
-0.61826,1.36120
-0.61810,1.36120
-0.61799,1.36119
-0.61790,1.36119
-0.61784,1.36119
-0.61780,1.36119
-0.61777,1.36119
-0.61775,1.36119
-0.61774,1.36119
-0.61772,1.36119
-0.61771,1.36119
-0.61771,1.36119
-0.61770,1.36119
-0.61770,1.36119
-0.61769,1.36119
-0.61769,1.36119
-0.61769,1.36119
-0.61768,1.36119
0.58695,-1.39207
0.58695,-1.39208
0.58694,-1.39208
0.58692,-1.39208
0.58690,-1.39208
0.58687,-1.39208
0.58682,-1.39208
0.58675,-1.39209
0.58667,-1.39209
0.58657,-1.39210
0.58643,-1.39211
0.58627,-1.39212
0.58606,-1.39213
0.58580,-1.39215
0.58548,-1.39216
0.58507,-1.39219
0.58457,-1.39222
0.58393,-1.39225
0.58311,-1.39230
0.58206,-1.39236
0.58063,-1.39243
0.57839,-1.39254
0.57320,-1.39274
-0.61813,1.36120
-0.61795,1.36119
-0.61785,1.36119
-0.61780,1.36119
-0.61776,1.36119
-0.61774,1.36119
-0.61772,1.36119
-0.61771,1.36119
-0.61770,1.36119
-0.61770,1.36119
-0.61769,1.36119
-0.61769,1.36119
-0.61768,1.36119
-0.61768,1.36119
-0.61768,1.36119
-0.61767,1.36119
-0.61767,1.36119
0.58696,-1.39207
0.58695,-1.39207
0.58695,-1.39208
0.58694,-1.39208
0.58692,-1.39208
0.58690,-1.39208
0.58686,-1.39208
0.58682,-1.39208
0.58675,-1.39209
0.58667,-1.39209
0.58656,-1.39210
0.58642,-1.39211
0.58625,-1.39212
0.58602,-1.39213
0.58574,-1.39215
0.58538,-1.39217
0.58492,-1.39220
0.58436,-1.39223
0.58365,-1.39227
0.58276,-1.39232
0.58163,-1.39238
0.58010,-1.39246
0.57763,-1.39257
0.57102,-1.39281
-0.61790,1.36119
-0.61779,1.36119
-0.61775,1.36119
-0.61772,1.36119
-0.61771,1.36119
-0.61769,1.36119
-0.61769,1.36119
-0.61768,1.36119
-0.61768,1.36119
-0.61767,1.36119
-0.61767,1.36119
-0.61767,1.36119
-0.61767,1.36119
-0.61766,1.36119
-0.61766,1.36119
-0.61766,1.36119
0.58696,-1.39207
0.58696,-1.39207
0.58695,-1.39207
0.58695,-1.39208
0.58694,-1.39208
0.58692,-1.39208
0.58689,-1.39208
0.58686,-1.39208
0.58681,-1.39208
0.58674,-1.39209
0.58664,-1.39209
0.58653,-1.39210
0.58637,-1.39211
0.58618,-1.39212
0.58592,-1.39214
0.58559,-1.39216
0.58517,-1.39218
0.58465,-1.39221
0.58399,-1.39225
0.58318,-1.39230
0.58218,-1.39235
0.58088,-1.39242
0.57899,-1.39251
0.57531,-1.39266
-0.61778,1.36119
-0.61771,1.36119
-0.61768,1.36119
-0.61767,1.36119
-0.61766,1.36119
-0.61766,1.36119
-0.61765,1.36119
-0.61765,1.36119
-0.61765,1.36119
-0.61765,1.36119
-0.61765,1.36119
-0.61765,1.36119
-0.61765,1.36119
-0.61765,1.36119
-0.61765,1.36119
-0.61765,1.36119
0.58697,-1.39207
0.58696,-1.39207
0.58696,-1.39207
0.58695,-1.39207
0.58695,-1.39208
0.58693,-1.39208
0.58692,-1.39208
0.58689,-1.39208
0.58685,-1.39208
0.58679,-1.39208
0.58671,-1.39209
0.58661,-1.39210
0.58647,-1.39210
0.58629,-1.39212
0.58606,-1.39213
0.58576,-1.39215
0.58537,-1.39217
0.58487,-1.39220
0.58424,-1.39224
0.58347,-1.39228
0.58251,-1.39233
0.58129,-1.39240
0.57957,-1.39248
0.57643,-1.39262
0.55460,-1.39301
-0.61752,1.36119
-0.61757,1.36119
-0.61759,1.36119
-0.61760,1.36119
-0.61760,1.36119
-0.61761,1.36119
-0.61761,1.36119
-0.61762,1.36119
-0.61762,1.36119
-0.61762,1.36119
-0.61763,1.36119
-0.61763,1.36119
-0.61763,1.36119
-0.61763,1.36119
-0.61763,1.36119
0.58697,-1.39207
0.58697,-1.39207
0.58696,-1.39207
0.58696,-1.39207
0.58695,-1.39207
0.58695,-1.39208
0.58693,-1.39208
0.58691,-1.39208
0.58688,-1.39208
0.58684,-1.39208
0.58677,-1.39209
0.58668,-1.39209
0.58656,-1.39210
0.58640,-1.39211
0.58619,-1.39212
0.58591,-1.39214
0.58554,-1.39216
0.58506,-1.39219
0.58445,-1.39222
0.58369,-1.39227
0.58274,-1.39232
0.58151,-1.39239
0.57974,-1.39247
0.57631,-1.39262
-0.61600,1.36116
-0.61709,1.36118
-0.61731,1.36118
-0.61742,1.36118
-0.61748,1.36118
-0.61751,1.36119
-0.61754,1.36119
-0.61756,1.36119
-0.61757,1.36119
-0.61758,1.36119
-0.61759,1.36119
-0.61759,1.36119
-0.61760,1.36119
-0.61760,1.36119
-0.61761,1.36119
-0.61761,1.36119
0.58697,-1.39207
0.58697,-1.39207
0.58697,-1.39207
0.58696,-1.39207
0.58696,-1.39207
0.58695,-1.39207
0.58694,-1.39208
0.58693,-1.39208
0.58691,-1.39208
0.58687,-1.39208
0.58682,-1.39208
0.58674,-1.39209
0.58664,-1.39209
0.58649,-1.39210
0.58630,-1.39212
0.58604,-1.39213
0.58570,-1.39215
0.58524,-1.39218
0.58464,-1.39221
0.58387,-1.39226
0.58288,-1.39231
0.58155,-1.39238
0.57949,-1.39248
0.57403,-1.39271
-0.61594,1.36115
-0.61660,1.36117
-0.61693,1.36117
-0.61713,1.36118
-0.61727,1.36118
-0.61736,1.36118
-0.61742,1.36118
-0.61747,1.36118
-0.61750,1.36118
-0.61752,1.36119
-0.61754,1.36119
-0.61755,1.36119
-0.61756,1.36119
-0.61757,1.36119
-0.61758,1.36119
-0.61758,1.36119
0.58697,-1.39207
0.58697,-1.39207
0.58697,-1.39207
0.58697,-1.39207
0.58696,-1.39207
0.58696,-1.39207
0.58695,-1.39207
0.58694,-1.39208
0.58693,-1.39208
0.58690,-1.39208
0.58686,-1.39208
0.58680,-1.39208
0.58671,-1.39209
0.58658,-1.39210
0.58641,-1.39211
0.58617,-1.39212
0.58585,-1.39214
0.58541,-1.39217
0.58482,-1.39220
0.58402,-1.39225
0.58294,-1.39231
0.58135,-1.39239
0.57821,-1.39254
-0.61448,1.36112
-0.61577,1.36115
-0.61625,1.36116
-0.61658,1.36117
-0.61682,1.36117
-0.61701,1.36118
-0.61715,1.36118
-0.61725,1.36118
-0.61733,1.36118
-0.61739,1.36118
-0.61743,1.36118
-0.61747,1.36118
-0.61749,1.36118
-0.61751,1.36118
-0.61753,1.36119
-0.61754,1.36119
-0.61755,1.36119
0.58697,-1.39207
0.58697,-1.39207
0.58697,-1.39207
0.58697,-1.39207
0.58697,-1.39207
0.58696,-1.39207
0.58696,-1.39207
0.58695,-1.39207
0.58694,-1.39208
0.58693,-1.39208
0.58690,-1.39208
0.58685,-1.39208
0.58678,-1.39209
0.58666,-1.39209
0.58651,-1.39210
0.58629,-1.39212
0.58600,-1.39213
0.58558,-1.39216
0.58499,-1.39219
0.58414,-1.39224
0.58284,-1.39231
0.58035,-1.39244
-0.61276,1.36108
-0.61494,1.36113
-0.61561,1.36115
-0.61602,1.36116
-0.61632,1.36116
-0.61656,1.36117
-0.61676,1.36117
-0.61692,1.36117
-0.61706,1.36118
-0.61717,1.36118
-0.61725,1.36118
-0.61732,1.36118
-0.61737,1.36118
-0.61741,1.36118
-0.61745,1.36118
-0.61747,1.36118
-0.61749,1.36118
-0.61751,1.36118
0.58698,-1.39207
0.58697,-1.39207
0.58697,-1.39207
0.58697,-1.39207
0.58697,-1.39207
0.58697,-1.39207
0.58697,-1.39207
0.58696,-1.39207
0.58695,-1.39207
0.58694,-1.39208
0.58692,-1.39208
0.58689,-1.39208
0.58683,-1.39208
0.58674,-1.39209
0.58660,-1.39210
0.58641,-1.39211
0.58613,-1.39213
0.58574,-1.39215
0.58514,-1.39218
0.58415,-1.39224
0.58189,-1.39237
-0.61034,1.36102
-0.61375,1.36111
-0.61485,1.36113
-0.61544,1.36114
-0.61583,1.36115
-0.61612,1.36116
-0.61636,1.36116
-0.61655,1.36117
-0.61672,1.36117
-0.61687,1.36117
-0.61699,1.36118
-0.61710,1.36118
-0.61719,1.36118
-0.61726,1.36118
-0.61732,1.36118
-0.61736,1.36118
-0.61740,1.36118
-0.61743,1.36118
-0.61746,1.36118
0.58698,-1.39207
0.58698,-1.39207
0.58698,-1.39207
0.58697,-1.39207
0.58697,-1.39207
0.58697,-1.39207
0.58697,-1.39207
0.58697,-1.39207
0.58696,-1.39207
0.58695,-1.39207
0.58694,-1.39208
0.58692,-1.39208
0.58688,-1.39208
0.58681,-1.39208
0.58669,-1.39209
0.58651,-1.39210
0.58625,-1.39212
0.58585,-1.39214
0.58514,-1.39218
-0.51600,1.35236
-0.59852,1.36058
-0.61067,1.36102
-0.61350,1.36110
-0.61464,1.36113
-0.61525,1.36114
-0.61566,1.36115
-0.61595,1.36115
-0.61619,1.36116
-0.61638,1.36116
-0.61655,1.36117
-0.61670,1.36117
-0.61683,1.36117
-0.61695,1.36117
-0.61705,1.36118
-0.61713,1.36118
-0.61721,1.36118
-0.61727,1.36118
-0.61732,1.36118
-0.61736,1.36118
-0.61739,1.36118
0.58698,-1.39207
0.58698,-1.39207
0.58698,-1.39207
0.58698,-1.39207
0.58698,-1.39207
0.58697,-1.39207
0.58697,-1.39207
0.58697,-1.39207
0.58697,-1.39207
0.58696,-1.39207
0.58696,-1.39207
0.58694,-1.39208
0.58692,-1.39208
0.58687,-1.39208
0.58677,-1.39209
0.58660,-1.39210
0.58631,-1.39211
0.58554,-1.39216
-0.50975,1.35139
-0.56290,1.35810
-0.59756,1.36053
-0.60955,1.36099
-0.61299,1.36109
-0.61434,1.36112
-0.61504,1.36113
-0.61549,1.36114
-0.61580,1.36115
-0.61604,1.36116
-0.61624,1.36116
-0.61641,1.36116
-0.61656,1.36117
-0.61669,1.36117
-0.61681,1.36117
-0.61691,1.36117
-0.61701,1.36118
-0.61709,1.36118
-0.61717,1.36118
-0.61723,1.36118
-0.61728,1.36118
-0.61733,1.36118
0.58698,-1.39207
0.58698,-1.39207
0.58698,-1.39207
0.58698,-1.39207
0.58698,-1.39207
0.58698,-1.39207
0.58698,-1.39207
0.58697,-1.39207
0.58697,-1.39207
0.58697,-1.39207
0.58697,-1.39207
0.58696,-1.39207
0.58694,-1.39208
0.58691,-1.39208
0.58684,-1.39208
0.58665,-1.39209
-0.39186,1.32480
-0.49088,1.34820
-0.52756,1.35403
-0.56287,1.35810
-0.59337,1.36033
-0.60769,1.36093
-0.61225,1.36107
-0.61396,1.36111
-0.61480,1.36113
-0.61530,1.36114
-0.61565,1.36115
-0.61591,1.36115
-0.61611,1.36116
-0.61628,1.36116
-0.61643,1.36116
-0.61656,1.36117
-0.61668,1.36117
-0.61679,1.36117
-0.61689,1.36117
-0.61698,1.36117
-0.61706,1.36118
-0.61714,1.36118
-0.61720,1.36118
-0.61725,1.36118
0.58698,-1.39207
0.58698,-1.39207
0.58698,-1.39207
0.58698,-1.39207
0.58698,-1.39207
0.58698,-1.39207
0.58698,-1.39207
0.58698,-1.39207
0.58698,-1.39207
0.58697,-1.39207
0.58697,-1.39207
0.58697,-1.39207
0.58696,-1.39207
0.58695,-1.39208
0.58689,-1.39208
-0.34923,1.31140
-0.47020,1.34422
-0.50154,1.35005
-0.52855,1.35416
-0.55803,1.35763
-0.58738,1.35999
-0.60494,1.36084
-0.61121,1.36104
-0.61347,1.36110
-0.61452,1.36112
-0.61511,1.36114
-0.61549,1.36114
-0.61577,1.36115
-0.61599,1.36116
-0.61617,1.36116
-0.61632,1.36116
-0.61645,1.36116
-0.61658,1.36117
-0.61668,1.36117
-0.61679,1.36117
-0.61688,1.36117
-0.61697,1.36117
-0.61704,1.36118
-0.61711,1.36118
-0.61718,1.36118
0.58698,-1.39207
0.58698,-1.39207
0.58698,-1.39207
0.58698,-1.39207
0.58698,-1.39207
0.58698,-1.39207
0.58698,-1.39207
0.58698,-1.39207
0.58698,-1.39207
0.58698,-1.39207
0.58698,-1.39207
0.58698,-1.39207
0.58697,-1.39207
0.58697,-1.39207
0.58694,-1.39208
-0.43666,1.33674
-0.47607,1.34539
-0.50120,1.35000
-0.52471,1.35363
-0.55105,1.35691
-0.57973,1.35948
-0.60092,1.36068
-0.60974,1.36100
-0.61284,1.36108
-0.61417,1.36112
-0.61488,1.36113
-0.61533,1.36114
-0.61564,1.36115
-0.61587,1.36115
-0.61606,1.36116
-0.61622,1.36116
-0.61636,1.36116
-0.61648,1.36117
-0.61659,1.36117
-0.61669,1.36117
-0.61678,1.36117
-0.61687,1.36117
-0.61695,1.36117
-0.61703,1.36118
-0.61710,1.36118
0.58698,-1.39207
0.58698,-1.39207
0.58698,-1.39207
0.58698,-1.39207
0.58698,-1.39207
0.58698,-1.39207
0.58698,-1.39207
0.58698,-1.39207
0.58698,-1.39207
0.58698,-1.39207
0.58698,-1.39207
0.58698,-1.39207
0.58699,-1.39207
0.58699,-1.39207
0.58709,-1.39207
-0.43199,1.33559
-0.47089,1.34436
-0.49545,1.34901
-0.51772,1.35262
-0.54219,1.35590
-0.57018,1.35875
-0.59497,1.36041
-0.60750,1.36093
-0.61196,1.36106
-0.61373,1.36110
-0.61461,1.36113
-0.61514,1.36114
-0.61549,1.36114
-0.61575,1.36115
-0.61595,1.36115
-0.61612,1.36116
-0.61626,1.36116
-0.61639,1.36116
-0.61650,1.36117
-0.61660,1.36117
-0.61670,1.36117
-0.61679,1.36117
-0.61687,1.36117
-0.61695,1.36117
-0.61702,1.36118
0.58698,-1.39207
0.58698,-1.39207
0.58698,-1.39207
0.58698,-1.39207
0.58699,-1.39207
0.58699,-1.39207
0.58699,-1.39207
0.58699,-1.39207
0.58699,-1.39207
0.58699,-1.39207
0.58699,-1.39207
0.58699,-1.39207
0.58700,-1.39207
0.58703,-1.39207
0.58718,-1.39206
-0.38989,1.32423
-0.45548,1.34109
-0.48418,1.34696
-0.50715,1.35098
-0.53077,1.35446
-0.55797,1.35763
-0.58585,1.35989
-0.60369,1.36079
-0.61057,1.36102
-0.61310,1.36109
-0.61426,1.36112
-0.61491,1.36113
-0.61532,1.36114
-0.61561,1.36115
-0.61584,1.36115
-0.61602,1.36116
-0.61617,1.36116
-0.61630,1.36116
-0.61641,1.36116
-0.61652,1.36117
-0.61661,1.36117
-0.61670,1.36117
-0.61679,1.36117
-0.61687,1.36117
-0.61695,1.36117
0.58699,-1.39207
0.58699,-1.39207
0.58699,-1.39207
0.58699,-1.39207
0.58699,-1.39207
0.58699,-1.39207
0.58699,-1.39207
0.58699,-1.39207
0.58699,-1.39207
0.58700,-1.39207
0.58700,-1.39207
0.58701,-1.39207
0.58703,-1.39207
0.58708,-1.39207
0.58721,-1.39206
0.58763,-1.39203
-0.41339,1.33081
-0.46314,1.34274
-0.49078,1.34818
-0.51514,1.35223
-0.54166,1.35584
-0.57141,1.35885
-0.59625,1.36047
-0.60794,1.36094
-0.61206,1.36106
-0.61373,1.36110
-0.61458,1.36112
-0.61510,1.36114
-0.61544,1.36114
-0.61570,1.36115
-0.61590,1.36115
-0.61607,1.36116
-0.61620,1.36116
-0.61633,1.36116
-0.61643,1.36116
-0.61653,1.36117
-0.61663,1.36117
-0.61671,1.36117
-0.61680,1.36117
-0.61688,1.36117
0.58699,-1.39207
0.58699,-1.39207
0.58699,-1.39207
0.58699,-1.39207
0.58699,-1.39207
0.58699,-1.39207
0.58699,-1.39207
0.58700,-1.39207
0.58700,-1.39207
0.58701,-1.39207
0.58702,-1.39207
0.58704,-1.39207
0.58707,-1.39207
0.58713,-1.39206
0.58724,-1.39206
0.58744,-1.39204
0.58781,-1.39202
-0.40319,1.32803
-0.46046,1.34217
-0.49102,1.34822
-0.51837,1.35272
-0.54840,1.35662
-0.57992,1.35950
-0.60139,1.36070
-0.60977,1.36100
-0.61273,1.36108
-0.61404,1.36111
-0.61475,1.36113
-0.61520,1.36114
-0.61551,1.36115
-0.61575,1.36115
-0.61594,1.36115
-0.61610,1.36116
-0.61623,1.36116
-0.61635,1.36116
-0.61645,1.36116
-0.61655,1.36117
-0.61664,1.36117
-0.61672,1.36117
-0.61680,1.36117
0.58699,-1.39207
0.58699,-1.39207
0.58699,-1.39207
0.58699,-1.39207
0.58700,-1.39207
0.58700,-1.39207
0.58700,-1.39207
0.58701,-1.39207
0.58701,-1.39207
0.58702,-1.39207
0.58704,-1.39207
0.58707,-1.39207
0.58711,-1.39206
0.58718,-1.39206
0.58729,-1.39205
0.58744,-1.39204
0.58763,-1.39203
0.58785,-1.39202
0.58901,-1.39194
-0.43638,1.33667
-0.47817,1.34581
-0.51058,1.35153
-0.54463,1.35619
-0.57949,1.35947
-0.60184,1.36072
-0.60998,1.36101
-0.61281,1.36108
-0.61407,1.36111
-0.61476,1.36113
-0.61520,1.36114
-0.61552,1.36115
-0.61576,1.36115
-0.61594,1.36115
-0.61610,1.36116
-0.61624,1.36116
-0.61635,1.36116
-0.61646,1.36116
-0.61655,1.36117
-0.61664,1.36117
-0.61673,1.36117
0.58699,-1.39207
0.58699,-1.39207
0.58700,-1.39207
0.58700,-1.39207
0.58700,-1.39207
0.58700,-1.39207
0.58701,-1.39207
0.58702,-1.39207
0.58703,-1.39207
0.58704,-1.39207
0.58706,-1.39207
0.58710,-1.39207
0.58715,-1.39206
0.58723,-1.39206
0.58734,-1.39205
0.58749,-1.39204
0.58766,-1.39203
0.58784,-1.39202
0.58801,-1.39201
0.58816,-1.39200
0.58834,-1.39199
-0.39753,1.32644
-0.46568,1.34328
-0.50967,1.35138
-0.55425,1.35725
-0.59176,1.36024
-0.60739,1.36092
-0.61198,1.36106
-0.61370,1.36110
-0.61456,1.36112
-0.61507,1.36114
-0.61543,1.36114
-0.61569,1.36115
-0.61590,1.36115
-0.61607,1.36116
-0.61621,1.36116
-0.61634,1.36116
-0.61645,1.36116
-0.61655,1.36117
-0.61665,1.36117
0.58700,-1.39207
0.58700,-1.39207
0.58700,-1.39207
0.58700,-1.39207
0.58701,-1.39207
0.58701,-1.39207
0.58702,-1.39207
0.58703,-1.39207
0.58704,-1.39207
0.58706,-1.39207
0.58709,-1.39207
0.58714,-1.39206
0.58720,-1.39206
0.58729,-1.39205
0.58741,-1.39205
0.58756,-1.39204
0.58774,-1.39202
0.58795,-1.39201
0.58817,-1.39200
0.58839,-1.39198
0.58862,-1.39197
0.58882,-1.39195
0.58900,-1.39194
0.58910,-1.39194
0.58904,-1.39194
-0.24497,1.26977
-0.49461,1.34886
-0.57356,1.35902
-0.60588,1.36087
-0.61206,1.36106
-0.61387,1.36111
-0.61470,1.36113
-0.61519,1.36114
-0.61552,1.36115
-0.61578,1.36115
-0.61598,1.36115
-0.61615,1.36116
-0.61629,1.36116
-0.61642,1.36116
-0.61653,1.36117
0.58700,-1.39207
0.58700,-1.39207
0.58701,-1.39207
0.58701,-1.39207
0.58702,-1.39207
0.58702,-1.39207
0.58703,-1.39207
0.58704,-1.39207
0.58706,-1.39207
0.58709,-1.39207
0.58712,-1.39206
0.58717,-1.39206
0.58725,-1.39206
0.58734,-1.39205
0.58748,-1.39204
0.58764,-1.39203
0.58784,-1.39202
0.58808,-1.39200
0.58834,-1.39199
0.58863,-1.39197
0.58893,-1.39195
0.58924,-1.39193
0.58952,-1.39191
0.58978,-1.39189
0.58999,-1.39188
0.59015,-1.39186
0.59026,-1.39186
0.59029,-1.39185
0.59012,-1.39187
0.58929,-1.39192
-0.57516,1.35915
-0.60998,1.36101
-0.61353,1.36110
-0.61462,1.36113
-0.61518,1.36114
-0.61554,1.36115
-0.61580,1.36115
-0.61602,1.36116
-0.61619,1.36116
-0.61635,1.36116
0.58700,-1.39207
0.58701,-1.39207
0.58701,-1.39207
0.58702,-1.39207
0.58702,-1.39207
0.58703,-1.39207
0.58704,-1.39207
0.58706,-1.39207
0.58708,-1.39207
0.58711,-1.39206
0.58715,-1.39206
0.58721,-1.39206
0.58730,-1.39205
0.58741,-1.39205
0.58755,-1.39204
0.58773,-1.39203
0.58795,-1.39201
0.58821,-1.39199
0.58850,-1.39198
0.58882,-1.39195
0.58915,-1.39193
0.58947,-1.39191
0.58977,-1.39189
0.59002,-1.39187
0.59023,-1.39186
0.59039,-1.39185
0.59053,-1.39184
0.59063,-1.39183
0.59071,-1.39183
0.59076,-1.39182
0.59077,-1.39182
0.59069,-1.39183
0.58994,-1.39188
-0.58631,1.35992
-0.61217,1.36107
-0.61431,1.36112
-0.61506,1.36114
-0.61549,1.36114
-0.61578,1.36115
-0.61602,1.36116
0.58701,-1.39207
0.58701,-1.39207
0.58702,-1.39207
0.58703,-1.39207
0.58703,-1.39207
0.58705,-1.39207
0.58706,-1.39207
0.58708,-1.39207
0.58710,-1.39207
0.58714,-1.39206
0.58719,-1.39206
0.58726,-1.39206
0.58735,-1.39205
0.58747,-1.39204
0.58763,-1.39203
0.58783,-1.39202
0.58806,-1.39200
0.58833,-1.39199
0.58864,-1.39197
0.58897,-1.39194
0.58931,-1.39192
0.58963,-1.39190
0.58991,-1.39188
0.59014,-1.39186
0.59034,-1.39185
0.59049,-1.39184
0.59061,-1.39183
0.59070,-1.39183
0.59078,-1.39182
0.59085,-1.39182
0.59090,-1.39181
0.59094,-1.39181
0.59097,-1.39181
0.59097,-1.39181
0.59089,-1.39181
0.59005,-1.39187
-0.60340,1.36078
-0.61351,1.36110
-0.61483,1.36113
-0.61538,1.36114
0.58702,-1.39207
0.58702,-1.39207
0.58703,-1.39207
0.58704,-1.39207
0.58705,-1.39207
0.58706,-1.39207
0.58707,-1.39207
0.58710,-1.39207
0.58713,-1.39206
0.58717,-1.39206
0.58723,-1.39206
0.58730,-1.39205
0.58741,-1.39205
0.58754,-1.39204
0.58772,-1.39203
0.58792,-1.39201
0.58817,-1.39200
0.58845,-1.39198
0.58876,-1.39196
0.58910,-1.39194
0.58943,-1.39191
0.58973,-1.39189
0.59000,-1.39187
0.59022,-1.39186
0.59040,-1.39185
0.59054,-1.39184
0.59065,-1.39183
0.59074,-1.39182
0.59081,-1.39182
0.59087,-1.39181
0.59092,-1.39181
0.59096,-1.39181
0.59100,-1.39180
0.59104,-1.39180
0.59106,-1.39180
0.59108,-1.39180
0.59107,-1.39180
0.59097,-1.39181
-0.27987,1.28517
-0.61083,1.36103
0.58702,-1.39207
0.58703,-1.39207
0.58704,-1.39207
0.58705,-1.39207
0.58706,-1.39207
0.58707,-1.39207
0.58709,-1.39207
0.58712,-1.39206
0.58715,-1.39206
0.58720,-1.39206
0.58726,-1.39206
0.58735,-1.39205
0.58747,-1.39204
0.58762,-1.39203
0.58780,-1.39202
0.58802,-1.39201
0.58827,-1.39199
0.58856,-1.39197
0.58887,-1.39195
0.58920,-1.39193
0.58952,-1.39191
0.58981,-1.39189
0.59007,-1.39187
0.59027,-1.39186
0.59044,-1.39184
0.59057,-1.39184
0.59067,-1.39183
0.59076,-1.39182
0.59082,-1.39182
0.59088,-1.39181
0.59093,-1.39181
0.59097,-1.39181
0.59101,-1.39180
0.59104,-1.39180
0.59107,-1.39180
0.59109,-1.39180
0.59112,-1.39180
0.59113,-1.39180
0.59115,-1.39179
0.59113,-1.39180
0.58703,-1.39207
0.58704,-1.39207
0.58705,-1.39207
0.58706,-1.39207
0.58707,-1.39207
0.58709,-1.39207
0.58711,-1.39207
0.58714,-1.39206
0.58718,-1.39206
0.58723,-1.39206
0.58730,-1.39205
0.58740,-1.39205
0.58753,-1.39204
0.58769,-1.39203
0.58789,-1.39202
0.58811,-1.39200
0.58837,-1.39198
0.58866,-1.39196
0.58897,-1.39194
0.58929,-1.39192
0.58960,-1.39190
0.58988,-1.39188
0.59012,-1.39187
0.59031,-1.39185
0.59047,-1.39184
0.59059,-1.39183
0.59069,-1.39183
0.59077,-1.39182
0.59083,-1.39182
0.59089,-1.39181
0.59093,-1.39181
0.59097,-1.39181
0.59101,-1.39180
0.59104,-1.39180
0.59107,-1.39180
0.59109,-1.39180
0.59111,-1.39180
0.59113,-1.39180
0.59115,-1.39179
0.59117,-1.39179
0.58704,-1.39207
0.58705,-1.39207
0.58706,-1.39207
0.58707,-1.39207
0.58708,-1.39207
0.58710,-1.39207
0.58712,-1.39206
0.58716,-1.39206
0.58720,-1.39206
0.58726,-1.39206
0.58735,-1.39205
0.58746,-1.39204
0.58760,-1.39203
0.58777,-1.39202
0.58797,-1.39201
0.58820,-1.39199
0.58846,-1.39198
0.58875,-1.39196
0.58906,-1.39194
0.58937,-1.39192
0.58966,-1.39190
0.58993,-1.39188
0.59016,-1.39186
0.59034,-1.39185
0.59049,-1.39184
0.59061,-1.39183
0.59070,-1.39183
0.59078,-1.39182
0.59084,-1.39182
0.59090,-1.39181
0.59094,-1.39181
0.59098,-1.39181
0.59101,-1.39180
0.59104,-1.39180
0.59107,-1.39180
0.59109,-1.39180
0.59111,-1.39180
0.59113,-1.39180
0.59114,-1.39179
0.59116,-1.39179
0.58705,-1.39207
0.58706,-1.39207
0.58707,-1.39207
0.58708,-1.39207
0.58709,-1.39207
0.58711,-1.39206
0.58714,-1.39206
0.58718,-1.39206
0.58723,-1.39206
0.58730,-1.39205
0.58739,-1.39205
0.58752,-1.39204
0.58767,-1.39203
0.58785,-1.39202
0.58806,-1.39200
0.58829,-1.39199
0.58855,-1.39197
0.58884,-1.39195
0.58914,-1.39193
0.58944,-1.39191
0.58972,-1.39189
0.58998,-1.39188
0.59019,-1.39186
0.59037,-1.39185
0.59051,-1.39184
0.59062,-1.39183
0.59071,-1.39182
0.59079,-1.39182
0.59085,-1.39182
0.59090,-1.39181
0.59094,-1.39181
0.59098,-1.39181
0.59101,-1.39180
0.59104,-1.39180
0.59107,-1.39180
0.59109,-1.39180
0.59111,-1.39180
0.59112,-1.39180
0.59114,-1.39179
0.59115,-1.39179
