-0.93086,1.28490
-0.93021,1.28524
-0.92948,1.28562
-0.92864,1.28605
-0.92766,1.28655
-0.92650,1.28715
-0.92511,1.28786
-0.92343,1.28872
-0.92137,1.28976
-0.91882,1.29104
-0.91563,1.29262
-0.91160,1.29459
-0.90645,1.29707
-0.89982,1.30019
-0.89128,1.30409
-0.88038,1.30889
-0.86674,1.31459
-0.85027,1.32103
-0.83129,1.32785
-0.81051,1.33459
-0.78878,1.34081
-0.76684,1.34623
-0.74518,1.35074
-0.72423,1.35432
-0.70459,1.35698
-0.68717,1.35879
-0.67284,1.35991
-0.66188,1.36054
-0.65391,1.36088
-0.64822,1.36106
-0.64413,1.36116
-0.64114,1.36121
-0.63890,1.36124
-0.63716,1.36127
-0.63576,1.36128
-0.63460,1.36129
-0.63360,1.36129
-0.63272,1.36130
-0.63191,1.36130
-0.63116,1.36130
-0.93135,1.28464
-0.93055,1.28506
-0.92972,1.28549
-0.92881,1.28596
-0.92778,1.28649
-0.92659,1.28710
-0.92518,1.28783
-0.92348,1.28869
-0.92142,1.28973
-0.91887,1.29101
-0.91568,1.29259
-0.91165,1.29457
-0.90648,1.29706
-0.89979,1.30020
-0.89112,1.30416
-0.87998,1.30906
-0.86595,1.31491
-0.84891,1.32154
-0.82919,1.32857
-0.80754,1.33549
-0.78491,1.34183
-0.76211,1.34728
-0.73975,1.35174
-0.71840,1.35518
-0.69885,1.35763
-0.68206,1.35923
-0.66869,1.36017
-0.65872,1.36068
-0.65154,1.36096
-0.64641,1.36110
-0.64270,1.36118
-0.63995,1.36123
-0.63785,1.36126
-0.63620,1.36127
-0.63485,1.36129
-0.63372,1.36129
-0.63273,1.36130
-0.63184,1.36130
-0.63103,1.36130
-0.63028,1.36130
-0.93257,1.28401
-0.93145,1.28459
-0.93038,1.28515
-0.92930,1.28571
-0.92814,1.28631
-0.92686,1.28697
-0.92538,1.28772
-0.92363,1.28861
-0.92154,1.28967
-0.91896,1.29096
-0.91576,1.29255
-0.91169,1.29454
-0.90647,1.29706
-0.89970,1.30025
-0.89087,1.30428
-0.87944,1.30929
-0.86496,1.31531
-0.84727,1.32215
-0.82672,1.32940
-0.80413,1.33650
-0.78053,1.34295
-0.75685,1.34841
-0.73385,1.35277
-0.71227,1.35602
-0.69305,1.35824
-0.67709,1.35961
-0.66477,1.36039
-0.65575,1.36081
-0.64930,1.36103
-0.64466,1.36114
-0.64127,1.36121
-0.63872,1.36125
-0.63674,1.36127
-0.63516,1.36128
-0.63386,1.36129
-0.63274,1.36130
-0.63177,1.36130
-0.63089,1.36130
-0.63009,1.36130
-0.62935,1.36130
-0.93512,1.28266
-0.93342,1.28356
-0.93188,1.28437
-0.93043,1.28512
-0.92900,1.28586
-0.92751,1.28663
-0.92587,1.28747
-0.92400,1.28843
-0.92181,1.28954
-0.91916,1.29087
-0.91588,1.29249
-0.91175,1.29452
-0.90644,1.29707
-0.89953,1.30032
-0.89048,1.30445
-0.87870,1.30961
-0.86368,1.31582
-0.84523,1.32290
-0.82374,1.33039
-0.80011,1.33767
-0.77549,1.34419
-0.75096,1.34962
-0.72744,1.35382
-0.70587,1.35683
-0.68725,1.35879
-0.67229,1.35995
-0.66106,1.36058
-0.65294,1.36091
-0.64713,1.36109
-0.64292,1.36118
-0.63980,1.36123
-0.63742,1.36126
-0.63555,1.36128
-0.63404,1.36129
-0.63277,1.36130
-0.63169,1.36130
-0.63073,1.36130
-0.62988,1.36130
-0.62910,1.36130
-0.62839,1.36130
-0.93337,1.28359
-0.93604,1.28218
-0.93452,1.28298
-0.93264,1.28397
-0.93077,1.28495
-0.92889,1.28592
-0.92693,1.28693
-0.92481,1.28802
-0.92240,1.28924
-0.91957,1.29066
-0.91613,1.29237
-0.91185,1.29447
-0.90637,1.29711
-0.89924,1.30046
-0.88988,1.30472
-0.87764,1.31006
-0.86195,1.31651
-0.84261,1.32386
-0.82004,1.33160
-0.79526,1.33904
-0.76959,1.34560
-0.74429,1.35091
-0.72048,1.35488
-0.69923,1.35759
-0.68148,1.35928
-0.66769,1.36023
-0.65753,1.36073
-0.65024,1.36100
-0.64499,1.36114
-0.64115,1.36121
-0.63826,1.36125
-0.63603,1.36128
-0.63426,1.36129
-0.63282,1.36130
-0.63160,1.36130
-0.63055,1.36130
-0.62964,1.36130
-0.62882,1.36130
-0.62809,1.36130
-0.62742,1.36130
0.17559,-1.24284
0.05536,-1.14233
-0.07884,-1.00153
-0.92826,1.28625
-0.93211,1.28425
-0.93078,1.28494
-0.92865,1.28604
-0.92621,1.28730
-0.92347,1.28870
-0.92032,1.29028
-0.91658,1.29215
-0.91199,1.29440
-0.90620,1.29719
-0.89870,1.30071
-0.88888,1.30517
-0.87601,1.31075
-0.85947,1.31749
-0.83905,1.32514
-0.81523,1.33313
-0.78921,1.34069
-0.76254,1.34719
-0.73668,1.35228
-0.71293,1.35593
-0.69241,1.35830
-0.67584,1.35970
-0.66329,1.36047
-0.65416,1.36087
-0.64760,1.36107
-0.64284,1.36118
-0.63931,1.36124
-0.63663,1.36127
-0.63454,1.36129
-0.63287,1.36130
-0.63150,1.36130
-0.63035,1.36130
-0.62936,1.36130
-0.62851,1.36130
-0.62775,1.36130
-0.62707,1.36130
-0.62646,1.36129
0.42288,-1.37321
0.34265,-1.34316
0.24690,-1.29149
0.14628,-1.22046
0.05132,-1.13855
-0.04679,-1.03818
-0.90336,1.29853
-0.92339,1.28874
-0.92318,1.28884
-0.92046,1.29021
-0.91661,1.29213
-0.91169,1.29455
-0.90544,1.29755
-0.89739,1.30131
-0.88687,1.30606
-0.87312,1.31196
-0.85547,1.31905
-0.83374,1.32701
-0.80853,1.33519
-0.78132,1.34275
-0.75389,1.34902
-0.72796,1.35374
-0.70486,1.35695
-0.68555,1.35894
-0.67038,1.36007
-0.65908,1.36067
-0.65089,1.36098
-0.64496,1.36114
-0.64062,1.36122
-0.63737,1.36126
-0.63488,1.36129
-0.63294,1.36130
-0.63138,1.36130
-0.63011,1.36130
-0.62905,1.36130
-0.62814,1.36130
-0.62736,1.36130
-0.62667,1.36129
-0.62606,1.36129
-0.62552,1.36129
0.52625,-1.39198
0.48949,-1.38799
0.43845,-1.37752
0.37435,-1.35656
0.29991,-1.32211
0.21978,-1.27398
0.14106,-1.21633
0.06904,-1.15493
0.00194,-1.09014
-0.07131,-1.01033
-0.86064,1.31703
-0.89819,1.30094
-0.89741,1.30130
-0.89069,1.30436
-0.88017,1.30897
-0.86579,1.31497
-0.84715,1.32220
-0.82426,1.33022
-0.79805,1.33826
-0.77029,1.34543
-0.74305,1.35114
-0.71806,1.35523
-0.69647,1.35789
-0.67885,1.35948
-0.66520,1.36037
-0.65506,1.36083
-0.64766,1.36107
-0.64226,1.36119
-0.63828,1.36125
-0.63529,1.36128
-0.63301,1.36130
-0.63123,1.36130
-0.62982,1.36130
-0.62867,1.36130
-0.62771,1.36130
-0.62691,1.36129
-0.62621,1.36129
-0.62561,1.36129
-0.62508,1.36128
-0.62460,1.36128
0.55943,-1.39301
0.54520,-1.39286
0.52252,-1.39171
0.48948,-1.38799
0.44567,-1.37935
0.39216,-1.36322
0.33123,-1.33787
0.26620,-1.30320
0.20112,-1.26122
0.14004,-1.21552
0.08561,-1.16979
0.03793,-1.12582
-0.00488,-1.08313
-0.04583,-1.03925
-0.09074,-0.98738
-0.16461,-0.89198
-0.80104,1.33740
-0.79537,1.33901
-0.77621,1.34402
-0.75287,1.34923
-0.72917,1.35354
-0.70725,1.35666
-0.68824,1.35870
-0.67260,1.35992
-0.66036,1.36061
-0.65115,1.36097
-0.64437,1.36115
-0.63942,1.36124
-0.63577,1.36128
-0.63306,1.36130
-0.63102,1.36130
-0.62945,1.36130
-0.62820,1.36130
-0.62720,1.36130
-0.62637,1.36129
-0.62568,1.36129
-0.62508,1.36128
-0.62456,1.36128
-0.62411,1.36128
-0.62371,1.36127
0.56998,-1.39284
0.56363,-1.39297
0.55347,-1.39300
0.53767,-1.39260
0.51448,-1.39103
0.48287,-1.38696
0.44261,-1.37859
0.39436,-1.36400
0.33979,-1.34186
0.28160,-1.31209
0.22322,-1.27627
0.16784,-1.23706
0.11756,-1.19721
0.07296,-1.15848
0.03333,-1.12139
-0.00282,-1.08526
-0.03744,-1.04849
-0.07310,-1.00825
-0.11517,-0.95733
-0.19616,-0.84663
-0.71361,1.35584
-0.69718,1.35781
-0.68121,1.35930
-0.66721,1.36026
-0.65588,1.36080
-0.64724,1.36108
-0.64090,1.36122
-0.63635,1.36127
-0.63308,1.36130
-0.63071,1.36130
-0.62895,1.36130
-0.62762,1.36130
-0.62657,1.36129
-0.62573,1.36129
-0.62503,1.36128
-0.62445,1.36128
-0.62395,1.36127
-0.62352,1.36127
-0.62314,1.36127
-0.62281,1.36126
0.57446,-1.39270
0.57088,-1.39281
0.56539,-1.39294
0.55692,-1.39302
0.54408,-1.39283
0.52549,-1.39192
0.49998,-1.38943
0.46682,-1.38404
0.42574,-1.37404
0.37711,-1.35763
0.32244,-1.33363
0.26449,-1.30219
0.20681,-1.26517
0.15248,-1.22531
0.10320,-1.18509
0.05922,-1.14592
0.01981,-1.10814
-0.01618,-1.07133
-0.05019,-1.03439
-0.08432,-0.99504
-0.12347,-0.94680
-0.19417,-0.84959
-0.67998,1.35940
-0.66348,1.36046
-0.65167,1.36095
-0.64308,1.36118
-0.63709,1.36127
-0.63302,1.36130
-0.63023,1.36130
-0.62827,1.36130
-0.62684,1.36129
-0.62575,1.36129
-0.62491,1.36128
-0.62423,1.36128
-0.62367,1.36127
-0.62320,1.36127
-0.62280,1.36126
-0.62245,1.36126
-0.62215,1.36126
-0.62189,1.36125
0.57699,-1.39260
0.57465,-1.39269
0.57118,-1.39280
0.56594,-1.39293
0.55799,-1.39301
0.54614,-1.39288
0.52913,-1.39216
0.50579,-1.39013
0.47515,-1.38563
0.43646,-1.37700
0.38947,-1.36226
0.33503,-1.33966
0.27562,-1.30869
0.21511,-1.27084
0.15738,-1.22911
0.10498,-1.18661
0.05868,-1.14542
0.01801,-1.10634
-0.01812,-1.06928
-0.05112,-1.03335
-0.08296,-0.99666
-0.11750,-0.95438
-0.16821,-0.88696
-0.66687,1.36028
-0.64751,1.36108
-0.63828,1.36125
-0.63280,1.36130
-0.62943,1.36130
-0.62723,1.36130
-0.62573,1.36129
-0.62464,1.36128
-0.62382,1.36127
-0.62318,1.36127
-0.62266,1.36126
-0.62224,1.36126
-0.62189,1.36125
-0.62158,1.36125
-0.62132,1.36124
-0.62110,1.36124
-0.62090,1.36124
0.57871,-1.39252
0.57705,-1.39259
0.57467,-1.39269
0.57113,-1.39281
0.56580,-1.39294
0.55774,-1.39301
0.54577,-1.39287
0.52859,-1.39213
0.50497,-1.39004
0.47373,-1.38537
0.43386,-1.37630
0.38489,-1.36058
0.32768,-1.33617
0.26520,-1.30261
0.20200,-1.26183
0.14256,-1.21753
0.08957,-1.17328
0.04366,-1.13131
0.00409,-1.09234
-0.03051,-1.05603
-0.06187,-1.02120
-0.09241,-0.98536
-0.12685,-0.94246
-0.18365,-0.86498
-0.64305,1.36118
-0.63236,1.36130
-0.62794,1.36130
-0.62551,1.36129
-0.62399,1.36127
-0.62296,1.36126
-0.62222,1.36126
-0.62168,1.36125
-0.62126,1.36124
-0.62092,1.36124
-0.62065,1.36124
-0.62043,1.36123
-0.62023,1.36123
-0.62007,1.36123
-0.61993,1.36123
-0.61980,1.36122
0.58000,-1.39246
0.57878,-1.39252
0.57706,-1.39259
0.57458,-1.39269
0.57086,-1.39281
0.56522,-1.39295
0.55662,-1.39301
0.54379,-1.39282
0.52529,-1.39191
0.49970,-1.38940
0.46566,-1.38381
0.42201,-1.37295
0.36842,-1.35420
0.30647,-1.32556
0.24026,-1.28732
0.17532,-1.24264
0.11618,-1.19606
0.06493,-1.15118
0.02144,-1.10975
-0.01562,-1.07192
-0.04809,-1.03674
-0.07824,-1.00223
-0.10954,-0.96437
-0.15065,-0.91109
-0.63110,1.36130
-0.62405,1.36127
-0.62181,1.36125
-0.62066,1.36124
-0.61999,1.36123
-0.61956,1.36122
-0.61927,1.36122
-0.61908,1.36121
-0.61894,1.36121
-0.61884,1.36121
-0.61876,1.36121
-0.61870,1.36121
-0.61865,1.36121
-0.61861,1.36120
-0.61857,1.36120
-0.61853,1.36120
0.58102,-1.39241
0.58010,-1.39246
0.57884,-1.39252
0.57704,-1.39259
0.57441,-1.39270
0.57044,-1.39283
0.56430,-1.39296
0.55484,-1.39301
0.54054,-1.39272
0.51978,-1.39149
0.49087,-1.38820
0.45228,-1.38092
0.40286,-1.36692
0.34290,-1.34328
0.27542,-1.30857
0.20611,-1.26469
0.14112,-1.21638
0.08424,-1.16858
0.03629,-1.12425
-0.00391,-1.08413
-0.03837,-1.04748
-0.06956,-1.01235
-0.10092,-0.97502
-0.13992,-0.92541
-0.25927,-0.74555
-0.60725,1.36092
-0.61122,1.36104
-0.61292,1.36108
-0.61393,1.36111
-0.61463,1.36113
-0.61514,1.36114
-0.61555,1.36115
-0.61587,1.36115
-0.61614,1.36116
-0.61636,1.36116
-0.61654,1.36117
-0.61669,1.36117
-0.61681,1.36117
-0.61691,1.36117
-0.61699,1.36118
0.58186,-1.39237
0.58115,-1.39240
0.58020,-1.39245
0.57889,-1.39251
0.57701,-1.39260
0.57421,-1.39271
0.56989,-1.39284
0.56310,-1.39298
0.55244,-1.39299
0.53611,-1.39253
0.51216,-1.39080
0.47866,-1.38625
0.43390,-1.37631
0.37711,-1.35763
0.30987,-1.32732
0.23729,-1.28543
0.16657,-1.23611
0.10350,-1.18534
0.05025,-1.13754
0.00604,-1.09432
-0.03133,-1.05514
-0.06475,-1.01789
-0.09823,-0.97830
-0.14117,-0.92376
-0.49630,1.34916
-0.57114,1.35883
-0.58909,1.36009
-0.59802,1.36055
-0.60319,1.36077
-0.60646,1.36089
-0.60868,1.36097
-0.61027,1.36101
-0.61146,1.36105
-0.61238,1.36107
-0.61310,1.36109
-0.61368,1.36110
-0.61414,1.36111
-0.61452,1.36112
-0.61483,1.36113
-0.61508,1.36114
0.58256,-1.39233
0.58201,-1.39236
0.58129,-1.39240
0.58031,-1.39244
0.57896,-1.39251
0.57698,-1.39260
0.57397,-1.39271
0.56924,-1.39286
0.56163,-1.39299
0.54941,-1.39295
0.53039,-1.39224
0.50224,-1.38971
0.46273,-1.38321
0.41021,-1.36933
0.34480,-1.34413
0.27028,-1.30560
0.19416,-1.25631
0.12419,-1.20269
0.06448,-1.15077
0.01504,-1.10339
-0.02651,-1.06034
-0.06372,-1.01908
-0.10219,-0.97346
-0.16169,-0.89603
-0.49300,1.34857
-0.53426,1.35492
-0.55807,1.35764
-0.57434,1.35908
-0.58550,1.35987
-0.59313,1.36031
-0.59842,1.36057
-0.60217,1.36073
-0.60491,1.36084
-0.60697,1.36091
-0.60855,1.36096
-0.60978,1.36100
-0.61075,1.36103
-0.61153,1.36105
-0.61217,1.36107
-0.61268,1.36108
0.58317,-1.39230
0.58273,-1.39232
0.58218,-1.39235
0.58145,-1.39239
0.58045,-1.39244
0.57904,-1.39251
0.57696,-1.39260
0.57374,-1.39272
0.56852,-1.39288
0.55988,-1.39301
0.54566,-1.39287
0.52313,-1.39175
0.48950,-1.38799
0.44232,-1.37851
0.38037,-1.35888
0.30560,-1.32511
0.22483,-1.27733
0.14736,-1.22132
0.07974,-1.16458
0.02329,-1.11158
-0.02442,-1.06257
-0.06834,-1.01377
-0.11989,-0.95136
-0.42135,1.33291
-0.48332,1.34680
-0.51177,1.35171
-0.53299,1.35476
-0.55028,1.35683
-0.56436,1.35824
-0.57552,1.35917
-0.58413,1.35978
-0.59066,1.36018
-0.59560,1.36044
-0.59935,1.36061
-0.60223,1.36074
-0.60447,1.36082
-0.60623,1.36089
-0.60762,1.36093
-0.60874,1.36097
-0.60964,1.36099
0.58370,-1.39227
0.58336,-1.39229
0.58292,-1.39231
0.58237,-1.39234
0.58163,-1.39238
0.58063,-1.39243
0.57918,-1.39250
0.57700,-1.39260
0.57353,-1.39273
0.56775,-1.39290
0.55783,-1.39301
0.54099,-1.39273
0.51381,-1.39096
0.47296,-1.38522
0.41597,-1.37113
0.34286,-1.34326
0.25871,-1.29873
0.17345,-1.24126
0.09616,-1.17902
0.03000,-1.11816
-0.02792,-1.05883
-0.08812,-0.99051
-0.35996,1.31496
-0.44163,1.33792
-0.47455,1.34509
-0.49751,1.34937
-0.51598,1.35236
-0.53183,1.35460
-0.54575,1.35632
-0.55789,1.35762
-0.56825,1.35858
-0.57688,1.35928
-0.58390,1.35977
-0.58953,1.36011
-0.59400,1.36036
-0.59754,1.36053
-0.60036,1.36066
-0.60260,1.36075
-0.60440,1.36082
-0.60585,1.36087
0.58418,-1.39224
0.58391,-1.39226
0.58357,-1.39227
0.58314,-1.39230
0.58260,-1.39233
0.58187,-1.39237
0.58086,-1.39242
0.57938,-1.39249
0.57711,-1.39259
0.57340,-1.39273
0.56695,-1.39291
0.55538,-1.39301
0.53497,-1.39248
0.50134,-1.38960
0.45058,-1.38052
0.38076,-1.35903
0.29464,-1.31929
0.20145,-1.26145
0.11209,-1.19263
0.03055,-1.11869
-0.05560,-1.02831
-0.29632,1.29190
-0.39313,1.32517
-0.43742,1.33692
-0.46573,1.34329
-0.48668,1.34743
-0.50366,1.35041
-0.51828,1.35270
-0.53130,1.35453
-0.54307,1.35601
-0.55368,1.35719
-0.56312,1.35812
-0.57136,1.35884
-0.57840,1.35939
-0.58432,1.35979
-0.58921,1.36010
-0.59322,1.36032
-0.59648,1.36048
-0.59912,1.36060
-0.60127,1.36070
0.58462,-1.39222
0.58440,-1.39223
0.58414,-1.39224
0.58382,-1.39226
0.58341,-1.39228
0.58288,-1.39231
0.58217,-1.39235
0.58117,-1.39240
0.57969,-1.39247
0.57736,-1.39258
0.57339,-1.39273
0.56611,-1.39293
0.55223,-1.39299
0.52650,-1.39199
0.48297,-1.38697
0.41716,-1.37150
0.32881,-1.33671
0.22478,-1.27730
0.11289,-1.19330
0.36890,0.44909
-0.11229,1.19501
-0.30393,1.29491
-0.38418,1.32254
-0.42794,1.33459
-0.45637,1.34128
-0.47717,1.34561
-0.49372,1.34870
-0.50772,1.35107
-0.52007,1.35297
-0.53126,1.35453
-0.54153,1.35583
-0.55096,1.35690
-0.55956,1.35779
-0.56730,1.35850
-0.57415,1.35907
-0.58010,1.35951
-0.58518,1.35985
-0.58946,1.36011
-0.59303,1.36031
-0.59597,1.36046
0.58503,-1.39219
0.58486,-1.39220
0.58466,-1.39221
0.58442,-1.39223
0.58412,-1.39224
0.58374,-1.39227
0.58324,-1.39229
0.58257,-1.39233
0.58161,-1.39238
0.58016,-1.39245
0.57779,-1.39256
0.57354,-1.39273
0.56511,-1.39295
0.54741,-1.39291
0.51192,-1.39078
0.44866,-1.38007
0.34806,-1.34558
0.16676,-1.23625
0.37826,0.42483
0.21197,0.80406
-0.10087,1.18712
-0.27918,1.28488
-0.36711,1.31727
-0.41556,1.33139
-0.44624,1.33900
-0.46805,1.34377
-0.48492,1.34710
-0.49885,1.34960
-0.51091,1.35158
-0.52170,1.35320
-0.53158,1.35457
-0.54073,1.35573
-0.54925,1.35671
-0.55715,1.35755
-0.56440,1.35824
-0.57098,1.35881
-0.57684,1.35927
-0.58197,1.35964
-0.58638,1.35993
-0.59013,1.36015
0.58543,-1.39217
0.58531,-1.39217
0.58516,-1.39218
0.58499,-1.39219
0.58478,-1.39221
0.58451,-1.39222
0.58417,-1.39224
0.58372,-1.39227
0.58310,-1.39230
0.58221,-1.39235
0.58083,-1.39242
0.57847,-1.39253
0.57386,-1.39272
0.56330,-1.39297
0.53640,-1.39255
0.46668,-1.38402
0.45208,0.22264
0.39996,0.36738
0.34731,0.50383
0.21218,0.80366
-0.05352,1.15129
-0.24317,1.26893
-0.34474,1.30987
-0.40073,1.32734
-0.43516,1.33637
-0.45884,1.34182
-0.47662,1.34550
-0.49091,1.34820
-0.50301,1.35030
-0.51365,1.35200
-0.52327,1.35343
-0.53214,1.35464
-0.54044,1.35569
-0.54824,1.35660
-0.55556,1.35739
-0.56240,1.35806
-0.56870,1.35862
-0.57442,1.35909
-0.57951,1.35947
-0.58397,1.35977
0.58583,-1.39214
0.58574,-1.39215
0.58565,-1.39215
0.58554,-1.39216
0.58540,-1.39217
0.58524,-1.39218
0.58502,-1.39219
0.58475,-1.39221
0.58437,-1.39223
0.58385,-1.39226
0.58308,-1.39230
0.58184,-1.39237
0.57953,-1.39248
0.57420,-1.39271
0.55594,-1.39301
0.46415,0.18787
0.41659,0.32221
0.38874,0.39731
0.34513,0.50928
0.24030,0.74790
0.00911,1.09463
-0.19789,1.24642
-0.31714,1.29996
-0.38329,1.32227
-0.42287,1.33330
-0.44920,1.33968
-0.46839,1.34384
-0.48342,1.34681
-0.49584,1.34907
-0.50654,1.35088
-0.51608,1.35237
-0.52478,1.35364
-0.53288,1.35474
-0.54050,1.35570
-0.54773,1.35655
-0.55460,1.35729
-0.56108,1.35793
-0.56714,1.35849
-0.57270,1.35895
-0.57773,1.35934
0.58623,-1.39212
0.58619,-1.39212
0.58615,-1.39212
0.58610,-1.39213
0.58604,-1.39213
0.58596,-1.39214
0.58587,-1.39214
0.58574,-1.39215
0.58557,-1.39216
0.58533,-1.39217
0.58499,-1.39219
0.58447,-1.39222
0.58356,-1.39228
0.58158,-1.39238
0.57271,-1.39276
0.43518,0.27057
0.41241,0.33365
0.38913,0.39626
0.35324,0.48897
0.27425,0.67570
0.08238,1.01108
-0.14209,1.21437
-0.28314,1.28654
-0.36251,1.31579
-0.40891,1.32961
-0.43878,1.33725
-0.45990,1.34205
-0.47599,1.34538
-0.48899,1.34785
-0.49999,1.34979
-0.50961,1.35137
-0.51827,1.35270
-0.52624,1.35385
-0.53371,1.35485
-0.54081,1.35574
-0.54759,1.35653
-0.55410,1.35724
-0.56029,1.35786
-0.56614,1.35840
-0.57156,1.35886
0.58666,-1.39209
0.58667,-1.39209
0.58669,-1.39209
0.58670,-1.39209
0.58672,-1.39209
0.58674,-1.39209
0.58677,-1.39209
0.58680,-1.39208
0.58684,-1.39208
0.58689,-1.39208
0.58698,-1.39207
0.58714,-1.39206
0.58751,-1.39204
0.58884,-1.39195
0.61974,-1.38895
0.43726,0.26473
0.41611,0.32351
0.39543,0.37952
0.36608,0.45635
0.30800,0.59897
0.16194,0.89372
-0.07120,1.16529
-0.23965,1.26729
-0.33663,1.30705
-0.39230,1.32493
-0.42695,1.33434
-0.45067,1.34001
-0.46825,1.34381
-0.48213,1.34657
-0.49362,1.34868
-0.50351,1.35038
-0.51227,1.35179
-0.52023,1.35299
-0.52762,1.35404
-0.53460,1.35496
-0.54128,1.35580
-0.54772,1.35655
-0.55394,1.35722
-0.55991,1.35782
-0.56558,1.35835
0.58713,-1.39206
0.58720,-1.39206
0.58728,-1.39205
0.58738,-1.39205
0.58749,-1.39204
0.58763,-1.39203
0.58781,-1.39202
0.58804,-1.39201
0.58836,-1.39198
0.58881,-1.39196
0.58951,-1.39191
0.59075,-1.39182
0.59339,-1.39163
0.60132,-1.39097
0.64692,-1.38479
0.45270,0.22086
0.42568,0.29711
0.40597,0.35116
0.38178,0.41564
0.34003,0.52190
0.24060,0.74728
0.02436,1.07893
-0.17952,1.23643
-0.30164,1.29401
-0.37089,1.31846
-0.41246,1.33056
-0.43987,1.33751
-0.45958,1.34198
-0.47474,1.34513
-0.48702,1.34749
-0.49740,1.34935
-0.50644,1.35086
-0.51454,1.35214
-0.52195,1.35324
-0.52890,1.35421
-0.53550,1.35508
-0.54187,1.35587
-0.54805,1.35658
-0.55405,1.35723
-0.55985,1.35781
0.58766,-1.39203
0.58780,-1.39202
0.58796,-1.39201
0.58816,-1.39200
0.58840,-1.39198
0.58870,-1.39196
0.58909,-1.39194
0.58961,-1.39190
0.59033,-1.39185
0.59140,-1.39178
0.59313,-1.39165
0.59624,-1.39141
0.60262,-1.39085
0.61771,-1.38920
0.65603,-1.38309
0.75768,-1.35469
0.44471,0.24366
0.42117,0.30959
0.40006,0.36712
0.37027,0.44556
0.30972,0.59493
0.15255,0.90916
-0.08565,1.17617
-0.24770,1.27103
-0.33943,1.30803
-0.39238,1.32496
-0.42572,1.33403
-0.44875,1.33958
-0.46591,1.34333
-0.47948,1.34606
-0.49070,1.34816
-0.50029,1.34984
-0.50875,1.35123
-0.51637,1.35242
-0.52341,1.35345
-0.53003,1.35436
-0.53637,1.35519
-0.54251,1.35594
-0.54850,1.35663
-0.55435,1.35726
0.58828,-1.39199
0.58851,-1.39197
0.58878,-1.39196
0.58911,-1.39194
0.58952,-1.39191
0.59003,-1.39187
0.59072,-1.39182
0.59165,-1.39176
0.59299,-1.39166
0.59501,-1.39150
0.59829,-1.39123
0.60398,-1.39072
0.61438,-1.38960
0.63350,-1.38701
0.66629,-1.38100
0.71536,-1.36855
0.79015,-1.34219
0.44834,0.23332
0.42280,0.30509
0.39983,0.36774
0.36498,0.45917
0.28533,0.65103
0.08070,1.01323
-0.14810,1.21808
-0.28372,1.28678
-0.35918,1.31471
-0.40382,1.32821
-0.43295,1.33583
-0.45369,1.34069
-0.46953,1.34408
-0.48226,1.34660
-0.49292,1.34856
-0.50212,1.35015
-0.51027,1.35148
-0.51765,1.35261
-0.52448,1.35360
-0.53093,1.35448
-0.53713,1.35528
-0.54314,1.35602
-0.54903,1.35669
0.58902,-1.39194
0.58936,-1.39192
0.58977,-1.39189
0.59027,-1.39186
0.59090,-1.39181
0.59172,-1.39175
0.59282,-1.39167
0.59434,-1.39156
0.59653,-1.39138
0.59984,-1.39110
0.60505,-1.39061
0.61347,-1.38971
0.62710,-1.38796
0.64830,-1.38454
0.67852,-1.37828
0.71611,-1.36833
0.75620,-1.35522
0.79671,-1.33948
0.93474,-1.26705
0.43531,0.27022
0.41082,0.33799
0.37709,0.42788
0.29959,0.61854
0.08457,1.00823
-0.15413,1.22173
-0.28836,1.28869
-0.36157,1.31549
-0.40493,1.32851
-0.43345,1.33596
-0.45395,1.34075
-0.46971,1.34411
-0.48245,1.34663
-0.49317,1.34860
-0.50244,1.35020
-0.51066,1.35154
-0.51810,1.35268
-0.52498,1.35367
-0.53146,1.35455
-0.53766,1.35535
-0.54367,1.35608
0.58992,-1.39188
0.59040,-1.39185
0.59099,-1.39181
0.59172,-1.39175
0.59265,-1.39169
0.59386,-1.39159
0.59549,-1.39147
0.59776,-1.39128
0.60102,-1.39099
0.60583,-1.39053
0.61306,-1.38976
0.62396,-1.38839
0.64007,-1.38596
0.66283,-1.38173
0.69252,-1.37485
0.72719,-1.36496
0.76294,-1.35278
0.79581,-1.33985
0.82320,-1.32784
0.84426,-1.31783
0.86731,-1.30612
0.45024,0.22789
0.41958,0.31400
0.37838,0.42452
0.25954,0.70761
-0.03622,1.13679
-0.23773,1.26638
-0.33718,1.30724
-0.39116,1.32460
-0.42456,1.33373
-0.44768,1.33933
-0.46506,1.34315
-0.47894,1.34596
-0.49053,1.34813
-0.50051,1.34988
-0.50932,1.35133
-0.51725,1.35255
-0.52453,1.35361
-0.53132,1.35454
-0.53776,1.35536
0.59101,-1.39180
0.59167,-1.39176
0.59249,-1.39170
0.59350,-1.39162
0.59480,-1.39152
0.59650,-1.39138
0.59878,-1.39119
0.60193,-1.39091
0.60637,-1.39048
0.61272,-1.38979
0.62188,-1.38867
0.63496,-1.38679
0.65322,-1.38363
0.67758,-1.37850
0.70791,-1.37070
0.74248,-1.35999
0.77847,-1.34687
0.81325,-1.33233
0.84518,-1.31738
0.87352,-1.30282
0.89794,-1.28927
0.91813,-1.27736
0.93333,-1.26794
0.94158,-1.26267
0.93695,-1.26565
0.48729,0.12021
0.39629,0.37721
0.13552,0.93606
-0.21248,1.25399
-0.33937,1.30801
-0.39743,1.32641
-0.43071,1.33528
-0.45315,1.34057
-0.47003,1.34418
-0.48366,1.34686
-0.49520,1.34896
-0.50529,1.35067
-0.51430,1.35210
-0.52248,1.35332
-0.53002,1.35436
0.59234,-1.39171
0.59323,-1.39164
0.59431,-1.39156
0.59567,-1.39145
0.59739,-1.39131
0.59965,-1.39112
0.60265,-1.39084
0.60673,-1.39044
0.61237,-1.38983
0.62023,-1.38888
0.63119,-1.38736
0.64631,-1.38490
0.66661,-1.38094
0.69271,-1.37480
0.72422,-1.36589
0.75951,-1.35403
0.79634,-1.33963
0.83271,-1.32340
0.86727,-1.30614
0.89917,-1.28857
0.92776,-1.27144
0.95247,-1.25553
0.97295,-1.24154
0.98921,-1.22987
1.00159,-1.22065
1.01051,-1.21382
1.01611,-1.20944
1.01750,-1.20834
1.00903,-1.21496
0.95618,-1.25305
0.12228,0.95599
-0.28842,1.28871
-0.38511,1.32282
-0.42743,1.33446
-0.45263,1.34045
-0.47068,1.34431
-0.48509,1.34713
-0.49734,1.34934
-0.50814,1.35114
-0.51788,1.35264
0.59395,-1.39159
0.59509,-1.39150
0.59648,-1.39139
0.59821,-1.39124
0.60040,-1.39105
0.60324,-1.39079
0.60698,-1.39042
0.61199,-1.38988
0.61881,-1.38906
0.62813,-1.38781
0.64084,-1.38584
0.65794,-1.38272
0.68028,-1.37787
0.70816,-1.37063
0.74090,-1.36052
0.77687,-1.34750
0.81406,-1.33197
0.85075,-1.31462
0.88562,-1.29623
0.91761,-1.27767
0.94581,-1.25992
0.96952,-1.24393
0.98857,-1.23034
1.00332,-1.21933
1.01451,-1.21070
1.02294,-1.20402
1.02929,-1.19888
1.03410,-1.19494
1.03765,-1.19199
1.03998,-1.19004
1.04060,-1.18953
1.03676,-1.19273
0.99900,-1.22261
0.01979,1.08372
-0.34245,1.30908
-0.41432,1.33106
-0.44716,1.33921
-0.46806,1.34377
-0.48406,1.34694
-0.49755,1.34937
0.59584,-1.39144
0.59725,-1.39132
0.59896,-1.39118
0.60108,-1.39099
0.60375,-1.39074
0.60717,-1.39040
0.61163,-1.38992
0.61756,-1.38922
0.62554,-1.38818
0.63630,-1.38658
0.65077,-1.38409
0.66984,-1.38024
0.69418,-1.37442
0.72373,-1.36603
0.75748,-1.35477
0.79371,-1.34073
0.83058,-1.32441
0.86657,-1.30650
0.90046,-1.28782
0.93117,-1.26930
0.95777,-1.25198
0.97968,-1.23677
0.99694,-1.22415
1.01010,-1.21413
1.02000,-1.20637
1.02744,-1.20039
1.03310,-1.19576
1.03750,-1.19211
1.04100,-1.18919
1.04382,-1.18681
1.04611,-1.18486
1.04792,-1.18331
1.04914,-1.18227
1.04927,-1.18215
1.04591,-1.18503
1.00487,-1.21815
-0.17539,1.23411
-0.38456,1.32265
-0.43629,1.33665
-0.46269,1.34265
0.59799,-1.39126
0.59968,-1.39111
0.60172,-1.39093
0.60421,-1.39069
0.60733,-1.39038
0.61131,-1.38995
0.61649,-1.38935
0.62333,-1.38848
0.63247,-1.38717
0.64471,-1.38518
0.66096,-1.38211
0.68203,-1.37745
0.70827,-1.37060
0.73922,-1.36108
0.77358,-1.34877
0.80957,-1.33396
0.84555,-1.31720
0.88024,-1.29918
0.91256,-1.28071
0.94153,-1.26271
0.96630,-1.24616
0.98647,-1.23187
1.00220,-1.22019
1.01413,-1.21099
1.02308,-1.20391
1.02981,-1.19846
1.03496,-1.19423
1.03897,-1.19089
1.04218,-1.18819
1.04480,-1.18597
1.04699,-1.18411
1.04885,-1.18251
1.05045,-1.18113
1.05183,-1.17994
1.05295,-1.17897
1.05367,-1.17835
1.05342,-1.17856
1.04909,-1.18231
0.48007,0.14141
-0.30779,1.29641
0.60037,-1.39105
0.60231,-1.39087
0.60465,-1.39065
0.60750,-1.39036
0.61105,-1.38998
0.61558,-1.38946
0.62145,-1.38873
0.62922,-1.38765
0.63957,-1.38605
0.65336,-1.38361
0.67145,-1.37989
0.69447,-1.37434
0.72243,-1.36643
0.75445,-1.35585
0.78896,-1.34268
0.82427,-1.32735
0.85898,-1.31044
0.89205,-1.29262
0.92259,-1.27463
0.94973,-1.25735
0.97276,-1.24167
0.99138,-1.22828
1.00586,-1.21740
1.01683,-1.20887
1.02508,-1.20230
1.03132,-1.19723
1.03610,-1.19328
1.03985,-1.19016
1.04285,-1.18763
1.04531,-1.18554
1.04736,-1.18379
1.04910,-1.18230
1.05061,-1.18100
1.05193,-1.17986
1.05310,-1.17884
1.05415,-1.17792
1.05508,-1.17711
1.05584,-1.17645
1.05625,-1.17609
1.05552,-1.17673
0.60289,-1.39082
0.60507,-1.39061
0.60768,-1.39034
0.61085,-1.39000
0.61482,-1.38955
0.61988,-1.38893
0.62649,-1.38804
0.63523,-1.38675
0.64687,-1.38480
0.66228,-1.38184
0.68226,-1.37739
0.70717,-1.37091
0.73659,-1.36195
0.76927,-1.35042
0.80351,-1.33659
0.83779,-1.32098
0.87099,-1.30417
0.90233,-1.28674
0.93107,-1.26937
0.95646,-1.25287
0.97789,-1.23805
0.99517,-1.22547
1.00861,-1.21529
1.01882,-1.20730
1.02652,-1.20113
1.03238,-1.19635
1.03690,-1.19262
1.04045,-1.18964
1.04331,-1.18724
1.04566,-1.18524
1.04762,-1.18357
1.04928,-1.18215
1.05070,-1.18092
1.05194,-1.17984
1.05303,-1.17890
1.05401,-1.17805
1.05488,-1.17729
1.05569,-1.17658
1.05644,-1.17593
1.05712,-1.17533
0.60548,-1.39057
0.60787,-1.39032
0.61072,-1.39002
0.61421,-1.38962
0.61858,-1.38909
0.62421,-1.38836
0.63158,-1.38730
0.64137,-1.38575
0.65441,-1.38340
0.67155,-1.37987
0.69343,-1.37461
0.72008,-1.36715
0.75064,-1.35719
0.78356,-1.34486
0.81716,-1.33058
0.85016,-1.31491
0.88176,-1.29835
0.91136,-1.28143
0.93836,-1.26474
0.96212,-1.24903
0.98212,-1.23502
0.99825,-1.22317
1.01080,-1.21359
1.02038,-1.20606
1.02765,-1.20022
1.03320,-1.19568
1.03751,-1.19211
1.04092,-1.18925
1.04367,-1.18693
1.04593,-1.18501
1.04782,-1.18339
1.04943,-1.18202
1.05081,-1.18083
1.05200,-1.17980
1.05303,-1.17890
1.05395,-1.17810
1.05476,-1.17740
1.05549,-1.17676
1.05615,-1.17618
1.05678,-1.17563
0.60808,-1.39030
0.61064,-1.39003
0.61372,-1.38968
0.61752,-1.38922
0.62232,-1.38861
0.62854,-1.38775
0.63676,-1.38650
0.64771,-1.38465
0.66226,-1.38185
0.68121,-1.37765
0.70497,-1.37152
0.73314,-1.36307
0.76447,-1.35221
0.79723,-1.33925
0.82989,-1.32473
0.86147,-1.30916
0.89142,-1.29298
0.91934,-1.27662
0.94472,-1.26064
0.96699,-1.24569
0.98572,-1.23242
1.00083,-1.22122
1.01263,-1.21216
1.02167,-1.20503
1.02858,-1.19946
1.03388,-1.19512
1.03802,-1.19169
1.04130,-1.18893
1.04397,-1.18668
1.04616,-1.18481
1.04800,-1.18324
1.04957,-1.18190
1.05091,-1.18074
1.05207,-1.17974
1.05307,-1.17886
1.05395,-1.17810
1.05473,-1.17742
1.05541,-1.17682
1.05603,-1.17629
1.05658,-1.17580
