-0.63636,1.36127
-0.63632,1.36127
-0.63628,1.36127
-0.63623,1.36127
-0.63617,1.36128
-0.63610,1.36128
-0.63602,1.36128
-0.63592,1.36128
-0.63580,1.36128
-0.63566,1.36128
-0.63547,1.36128
-0.63524,1.36128
-0.63494,1.36128
-0.63457,1.36129
-0.63408,1.36129
-0.63347,1.36129
-0.63271,1.36130
-0.63180,1.36130
-0.63075,1.36130
-0.62961,1.36130
-0.62840,1.36130
-0.62717,1.36130
-0.62593,1.36129
-0.62470,1.36128
-0.62351,1.36127
-0.62242,1.36126
-0.62150,1.36125
-0.62078,1.36124
-0.62024,1.36123
-0.61984,1.36122
-0.61956,1.36122
-0.61935,1.36122
-0.61919,1.36121
-0.61907,1.36121
-0.61897,1.36121
-0.61888,1.36121
-0.61881,1.36121
-0.61875,1.36121
-0.61869,1.36121
-0.61864,1.36120
-0.63639,1.36127
-0.63634,1.36127
-0.63629,1.36127
-0.63624,1.36127
-0.63618,1.36127
-0.63611,1.36128
-0.63603,1.36128
-0.63593,1.36128
-0.63581,1.36128
-0.63566,1.36128
-0.63547,1.36128
-0.63524,1.36128
-0.63495,1.36128
-0.63456,1.36129
-0.63407,1.36129
-0.63345,1.36129
-0.63267,1.36130
-0.63172,1.36130
-0.63064,1.36130
-0.62944,1.36130
-0.62819,1.36130
-0.62690,1.36129
-0.62561,1.36129
-0.62435,1.36128
-0.62316,1.36127
-0.62210,1.36125
-0.62123,1.36124
-0.62056,1.36123
-0.62007,1.36123
-0.61972,1.36122
-0.61946,1.36122
-0.61926,1.36122
-0.61912,1.36121
-0.61900,1.36121
-0.61890,1.36121
-0.61882,1.36121
-0.61875,1.36121
-0.61868,1.36121
-0.61863,1.36120
-0.61857,1.36120
-0.63646,1.36127
-0.63639,1.36127
-0.63633,1.36127
-0.63627,1.36127
-0.63620,1.36127
-0.63612,1.36128
-0.63604,1.36128
-0.63594,1.36128
-0.63581,1.36128
-0.63566,1.36128
-0.63548,1.36128
-0.63524,1.36128
-0.63495,1.36128
-0.63456,1.36129
-0.63406,1.36129
-0.63342,1.36129
-0.63261,1.36130
-0.63163,1.36130
-0.63050,1.36130
-0.62925,1.36130
-0.62794,1.36130
-0.62660,1.36129
-0.62527,1.36128
-0.62398,1.36127
-0.62280,1.36126
-0.62178,1.36125
-0.62097,1.36124
-0.62036,1.36123
-0.61992,1.36123
-0.61960,1.36122
-0.61936,1.36122
-0.61918,1.36121
-0.61904,1.36121
-0.61892,1.36121
-0.61883,1.36121
-0.61875,1.36121
-0.61868,1.36121
-0.61862,1.36120
-0.61856,1.36120
-0.61850,1.36120
-0.63661,1.36127
-0.63651,1.36127
-0.63642,1.36127
-0.63633,1.36127
-0.63625,1.36127
-0.63616,1.36128
-0.63607,1.36128
-0.63596,1.36128
-0.63583,1.36128
-0.63568,1.36128
-0.63549,1.36128
-0.63525,1.36128
-0.63494,1.36128
-0.63455,1.36129
-0.63404,1.36129
-0.63338,1.36129
-0.63254,1.36130
-0.63152,1.36130
-0.63034,1.36130
-0.62903,1.36130
-0.62766,1.36130
-0.62626,1.36129
-0.62489,1.36128
-0.62359,1.36127
-0.62243,1.36126
-0.62147,1.36125
-0.62072,1.36124
-0.62017,1.36123
-0.61977,1.36122
-0.61947,1.36122
-0.61925,1.36121
-0.61909,1.36121
-0.61895,1.36121
-0.61884,1.36121
-0.61875,1.36121
-0.61867,1.36121
-0.61860,1.36120
-0.61854,1.36120
-0.61849,1.36120
-0.61843,1.36120
-0.63651,1.36127
-0.63666,1.36127
-0.63657,1.36127
-0.63646,1.36127
-0.63635,1.36127
-0.63624,1.36127
-0.63613,1.36128
-0.63600,1.36128
-0.63586,1.36128
-0.63570,1.36128
-0.63550,1.36128
-0.63525,1.36128
-0.63494,1.36128
-0.63453,1.36129
-0.63400,1.36129
-0.63332,1.36129
-0.63244,1.36130
-0.63138,1.36130
-0.63013,1.36130
-0.62876,1.36130
-0.62733,1.36130
-0.62588,1.36129
-0.62448,1.36128
-0.62318,1.36127
-0.62206,1.36125
-0.62116,1.36124
-0.62048,1.36123
-0.61998,1.36123
-0.61962,1.36122
-0.61935,1.36122
-0.61915,1.36121
-0.61899,1.36121
-0.61886,1.36121
-0.61876,1.36121
-0.61867,1.36121
-0.61859,1.36120
-0.61852,1.36120
-0.61847,1.36120
-0.61841,1.36120
-0.61836,1.36120
0.57000,-1.39284
0.55660,-1.39301
0.50916,-1.39050
-0.63621,1.36127
-0.63643,1.36127
-0.63635,1.36127
-0.63623,1.36127
-0.63609,1.36128
-0.63593,1.36128
-0.63574,1.36128
-0.63553,1.36128
-0.63526,1.36128
-0.63493,1.36129
-0.63450,1.36129
-0.63395,1.36129
-0.63323,1.36130
-0.63231,1.36130
-0.63118,1.36130
-0.62987,1.36130
-0.62843,1.36130
-0.62693,1.36129
-0.62544,1.36129
-0.62402,1.36127
-0.62276,1.36126
-0.62170,1.36125
-0.62087,1.36124
-0.62025,1.36123
-0.61980,1.36122
-0.61947,1.36122
-0.61922,1.36121
-0.61903,1.36121
-0.61888,1.36121
-0.61876,1.36121
-0.61866,1.36121
-0.61858,1.36120
-0.61850,1.36120
-0.61844,1.36120
-0.61839,1.36120
-0.61834,1.36120
-0.61829,1.36120
0.58147,-1.39239
0.57861,-1.39253
0.57438,-1.39270
0.56766,-1.39290
0.55590,-1.39301
0.52716,-1.39204
-0.63477,1.36129
-0.63592,1.36128
-0.63591,1.36128
-0.63575,1.36128
-0.63553,1.36128
-0.63524,1.36128
-0.63489,1.36129
-0.63443,1.36129
-0.63383,1.36129
-0.63307,1.36130
-0.63209,1.36130
-0.63089,1.36130
-0.62950,1.36130
-0.62799,1.36130
-0.62643,1.36129
-0.62492,1.36128
-0.62353,1.36127
-0.62232,1.36126
-0.62134,1.36125
-0.62059,1.36123
-0.62003,1.36123
-0.61962,1.36122
-0.61931,1.36122
-0.61908,1.36121
-0.61890,1.36121
-0.61876,1.36121
-0.61865,1.36121
-0.61856,1.36120
-0.61848,1.36120
-0.61842,1.36120
-0.61836,1.36120
-0.61831,1.36120
-0.61826,1.36120
-0.61822,1.36120
0.58488,-1.39220
0.58367,-1.39227
0.58199,-1.39236
0.57979,-1.39247
0.57688,-1.39260
0.57288,-1.39275
0.56720,-1.39291
0.55879,-1.39301
0.54490,-1.39285
0.51399,-1.39098
-0.63237,1.36130
-0.63447,1.36129
-0.63443,1.36129
-0.63405,1.36129
-0.63346,1.36129
-0.63266,1.36130
-0.63163,1.36130
-0.63037,1.36130
-0.62892,1.36130
-0.62737,1.36130
-0.62581,1.36129
-0.62433,1.36128
-0.62301,1.36126
-0.62189,1.36125
-0.62100,1.36124
-0.62031,1.36123
-0.61981,1.36122
-0.61943,1.36122
-0.61915,1.36121
-0.61893,1.36121
-0.61877,1.36121
-0.61864,1.36120
-0.61854,1.36120
-0.61845,1.36120
-0.61838,1.36120
-0.61833,1.36120
-0.61827,1.36120
-0.61823,1.36120
-0.61819,1.36120
-0.61816,1.36120
0.58601,-1.39213
0.58552,-1.39216
0.58476,-1.39221
0.58367,-1.39227
0.58223,-1.39235
0.58042,-1.39244
0.57817,-1.39255
0.57535,-1.39266
0.57174,-1.39279
0.56711,-1.39291
0.56114,-1.39300
0.55339,-1.39300
0.54293,-1.39280
0.52761,-1.39207
0.50065,-1.38952
0.41529,-1.37092
-0.62908,1.36130
-0.62877,1.36130
-0.62770,1.36130
-0.62637,1.36129
-0.62499,1.36128
-0.62368,1.36127
-0.62249,1.36126
-0.62149,1.36125
-0.62067,1.36124
-0.62005,1.36123
-0.61958,1.36122
-0.61923,1.36121
-0.61897,1.36121
-0.61877,1.36121
-0.61863,1.36120
-0.61851,1.36120
-0.61842,1.36120
-0.61835,1.36120
-0.61829,1.36120
-0.61824,1.36120
-0.61819,1.36120
-0.61815,1.36120
-0.61812,1.36120
-0.61809,1.36120
0.58638,-1.39211
0.58615,-1.39212
0.58580,-1.39215
0.58527,-1.39218
0.58449,-1.39222
0.58345,-1.39228
0.58213,-1.39235
0.58050,-1.39244
0.57850,-1.39253
0.57607,-1.39263
0.57308,-1.39274
0.56942,-1.39285
0.56492,-1.39295
0.55938,-1.39301
0.55246,-1.39299
0.54354,-1.39281
0.53132,-1.39229
0.51288,-1.39087
0.47923,-1.38635
0.35850,-1.35010
-0.62406,1.36127
-0.62305,1.36127
-0.62204,1.36125
-0.62113,1.36124
-0.62037,1.36123
-0.61978,1.36122
-0.61933,1.36122
-0.61901,1.36121
-0.61877,1.36121
-0.61860,1.36120
-0.61848,1.36120
-0.61838,1.36120
-0.61830,1.36120
-0.61824,1.36120
-0.61819,1.36120
-0.61814,1.36120
-0.61811,1.36120
-0.61808,1.36120
-0.61805,1.36119
-0.61802,1.36119
0.58654,-1.39210
0.58641,-1.39211
0.58622,-1.39212
0.58592,-1.39214
0.58548,-1.39216
0.58486,-1.39220
0.58401,-1.39225
0.58292,-1.39231
0.58157,-1.39238
0.57989,-1.39247
0.57782,-1.39256
0.57526,-1.39267
0.57210,-1.39278
0.56819,-1.39288
0.56333,-1.39297
0.55724,-1.39302
0.54949,-1.39295
0.53934,-1.39267
0.52554,-1.39193
0.50538,-1.39008
0.47055,-1.38477
0.36243,-1.35175
-0.62196,1.36125
-0.62088,1.36124
-0.62008,1.36123
-0.61949,1.36122
-0.61906,1.36121
-0.61877,1.36121
-0.61857,1.36120
-0.61842,1.36120
-0.61832,1.36120
-0.61824,1.36120
-0.61818,1.36120
-0.61813,1.36120
-0.61809,1.36120
-0.61805,1.36119
-0.61802,1.36119
-0.61800,1.36119
-0.61797,1.36119
-0.61795,1.36119
0.58663,-1.39210
0.58654,-1.39210
0.58642,-1.39211
0.58624,-1.39212
0.58596,-1.39214
0.58555,-1.39216
0.58498,-1.39219
0.58420,-1.39224
0.58320,-1.39230
0.58192,-1.39236
0.58032,-1.39244
0.57832,-1.39254
0.57579,-1.39265
0.57261,-1.39276
0.56859,-1.39288
0.56354,-1.39297
0.55715,-1.39302
0.54906,-1.39294
0.53868,-1.39265
0.52509,-1.39190
0.50634,-1.39019
0.47686,-1.38593
0.40943,-1.36907
-0.62111,1.36124
-0.61979,1.36122
-0.61915,1.36121
-0.61875,1.36121
-0.61851,1.36120
-0.61835,1.36120
-0.61824,1.36120
-0.61816,1.36120
-0.61810,1.36120
-0.61805,1.36119
-0.61801,1.36119
-0.61798,1.36119
-0.61795,1.36119
-0.61793,1.36119
-0.61791,1.36119
-0.61790,1.36119
-0.61788,1.36119
0.58669,-1.39209
0.58663,-1.39209
0.58654,-1.39210
0.58642,-1.39211
0.58623,-1.39212
0.58595,-1.39214
0.58554,-1.39216
0.58496,-1.39220
0.58418,-1.39224
0.58315,-1.39230
0.58184,-1.39237
0.58016,-1.39245
0.57803,-1.39255
0.57530,-1.39266
0.57180,-1.39279
0.56733,-1.39290
0.56166,-1.39299
0.55450,-1.39301
0.54550,-1.39287
0.53414,-1.39244
0.51949,-1.39147
0.49936,-1.38936
0.46680,-1.38404
0.38241,-1.35965
-0.61948,1.36122
-0.61872,1.36121
-0.61840,1.36120
-0.61822,1.36120
-0.61811,1.36120
-0.61803,1.36119
-0.61798,1.36119
-0.61794,1.36119
-0.61791,1.36119
-0.61788,1.36119
-0.61786,1.36119
-0.61785,1.36119
-0.61783,1.36119
-0.61782,1.36119
-0.61781,1.36119
-0.61780,1.36119
0.58673,-1.39209
0.58669,-1.39209
0.58663,-1.39209
0.58654,-1.39210
0.58641,-1.39211
0.58621,-1.39212
0.58591,-1.39214
0.58547,-1.39217
0.58485,-1.39220
0.58400,-1.39225
0.58289,-1.39231
0.58144,-1.39239
0.57957,-1.39248
0.57716,-1.39259
0.57403,-1.39271
0.56998,-1.39284
0.56477,-1.39295
0.55816,-1.39301
0.54986,-1.39296
0.53953,-1.39268
0.52655,-1.39200
0.50956,-1.39054
0.48468,-1.38725
0.43645,-1.37700
-0.61863,1.36120
-0.61812,1.36120
-0.61795,1.36119
-0.61786,1.36119
-0.61781,1.36119
-0.61778,1.36119
-0.61776,1.36119
-0.61775,1.36119
-0.61774,1.36119
-0.61773,1.36119
-0.61772,1.36119
-0.61772,1.36119
-0.61771,1.36119
-0.61771,1.36119
-0.61771,1.36119
-0.61770,1.36119
0.58677,-1.39209
0.58674,-1.39209
0.58669,-1.39209
0.58663,-1.39210
0.58653,-1.39210
0.58639,-1.39211
0.58618,-1.39212
0.58585,-1.39214
0.58536,-1.39217
0.58467,-1.39221
0.58371,-1.39227
0.58245,-1.39234
0.58079,-1.39242
0.57862,-1.39252
0.57578,-1.39265
0.57206,-1.39278
0.56721,-1.39291
0.56096,-1.39300
0.55307,-1.39300
0.54322,-1.39281
0.53092,-1.39227
0.51505,-1.39108
0.49242,-1.38842
0.45100,-1.38062
0.22294,-1.27608
-0.61684,1.36117
-0.61715,1.36118
-0.61728,1.36118
-0.61736,1.36118
-0.61741,1.36118
-0.61745,1.36118
-0.61748,1.36118
-0.61750,1.36118
-0.61752,1.36119
-0.61754,1.36119
-0.61755,1.36119
-0.61757,1.36119
-0.61757,1.36119
-0.61758,1.36119
-0.61759,1.36119
0.58680,-1.39208
0.58677,-1.39209
0.58674,-1.39209
0.58669,-1.39209
0.58663,-1.39210
0.58653,-1.39210
0.58637,-1.39211
0.58614,-1.39213
0.58577,-1.39215
0.58521,-1.39218
0.58441,-1.39223
0.58331,-1.39229
0.58184,-1.39237
0.57989,-1.39247
0.57730,-1.39258
0.57387,-1.39272
0.56932,-1.39286
0.56337,-1.39297
0.55571,-1.39301
0.54603,-1.39288
0.53381,-1.39242
0.51787,-1.39133
0.49468,-1.38874
0.44938,-1.38024
-0.60640,1.36089
-0.61388,1.36111
-0.61540,1.36114
-0.61612,1.36116
-0.61653,1.36117
-0.61678,1.36117
-0.61695,1.36117
-0.61708,1.36118
-0.61717,1.36118
-0.61724,1.36118
-0.61729,1.36118
-0.61734,1.36118
-0.61737,1.36118
-0.61740,1.36118
-0.61743,1.36118
-0.61744,1.36118
0.58682,-1.39208
0.58680,-1.39208
0.58678,-1.39209
0.58674,-1.39209
0.58670,-1.39209
0.58662,-1.39210
0.58652,-1.39210
0.58635,-1.39211
0.58609,-1.39213
0.58566,-1.39215
0.58502,-1.39219
0.58409,-1.39225
0.58279,-1.39232
0.58104,-1.39241
0.57869,-1.39252
0.57554,-1.39265
0.57129,-1.39280
0.56560,-1.39294
0.55809,-1.39301
0.54834,-1.39293
0.53567,-1.39251
0.51846,-1.39138
0.49132,-1.38826
0.41994,-1.37234
-0.60602,1.36088
-0.61045,1.36102
-0.61272,1.36108
-0.61416,1.36111
-0.61510,1.36114
-0.61572,1.36115
-0.61615,1.36116
-0.61645,1.36116
-0.61666,1.36117
-0.61682,1.36117
-0.61694,1.36117
-0.61704,1.36118
-0.61711,1.36118
-0.61717,1.36118
-0.61722,1.36118
-0.61726,1.36118
0.58685,-1.39208
0.58683,-1.39208
0.58681,-1.39208
0.58678,-1.39209
0.58675,-1.39209
0.58670,-1.39209
0.58662,-1.39210
0.58651,-1.39210
0.58633,-1.39211
0.58602,-1.39213
0.58554,-1.39216
0.58478,-1.39221
0.58367,-1.39227
0.58212,-1.39235
0.58000,-1.39246
0.57712,-1.39259
0.57318,-1.39274
0.56776,-1.39289
0.56035,-1.39300
0.55029,-1.39296
0.53645,-1.39255
0.51579,-1.39115
0.47439,-1.38549
-0.59629,1.36047
-0.60487,1.36084
-0.60812,1.36095
-0.61033,1.36102
-0.61200,1.36106
-0.61328,1.36109
-0.61426,1.36112
-0.61499,1.36113
-0.61552,1.36115
-0.61592,1.36115
-0.61622,1.36116
-0.61645,1.36116
-0.61663,1.36117
-0.61676,1.36117
-0.61687,1.36117
-0.61696,1.36117
-0.61703,1.36118
0.58687,-1.39208
0.58685,-1.39208
0.58684,-1.39208
0.58682,-1.39208
0.58679,-1.39208
0.58675,-1.39209
0.58670,-1.39209
0.58663,-1.39210
0.58650,-1.39210
0.58630,-1.39212
0.58595,-1.39214
0.58538,-1.39217
0.58447,-1.39222
0.58313,-1.39230
0.58124,-1.39240
0.57862,-1.39252
0.57498,-1.39268
0.56984,-1.39284
0.56249,-1.39298
0.55177,-1.39298
0.53514,-1.39249
0.50262,-1.38976
-0.58519,1.35985
-0.59935,1.36061
-0.60379,1.36080
-0.60654,1.36090
-0.60858,1.36096
-0.61021,1.36101
-0.61157,1.36105
-0.61270,1.36108
-0.61363,1.36110
-0.61437,1.36112
-0.61497,1.36113
-0.61543,1.36114
-0.61579,1.36115
-0.61608,1.36116
-0.61630,1.36116
-0.61648,1.36117
-0.61662,1.36117
-0.61673,1.36117
0.58688,-1.39208
0.58687,-1.39208
0.58686,-1.39208
0.58685,-1.39208
0.58683,-1.39208
0.58680,-1.39208
0.58676,-1.39209
0.58671,-1.39209
0.58663,-1.39209
0.58650,-1.39210
0.58627,-1.39212
0.58587,-1.39214
0.58517,-1.39218
0.58406,-1.39225
0.58239,-1.39234
0.58002,-1.39246
0.57665,-1.39261
0.57176,-1.39279
0.56433,-1.39296
0.55188,-1.39299
0.52284,-1.39173
-0.57017,1.35874
-0.59155,1.36023
-0.59874,1.36059
-0.60266,1.36075
-0.60527,1.36085
-0.60723,1.36092
-0.60882,1.36097
-0.61016,1.36101
-0.61131,1.36104
-0.61231,1.36107
-0.61317,1.36109
-0.61390,1.36111
-0.61450,1.36112
-0.61500,1.36113
-0.61541,1.36114
-0.61573,1.36115
-0.61599,1.36116
-0.61621,1.36116
-0.61638,1.36116
0.58690,-1.39208
0.58689,-1.39208
0.58688,-1.39208
0.58687,-1.39208
0.58685,-1.39208
0.58684,-1.39208
0.58681,-1.39208
0.58677,-1.39209
0.58672,-1.39209
0.58664,-1.39209
0.58650,-1.39210
0.58624,-1.39212
0.58576,-1.39215
0.58489,-1.39220
0.58345,-1.39228
0.58128,-1.39240
0.57807,-1.39255
0.57317,-1.39274
0.56442,-1.39296
-0.25961,1.27642
-0.50587,1.35077
-0.57217,1.35891
-0.58992,1.36014
-0.59732,1.36052
-0.60141,1.36070
-0.60411,1.36081
-0.60610,1.36088
-0.60768,1.36093
-0.60901,1.36098
-0.61015,1.36101
-0.61117,1.36104
-0.61206,1.36106
-0.61285,1.36108
-0.61354,1.36110
-0.61414,1.36111
-0.61465,1.36113
-0.61507,1.36114
-0.61543,1.36114
-0.61572,1.36115
-0.61595,1.36115
0.58691,-1.39208
0.58691,-1.39208
0.58690,-1.39208
0.58689,-1.39208
0.58688,-1.39208
0.58687,-1.39208
0.58685,-1.39208
0.58682,-1.39208
0.58679,-1.39208
0.58674,-1.39209
0.58665,-1.39209
0.58650,-1.39210
0.58621,-1.39212
0.58560,-1.39216
0.58441,-1.39223
0.58233,-1.39234
0.57882,-1.39252
0.56934,-1.39286
-0.24700,1.27071
-0.37244,1.31895
-0.50123,1.35000
-0.56543,1.35833
-0.58664,1.35994
-0.59536,1.36043
-0.60001,1.36064
-0.60296,1.36076
-0.60506,1.36084
-0.60669,1.36090
-0.60803,1.36095
-0.60918,1.36098
-0.61019,1.36101
-0.61109,1.36104
-0.61190,1.36106
-0.61263,1.36108
-0.61329,1.36109
-0.61387,1.36111
-0.61437,1.36112
-0.61480,1.36113
-0.61517,1.36114
-0.61548,1.36114
0.58693,-1.39208
0.58692,-1.39208
0.58692,-1.39208
0.58691,-1.39208
0.58690,-1.39208
0.58689,-1.39208
0.58688,-1.39208
0.58687,-1.39208
0.58684,-1.39208
0.58681,-1.39208
0.58676,-1.39209
0.58668,-1.39209
0.58651,-1.39210
0.58614,-1.39212
0.58522,-1.39218
0.58292,-1.39231
-0.03161,1.13278
-0.21077,1.25312
-0.28400,1.28689
-0.37234,1.31892
-0.48183,1.34651
-0.55452,1.35728
-0.58194,1.35964
-0.59289,1.36030
-0.59840,1.36057
-0.60175,1.36072
-0.60405,1.36081
-0.60578,1.36087
-0.60716,1.36092
-0.60833,1.36095
-0.60934,1.36099
-0.61024,1.36101
-0.61106,1.36104
-0.61181,1.36106
-0.61249,1.36107
-0.61311,1.36109
-0.61367,1.36110
-0.61416,1.36112
-0.61460,1.36113
-0.61497,1.36113
0.58694,-1.39208
0.58694,-1.39208
0.58694,-1.39208
0.58693,-1.39208
0.58693,-1.39208
0.58692,-1.39208
0.58691,-1.39208
0.58690,-1.39208
0.58689,-1.39208
0.58687,-1.39208
0.58684,-1.39208
0.58680,-1.39208
0.58672,-1.39209
0.58653,-1.39210
0.58589,-1.39214
0.05272,1.04745
-0.17307,1.23280
-0.23093,1.26313
-0.28618,1.28779
-0.35851,1.31449
-0.45637,1.34128
-0.53904,1.35552
-0.57551,1.35917
-0.58976,1.36013
-0.59653,1.36048
-0.60043,1.36066
-0.60300,1.36077
-0.60488,1.36084
-0.60635,1.36089
-0.60755,1.36093
-0.60859,1.36096
-0.60950,1.36099
-0.61032,1.36101
-0.61107,1.36104
-0.61176,1.36105
-0.61240,1.36107
-0.61299,1.36109
-0.61353,1.36110
-0.61401,1.36111
-0.61445,1.36112
0.58696,-1.39207
0.58696,-1.39207
0.58695,-1.39207
0.58695,-1.39207
0.58695,-1.39207
0.58695,-1.39208
0.58694,-1.39208
0.58694,-1.39208
0.58693,-1.39208
0.58692,-1.39208
0.58691,-1.39208
0.58689,-1.39208
0.58686,-1.39208
0.58679,-1.39208
0.58647,-1.39210
-0.11351,1.19584
-0.18363,1.23871
-0.23028,1.26282
-0.27785,1.28432
-0.33972,1.30813
-0.42712,1.33438
-0.51783,1.35264
-0.56655,1.35843
-0.58571,1.35988
-0.59427,1.36037
-0.59894,1.36060
-0.60189,1.36072
-0.60397,1.36080
-0.60555,1.36086
-0.60682,1.36091
-0.60789,1.36094
-0.60882,1.36097
-0.60965,1.36100
-0.61040,1.36102
-0.61110,1.36104
-0.61174,1.36105
-0.61235,1.36107
-0.61292,1.36108
-0.61344,1.36110
-0.61392,1.36111
0.58697,-1.39207
0.58697,-1.39207
0.58697,-1.39207
0.58697,-1.39207
0.58697,-1.39207
0.58697,-1.39207
0.58698,-1.39207
0.58698,-1.39207
0.58698,-1.39207
0.58698,-1.39207
0.58698,-1.39207
0.58699,-1.39207
0.58700,-1.39207
0.58705,-1.39207
0.58821,-1.39199
-0.10519,1.19014
-0.17431,1.23350
-0.21933,1.25744
-0.26315,1.27799
-0.31752,1.30010
-0.39469,1.32562
-0.48908,1.34787
-0.55338,1.35716
-0.58013,1.35951
-0.59141,1.36022
-0.59716,1.36051
-0.60063,1.36067
-0.60299,1.36077
-0.60472,1.36083
-0.60609,1.36088
-0.60722,1.36092
-0.60818,1.36095
-0.60902,1.36098
-0.60979,1.36100
-0.61049,1.36102
-0.61114,1.36104
-0.61176,1.36105
-0.61234,1.36107
-0.61288,1.36108
-0.61339,1.36110
0.58699,-1.39207
0.58699,-1.39207
0.58699,-1.39207
0.58700,-1.39207
0.58700,-1.39207
0.58701,-1.39207
0.58701,-1.39207
0.58702,-1.39207
0.58703,-1.39207
0.58705,-1.39207
0.58708,-1.39207
0.58712,-1.39206
0.58722,-1.39206
0.58751,-1.39204
0.58929,-1.39192
-0.02787,1.12949
-0.14688,1.21733
-0.19839,1.24668
-0.24187,1.26833
-0.29109,1.28980
-0.35835,1.31444
-0.45025,1.33992
-0.53228,1.35466
-0.57157,1.35886
-0.58739,1.35999
-0.59486,1.36040
-0.59910,1.36060
-0.60185,1.36072
-0.60381,1.36080
-0.60531,1.36085
-0.60653,1.36090
-0.60754,1.36093
-0.60842,1.36096
-0.60920,1.36098
-0.60992,1.36100
-0.61058,1.36102
-0.61120,1.36104
-0.61179,1.36106
-0.61235,1.36107
-0.61288,1.36108
0.58701,-1.39207
0.58701,-1.39207
0.58702,-1.39207
0.58703,-1.39207
0.58704,-1.39207
0.58705,-1.39207
0.58706,-1.39207
0.58708,-1.39207
0.58711,-1.39207
0.58714,-1.39206
0.58721,-1.39206
0.58732,-1.39205
0.58756,-1.39204
0.58813,-1.39200
0.58968,-1.39190
0.59476,-1.39152
-0.07166,1.16565
-0.16047,1.22550
-0.21058,1.25302
-0.25786,1.27564
-0.31625,1.29963
-0.39864,1.32675
-0.49501,1.34893
-0.55596,1.35743
-0.58076,1.35956
-0.59142,1.36022
-0.59697,1.36051
-0.60036,1.36066
-0.60268,1.36075
-0.60440,1.36082
-0.60575,1.36087
-0.60686,1.36091
-0.60780,1.36094
-0.60862,1.36096
-0.60935,1.36099
-0.61003,1.36101
-0.61066,1.36102
-0.61126,1.36104
-0.61183,1.36106
-0.61238,1.36107
0.58703,-1.39207
0.58704,-1.39207
0.58705,-1.39207
0.58706,-1.39207
0.58708,-1.39207
0.58709,-1.39207
0.58712,-1.39206
0.58715,-1.39206
0.58720,-1.39206
0.58728,-1.39205
0.58740,-1.39205
0.58761,-1.39203
0.58800,-1.39201
0.58875,-1.39196
0.59012,-1.39187
0.59243,-1.39170
0.59683,-1.39136
-0.05288,1.15076
-0.15570,1.22267
-0.21103,1.25325
-0.26449,1.27858
-0.33290,1.30573
-0.42779,1.33455
-0.52020,1.35299
-0.56671,1.35845
-0.58502,1.35984
-0.59342,1.36033
-0.59807,1.36056
-0.60105,1.36069
-0.60315,1.36077
-0.60474,1.36083
-0.60601,1.36088
-0.60706,1.36091
-0.60796,1.36094
-0.60875,1.36097
-0.60947,1.36099
-0.61012,1.36101
-0.61074,1.36103
-0.61132,1.36104
-0.61188,1.36106
0.58706,-1.39207
0.58707,-1.39207
0.58708,-1.39207
0.58710,-1.39207
0.58713,-1.39206
0.58716,-1.39206
0.58720,-1.39206
0.58725,-1.39206
0.58733,-1.39205
0.58745,-1.39204
0.58765,-1.39203
0.58797,-1.39201
0.58849,-1.39198
0.58935,-1.39192
0.59066,-1.39183
0.59247,-1.39170
0.59467,-1.39153
0.59728,-1.39132
0.61091,-1.39000
-0.11302,1.19551
-0.18743,1.24079
-0.24866,1.27148
-0.32349,1.30232
-0.42624,1.33416
-0.52256,1.35333
-0.56801,1.35856
-0.58552,1.35987
-0.59361,1.36034
-0.59815,1.36056
-0.60108,1.36069
-0.60317,1.36077
-0.60476,1.36083
-0.60604,1.36088
-0.60710,1.36091
-0.60801,1.36094
-0.60880,1.36097
-0.60952,1.36099
-0.61017,1.36101
-0.61079,1.36103
-0.61137,1.36104
0.58709,-1.39207
0.58711,-1.39207
0.58713,-1.39206
0.58716,-1.39206
0.58719,-1.39206
0.58723,-1.39206
0.58729,-1.39205
0.58738,-1.39205
0.58750,-1.39204
0.58768,-1.39203
0.58795,-1.39201
0.58837,-1.39198
0.58901,-1.39194
0.58997,-1.39188
0.59131,-1.39178
0.59304,-1.39166
0.59508,-1.39150
0.59722,-1.39133
0.59925,-1.39115
0.60099,-1.39100
0.60310,-1.39080
-0.04231,1.14199
-0.16499,1.22815
-0.24684,1.27064
-0.34820,1.31105
-0.47476,1.34513
-0.55276,1.35709
-0.58026,1.35952
-0.59120,1.36021
-0.59679,1.36050
-0.60021,1.36065
-0.60257,1.36075
-0.60433,1.36082
-0.60573,1.36087
-0.60688,1.36091
-0.60786,1.36094
-0.60871,1.36097
-0.60947,1.36099
-0.61016,1.36101
-0.61080,1.36103
0.58713,-1.39206
0.58715,-1.39206
0.58718,-1.39206
0.58722,-1.39206
0.58727,-1.39205
0.58733,-1.39205
0.58742,-1.39205
0.58753,-1.39204
0.58770,-1.39203
0.58794,-1.39201
0.58829,-1.39199
0.58881,-1.39196
0.58956,-1.39190
0.59062,-1.39183
0.59205,-1.39173
0.59388,-1.39159
0.59605,-1.39142
0.59848,-1.39122
0.60107,-1.39099
0.60371,-1.39074
0.60632,-1.39048
0.60873,-1.39023
0.61072,-1.39002
0.61187,-1.38989
0.61122,-1.38996
0.25545,0.71632
-0.21775,1.25665
-0.40570,1.32873
-0.54422,1.35614
-0.58075,1.35956
-0.59231,1.36027
-0.59774,1.36054
-0.60097,1.36068
-0.60321,1.36077
-0.60491,1.36084
-0.60627,1.36089
-0.60742,1.36093
-0.60840,1.36096
-0.60926,1.36098
-0.61003,1.36101
0.58718,-1.39206
0.58721,-1.39206
0.58725,-1.39206
0.58730,-1.39205
0.58736,-1.39205
0.58745,-1.39204
0.58756,-1.39204
0.58771,-1.39203
0.58792,-1.39201
0.58823,-1.39199
0.58866,-1.39197
0.58927,-1.39192
0.59013,-1.39187
0.59132,-1.39178
0.59289,-1.39167
0.59487,-1.39152
0.59725,-1.39132
0.60001,-1.39108
0.60310,-1.39080
0.60646,-1.39047
0.60997,-1.39010
0.61347,-1.38971
0.61676,-1.38932
0.61965,-1.38896
0.62203,-1.38865
0.62386,-1.38841
0.62505,-1.38824
0.62535,-1.38820
0.62355,-1.38845
0.61404,-1.38964
-0.41110,1.33020
-0.56802,1.35856
-0.59010,1.36015
-0.59724,1.36052
-0.60090,1.36068
-0.60330,1.36078
-0.60508,1.36084
-0.60652,1.36090
-0.60773,1.36094
-0.60878,1.36097
0.58724,-1.39206
0.58728,-1.39205
0.58733,-1.39205
0.58739,-1.39205
0.58748,-1.39204
0.58758,-1.39204
0.58772,-1.39203
0.58791,-1.39201
0.58817,-1.39200
0.58854,-1.39197
0.58904,-1.39194
0.58976,-1.39189
0.59074,-1.39182
0.59207,-1.39173
0.59379,-1.39160
0.59595,-1.39143
0.59854,-1.39121
0.60156,-1.39094
0.60496,-1.39062
0.60866,-1.39024
0.61248,-1.38982
0.61618,-1.38939
0.61953,-1.38897
0.62238,-1.38860
0.62471,-1.38829
0.62656,-1.38803
0.62802,-1.38783
0.62916,-1.38766
0.63002,-1.38754
0.63060,-1.38745
0.63075,-1.38743
0.62981,-1.38757
0.62152,-1.38872
-0.45208,1.34033
-0.58144,1.35960
-0.59516,1.36042
-0.60014,1.36065
-0.60296,1.36076
-0.60496,1.36084
-0.60654,1.36090
0.58731,-1.39205
0.58736,-1.39205
0.58742,-1.39205
0.58750,-1.39204
0.58760,-1.39203
0.58773,-1.39203
0.58790,-1.39201
0.58812,-1.39200
0.58843,-1.39198
0.58886,-1.39195
0.58945,-1.39191
0.59027,-1.39186
0.59139,-1.39178
0.59286,-1.39167
0.59475,-1.39152
0.59707,-1.39134
0.59984,-1.39110
0.60303,-1.39081
0.60660,-1.39045
0.61043,-1.39005
0.61429,-1.38961
0.61792,-1.38918
0.62112,-1.38877
0.62377,-1.38842
0.62590,-1.38812
0.62759,-1.38789
0.62892,-1.38770
0.62999,-1.38754
0.63085,-1.38741
0.63157,-1.38731
0.63215,-1.38722
0.63262,-1.38715
0.63294,-1.38710
0.63298,-1.38709
0.63210,-1.38723
0.62269,-1.38856
-0.53072,1.35446
-0.59000,1.36014
-0.59857,1.36058
-0.60226,1.36074
0.58739,-1.39205
0.58745,-1.39204
0.58752,-1.39204
0.58762,-1.39203
0.58773,-1.39203
0.58788,-1.39202
0.58808,-1.39200
0.58835,-1.39199
0.58871,-1.39196
0.58920,-1.39193
0.58989,-1.39188
0.59082,-1.39182
0.59207,-1.39173
0.59370,-1.39161
0.59574,-1.39145
0.59821,-1.39124
0.60110,-1.39099
0.60440,-1.39067
0.60804,-1.39031
0.61186,-1.38989
0.61565,-1.38945
0.61914,-1.38902
0.62215,-1.38863
0.62462,-1.38830
0.62659,-1.38803
0.62814,-1.38781
0.62937,-1.38763
0.63035,-1.38749
0.63115,-1.38737
0.63182,-1.38727
0.63238,-1.38718
0.63287,-1.38711
0.63329,-1.38705
0.63365,-1.38699
0.63395,-1.38694
0.63414,-1.38691
0.63408,-1.38692
0.63293,-1.38710
0.19434,0.83708
-0.57316,1.35899
0.58747,-1.39204
0.58755,-1.39204
0.58763,-1.39203
0.58774,-1.39202
0.58788,-1.39202
0.58805,-1.39200
0.58827,-1.39199
0.58858,-1.39197
0.58899,-1.39194
0.58956,-1.39190
0.59034,-1.39185
0.59140,-1.39178
0.59279,-1.39167
0.59457,-1.39154
0.59675,-1.39136
0.59933,-1.39114
0.60231,-1.39087
0.60566,-1.39055
0.60929,-1.39017
0.61306,-1.38976
0.61672,-1.38932
0.62005,-1.38891
0.62289,-1.38854
0.62521,-1.38822
0.62705,-1.38796
0.62850,-1.38776
0.62964,-1.38759
0.63057,-1.38745
0.63132,-1.38734
0.63195,-1.38725
0.63248,-1.38717
0.63293,-1.38710
0.63333,-1.38704
0.63368,-1.38699
0.63399,-1.38694
0.63428,-1.38689
0.63453,-1.38685
0.63473,-1.38682
0.63485,-1.38680
0.63465,-1.38684
0.58757,-1.39204
0.58765,-1.39203
0.58775,-1.39202
0.58787,-1.39202
0.58802,-1.39201
0.58821,-1.39199
0.58847,-1.39198
0.58882,-1.39195
0.58929,-1.39192
0.58994,-1.39188
0.59083,-1.39182
0.59202,-1.39173
0.59355,-1.39162
0.59547,-1.39147
0.59776,-1.39128
0.60043,-1.39105
0.60346,-1.39077
0.60682,-1.39043
0.61041,-1.39005
0.61408,-1.38964
0.61761,-1.38921
0.62077,-1.38881
0.62346,-1.38846
0.62564,-1.38816
0.62738,-1.38792
0.62875,-1.38772
0.62984,-1.38756
0.63072,-1.38743
0.63144,-1.38733
0.63204,-1.38724
0.63254,-1.38716
0.63298,-1.38709
0.63335,-1.38704
0.63368,-1.38698
0.63397,-1.38694
0.63424,-1.38690
0.63447,-1.38686
0.63469,-1.38683
0.63490,-1.38680
0.63508,-1.38677
0.58766,-1.39203
0.58775,-1.39202
0.58786,-1.39202
0.58800,-1.39201
0.58816,-1.39200
0.58838,-1.39198
0.58867,-1.39196
0.58907,-1.39194
0.58961,-1.39190
0.59035,-1.39185
0.59135,-1.39178
0.59267,-1.39168
0.59435,-1.39156
0.59639,-1.39139
0.59878,-1.39119
0.60151,-1.39095
0.60456,-1.39066
0.60789,-1.39032
0.61142,-1.38994
0.61497,-1.38953
0.61835,-1.38912
0.62137,-1.38874
0.62392,-1.38840
0.62599,-1.38811
0.62764,-1.38788
0.62895,-1.38769
0.62999,-1.38754
0.63083,-1.38742
0.63153,-1.38731
0.63211,-1.38722
0.63260,-1.38715
0.63302,-1.38709
0.63338,-1.38703
0.63370,-1.38698
0.63397,-1.38694
0.63422,-1.38690
0.63444,-1.38687
0.63464,-1.38684
0.63482,-1.38681
0.63499,-1.38678
0.58776,-1.39202
0.58786,-1.39202
0.58798,-1.39201
0.58812,-1.39200
0.58831,-1.39199
0.58855,-1.39197
0.58888,-1.39195
0.58933,-1.39192
0.58994,-1.39188
0.59078,-1.39182
0.59191,-1.39174
0.59336,-1.39163
0.59517,-1.39149
0.59732,-1.39132
0.59978,-1.39110
0.60254,-1.39085
0.60559,-1.39056
0.60888,-1.39022
0.61232,-1.38984
0.61576,-1.38944
0.61900,-1.38904
0.62188,-1.38867
0.62430,-1.38834
0.62628,-1.38807
0.62785,-1.38785
0.62911,-1.38767
0.63011,-1.38752
0.63093,-1.38740
0.63160,-1.38730
0.63217,-1.38722
0.63264,-1.38714
0.63305,-1.38708
0.63341,-1.38703
0.63371,-1.38698
0.63398,-1.38694
0.63422,-1.38690
0.63443,-1.38687
0.63462,-1.38684
0.63478,-1.38681
0.63494,-1.38679
