-0.61812,1.36120
-0.61812,1.36120
-0.61812,1.36120
-0.61812,1.36120
-0.61812,1.36120
-0.61812,1.36120
-0.61812,1.36120
-0.61811,1.36120
-0.61811,1.36120
-0.61811,1.36120
-0.61810,1.36120
-0.61810,1.36120
-0.61809,1.36120
-0.61808,1.36120
-0.61807,1.36119
-0.61805,1.36119
-0.61803,1.36119
-0.61801,1.36119
-0.61798,1.36119
-0.61795,1.36119
-0.61792,1.36119
-0.61789,1.36119
-0.61786,1.36119
-0.61782,1.36119
-0.61779,1.36119
-0.61776,1.36119
-0.61774,1.36119
-0.61772,1.36119
-0.61771,1.36119
-0.61770,1.36119
-0.61769,1.36119
-0.61768,1.36119
-0.61768,1.36119
-0.61768,1.36119
-0.61767,1.36119
-0.61767,1.36119
-0.61767,1.36119
-0.61767,1.36119
-0.61767,1.36119
-0.61766,1.36119
-0.61812,1.36120
-0.61812,1.36120
-0.61812,1.36120
-0.61812,1.36120
-0.61812,1.36120
-0.61812,1.36120
-0.61812,1.36120
-0.61811,1.36120
-0.61811,1.36120
-0.61811,1.36120
-0.61810,1.36120
-0.61810,1.36120
-0.61809,1.36120
-0.61808,1.36120
-0.61807,1.36119
-0.61805,1.36119
-0.61803,1.36119
-0.61801,1.36119
-0.61798,1.36119
-0.61795,1.36119
-0.61791,1.36119
-0.61788,1.36119
-0.61785,1.36119
-0.61781,1.36119
-0.61778,1.36119
-0.61776,1.36119
-0.61773,1.36119
-0.61771,1.36119
-0.61770,1.36119
-0.61769,1.36119
-0.61769,1.36119
-0.61768,1.36119
-0.61768,1.36119
-0.61767,1.36119
-0.61767,1.36119
-0.61767,1.36119
-0.61767,1.36119
-0.61767,1.36119
-0.61766,1.36119
-0.61766,1.36119
-0.61813,1.36120
-0.61812,1.36120
-0.61812,1.36120
-0.61812,1.36120
-0.61812,1.36120
-0.61812,1.36120
-0.61812,1.36120
-0.61811,1.36120
-0.61811,1.36120
-0.61811,1.36120
-0.61810,1.36120
-0.61810,1.36120
-0.61809,1.36120
-0.61808,1.36120
-0.61807,1.36119
-0.61805,1.36119
-0.61803,1.36119
-0.61800,1.36119
-0.61797,1.36119
-0.61794,1.36119
-0.61791,1.36119
-0.61787,1.36119
-0.61784,1.36119
-0.61781,1.36119
-0.61777,1.36119
-0.61775,1.36119
-0.61773,1.36119
-0.61771,1.36119
-0.61770,1.36119
-0.61769,1.36119
-0.61768,1.36119
-0.61768,1.36119
-0.61767,1.36119
-0.61767,1.36119
-0.61767,1.36119
-0.61767,1.36119
-0.61766,1.36119
-0.61766,1.36119
-0.61766,1.36119
-0.61766,1.36119
-0.61813,1.36120
-0.61813,1.36120
-0.61813,1.36120
-0.61812,1.36120
-0.61812,1.36120
-0.61812,1.36120
-0.61812,1.36120
-0.61811,1.36120
-0.61811,1.36120
-0.61811,1.36120
-0.61810,1.36120
-0.61810,1.36120
-0.61809,1.36120
-0.61808,1.36120
-0.61807,1.36119
-0.61805,1.36119
-0.61803,1.36119
-0.61800,1.36119
-0.61797,1.36119
-0.61794,1.36119
-0.61790,1.36119
-0.61786,1.36119
-0.61783,1.36119
-0.61779,1.36119
-0.61776,1.36119
-0.61774,1.36119
-0.61772,1.36119
-0.61770,1.36119
-0.61769,1.36119
-0.61769,1.36119
-0.61768,1.36119
-0.61768,1.36119
-0.61767,1.36119
-0.61767,1.36119
-0.61767,1.36119
-0.61766,1.36119
-0.61766,1.36119
-0.61766,1.36119
-0.61766,1.36119
-0.61766,1.36119
-0.61813,1.36120
-0.61813,1.36120
-0.61813,1.36120
-0.61813,1.36120
-0.61812,1.36120
-0.61812,1.36120
-0.61812,1.36120
-0.61812,1.36120
-0.61811,1.36120
-0.61811,1.36120
-0.61810,1.36120
-0.61810,1.36120
-0.61809,1.36120
-0.61808,1.36120
-0.61806,1.36119
-0.61805,1.36119
-0.61802,1.36119
-0.61800,1.36119
-0.61797,1.36119
-0.61793,1.36119
-0.61789,1.36119
-0.61785,1.36119
-0.61782,1.36119
-0.61778,1.36119
-0.61775,1.36119
-0.61773,1.36119
-0.61771,1.36119
-0.61770,1.36119
-0.61769,1.36119
-0.61768,1.36119
-0.61768,1.36119
-0.61767,1.36119
-0.61767,1.36119
-0.61767,1.36119
-0.61766,1.36119
-0.61766,1.36119
-0.61766,1.36119
-0.61766,1.36119
-0.61766,1.36119
-0.61766,1.36119
0.58682,-1.39208
0.58670,-1.39209
0.58628,-1.39212
-0.61812,1.36120
-0.61813,1.36120
-0.61812,1.36120
-0.61812,1.36120
-0.61812,1.36120
-0.61811,1.36120
-0.61811,1.36120
-0.61810,1.36120
-0.61810,1.36120
-0.61809,1.36120
-0.61808,1.36120
-0.61806,1.36119
-0.61804,1.36119
-0.61802,1.36119
-0.61799,1.36119
-0.61796,1.36119
-0.61792,1.36119
-0.61788,1.36119
-0.61784,1.36119
-0.61781,1.36119
-0.61777,1.36119
-0.61774,1.36119
-0.61772,1.36119
-0.61771,1.36119
-0.61769,1.36119
-0.61769,1.36119
-0.61768,1.36119
-0.61767,1.36119
-0.61767,1.36119
-0.61767,1.36119
-0.61766,1.36119
-0.61766,1.36119
-0.61766,1.36119
-0.61766,1.36119
-0.61766,1.36119
-0.61766,1.36119
-0.61765,1.36119
0.58693,-1.39208
0.58690,-1.39208
0.58686,-1.39208
0.58680,-1.39208
0.58669,-1.39209
0.58644,-1.39211
-0.61808,1.36120
-0.61811,1.36120
-0.61811,1.36120
-0.61811,1.36120
-0.61810,1.36120
-0.61810,1.36120
-0.61809,1.36120
-0.61808,1.36120
-0.61806,1.36119
-0.61804,1.36119
-0.61802,1.36119
-0.61798,1.36119
-0.61795,1.36119
-0.61791,1.36119
-0.61787,1.36119
-0.61783,1.36119
-0.61779,1.36119
-0.61776,1.36119
-0.61774,1.36119
-0.61772,1.36119
-0.61770,1.36119
-0.61769,1.36119
-0.61768,1.36119
-0.61768,1.36119
-0.61767,1.36119
-0.61767,1.36119
-0.61766,1.36119
-0.61766,1.36119
-0.61766,1.36119
-0.61766,1.36119
-0.61766,1.36119
-0.61766,1.36119
-0.61765,1.36119
-0.61765,1.36119
0.58696,-1.39207
0.58695,-1.39207
0.58694,-1.39208
0.58692,-1.39208
0.58689,-1.39208
0.58685,-1.39208
0.58680,-1.39208
0.58672,-1.39209
0.58659,-1.39210
0.58632,-1.39211
-0.61802,1.36119
-0.61808,1.36120
-0.61808,1.36120
-0.61807,1.36119
-0.61805,1.36119
-0.61803,1.36119
-0.61800,1.36119
-0.61797,1.36119
-0.61793,1.36119
-0.61789,1.36119
-0.61785,1.36119
-0.61781,1.36119
-0.61778,1.36119
-0.61775,1.36119
-0.61773,1.36119
-0.61771,1.36119
-0.61769,1.36119
-0.61768,1.36119
-0.61768,1.36119
-0.61767,1.36119
-0.61767,1.36119
-0.61766,1.36119
-0.61766,1.36119
-0.61766,1.36119
-0.61766,1.36119
-0.61766,1.36119
-0.61765,1.36119
-0.61765,1.36119
-0.61765,1.36119
-0.61765,1.36119
0.58697,-1.39207
0.58697,-1.39207
0.58696,-1.39207
0.58695,-1.39207
0.58694,-1.39208
0.58692,-1.39208
0.58690,-1.39208
0.58687,-1.39208
0.58684,-1.39208
0.58680,-1.39208
0.58674,-1.39209
0.58667,-1.39209
0.58658,-1.39210
0.58644,-1.39211
0.58620,-1.39212
0.58546,-1.39217
-0.61794,1.36119
-0.61793,1.36119
-0.61790,1.36119
-0.61787,1.36119
-0.61783,1.36119
-0.61780,1.36119
-0.61777,1.36119
-0.61774,1.36119
-0.61772,1.36119
-0.61770,1.36119
-0.61769,1.36119
-0.61768,1.36119
-0.61767,1.36119
-0.61767,1.36119
-0.61766,1.36119
-0.61766,1.36119
-0.61766,1.36119
-0.61766,1.36119
-0.61765,1.36119
-0.61765,1.36119
-0.61765,1.36119
-0.61765,1.36119
-0.61765,1.36119
-0.61765,1.36119
0.58698,-1.39207
0.58698,-1.39207
0.58697,-1.39207
0.58697,-1.39207
0.58696,-1.39207
0.58695,-1.39207
0.58694,-1.39208
0.58692,-1.39208
0.58690,-1.39208
0.58688,-1.39208
0.58685,-1.39208
0.58682,-1.39208
0.58678,-1.39209
0.58672,-1.39209
0.58666,-1.39209
0.58658,-1.39210
0.58647,-1.39210
0.58631,-1.39211
0.58602,-1.39213
0.58493,-1.39220
-0.61781,1.36119
-0.61778,1.36119
-0.61775,1.36119
-0.61773,1.36119
-0.61771,1.36119
-0.61769,1.36119
-0.61768,1.36119
-0.61767,1.36119
-0.61767,1.36119
-0.61766,1.36119
-0.61766,1.36119
-0.61766,1.36119
-0.61765,1.36119
-0.61765,1.36119
-0.61765,1.36119
-0.61765,1.36119
-0.61765,1.36119
-0.61765,1.36119
-0.61765,1.36119
-0.61765,1.36119
0.58698,-1.39207
0.58698,-1.39207
0.58698,-1.39207
0.58697,-1.39207
0.58697,-1.39207
0.58696,-1.39207
0.58696,-1.39207
0.58694,-1.39208
0.58693,-1.39208
0.58692,-1.39208
0.58690,-1.39208
0.58687,-1.39208
0.58684,-1.39208
0.58681,-1.39208
0.58676,-1.39209
0.58671,-1.39209
0.58663,-1.39209
0.58654,-1.39210
0.58642,-1.39211
0.58624,-1.39212
0.58594,-1.39214
0.58497,-1.39219
-0.61775,1.36119
-0.61772,1.36119
-0.61770,1.36119
-0.61769,1.36119
-0.61768,1.36119
-0.61767,1.36119
-0.61766,1.36119
-0.61766,1.36119
-0.61766,1.36119
-0.61765,1.36119
-0.61765,1.36119
-0.61765,1.36119
-0.61765,1.36119
-0.61765,1.36119
-0.61765,1.36119
-0.61765,1.36119
-0.61765,1.36119
-0.61765,1.36119
0.58698,-1.39207
0.58698,-1.39207
0.58698,-1.39207
0.58698,-1.39207
0.58697,-1.39207
0.58697,-1.39207
0.58696,-1.39207
0.58696,-1.39207
0.58695,-1.39208
0.58694,-1.39208
0.58692,-1.39208
0.58690,-1.39208
0.58688,-1.39208
0.58685,-1.39208
0.58681,-1.39208
0.58676,-1.39209
0.58670,-1.39209
0.58663,-1.39209
0.58654,-1.39210
0.58642,-1.39211
0.58625,-1.39212
0.58600,-1.39213
0.58541,-1.39217
-0.61773,1.36119
-0.61769,1.36119
-0.61768,1.36119
-0.61767,1.36119
-0.61766,1.36119
-0.61766,1.36119
-0.61765,1.36119
-0.61765,1.36119
-0.61765,1.36119
-0.61765,1.36119
-0.61765,1.36119
-0.61765,1.36119
-0.61765,1.36119
-0.61764,1.36119
-0.61764,1.36119
-0.61764,1.36119
-0.61764,1.36119
0.58698,-1.39207
0.58698,-1.39207
0.58698,-1.39207
0.58698,-1.39207
0.58698,-1.39207
0.58697,-1.39207
0.58697,-1.39207
0.58696,-1.39207
0.58696,-1.39207
0.58695,-1.39208
0.58693,-1.39208
0.58692,-1.39208
0.58690,-1.39208
0.58687,-1.39208
0.58684,-1.39208
0.58680,-1.39208
0.58675,-1.39209
0.58668,-1.39209
0.58660,-1.39210
0.58650,-1.39210
0.58637,-1.39211
0.58619,-1.39212
0.58591,-1.39214
0.58516,-1.39218
-0.61769,1.36119
-0.61767,1.36119
-0.61766,1.36119
-0.61765,1.36119
-0.61765,1.36119
-0.61765,1.36119
-0.61765,1.36119
-0.61765,1.36119
-0.61764,1.36119
-0.61764,1.36119
-0.61764,1.36119
-0.61764,1.36119
-0.61764,1.36119
-0.61764,1.36119
-0.61764,1.36119
-0.61764,1.36119
0.58698,-1.39207
0.58698,-1.39207
0.58698,-1.39207
0.58698,-1.39207
0.58698,-1.39207
0.58698,-1.39207
0.58697,-1.39207
0.58697,-1.39207
0.58696,-1.39207
0.58696,-1.39207
0.58694,-1.39208
0.58693,-1.39208
0.58691,-1.39208
0.58689,-1.39208
0.58686,-1.39208
0.58682,-1.39208
0.58677,-1.39209
0.58671,-1.39209
0.58664,-1.39209
0.58655,-1.39210
0.58643,-1.39211
0.58628,-1.39212
0.58606,-1.39213
0.58565,-1.39215
-0.61766,1.36119
-0.61765,1.36119
-0.61765,1.36119
-0.61764,1.36119
-0.61764,1.36119
-0.61764,1.36119
-0.61764,1.36119
-0.61764,1.36119
-0.61764,1.36119
-0.61764,1.36119
-0.61764,1.36119
-0.61764,1.36119
-0.61764,1.36119
-0.61764,1.36119
-0.61764,1.36119
-0.61764,1.36119
0.58698,-1.39207
0.58698,-1.39207
0.58698,-1.39207
0.58698,-1.39207
0.58698,-1.39207
0.58698,-1.39207
0.58698,-1.39207
0.58697,-1.39207
0.58697,-1.39207
0.58696,-1.39207
0.58695,-1.39207
0.58694,-1.39208
0.58692,-1.39208
0.58690,-1.39208
0.58688,-1.39208
0.58684,-1.39208
0.58680,-1.39208
0.58674,-1.39209
0.58667,-1.39209
0.58658,-1.39210
0.58647,-1.39210
0.58633,-1.39211
0.58613,-1.39213
0.58577,-1.39215
0.58333,-1.39229
-0.61762,1.36119
-0.61762,1.36119
-0.61763,1.36119
-0.61763,1.36119
-0.61763,1.36119
-0.61763,1.36119
-0.61763,1.36119
-0.61763,1.36119
-0.61763,1.36119
-0.61763,1.36119
-0.61763,1.36119
-0.61764,1.36119
-0.61764,1.36119
-0.61764,1.36119
-0.61764,1.36119
0.58698,-1.39207
0.58698,-1.39207
0.58698,-1.39207
0.58698,-1.39207
0.58698,-1.39207
0.58698,-1.39207
0.58698,-1.39207
0.58698,-1.39207
0.58697,-1.39207
0.58697,-1.39207
0.58696,-1.39207
0.58695,-1.39207
0.58693,-1.39208
0.58692,-1.39208
0.58689,-1.39208
0.58686,-1.39208
0.58682,-1.39208
0.58676,-1.39209
0.58669,-1.39209
0.58660,-1.39210
0.58649,-1.39210
0.58635,-1.39211
0.58615,-1.39212
0.58576,-1.39215
-0.61733,1.36118
-0.61754,1.36119
-0.61758,1.36119
-0.61760,1.36119
-0.61761,1.36119
-0.61761,1.36119
-0.61762,1.36119
-0.61762,1.36119
-0.61762,1.36119
-0.61763,1.36119
-0.61763,1.36119
-0.61763,1.36119
-0.61763,1.36119
-0.61763,1.36119
-0.61763,1.36119
-0.61763,1.36119
0.58698,-1.39207
0.58698,-1.39207
0.58698,-1.39207
0.58698,-1.39207
0.58698,-1.39207
0.58698,-1.39207
0.58698,-1.39207
0.58698,-1.39207
0.58697,-1.39207
0.58697,-1.39207
0.58696,-1.39207
0.58696,-1.39207
0.58694,-1.39208
0.58693,-1.39208
0.58690,-1.39208
0.58687,-1.39208
0.58684,-1.39208
0.58678,-1.39209
0.58671,-1.39209
0.58662,-1.39210
0.58651,-1.39210
0.58636,-1.39211
0.58612,-1.39213
0.58550,-1.39216
-0.61732,1.36118
-0.61744,1.36118
-0.61750,1.36118
-0.61754,1.36119
-0.61757,1.36119
-0.61759,1.36119
-0.61760,1.36119
-0.61761,1.36119
-0.61761,1.36119
-0.61762,1.36119
-0.61762,1.36119
-0.61762,1.36119
-0.61762,1.36119
-0.61762,1.36119
-0.61763,1.36119
-0.61763,1.36119
0.58698,-1.39207
0.58698,-1.39207
0.58698,-1.39207
0.58698,-1.39207
0.58698,-1.39207
0.58698,-1.39207
0.58698,-1.39207
0.58698,-1.39207
0.58698,-1.39207
0.58697,-1.39207
0.58697,-1.39207
0.58696,-1.39207
0.58695,-1.39207
0.58694,-1.39208
0.58692,-1.39208
0.58689,-1.39208
0.58685,-1.39208
0.58680,-1.39208
0.58673,-1.39209
0.58664,-1.39209
0.58652,-1.39210
0.58634,-1.39211
0.58598,-1.39213
-0.61705,1.36118
-0.61729,1.36118
-0.61738,1.36118
-0.61744,1.36118
-0.61749,1.36118
-0.61752,1.36119
-0.61755,1.36119
-0.61757,1.36119
-0.61758,1.36119
-0.61759,1.36119
-0.61760,1.36119
-0.61761,1.36119
-0.61761,1.36119
-0.61761,1.36119
-0.61762,1.36119
-0.61762,1.36119
-0.61762,1.36119
0.58698,-1.39207
0.58698,-1.39207
0.58698,-1.39207
0.58698,-1.39207
0.58698,-1.39207
0.58698,-1.39207
0.58698,-1.39207
0.58698,-1.39207
0.58698,-1.39207
0.58698,-1.39207
0.58697,-1.39207
0.58697,-1.39207
0.58696,-1.39207
0.58695,-1.39208
0.58693,-1.39208
0.58690,-1.39208
0.58687,-1.39208
0.58682,-1.39208
0.58675,-1.39209
0.58666,-1.39209
0.58651,-1.39210
0.58622,-1.39212
-0.61672,1.36117
-0.61713,1.36118
-0.61726,1.36118
-0.61734,1.36118
-0.61739,1.36118
-0.61744,1.36118
-0.61747,1.36118
-0.61750,1.36118
-0.61753,1.36119
-0.61755,1.36119
-0.61757,1.36119
-0.61758,1.36119
-0.61759,1.36119
-0.61760,1.36119
-0.61760,1.36119
-0.61761,1.36119
-0.61761,1.36119
-0.61761,1.36119
0.58698,-1.39207
0.58698,-1.39207
0.58698,-1.39207
0.58698,-1.39207
0.58698,-1.39207
0.58698,-1.39207
0.58698,-1.39207
0.58698,-1.39207
0.58698,-1.39207
0.58698,-1.39207
0.58698,-1.39207
0.58697,-1.39207
0.58697,-1.39207
0.58696,-1.39207
0.58694,-1.39208
0.58692,-1.39208
0.58689,-1.39208
0.58684,-1.39208
0.58677,-1.39209
0.58666,-1.39209
0.58640,-1.39211
-0.61627,1.36116
-0.61691,1.36117
-0.61712,1.36118
-0.61723,1.36118
-0.61730,1.36118
-0.61735,1.36118
-0.61740,1.36118
-0.61743,1.36118
-0.61747,1.36118
-0.61749,1.36118
-0.61752,1.36119
-0.61754,1.36119
-0.61755,1.36119
-0.61757,1.36119
-0.61758,1.36119
-0.61759,1.36119
-0.61759,1.36119
-0.61760,1.36119
-0.61760,1.36119
0.58698,-1.39207
0.58698,-1.39207
0.58698,-1.39207
0.58698,-1.39207
0.58698,-1.39207
0.58698,-1.39207
0.58698,-1.39207
0.58698,-1.39207
0.58698,-1.39207
0.58698,-1.39207
0.58698,-1.39207
0.58698,-1.39207
0.58697,-1.39207
0.58696,-1.39207
0.58695,-1.39207
0.58693,-1.39208
0.58690,-1.39208
0.58685,-1.39208
0.58677,-1.39209
-0.59570,1.36044
-0.61399,1.36111
-0.61633,1.36116
-0.61686,1.36117
-0.61708,1.36118
-0.61719,1.36118
-0.61727,1.36118
-0.61732,1.36118
-0.61737,1.36118
-0.61740,1.36118
-0.61743,1.36118
-0.61746,1.36118
-0.61749,1.36118
-0.61751,1.36118
-0.61753,1.36119
-0.61754,1.36119
-0.61756,1.36119
-0.61757,1.36119
-0.61758,1.36119
-0.61759,1.36119
-0.61759,1.36119
0.58698,-1.39207
0.58698,-1.39207
0.58698,-1.39207
0.58698,-1.39207
0.58698,-1.39207
0.58698,-1.39207
0.58698,-1.39207
0.58698,-1.39207
0.58698,-1.39207
0.58698,-1.39207
0.58698,-1.39207
0.58698,-1.39207
0.58698,-1.39207
0.58697,-1.39207
0.58696,-1.39207
0.58694,-1.39208
0.58691,-1.39208
0.58682,-1.39208
-0.59411,1.36036
-0.60666,1.36090
-0.61380,1.36111
-0.61612,1.36116
-0.61677,1.36117
-0.61702,1.36118
-0.61715,1.36118
-0.61724,1.36118
-0.61729,1.36118
-0.61734,1.36118
-0.61738,1.36118
-0.61741,1.36118
-0.61744,1.36118
-0.61746,1.36118
-0.61748,1.36118
-0.61750,1.36118
-0.61752,1.36119
-0.61754,1.36119
-0.61755,1.36119
-0.61756,1.36119
-0.61757,1.36119
-0.61758,1.36119
0.58698,-1.39207
0.58698,-1.39207
0.58698,-1.39207
0.58698,-1.39207
0.58698,-1.39207
0.58698,-1.39207
0.58698,-1.39207
0.58698,-1.39207
0.58698,-1.39207
0.58698,-1.39207
0.58698,-1.39207
0.58698,-1.39207
0.58698,-1.39207
0.58698,-1.39207
0.58697,-1.39207
0.58694,-1.39208
-0.55646,1.35748
-0.58909,1.36009
-0.59856,1.36058
-0.60665,1.36090
-0.61298,1.36109
-0.61576,1.36115
-0.61663,1.36117
-0.61695,1.36117
-0.61711,1.36118
-0.61720,1.36118
-0.61727,1.36118
-0.61731,1.36118
-0.61735,1.36118
-0.61738,1.36118
-0.61741,1.36118
-0.61744,1.36118
-0.61746,1.36118
-0.61748,1.36118
-0.61750,1.36118
-0.61752,1.36119
-0.61753,1.36119
-0.61754,1.36119
-0.61756,1.36119
-0.61757,1.36119
0.58698,-1.39207
0.58698,-1.39207
0.58698,-1.39207
0.58698,-1.39207
0.58698,-1.39207
0.58698,-1.39207
0.58698,-1.39207
0.58698,-1.39207
0.58698,-1.39207
0.58698,-1.39207
0.58698,-1.39207
0.58698,-1.39207
0.58698,-1.39207
0.58698,-1.39207
0.58697,-1.39207
-0.53851,1.35546
-0.58319,1.35972
-0.59196,1.36025
-0.59880,1.36059
-0.60559,1.36086
-0.61178,1.36106
-0.61524,1.36114
-0.61643,1.36116
-0.61686,1.36117
-0.61705,1.36118
-0.61716,1.36118
-0.61724,1.36118
-0.61729,1.36118
-0.61733,1.36118
-0.61736,1.36118
-0.61739,1.36118
-0.61742,1.36118
-0.61744,1.36118
-0.61746,1.36118
-0.61748,1.36118
-0.61750,1.36118
-0.61751,1.36118
-0.61753,1.36119
-0.61754,1.36119
-0.61755,1.36119
0.58698,-1.39207
0.58698,-1.39207
0.58698,-1.39207
0.58698,-1.39207
0.58698,-1.39207
0.58698,-1.39207
0.58698,-1.39207
0.58698,-1.39207
0.58698,-1.39207
0.58698,-1.39207
0.58698,-1.39207
0.58698,-1.39207
0.58698,-1.39207
0.58698,-1.39207
0.58698,-1.39207
-0.57266,1.35895
-0.58491,1.35983
-0.59187,1.36025
-0.59786,1.36055
-0.60404,1.36081
-0.61022,1.36101
-0.61446,1.36112
-0.61615,1.36116
-0.61674,1.36117
-0.61699,1.36118
-0.61712,1.36118
-0.61721,1.36118
-0.61726,1.36118
-0.61731,1.36118
-0.61734,1.36118
-0.61737,1.36118
-0.61740,1.36118
-0.61742,1.36118
-0.61744,1.36118
-0.61746,1.36118
-0.61748,1.36118
-0.61749,1.36118
-0.61751,1.36118
-0.61752,1.36119
-0.61754,1.36119
0.58698,-1.39207
0.58698,-1.39207
0.58698,-1.39207
0.58698,-1.39207
0.58698,-1.39207
0.58698,-1.39207
0.58698,-1.39207
0.58698,-1.39207
0.58698,-1.39207
0.58698,-1.39207
0.58698,-1.39207
0.58698,-1.39207
0.58698,-1.39207
0.58698,-1.39207
0.58700,-1.39207
-0.57109,1.35882
-0.58340,1.35973
-0.59033,1.36016
-0.59613,1.36046
-0.60202,1.36073
-0.60822,1.36095
-0.61329,1.36109
-0.61573,1.36115
-0.61657,1.36117
-0.61691,1.36117
-0.61707,1.36118
-0.61717,1.36118
-0.61724,1.36118
-0.61729,1.36118
-0.61732,1.36118
-0.61735,1.36118
-0.61738,1.36118
-0.61740,1.36118
-0.61742,1.36118
-0.61744,1.36118
-0.61746,1.36118
-0.61748,1.36118
-0.61749,1.36118
-0.61751,1.36118
-0.61752,1.36119
0.58698,-1.39207
0.58698,-1.39207
0.58698,-1.39207
0.58698,-1.39207
0.58698,-1.39207
0.58698,-1.39207
0.58698,-1.39207
0.58698,-1.39207
0.58698,-1.39207
0.58698,-1.39207
0.58698,-1.39207
0.58698,-1.39207
0.58699,-1.39207
0.58699,-1.39207
0.58701,-1.39207
-0.55569,1.35740
-0.57873,1.35941
-0.58723,1.35998
-0.59343,1.36033
-0.59933,1.36061
-0.60558,1.36086
-0.61147,1.36105
-0.61500,1.36113
-0.61631,1.36116
-0.61679,1.36117
-0.61701,1.36118
-0.61713,1.36118
-0.61720,1.36118
-0.61726,1.36118
-0.61730,1.36118
-0.61734,1.36118
-0.61736,1.36118
-0.61739,1.36118
-0.61741,1.36118
-0.61743,1.36118
-0.61745,1.36118
-0.61746,1.36118
-0.61748,1.36118
-0.61749,1.36118
-0.61751,1.36118
0.58698,-1.39207
0.58698,-1.39207
0.58698,-1.39207
0.58698,-1.39207
0.58698,-1.39207
0.58698,-1.39207
0.58698,-1.39207
0.58698,-1.39207
0.58698,-1.39207
0.58699,-1.39207
0.58699,-1.39207
0.58699,-1.39207
0.58699,-1.39207
0.58699,-1.39207
0.58701,-1.39207
0.58706,-1.39207
-0.56457,1.35826
-0.58108,1.35958
-0.58906,1.36009
-0.59548,1.36043
-0.60190,1.36072
-0.60848,1.36096
-0.61354,1.36110
-0.61581,1.36115
-0.61659,1.36117
-0.61691,1.36117
-0.61707,1.36118
-0.61716,1.36118
-0.61723,1.36118
-0.61728,1.36118
-0.61731,1.36118
-0.61734,1.36118
-0.61737,1.36118
-0.61739,1.36118
-0.61741,1.36118
-0.61743,1.36118
-0.61745,1.36118
-0.61746,1.36118
-0.61748,1.36118
-0.61750,1.36118
0.58698,-1.39207
0.58698,-1.39207
0.58698,-1.39207
0.58698,-1.39207
0.58698,-1.39207
0.58698,-1.39207
0.58698,-1.39207
0.58699,-1.39207
0.58699,-1.39207
0.58699,-1.39207
0.58699,-1.39207
0.58699,-1.39207
0.58699,-1.39207
0.58700,-1.39207
0.58701,-1.39207
0.58704,-1.39207
0.58708,-1.39207
-0.56081,1.35791
-0.58026,1.35952
-0.58913,1.36009
-0.59629,1.36047
-0.60344,1.36078
-0.61026,1.36101
-0.61455,1.36112
-0.61616,1.36116
-0.61672,1.36117
-0.61696,1.36117
-0.61710,1.36118
-0.61718,1.36118
-0.61724,1.36118
-0.61729,1.36118
-0.61732,1.36118
-0.61735,1.36118
-0.61737,1.36118
-0.61740,1.36118
-0.61742,1.36118
-0.61743,1.36118
-0.61745,1.36118
-0.61747,1.36118
-0.61748,1.36118
0.58698,-1.39207
0.58698,-1.39207
0.58698,-1.39207
0.58698,-1.39207
0.58698,-1.39207
0.58699,-1.39207
0.58699,-1.39207
0.58699,-1.39207
0.58699,-1.39207
0.58699,-1.39207
0.58699,-1.39207
0.58699,-1.39207
0.58700,-1.39207
0.58701,-1.39207
0.58702,-1.39207
0.58704,-1.39207
0.58706,-1.39207
0.58708,-1.39207
0.58722,-1.39206
-0.57257,1.35894
-0.58552,1.35987
-0.59432,1.36037
-0.60258,1.36075
-0.61017,1.36101
-0.61464,1.36113
-0.61620,1.36116
-0.61673,1.36117
-0.61697,1.36117
-0.61710,1.36118
-0.61718,1.36118
-0.61724,1.36118
-0.61729,1.36118
-0.61732,1.36118
-0.61735,1.36118
-0.61738,1.36118
-0.61740,1.36118
-0.61742,1.36118
-0.61744,1.36118
-0.61745,1.36118
-0.61747,1.36118
0.58698,-1.39207
0.58698,-1.39207
0.58699,-1.39207
0.58699,-1.39207
0.58699,-1.39207
0.58699,-1.39207
0.58699,-1.39207
0.58699,-1.39207
0.58699,-1.39207
0.58699,-1.39207
0.58699,-1.39207
0.58700,-1.39207
0.58700,-1.39207
0.58701,-1.39207
0.58703,-1.39207
0.58704,-1.39207
0.58706,-1.39207
0.58708,-1.39207
0.58710,-1.39207
0.58712,-1.39206
0.58714,-1.39206
-0.55866,1.35770
-0.58185,1.35963
-0.59408,1.36036
-0.60476,1.36083
-0.61266,1.36108
-0.61570,1.36115
-0.61658,1.36117
-0.61690,1.36117
-0.61706,1.36118
-0.61716,1.36118
-0.61722,1.36118
-0.61727,1.36118
-0.61731,1.36118
-0.61734,1.36118
-0.61737,1.36118
-0.61740,1.36118
-0.61742,1.36118
-0.61743,1.36118
-0.61745,1.36118
0.58699,-1.39207
0.58699,-1.39207
0.58699,-1.39207
0.58699,-1.39207
0.58699,-1.39207
0.58699,-1.39207
0.58699,-1.39207
0.58699,-1.39207
0.58699,-1.39207
0.58699,-1.39207
0.58700,-1.39207
0.58700,-1.39207
0.58701,-1.39207
0.58702,-1.39207
0.58703,-1.39207
0.58705,-1.39207
0.58707,-1.39207
0.58710,-1.39207
0.58712,-1.39206
0.58715,-1.39206
0.58717,-1.39206
0.58720,-1.39206
0.58722,-1.39206
0.58723,-1.39206
0.58722,-1.39206
-0.48395,1.34692
-0.59011,1.36015
-0.60893,1.36097
-0.61542,1.36114
-0.61659,1.36117
-0.61693,1.36117
-0.61709,1.36118
-0.61718,1.36118
-0.61724,1.36118
-0.61729,1.36118
-0.61733,1.36118
-0.61736,1.36118
-0.61739,1.36118
-0.61741,1.36118
-0.61743,1.36118
0.58699,-1.39207
0.58699,-1.39207
0.58699,-1.39207
0.58699,-1.39207
0.58699,-1.39207
0.58699,-1.39207
0.58699,-1.39207
0.58699,-1.39207
0.58699,-1.39207
0.58700,-1.39207
0.58700,-1.39207
0.58701,-1.39207
0.58701,-1.39207
0.58703,-1.39207
0.58704,-1.39207
0.58706,-1.39207
0.58708,-1.39207
0.58711,-1.39206
0.58714,-1.39206
0.58717,-1.39206
0.58721,-1.39206
0.58724,-1.39206
0.58728,-1.39205
0.58731,-1.39205
0.58733,-1.39205
0.58735,-1.39205
0.58736,-1.39205
0.58737,-1.39205
0.58735,-1.39205
0.58725,-1.39206
-0.60927,1.36098
-0.61620,1.36116
-0.61687,1.36117
-0.61707,1.36118
-0.61718,1.36118
-0.61725,1.36118
-0.61729,1.36118
-0.61733,1.36118
-0.61737,1.36118
-0.61740,1.36118
0.58699,-1.39207
0.58699,-1.39207
0.58699,-1.39207
0.58699,-1.39207
0.58699,-1.39207
0.58699,-1.39207
0.58699,-1.39207
0.58699,-1.39207
0.58700,-1.39207
0.58700,-1.39207
0.58700,-1.39207
0.58701,-1.39207
0.58702,-1.39207
0.58703,-1.39207
0.58705,-1.39207
0.58707,-1.39207
0.58710,-1.39207
0.58713,-1.39206
0.58716,-1.39206
0.58720,-1.39206
0.58723,-1.39206
0.58727,-1.39205
0.58731,-1.39205
0.58734,-1.39205
0.58736,-1.39205
0.58738,-1.39205
0.58739,-1.39205
0.58741,-1.39205
0.58742,-1.39205
0.58742,-1.39205
0.58742,-1.39205
0.58741,-1.39205
0.58733,-1.39205
-0.61156,1.36105
-0.61661,1.36117
-0.61701,1.36118
-0.61716,1.36118
-0.61724,1.36118
-0.61729,1.36118
-0.61734,1.36118
0.58699,-1.39207
0.58699,-1.39207
0.58699,-1.39207
0.58699,-1.39207
0.58699,-1.39207
0.58699,-1.39207
0.58699,-1.39207
0.58699,-1.39207
0.58700,-1.39207
0.58700,-1.39207
0.58701,-1.39207
0.58702,-1.39207
0.58703,-1.39207
0.58704,-1.39207
0.58706,-1.39207
0.58708,-1.39207
0.58711,-1.39206
0.58714,-1.39206
0.58718,-1.39206
0.58721,-1.39206
0.58725,-1.39206
0.58729,-1.39205
0.58732,-1.39205
0.58735,-1.39205
0.58737,-1.39205
0.58739,-1.39205
0.58740,-1.39205
0.58742,-1.39205
0.58742,-1.39204
0.58743,-1.39204
0.58744,-1.39204
0.58744,-1.39204
0.58745,-1.39204
0.58745,-1.39204
0.58744,-1.39204
0.58734,-1.39205
-0.61494,1.36113
-0.61687,1.36117
-0.61711,1.36118
-0.61722,1.36118
0.58699,-1.39207
0.58699,-1.39207
0.58699,-1.39207
0.58699,-1.39207
0.58699,-1.39207
0.58699,-1.39207
0.58699,-1.39207
0.58700,-1.39207
0.58700,-1.39207
0.58700,-1.39207
0.58701,-1.39207
0.58702,-1.39207
0.58703,-1.39207
0.58705,-1.39207
0.58707,-1.39207
0.58709,-1.39207
0.58712,-1.39206
0.58715,-1.39206
0.58719,-1.39206
0.58723,-1.39206
0.58727,-1.39205
0.58730,-1.39205
0.58733,-1.39205
0.58736,-1.39205
0.58738,-1.39205
0.58740,-1.39205
0.58741,-1.39205
0.58742,-1.39205
0.58743,-1.39204
0.58743,-1.39204
0.58744,-1.39204
0.58745,-1.39204
0.58745,-1.39204
0.58745,-1.39204
0.58746,-1.39204
0.58746,-1.39204
0.58746,-1.39204
0.58745,-1.39204
-0.50378,1.35043
-0.61636,1.36116
0.58699,-1.39207
0.58699,-1.39207
0.58699,-1.39207
0.58699,-1.39207
0.58699,-1.39207
0.58699,-1.39207
0.58700,-1.39207
0.58700,-1.39207
0.58700,-1.39207
0.58701,-1.39207
0.58702,-1.39207
0.58703,-1.39207
0.58704,-1.39207
0.58706,-1.39207
0.58708,-1.39207
0.58710,-1.39207
0.58713,-1.39206
0.58717,-1.39206
0.58720,-1.39206
0.58724,-1.39206
0.58728,-1.39205
0.58731,-1.39205
0.58734,-1.39205
0.58736,-1.39205
0.58738,-1.39205
0.58740,-1.39205
0.58741,-1.39205
0.58742,-1.39205
0.58743,-1.39204
0.58744,-1.39204
0.58744,-1.39204
0.58745,-1.39204
0.58745,-1.39204
0.58745,-1.39204
0.58746,-1.39204
0.58746,-1.39204
0.58746,-1.39204
0.58747,-1.39204
0.58747,-1.39204
0.58746,-1.39204
0.58699,-1.39207
0.58699,-1.39207
0.58699,-1.39207
0.58699,-1.39207
0.58699,-1.39207
0.58700,-1.39207
0.58700,-1.39207
0.58700,-1.39207
0.58701,-1.39207
0.58701,-1.39207
0.58702,-1.39207
0.58703,-1.39207
0.58705,-1.39207
0.58707,-1.39207
0.58709,-1.39207
0.58711,-1.39206
0.58714,-1.39206
0.58718,-1.39206
0.58721,-1.39206
0.58725,-1.39206
0.58729,-1.39205
0.58732,-1.39205
0.58735,-1.39205
0.58737,-1.39205
0.58739,-1.39205
0.58740,-1.39205
0.58741,-1.39205
0.58742,-1.39205
0.58743,-1.39204
0.58744,-1.39204
0.58744,-1.39204
0.58745,-1.39204
0.58745,-1.39204
0.58745,-1.39204
0.58746,-1.39204
0.58746,-1.39204
0.58746,-1.39204
0.58746,-1.39204
0.58747,-1.39204
0.58747,-1.39204
0.58699,-1.39207
0.58699,-1.39207
0.58699,-1.39207
0.58699,-1.39207
0.58699,-1.39207
0.58700,-1.39207
0.58700,-1.39207
0.58700,-1.39207
0.58701,-1.39207
0.58702,-1.39207
0.58703,-1.39207
0.58704,-1.39207
0.58705,-1.39207
0.58707,-1.39207
0.58710,-1.39207
0.58712,-1.39206
0.58716,-1.39206
0.58719,-1.39206
0.58722,-1.39206
0.58726,-1.39206
0.58729,-1.39205
0.58733,-1.39205
0.58735,-1.39205
0.58737,-1.39205
0.58739,-1.39205
0.58740,-1.39205
0.58742,-1.39205
0.58742,-1.39205
0.58743,-1.39204
0.58744,-1.39204
0.58744,-1.39204
0.58745,-1.39204
0.58745,-1.39204
0.58745,-1.39204
0.58746,-1.39204
0.58746,-1.39204
0.58746,-1.39204
0.58746,-1.39204
0.58747,-1.39204
0.58747,-1.39204
0.58699,-1.39207
0.58699,-1.39207
0.58699,-1.39207
0.58699,-1.39207
0.58700,-1.39207
0.58700,-1.39207
0.58700,-1.39207
0.58701,-1.39207
0.58701,-1.39207
0.58702,-1.39207
0.58703,-1.39207
0.58705,-1.39207
0.58706,-1.39207
0.58708,-1.39207
0.58711,-1.39206
0.58714,-1.39206
0.58717,-1.39206
0.58720,-1.39206
0.58723,-1.39206
0.58727,-1.39205
0.58730,-1.39205
0.58733,-1.39205
0.58736,-1.39205
0.58738,-1.39205
0.58739,-1.39205
0.58741,-1.39205
0.58742,-1.39205
0.58742,-1.39204
0.58743,-1.39204
0.58744,-1.39204
0.58744,-1.39204
0.58745,-1.39204
0.58745,-1.39204
0.58745,-1.39204
0.58746,-1.39204
0.58746,-1.39204
0.58746,-1.39204
0.58746,-1.39204
0.58747,-1.39204
0.58747,-1.39204
