-0.61801,1.36119
-0.61801,1.36119
-0.61801,1.36119
-0.61801,1.36119
-0.61801,1.36119
-0.61801,1.36119
-0.61801,1.36119
-0.61800,1.36119
-0.61800,1.36119
-0.61800,1.36119
-0.61800,1.36119
-0.61799,1.36119
-0.61799,1.36119
-0.61798,1.36119
-0.61797,1.36119
-0.61796,1.36119
-0.61794,1.36119
-0.61792,1.36119
-0.61790,1.36119
-0.61788,1.36119
-0.61786,1.36119
-0.61783,1.36119
-0.61781,1.36119
-0.61778,1.36119
-0.61776,1.36119
-0.61774,1.36119
-0.61772,1.36119
-0.61770,1.36119
-0.61769,1.36119
-0.61768,1.36119
-0.61768,1.36119
-0.61767,1.36119
-0.61767,1.36119
-0.61767,1.36119
-0.61766,1.36119
-0.61766,1.36119
-0.61766,1.36119
-0.61766,1.36119
-0.61766,1.36119
-0.61766,1.36119
-0.61801,1.36119
-0.61801,1.36119
-0.61801,1.36119
-0.61801,1.36119
-0.61801,1.36119
-0.61801,1.36119
-0.61801,1.36119
-0.61800,1.36119
-0.61800,1.36119
-0.61800,1.36119
-0.61800,1.36119
-0.61799,1.36119
-0.61799,1.36119
-0.61798,1.36119
-0.61797,1.36119
-0.61796,1.36119
-0.61794,1.36119
-0.61792,1.36119
-0.61790,1.36119
-0.61788,1.36119
-0.61785,1.36119
-0.61783,1.36119
-0.61780,1.36119
-0.61777,1.36119
-0.61775,1.36119
-0.61773,1.36119
-0.61771,1.36119
-0.61770,1.36119
-0.61769,1.36119
-0.61768,1.36119
-0.61767,1.36119
-0.61767,1.36119
-0.61767,1.36119
-0.61767,1.36119
-0.61766,1.36119
-0.61766,1.36119
-0.61766,1.36119
-0.61766,1.36119
-0.61766,1.36119
-0.61766,1.36119
-0.61801,1.36119
-0.61801,1.36119
-0.61801,1.36119
-0.61801,1.36119
-0.61801,1.36119
-0.61801,1.36119
-0.61801,1.36119
-0.61800,1.36119
-0.61800,1.36119
-0.61800,1.36119
-0.61800,1.36119
-0.61799,1.36119
-0.61799,1.36119
-0.61798,1.36119
-0.61797,1.36119
-0.61796,1.36119
-0.61794,1.36119
-0.61792,1.36119
-0.61790,1.36119
-0.61787,1.36119
-0.61785,1.36119
-0.61782,1.36119
-0.61779,1.36119
-0.61777,1.36119
-0.61774,1.36119
-0.61772,1.36119
-0.61771,1.36119
-0.61769,1.36119
-0.61768,1.36119
-0.61768,1.36119
-0.61767,1.36119
-0.61767,1.36119
-0.61767,1.36119
-0.61766,1.36119
-0.61766,1.36119
-0.61766,1.36119
-0.61766,1.36119
-0.61766,1.36119
-0.61766,1.36119
-0.61765,1.36119
-0.61802,1.36119
-0.61802,1.36119
-0.61801,1.36119
-0.61801,1.36119
-0.61801,1.36119
-0.61801,1.36119
-0.61801,1.36119
-0.61801,1.36119
-0.61800,1.36119
-0.61800,1.36119
-0.61800,1.36119
-0.61799,1.36119
-0.61799,1.36119
-0.61798,1.36119
-0.61797,1.36119
-0.61795,1.36119
-0.61794,1.36119
-0.61792,1.36119
-0.61789,1.36119
-0.61787,1.36119
-0.61784,1.36119
-0.61781,1.36119
-0.61779,1.36119
-0.61776,1.36119
-0.61774,1.36119
-0.61772,1.36119
-0.61770,1.36119
-0.61769,1.36119
-0.61768,1.36119
-0.61767,1.36119
-0.61767,1.36119
-0.61767,1.36119
-0.61766,1.36119
-0.61766,1.36119
-0.61766,1.36119
-0.61766,1.36119
-0.61766,1.36119
-0.61766,1.36119
-0.61765,1.36119
-0.61765,1.36119
-0.61802,1.36119
-0.61802,1.36119
-0.61802,1.36119
-0.61801,1.36119
-0.61801,1.36119
-0.61801,1.36119
-0.61801,1.36119
-0.61801,1.36119
-0.61800,1.36119
-0.61800,1.36119
-0.61800,1.36119
-0.61799,1.36119
-0.61799,1.36119
-0.61798,1.36119
-0.61797,1.36119
-0.61795,1.36119
-0.61794,1.36119
-0.61791,1.36119
-0.61789,1.36119
-0.61786,1.36119
-0.61783,1.36119
-0.61781,1.36119
-0.61778,1.36119
-0.61775,1.36119
-0.61773,1.36119
-0.61771,1.36119
-0.61770,1.36119
-0.61769,1.36119
-0.61768,1.36119
-0.61767,1.36119
-0.61767,1.36119
-0.61766,1.36119
-0.61766,1.36119
-0.61766,1.36119
-0.61766,1.36119
-0.61766,1.36119
-0.61766,1.36119
-0.61765,1.36119
-0.61765,1.36119
-0.61765,1.36119
0.58687,-1.39208
0.58678,-1.39209
0.58648,-1.39210
-0.61801,1.36119
-0.61801,1.36119
-0.61801,1.36119
-0.61801,1.36119
-0.61801,1.36119
-0.61800,1.36119
-0.61800,1.36119
-0.61800,1.36119
-0.61799,1.36119
-0.61798,1.36119
-0.61798,1.36119
-0.61797,1.36119
-0.61795,1.36119
-0.61793,1.36119
-0.61791,1.36119
-0.61788,1.36119
-0.61786,1.36119
-0.61783,1.36119
-0.61780,1.36119
-0.61777,1.36119
-0.61774,1.36119
-0.61772,1.36119
-0.61770,1.36119
-0.61769,1.36119
-0.61768,1.36119
-0.61767,1.36119
-0.61767,1.36119
-0.61767,1.36119
-0.61766,1.36119
-0.61766,1.36119
-0.61766,1.36119
-0.61766,1.36119
-0.61765,1.36119
-0.61765,1.36119
-0.61765,1.36119
-0.61765,1.36119
-0.61765,1.36119
0.58695,-1.39208
0.58693,-1.39208
0.58690,-1.39208
0.58685,-1.39208
0.58678,-1.39209
0.58659,-1.39210
-0.61798,1.36119
-0.61800,1.36119
-0.61800,1.36119
-0.61800,1.36119
-0.61800,1.36119
-0.61799,1.36119
-0.61798,1.36119
-0.61798,1.36119
-0.61796,1.36119
-0.61795,1.36119
-0.61793,1.36119
-0.61791,1.36119
-0.61788,1.36119
-0.61785,1.36119
-0.61782,1.36119
-0.61779,1.36119
-0.61776,1.36119
-0.61773,1.36119
-0.61771,1.36119
-0.61770,1.36119
-0.61769,1.36119
-0.61768,1.36119
-0.61767,1.36119
-0.61767,1.36119
-0.61766,1.36119
-0.61766,1.36119
-0.61766,1.36119
-0.61766,1.36119
-0.61765,1.36119
-0.61765,1.36119
-0.61765,1.36119
-0.61765,1.36119
-0.61765,1.36119
-0.61765,1.36119
0.58697,-1.39207
0.58696,-1.39207
0.58695,-1.39207
0.58693,-1.39208
0.58691,-1.39208
0.58689,-1.39208
0.58685,-1.39208
0.58679,-1.39208
0.58670,-1.39209
0.58651,-1.39210
-0.61793,1.36119
-0.61798,1.36119
-0.61798,1.36119
-0.61797,1.36119
-0.61796,1.36119
-0.61794,1.36119
-0.61792,1.36119
-0.61789,1.36119
-0.61787,1.36119
-0.61783,1.36119
-0.61780,1.36119
-0.61777,1.36119
-0.61775,1.36119
-0.61772,1.36119
-0.61771,1.36119
-0.61769,1.36119
-0.61768,1.36119
-0.61767,1.36119
-0.61767,1.36119
-0.61766,1.36119
-0.61766,1.36119
-0.61766,1.36119
-0.61766,1.36119
-0.61765,1.36119
-0.61765,1.36119
-0.61765,1.36119
-0.61765,1.36119
-0.61765,1.36119
-0.61765,1.36119
-0.61765,1.36119
0.58698,-1.39207
0.58697,-1.39207
0.58697,-1.39207
0.58696,-1.39207
0.58695,-1.39207
0.58694,-1.39208
0.58692,-1.39208
0.58690,-1.39208
0.58688,-1.39208
0.58685,-1.39208
0.58681,-1.39208
0.58676,-1.39209
0.58669,-1.39209
0.58659,-1.39210
0.58642,-1.39211
0.58589,-1.39214
-0.61787,1.36119
-0.61786,1.36119
-0.61784,1.36119
-0.61782,1.36119
-0.61779,1.36119
-0.61776,1.36119
-0.61774,1.36119
-0.61772,1.36119
-0.61770,1.36119
-0.61769,1.36119
-0.61768,1.36119
-0.61767,1.36119
-0.61766,1.36119
-0.61766,1.36119
-0.61766,1.36119
-0.61766,1.36119
-0.61765,1.36119
-0.61765,1.36119
-0.61765,1.36119
-0.61765,1.36119
-0.61765,1.36119
-0.61765,1.36119
-0.61765,1.36119
-0.61765,1.36119
0.58698,-1.39207
0.58698,-1.39207
0.58698,-1.39207
0.58697,-1.39207
0.58697,-1.39207
0.58696,-1.39207
0.58695,-1.39207
0.58694,-1.39208
0.58693,-1.39208
0.58691,-1.39208
0.58689,-1.39208
0.58686,-1.39208
0.58683,-1.39208
0.58680,-1.39208
0.58675,-1.39209
0.58669,-1.39209
0.58662,-1.39210
0.58650,-1.39210
0.58629,-1.39212
0.58551,-1.39216
-0.61777,1.36119
-0.61775,1.36119
-0.61773,1.36119
-0.61771,1.36119
-0.61769,1.36119
-0.61768,1.36119
-0.61767,1.36119
-0.61767,1.36119
-0.61766,1.36119
-0.61766,1.36119
-0.61765,1.36119
-0.61765,1.36119
-0.61765,1.36119
-0.61765,1.36119
-0.61765,1.36119
-0.61765,1.36119
-0.61765,1.36119
-0.61765,1.36119
-0.61765,1.36119
-0.61765,1.36119
0.58698,-1.39207
0.58698,-1.39207
0.58698,-1.39207
0.58698,-1.39207
0.58697,-1.39207
0.58697,-1.39207
0.58696,-1.39207
0.58696,-1.39207
0.58695,-1.39208
0.58694,-1.39208
0.58692,-1.39208
0.58690,-1.39208
0.58688,-1.39208
0.58686,-1.39208
0.58682,-1.39208
0.58678,-1.39209
0.58673,-1.39209
0.58667,-1.39209
0.58658,-1.39210
0.58645,-1.39211
0.58624,-1.39212
0.58554,-1.39216
-0.61773,1.36119
-0.61770,1.36119
-0.61769,1.36119
-0.61768,1.36119
-0.61767,1.36119
-0.61766,1.36119
-0.61766,1.36119
-0.61765,1.36119
-0.61765,1.36119
-0.61765,1.36119
-0.61765,1.36119
-0.61765,1.36119
-0.61765,1.36119
-0.61765,1.36119
-0.61765,1.36119
-0.61764,1.36119
-0.61764,1.36119
-0.61764,1.36119
0.58698,-1.39207
0.58698,-1.39207
0.58698,-1.39207
0.58698,-1.39207
0.58698,-1.39207
0.58697,-1.39207
0.58697,-1.39207
0.58696,-1.39207
0.58696,-1.39207
0.58695,-1.39207
0.58694,-1.39208
0.58692,-1.39208
0.58691,-1.39208
0.58689,-1.39208
0.58686,-1.39208
0.58683,-1.39208
0.58678,-1.39209
0.58673,-1.39209
0.58666,-1.39209
0.58658,-1.39210
0.58646,-1.39211
0.58628,-1.39212
0.58585,-1.39214
-0.61771,1.36119
-0.61768,1.36119
-0.61767,1.36119
-0.61766,1.36119
-0.61766,1.36119
-0.61765,1.36119
-0.61765,1.36119
-0.61765,1.36119
-0.61765,1.36119
-0.61765,1.36119
-0.61764,1.36119
-0.61764,1.36119
-0.61764,1.36119
-0.61764,1.36119
-0.61764,1.36119
-0.61764,1.36119
-0.61764,1.36119
0.58698,-1.39207
0.58698,-1.39207
0.58698,-1.39207
0.58698,-1.39207
0.58698,-1.39207
0.58698,-1.39207
0.58697,-1.39207
0.58697,-1.39207
0.58696,-1.39207
0.58696,-1.39207
0.58695,-1.39208
0.58694,-1.39208
0.58692,-1.39208
0.58690,-1.39208
0.58688,-1.39208
0.58685,-1.39208
0.58681,-1.39208
0.58677,-1.39209
0.58671,-1.39209
0.58663,-1.39209
0.58654,-1.39210
0.58642,-1.39211
0.58621,-1.39212
0.58568,-1.39215
-0.61768,1.36119
-0.61766,1.36119
-0.61765,1.36119
-0.61765,1.36119
-0.61765,1.36119
-0.61765,1.36119
-0.61764,1.36119
-0.61764,1.36119
-0.61764,1.36119
-0.61764,1.36119
-0.61764,1.36119
-0.61764,1.36119
-0.61764,1.36119
-0.61764,1.36119
-0.61764,1.36119
-0.61764,1.36119
0.58698,-1.39207
0.58698,-1.39207
0.58698,-1.39207
0.58698,-1.39207
0.58698,-1.39207
0.58698,-1.39207
0.58698,-1.39207
0.58697,-1.39207
0.58697,-1.39207
0.58696,-1.39207
0.58696,-1.39207
0.58695,-1.39208
0.58693,-1.39208
0.58692,-1.39208
0.58690,-1.39208
0.58687,-1.39208
0.58683,-1.39208
0.58679,-1.39208
0.58674,-1.39209
0.58667,-1.39209
0.58659,-1.39210
0.58648,-1.39210
0.58632,-1.39211
0.58602,-1.39213
-0.61766,1.36119
-0.61765,1.36119
-0.61764,1.36119
-0.61764,1.36119
-0.61764,1.36119
-0.61764,1.36119
-0.61764,1.36119
-0.61764,1.36119
-0.61764,1.36119
-0.61764,1.36119
-0.61764,1.36119
-0.61764,1.36119
-0.61764,1.36119
-0.61764,1.36119
-0.61764,1.36119
-0.61764,1.36119
0.58698,-1.39207
0.58698,-1.39207
0.58698,-1.39207
0.58698,-1.39207
0.58698,-1.39207
0.58698,-1.39207
0.58698,-1.39207
0.58698,-1.39207
0.58697,-1.39207
0.58697,-1.39207
0.58696,-1.39207
0.58695,-1.39207
0.58694,-1.39208
0.58693,-1.39208
0.58691,-1.39208
0.58688,-1.39208
0.58685,-1.39208
0.58681,-1.39208
0.58676,-1.39209
0.58669,-1.39209
0.58661,-1.39210
0.58651,-1.39210
0.58637,-1.39211
0.58612,-1.39213
0.58436,-1.39223
-0.61762,1.36119
-0.61763,1.36119
-0.61763,1.36119
-0.61763,1.36119
-0.61763,1.36119
-0.61763,1.36119
-0.61763,1.36119
-0.61763,1.36119
-0.61763,1.36119
-0.61764,1.36119
-0.61764,1.36119
-0.61764,1.36119
-0.61764,1.36119
-0.61764,1.36119
-0.61764,1.36119
0.58698,-1.39207
0.58698,-1.39207
0.58698,-1.39207
0.58698,-1.39207
0.58698,-1.39207
0.58698,-1.39207
0.58698,-1.39207
0.58698,-1.39207
0.58698,-1.39207
0.58697,-1.39207
0.58697,-1.39207
0.58696,-1.39207
0.58695,-1.39208
0.58694,-1.39208
0.58692,-1.39208
0.58689,-1.39208
0.58686,-1.39208
0.58682,-1.39208
0.58677,-1.39209
0.58671,-1.39209
0.58663,-1.39209
0.58653,-1.39210
0.58639,-1.39211
0.58611,-1.39213
-0.61740,1.36118
-0.61756,1.36119
-0.61759,1.36119
-0.61761,1.36119
-0.61761,1.36119
-0.61762,1.36119
-0.61762,1.36119
-0.61763,1.36119
-0.61763,1.36119
-0.61763,1.36119
-0.61763,1.36119
-0.61763,1.36119
-0.61763,1.36119
-0.61763,1.36119
-0.61763,1.36119
-0.61763,1.36119
0.58698,-1.39207
0.58698,-1.39207
0.58698,-1.39207
0.58698,-1.39207
0.58698,-1.39207
0.58698,-1.39207
0.58698,-1.39207
0.58698,-1.39207
0.58698,-1.39207
0.58697,-1.39207
0.58697,-1.39207
0.58696,-1.39207
0.58695,-1.39207
0.58694,-1.39208
0.58693,-1.39208
0.58691,-1.39208
0.58688,-1.39208
0.58684,-1.39208
0.58679,-1.39208
0.58673,-1.39209
0.58664,-1.39209
0.58654,-1.39210
0.58637,-1.39211
0.58592,-1.39214
-0.61739,1.36118
-0.61749,1.36118
-0.61753,1.36119
-0.61756,1.36119
-0.61758,1.36119
-0.61760,1.36119
-0.61761,1.36119
-0.61761,1.36119
-0.61762,1.36119
-0.61762,1.36119
-0.61762,1.36119
-0.61762,1.36119
-0.61763,1.36119
-0.61763,1.36119
-0.61763,1.36119
-0.61763,1.36119
0.58698,-1.39207
0.58698,-1.39207
0.58698,-1.39207
0.58698,-1.39207
0.58698,-1.39207
0.58698,-1.39207
0.58698,-1.39207
0.58698,-1.39207
0.58698,-1.39207
0.58698,-1.39207
0.58697,-1.39207
0.58697,-1.39207
0.58696,-1.39207
0.58695,-1.39207
0.58694,-1.39208
0.58692,-1.39208
0.58689,-1.39208
0.58685,-1.39208
0.58680,-1.39208
0.58674,-1.39209
0.58665,-1.39209
0.58652,-1.39210
0.58626,-1.39212
-0.61718,1.36118
-0.61737,1.36118
-0.61744,1.36118
-0.61748,1.36118
-0.61752,1.36119
-0.61755,1.36119
-0.61757,1.36119
-0.61758,1.36119
-0.61759,1.36119
-0.61760,1.36119
-0.61761,1.36119
-0.61761,1.36119
-0.61762,1.36119
-0.61762,1.36119
-0.61762,1.36119
-0.61762,1.36119
-0.61762,1.36119
0.58698,-1.39207
0.58698,-1.39207
0.58698,-1.39207
0.58698,-1.39207
0.58698,-1.39207
0.58698,-1.39207
0.58698,-1.39207
0.58698,-1.39207
0.58698,-1.39207
0.58698,-1.39207
0.58698,-1.39207
0.58697,-1.39207
0.58697,-1.39207
0.58696,-1.39207
0.58694,-1.39208
0.58693,-1.39208
0.58690,-1.39208
0.58687,-1.39208
0.58682,-1.39208
0.58675,-1.39209
0.58664,-1.39209
0.58644,-1.39211
-0.61693,1.36117
-0.61725,1.36118
-0.61735,1.36118
-0.61740,1.36118
-0.61745,1.36118
-0.61748,1.36118
-0.61751,1.36118
-0.61753,1.36119
-0.61755,1.36119
-0.61757,1.36119
-0.61758,1.36119
-0.61759,1.36119
-0.61760,1.36119
-0.61760,1.36119
-0.61761,1.36119
-0.61761,1.36119
-0.61762,1.36119
-0.61762,1.36119
0.58698,-1.39207
0.58698,-1.39207
0.58698,-1.39207
0.58698,-1.39207
0.58698,-1.39207
0.58698,-1.39207
0.58698,-1.39207
0.58698,-1.39207
0.58698,-1.39207
0.58698,-1.39207
0.58698,-1.39207
0.58698,-1.39207
0.58697,-1.39207
0.58696,-1.39207
0.58695,-1.39207
0.58694,-1.39208
0.58691,-1.39208
0.58688,-1.39208
0.58683,-1.39208
0.58675,-1.39209
0.58656,-1.39210
-0.61658,1.36117
-0.61708,1.36118
-0.61724,1.36118
-0.61732,1.36118
-0.61738,1.36118
-0.61742,1.36118
-0.61745,1.36118
-0.61748,1.36118
-0.61751,1.36118
-0.61753,1.36119
-0.61754,1.36119
-0.61756,1.36119
-0.61757,1.36119
-0.61758,1.36119
-0.61759,1.36119
-0.61760,1.36119
-0.61760,1.36119
-0.61761,1.36119
-0.61761,1.36119
0.58698,-1.39207
0.58698,-1.39207
0.58698,-1.39207
0.58698,-1.39207
0.58698,-1.39207
0.58698,-1.39207
0.58698,-1.39207
0.58698,-1.39207
0.58698,-1.39207
0.58698,-1.39207
0.58698,-1.39207
0.58698,-1.39207
0.58698,-1.39207
0.58697,-1.39207
0.58696,-1.39207
0.58694,-1.39208
0.58692,-1.39208
0.58689,-1.39208
0.58683,-1.39208
-0.60056,1.36067
-0.61482,1.36113
-0.61663,1.36117
-0.61704,1.36118
-0.61720,1.36118
-0.61729,1.36118
-0.61735,1.36118
-0.61739,1.36118
-0.61743,1.36118
-0.61746,1.36118
-0.61748,1.36118
-0.61750,1.36118
-0.61752,1.36119
-0.61754,1.36119
-0.61755,1.36119
-0.61756,1.36119
-0.61758,1.36119
-0.61758,1.36119
-0.61759,1.36119
-0.61760,1.36119
-0.61760,1.36119
0.58698,-1.39207
0.58698,-1.39207
0.58698,-1.39207
0.58698,-1.39207
0.58698,-1.39207
0.58698,-1.39207
0.58698,-1.39207
0.58698,-1.39207
0.58698,-1.39207
0.58698,-1.39207
0.58698,-1.39207
0.58698,-1.39207
0.58698,-1.39207
0.58697,-1.39207
0.58697,-1.39207
0.58695,-1.39207
0.58693,-1.39208
0.58686,-1.39208
-0.59931,1.36061
-0.60913,1.36098
-0.61467,1.36113
-0.61646,1.36116
-0.61696,1.36117
-0.61716,1.36118
-0.61726,1.36118
-0.61733,1.36118
-0.61737,1.36118
-0.61741,1.36118
-0.61744,1.36118
-0.61746,1.36118
-0.61748,1.36118
-0.61750,1.36118
-0.61752,1.36119
-0.61753,1.36119
-0.61755,1.36119
-0.61756,1.36119
-0.61757,1.36119
-0.61758,1.36119
-0.61759,1.36119
-0.61759,1.36119
0.58698,-1.39207
0.58698,-1.39207
0.58698,-1.39207
0.58698,-1.39207
0.58698,-1.39207
0.58698,-1.39207
0.58698,-1.39207
0.58698,-1.39207
0.58698,-1.39207
0.58698,-1.39207
0.58698,-1.39207
0.58698,-1.39207
0.58698,-1.39207
0.58698,-1.39207
0.58697,-1.39207
0.58696,-1.39207
-0.56929,1.35867
-0.59536,1.36043
-0.60280,1.36076
-0.60912,1.36098
-0.61403,1.36111
-0.61619,1.36116
-0.61686,1.36117
-0.61711,1.36118
-0.61723,1.36118
-0.61730,1.36118
-0.61735,1.36118
-0.61739,1.36118
-0.61742,1.36118
-0.61744,1.36118
-0.61746,1.36118
-0.61748,1.36118
-0.61750,1.36118
-0.61752,1.36119
-0.61753,1.36119
-0.61754,1.36119
-0.61755,1.36119
-0.61757,1.36119
-0.61757,1.36119
-0.61758,1.36119
0.58698,-1.39207
0.58698,-1.39207
0.58698,-1.39207
0.58698,-1.39207
0.58698,-1.39207
0.58698,-1.39207
0.58698,-1.39207
0.58698,-1.39207
0.58698,-1.39207
0.58698,-1.39207
0.58698,-1.39207
0.58698,-1.39207
0.58698,-1.39207
0.58698,-1.39207
0.58698,-1.39207
-0.55464,1.35729
-0.59070,1.36018
-0.59763,1.36054
-0.60299,1.36077
-0.60830,1.36095
-0.61310,1.36109
-0.61578,1.36115
-0.61671,1.36117
-0.61704,1.36118
-0.61719,1.36118
-0.61727,1.36118
-0.61733,1.36118
-0.61737,1.36118
-0.61740,1.36118
-0.61743,1.36118
-0.61745,1.36118
-0.61747,1.36118
-0.61748,1.36118
-0.61750,1.36118
-0.61751,1.36119
-0.61753,1.36119
-0.61754,1.36119
-0.61755,1.36119
-0.61756,1.36119
-0.61757,1.36119
0.58698,-1.39207
0.58698,-1.39207
0.58698,-1.39207
0.58698,-1.39207
0.58698,-1.39207
0.58698,-1.39207
0.58698,-1.39207
0.58698,-1.39207
0.58698,-1.39207
0.58698,-1.39207
0.58698,-1.39207
0.58698,-1.39207
0.58698,-1.39207
0.58698,-1.39207
0.58698,-1.39207
-0.58232,1.35966
-0.59206,1.36026
-0.59756,1.36053
-0.60226,1.36074
-0.60709,1.36091
-0.61189,1.36106
-0.61518,1.36114
-0.61649,1.36117
-0.61694,1.36117
-0.61714,1.36118
-0.61724,1.36118
-0.61730,1.36118
-0.61735,1.36118
-0.61738,1.36118
-0.61741,1.36118
-0.61743,1.36118
-0.61745,1.36118
-0.61747,1.36118
-0.61749,1.36118
-0.61750,1.36118
-0.61751,1.36119
-0.61753,1.36119
-0.61754,1.36119
-0.61755,1.36119
-0.61756,1.36119
0.58698,-1.39207
0.58698,-1.39207
0.58698,-1.39207
0.58698,-1.39207
0.58698,-1.39207
0.58698,-1.39207
0.58698,-1.39207
0.58698,-1.39207
0.58698,-1.39207
0.58698,-1.39207
0.58698,-1.39207
0.58698,-1.39207
0.58698,-1.39207
0.58698,-1.39207
0.58699,-1.39207
-0.58106,1.35958
-0.59087,1.36019
-0.59634,1.36048
-0.60090,1.36068
-0.60551,1.36086
-0.61034,1.36102
-0.61428,1.36112
-0.61616,1.36116
-0.61681,1.36117
-0.61707,1.36118
-0.61720,1.36118
-0.61728,1.36118
-0.61733,1.36118
-0.61737,1.36118
-0.61739,1.36118
-0.61742,1.36118
-0.61744,1.36118
-0.61746,1.36118
-0.61747,1.36118
-0.61749,1.36118
-0.61750,1.36118
-0.61751,1.36119
-0.61753,1.36119
-0.61754,1.36119
-0.61755,1.36119
0.58698,-1.39207
0.58698,-1.39207
0.58698,-1.39207
0.58698,-1.39207
0.58698,-1.39207
0.58698,-1.39207
0.58698,-1.39207
0.58698,-1.39207
0.58698,-1.39207
0.58698,-1.39207
0.58698,-1.39207
0.58698,-1.39207
0.58699,-1.39207
0.58699,-1.39207
0.58700,-1.39207
-0.56866,1.35862
-0.58716,1.35997
-0.59389,1.36035
-0.59879,1.36059
-0.60341,1.36078
-0.60829,1.36095
-0.61286,1.36108
-0.61560,1.36115
-0.61661,1.36117
-0.61698,1.36117
-0.61715,1.36118
-0.61724,1.36118
-0.61730,1.36118
-0.61735,1.36118
-0.61738,1.36118
-0.61740,1.36118
-0.61743,1.36118
-0.61744,1.36118
-0.61746,1.36118
-0.61748,1.36118
-0.61749,1.36118
-0.61750,1.36118
-0.61752,1.36119
-0.61753,1.36119
-0.61754,1.36119
0.58698,-1.39207
0.58698,-1.39207
0.58698,-1.39207
0.58698,-1.39207
0.58698,-1.39207
0.58698,-1.39207
0.58698,-1.39207
0.58698,-1.39207
0.58698,-1.39207
0.58698,-1.39207
0.58699,-1.39207
0.58699,-1.39207
0.58699,-1.39207
0.58699,-1.39207
0.58700,-1.39207
0.58704,-1.39207
-0.57583,1.35920
-0.58903,1.36008
-0.59534,1.36043
-0.60039,1.36066
-0.60542,1.36086
-0.61054,1.36102
-0.61447,1.36112
-0.61623,1.36116
-0.61683,1.36117
-0.61707,1.36118
-0.61720,1.36118
-0.61727,1.36118
-0.61732,1.36118
-0.61736,1.36118
-0.61739,1.36118
-0.61741,1.36118
-0.61743,1.36118
-0.61745,1.36118
-0.61746,1.36118
-0.61748,1.36118
-0.61749,1.36118
-0.61750,1.36118
-0.61752,1.36119
-0.61753,1.36119
0.58698,-1.39207
0.58698,-1.39207
0.58698,-1.39207
0.58698,-1.39207
0.58698,-1.39207
0.58698,-1.39207
0.58698,-1.39207
0.58698,-1.39207
0.58699,-1.39207
0.58699,-1.39207
0.58699,-1.39207
0.58699,-1.39207
0.58699,-1.39207
0.58700,-1.39207
0.58701,-1.39207
0.58702,-1.39207
0.58705,-1.39207
-0.57280,1.35896
-0.58838,1.36005
-0.59539,1.36043
-0.60103,1.36069
-0.60662,1.36090
-0.61192,1.36106
-0.61525,1.36114
-0.61649,1.36117
-0.61693,1.36117
-0.61712,1.36118
-0.61722,1.36118
-0.61729,1.36118
-0.61733,1.36118
-0.61737,1.36118
-0.61739,1.36118
-0.61742,1.36118
-0.61743,1.36118
-0.61745,1.36118
-0.61747,1.36118
-0.61748,1.36118
-0.61749,1.36118
-0.61751,1.36118
-0.61752,1.36119
0.58698,-1.39207
0.58698,-1.39207
0.58698,-1.39207
0.58698,-1.39207
0.58698,-1.39207
0.58698,-1.39207
0.58699,-1.39207
0.58699,-1.39207
0.58699,-1.39207
0.58699,-1.39207
0.58699,-1.39207
0.58699,-1.39207
0.58699,-1.39207
0.58700,-1.39207
0.58701,-1.39207
0.58702,-1.39207
0.58704,-1.39207
0.58706,-1.39207
0.58715,-1.39206
-0.58225,1.35966
-0.59254,1.36028
-0.59948,1.36062
-0.60595,1.36088
-0.61185,1.36106
-0.61532,1.36114
-0.61653,1.36117
-0.61694,1.36117
-0.61712,1.36118
-0.61722,1.36118
-0.61729,1.36118
-0.61733,1.36118
-0.61737,1.36118
-0.61739,1.36118
-0.61742,1.36118
-0.61744,1.36118
-0.61745,1.36118
-0.61747,1.36118
-0.61748,1.36118
-0.61749,1.36118
-0.61751,1.36118
0.58698,-1.39207
0.58698,-1.39207
0.58698,-1.39207
0.58698,-1.39207
0.58699,-1.39207
0.58699,-1.39207
0.58699,-1.39207
0.58699,-1.39207
0.58699,-1.39207
0.58699,-1.39207
0.58699,-1.39207
0.58699,-1.39207
0.58700,-1.39207
0.58700,-1.39207
0.58701,-1.39207
0.58703,-1.39207
0.58704,-1.39207
0.58705,-1.39207
0.58707,-1.39207
0.58708,-1.39207
0.58710,-1.39207
-0.57106,1.35882
-0.58964,1.36012
-0.59930,1.36061
-0.60765,1.36093
-0.61378,1.36111
-0.61614,1.36116
-0.61682,1.36117
-0.61707,1.36118
-0.61719,1.36118
-0.61727,1.36118
-0.61732,1.36118
-0.61736,1.36118
-0.61739,1.36118
-0.61741,1.36118
-0.61743,1.36118
-0.61745,1.36118
-0.61747,1.36118
-0.61748,1.36118
-0.61749,1.36118
0.58698,-1.39207
0.58698,-1.39207
0.58698,-1.39207
0.58699,-1.39207
0.58699,-1.39207
0.58699,-1.39207
0.58699,-1.39207
0.58699,-1.39207
0.58699,-1.39207
0.58699,-1.39207
0.58699,-1.39207
0.58700,-1.39207
0.58700,-1.39207
0.58701,-1.39207
0.58702,-1.39207
0.58703,-1.39207
0.58705,-1.39207
0.58706,-1.39207
0.58708,-1.39207
0.58710,-1.39207
0.58712,-1.39206
0.58714,-1.39206
0.58715,-1.39206
0.58716,-1.39206
0.58715,-1.39206
-0.50872,1.35123
-0.59617,1.36047
-0.61090,1.36103
-0.61592,1.36115
-0.61683,1.36117
-0.61709,1.36118
-0.61721,1.36118
-0.61728,1.36118
-0.61733,1.36118
-0.61737,1.36118
-0.61740,1.36118
-0.61742,1.36118
-0.61744,1.36118
-0.61746,1.36118
-0.61748,1.36118
0.58698,-1.39207
0.58699,-1.39207
0.58699,-1.39207
0.58699,-1.39207
0.58699,-1.39207
0.58699,-1.39207
0.58699,-1.39207
0.58699,-1.39207
0.58699,-1.39207
0.58699,-1.39207
0.58700,-1.39207
0.58700,-1.39207
0.58701,-1.39207
0.58701,-1.39207
0.58702,-1.39207
0.58704,-1.39207
0.58706,-1.39207
0.58707,-1.39207
0.58710,-1.39207
0.58712,-1.39206
0.58715,-1.39206
0.58717,-1.39206
0.58719,-1.39206
0.58722,-1.39206
0.58723,-1.39206
0.58725,-1.39206
0.58726,-1.39206
0.58726,-1.39206
0.58724,-1.39206
0.58717,-1.39206
-0.61116,1.36104
-0.61653,1.36117
-0.61704,1.36118
-0.61720,1.36118
-0.61728,1.36118
-0.61733,1.36118
-0.61737,1.36118
-0.61740,1.36118
-0.61743,1.36118
-0.61745,1.36118
0.58699,-1.39207
0.58699,-1.39207
0.58699,-1.39207
0.58699,-1.39207
0.58699,-1.39207
0.58699,-1.39207
0.58699,-1.39207
0.58699,-1.39207
0.58699,-1.39207
0.58699,-1.39207
0.58700,-1.39207
0.58700,-1.39207
0.58701,-1.39207
0.58702,-1.39207
0.58703,-1.39207
0.58705,-1.39207
0.58706,-1.39207
0.58709,-1.39207
0.58711,-1.39206
0.58714,-1.39206
0.58716,-1.39206
0.58719,-1.39206
0.58722,-1.39206
0.58724,-1.39206
0.58725,-1.39206
0.58727,-1.39205
0.58728,-1.39205
0.58729,-1.39205
0.58729,-1.39205
0.58730,-1.39205
0.58730,-1.39205
0.58729,-1.39205
0.58723,-1.39206
-0.61294,1.36109
-0.61685,1.36117
-0.61716,1.36118
-0.61727,1.36118
-0.61733,1.36118
-0.61737,1.36118
-0.61740,1.36118
0.58699,-1.39207
0.58699,-1.39207
0.58699,-1.39207
0.58699,-1.39207
0.58699,-1.39207
0.58699,-1.39207
0.58699,-1.39207
0.58699,-1.39207
0.58699,-1.39207
0.58700,-1.39207
0.58700,-1.39207
0.58701,-1.39207
0.58701,-1.39207
0.58702,-1.39207
0.58704,-1.39207
0.58705,-1.39207
0.58707,-1.39207
0.58710,-1.39207
0.58712,-1.39206
0.58715,-1.39206
0.58718,-1.39206
0.58720,-1.39206
0.58723,-1.39206
0.58725,-1.39206
0.58726,-1.39206
0.58728,-1.39205
0.58729,-1.39205
0.58729,-1.39205
0.58730,-1.39205
0.58731,-1.39205
0.58731,-1.39205
0.58731,-1.39205
0.58732,-1.39205
0.58732,-1.39205
0.58731,-1.39205
0.58724,-1.39206
-0.61555,1.36115
-0.61704,1.36118
-0.61723,1.36118
-0.61731,1.36118
0.58699,-1.39207
0.58699,-1.39207
0.58699,-1.39207
0.58699,-1.39207
0.58699,-1.39207
0.58699,-1.39207
0.58699,-1.39207
0.58699,-1.39207
0.58700,-1.39207
0.58700,-1.39207
0.58700,-1.39207
0.58701,-1.39207
0.58702,-1.39207
0.58703,-1.39207
0.58704,-1.39207
0.58706,-1.39207
0.58708,-1.39207
0.58711,-1.39207
0.58713,-1.39206
0.58716,-1.39206
0.58719,-1.39206
0.58721,-1.39206
0.58723,-1.39206
0.58725,-1.39206
0.58727,-1.39205
0.58728,-1.39205
0.58729,-1.39205
0.58730,-1.39205
0.58730,-1.39205
0.58731,-1.39205
0.58731,-1.39205
0.58732,-1.39205
0.58732,-1.39205
0.58732,-1.39205
0.58732,-1.39205
0.58732,-1.39205
0.58732,-1.39205
0.58732,-1.39205
-0.52565,1.35376
-0.61665,1.36117
0.58699,-1.39207
0.58699,-1.39207
0.58699,-1.39207
0.58699,-1.39207
0.58699,-1.39207
0.58699,-1.39207
0.58699,-1.39207
0.58699,-1.39207
0.58700,-1.39207
0.58700,-1.39207
0.58701,-1.39207
0.58701,-1.39207
0.58702,-1.39207
0.58704,-1.39207
0.58705,-1.39207
0.58707,-1.39207
0.58709,-1.39207
0.58711,-1.39206
0.58714,-1.39206
0.58717,-1.39206
0.58719,-1.39206
0.58722,-1.39206
0.58724,-1.39206
0.58726,-1.39206
0.58727,-1.39205
0.58728,-1.39205
0.58729,-1.39205
0.58730,-1.39205
0.58730,-1.39205
0.58731,-1.39205
0.58731,-1.39205
0.58732,-1.39205
0.58732,-1.39205
0.58732,-1.39205
0.58732,-1.39205
0.58733,-1.39205
0.58733,-1.39205
0.58733,-1.39205
0.58733,-1.39205
0.58733,-1.39205
0.58699,-1.39207
0.58699,-1.39207
0.58699,-1.39207
0.58699,-1.39207
0.58699,-1.39207
0.58699,-1.39207
0.58699,-1.39207
0.58700,-1.39207
0.58700,-1.39207
0.58700,-1.39207
0.58701,-1.39207
0.58702,-1.39207
0.58703,-1.39207
0.58704,-1.39207
0.58706,-1.39207
0.58708,-1.39207
0.58710,-1.39207
0.58712,-1.39206
0.58715,-1.39206
0.58718,-1.39206
0.58720,-1.39206
0.58722,-1.39206
0.58724,-1.39206
0.58726,-1.39206
0.58727,-1.39205
0.58728,-1.39205
0.58729,-1.39205
0.58730,-1.39205
0.58730,-1.39205
0.58731,-1.39205
0.58731,-1.39205
0.58732,-1.39205
0.58732,-1.39205
0.58732,-1.39205
0.58732,-1.39205
0.58733,-1.39205
0.58733,-1.39205
0.58733,-1.39205
0.58733,-1.39205
0.58733,-1.39205
0.58699,-1.39207
0.58699,-1.39207
0.58699,-1.39207
0.58699,-1.39207
0.58699,-1.39207
0.58699,-1.39207
0.58700,-1.39207
0.58700,-1.39207
0.58700,-1.39207
0.58701,-1.39207
0.58701,-1.39207
0.58702,-1.39207
0.58703,-1.39207
0.58705,-1.39207
0.58707,-1.39207
0.58709,-1.39207
0.58711,-1.39207
0.58713,-1.39206
0.58716,-1.39206
0.58718,-1.39206
0.58721,-1.39206
0.58723,-1.39206
0.58725,-1.39206
0.58726,-1.39206
0.58728,-1.39205
0.58729,-1.39205
0.58729,-1.39205
0.58730,-1.39205
0.58730,-1.39205
0.58731,-1.39205
0.58731,-1.39205
0.58732,-1.39205
0.58732,-1.39205
0.58732,-1.39205
0.58732,-1.39205
0.58733,-1.39205
0.58733,-1.39205
0.58733,-1.39205
0.58733,-1.39205
0.58733,-1.39205
0.58699,-1.39207
0.58699,-1.39207
0.58699,-1.39207
0.58699,-1.39207
0.58699,-1.39207
0.58699,-1.39207
0.58700,-1.39207
0.58700,-1.39207
0.58700,-1.39207
0.58701,-1.39207
0.58702,-1.39207
0.58703,-1.39207
0.58704,-1.39207
0.58706,-1.39207
0.58707,-1.39207
0.58709,-1.39207
0.58711,-1.39206
0.58714,-1.39206
0.58716,-1.39206
0.58719,-1.39206
0.58721,-1.39206
0.58723,-1.39206
0.58725,-1.39206
0.58727,-1.39206
0.58728,-1.39205
0.58729,-1.39205
0.58729,-1.39205
0.58730,-1.39205
0.58731,-1.39205
0.58731,-1.39205
0.58731,-1.39205
0.58732,-1.39205
0.58732,-1.39205
0.58732,-1.39205
0.58732,-1.39205
0.58733,-1.39205
0.58733,-1.39205
0.58733,-1.39205
0.58733,-1.39205
0.58733,-1.39205
