-0.76933,1.34566
-0.76899,1.34574
-0.76860,1.34582
-0.76816,1.34593
-0.76764,1.34604
-0.76703,1.34618
-0.76630,1.34635
-0.76542,1.34655
-0.76434,1.34679
-0.76301,1.34709
-0.76136,1.34745
-0.75928,1.34790
-0.75664,1.34846
-0.75327,1.34915
-0.74897,1.35001
-0.74355,1.35105
-0.73686,1.35225
-0.72892,1.35358
-0.71989,1.35496
-0.71014,1.35630
-0.70003,1.35750
-0.68986,1.35855
-0.67982,1.35941
-0.67004,1.36009
-0.66078,1.36059
-0.65245,1.36093
-0.64550,1.36113
-0.64012,1.36123
-0.63616,1.36128
-0.63331,1.36129
-0.63126,1.36130
-0.62974,1.36130
-0.62860,1.36130
-0.62772,1.36130
-0.62701,1.36129
-0.62641,1.36129
-0.62590,1.36129
-0.62545,1.36129
-0.62504,1.36128
-0.62465,1.36128
-0.76960,1.34559
-0.76917,1.34569
-0.76873,1.34579
-0.76825,1.34591
-0.76771,1.34603
-0.76708,1.34617
-0.76634,1.34634
-0.76545,1.34654
-0.76437,1.34679
-0.76304,1.34708
-0.76138,1.34744
-0.75930,1.34789
-0.75665,1.34845
-0.75325,1.34916
-0.74889,1.35003
-0.74335,1.35108
-0.73648,1.35232
-0.72826,1.35369
-0.71890,1.35511
-0.70875,1.35647
-0.69824,1.35770
-0.68767,1.35875
-0.67729,1.35960
-0.66730,1.36025
-0.65805,1.36071
-0.64998,1.36101
-0.64347,1.36117
-0.63856,1.36125
-0.63498,1.36128
-0.63241,1.36130
-0.63053,1.36130
-0.62914,1.36130
-0.62807,1.36130
-0.62723,1.36130
-0.62654,1.36129
-0.62596,1.36129
-0.62545,1.36129
-0.62500,1.36128
-0.62459,1.36128
-0.62420,1.36128
-0.77024,1.34544
-0.76965,1.34558
-0.76908,1.34571
-0.76851,1.34585
-0.76790,1.34599
-0.76722,1.34614
-0.76644,1.34632
-0.76553,1.34653
-0.76443,1.34677
-0.76309,1.34707
-0.76142,1.34743
-0.75932,1.34789
-0.75665,1.34845
-0.75320,1.34917
-0.74876,1.35005
-0.74308,1.35113
-0.73600,1.35240
-0.72748,1.35381
-0.71773,1.35527
-0.70716,1.35667
-0.69620,1.35792
-0.68524,1.35896
-0.67454,1.35979
-0.66442,1.36041
-0.65528,1.36083
-0.64757,1.36107
-0.64154,1.36120
-0.63708,1.36127
-0.63386,1.36129
-0.63152,1.36130
-0.62981,1.36130
-0.62851,1.36130
-0.62751,1.36130
-0.62670,1.36129
-0.62603,1.36129
-0.62546,1.36129
-0.62496,1.36128
-0.62451,1.36128
-0.62410,1.36128
-0.62372,1.36127
-0.77160,1.34512
-0.77070,1.34534
-0.76988,1.34553
-0.76911,1.34571
-0.76835,1.34588
-0.76756,1.34606
-0.76670,1.34626
-0.76572,1.34648
-0.76457,1.34674
-0.76319,1.34705
-0.76149,1.34742
-0.75935,1.34788
-0.75663,1.34846
-0.75312,1.34918
-0.74857,1.35009
-0.74272,1.35120
-0.73538,1.35251
-0.72651,1.35397
-0.71633,1.35547
-0.70529,1.35690
-0.69387,1.35816
-0.68250,1.35919
-0.67155,1.35999
-0.66139,1.36056
-0.65249,1.36093
-0.64524,1.36113
-0.63971,1.36123
-0.63568,1.36128
-0.63277,1.36130
-0.63064,1.36130
-0.62906,1.36130
-0.62785,1.36130
-0.62690,1.36129
-0.62613,1.36129
-0.62548,1.36129
-0.62492,1.36128
-0.62443,1.36128
-0.62399,1.36127
-0.62359,1.36127
-0.62323,1.36127
-0.77067,1.34534
-0.77209,1.34501
-0.77128,1.34520
-0.77028,1.34543
-0.76929,1.34567
-0.76829,1.34590
-0.76726,1.34613
-0.76614,1.34639
-0.76488,1.34667
-0.76340,1.34700
-0.76162,1.34739
-0.75940,1.34787
-0.75659,1.34847
-0.75297,1.34921
-0.74827,1.35015
-0.74220,1.35130
-0.73454,1.35265
-0.72526,1.35416
-0.71460,1.35571
-0.70304,1.35716
-0.69114,1.35843
-0.67941,1.35944
-0.66828,1.36019
-0.65823,1.36071
-0.64971,1.36101
-0.64298,1.36118
-0.63796,1.36126
-0.63433,1.36129
-0.63169,1.36130
-0.62975,1.36130
-0.62828,1.36130
-0.62715,1.36130
-0.62624,1.36129
-0.62550,1.36129
-0.62488,1.36128
-0.62434,1.36128
-0.62387,1.36127
-0.62345,1.36127
-0.62307,1.36127
-0.62273,1.36126
0.37016,-1.35490
0.23815,-1.28598
0.04096,-1.12873
-0.76796,1.34597
-0.77000,1.34550
-0.76929,1.34566
-0.76817,1.34592
-0.76688,1.34622
-0.76544,1.34655
-0.76379,1.34691
-0.76185,1.34734
-0.75948,1.34785
-0.75651,1.34848
-0.75270,1.34927
-0.74777,1.35025
-0.74139,1.35144
-0.73334,1.35286
-0.72356,1.35442
-0.71234,1.35601
-0.70023,1.35748
-0.68787,1.35873
-0.67586,1.35970
-0.66473,1.36039
-0.65497,1.36084
-0.64696,1.36109
-0.64081,1.36122
-0.63629,1.36127
-0.63300,1.36130
-0.63060,1.36130
-0.62881,1.36130
-0.62745,1.36130
-0.62638,1.36129
-0.62553,1.36129
-0.62483,1.36128
-0.62423,1.36128
-0.62373,1.36127
-0.62328,1.36127
-0.62289,1.36126
-0.62254,1.36126
-0.62223,1.36126
0.51735,-1.39129
0.47974,-1.38643
0.42441,-1.37365
0.34323,-1.34343
0.23271,-1.28248
0.08842,-1.17227
-0.75506,1.34879
-0.76540,1.34655
-0.76529,1.34658
-0.76387,1.34690
-0.76186,1.34734
-0.75932,1.34789
-0.75612,1.34856
-0.75204,1.34940
-0.74677,1.35044
-0.73998,1.35170
-0.73141,1.35318
-0.72105,1.35479
-0.70921,1.35641
-0.69657,1.35788
-0.68387,1.35908
-0.67179,1.35998
-0.66091,1.36058
-0.65167,1.36095
-0.64430,1.36115
-0.63873,1.36125
-0.63465,1.36129
-0.63167,1.36130
-0.62948,1.36130
-0.62783,1.36130
-0.62656,1.36129
-0.62556,1.36129
-0.62476,1.36128
-0.62411,1.36128
-0.62356,1.36127
-0.62310,1.36127
-0.62269,1.36126
-0.62234,1.36126
-0.62202,1.36125
-0.62174,1.36125
0.56113,-1.39300
0.54577,-1.39287
0.52413,-1.39183
0.49526,-1.38882
0.45691,-1.38196
0.40543,-1.36777
0.33810,-1.34108
0.25612,-1.29716
0.16203,-1.23266
0.05192,-1.13911
-0.73390,1.35276
-0.75244,1.34932
-0.75205,1.34940
-0.74867,1.35007
-0.74345,1.35107
-0.73640,1.35233
-0.72742,1.35382
-0.71658,1.35543
-0.70433,1.35701
-0.69146,1.35839
-0.67883,1.35948
-0.66714,1.36026
-0.65691,1.36076
-0.64843,1.36105
-0.64176,1.36120
-0.63673,1.36127
-0.63303,1.36130
-0.63031,1.36130
-0.62829,1.36130
-0.62677,1.36129
-0.62560,1.36129
-0.62469,1.36128
-0.62396,1.36127
-0.62337,1.36127
-0.62288,1.36126
-0.62246,1.36126
-0.62210,1.36125
-0.62179,1.36125
-0.62151,1.36125
-0.62127,1.36124
0.57512,-1.39267
0.56909,-1.39286
0.55957,-1.39301
0.54576,-1.39287
0.52724,-1.39204
0.50356,-1.38987
0.47388,-1.38539
0.43687,-1.37711
0.39125,-1.36290
0.33709,-1.34062
0.27687,-1.30941
0.21425,-1.27026
0.15182,-1.22480
0.08987,-1.17355
0.02394,-1.11221
-0.07129,-1.01035
-0.70573,1.35684
-0.70309,1.35716
-0.69421,1.35812
-0.68339,1.35912
-0.67235,1.35994
-0.66204,1.36053
-0.65296,1.36091
-0.64539,1.36113
-0.63937,1.36124
-0.63479,1.36129
-0.63138,1.36130
-0.62887,1.36130
-0.62701,1.36129
-0.62563,1.36129
-0.62458,1.36128
-0.62377,1.36127
-0.62313,1.36127
-0.62261,1.36126
-0.62218,1.36126
-0.62182,1.36125
-0.62151,1.36125
-0.62125,1.36124
-0.62101,1.36124
-0.62080,1.36124
0.57963,-1.39248
0.57691,-1.39260
0.57259,-1.39276
0.56592,-1.39293
0.55621,-1.39301
0.54299,-1.39280
0.52592,-1.39195
0.50457,-1.38999
0.47829,-1.38618
0.44628,-1.37949
0.40794,-1.36859
0.36334,-1.35213
0.31369,-1.32927
0.26112,-1.30019
0.20778,-1.26584
0.15491,-1.22720
0.10255,-1.18453
0.04931,-1.13666
-0.00966,-1.07817
-0.10635,-0.96833
-0.66504,1.36038
-0.65725,1.36075
-0.64957,1.36102
-0.64275,1.36118
-0.63714,1.36127
-0.63282,1.36130
-0.62962,1.36130
-0.62731,1.36130
-0.62564,1.36129
-0.62442,1.36128
-0.62352,1.36127
-0.62283,1.36126
-0.62228,1.36126
-0.62185,1.36125
-0.62149,1.36125
-0.62119,1.36124
-0.62093,1.36124
-0.62070,1.36124
-0.62051,1.36123
-0.62034,1.36123
0.58155,-1.39238
0.58002,-1.39246
0.57766,-1.39257
0.57405,-1.39271
0.56862,-1.39287
0.56081,-1.39300
0.55015,-1.39296
0.53624,-1.39254
0.51860,-1.39139
0.49656,-1.38899
0.46925,-1.38452
0.43580,-1.37682
0.39568,-1.36447
0.34919,-1.34608
0.29767,-1.32092
0.24329,-1.28924
0.18838,-1.25218
0.13478,-1.21131
0.08330,-1.16775
0.03307,-1.12113
-0.02061,-1.06664
-0.10422,-0.97096
-0.64898,1.36104
-0.64091,1.36122
-0.63504,1.36128
-0.63072,1.36130
-0.62768,1.36130
-0.62560,1.36129
-0.62417,1.36128
-0.62316,1.36127
-0.62242,1.36126
-0.62186,1.36125
-0.62143,1.36125
-0.62107,1.36124
-0.62078,1.36124
-0.62054,1.36123
-0.62033,1.36123
-0.62015,1.36123
-0.61999,1.36123
-0.61986,1.36122
0.58265,-1.39233
0.58164,-1.39238
0.58014,-1.39245
0.57790,-1.39256
0.57451,-1.39269
0.56949,-1.39285
0.56234,-1.39299
0.55258,-1.39299
0.53975,-1.39269
0.52327,-1.39177
0.50232,-1.38972
0.47585,-1.38575
0.44268,-1.37860
0.40197,-1.36662
0.35380,-1.34810
0.29971,-1.32201
0.24257,-1.28878
0.18575,-1.25028
0.13184,-1.20894
0.08191,-1.16651
0.03502,-1.12302
-0.01276,-1.07492
-0.07545,-1.00550
-0.64258,1.36119
-0.63296,1.36130
-0.62829,1.36130
-0.62549,1.36129
-0.62376,1.36127
-0.62263,1.36126
-0.62185,1.36125
-0.62128,1.36124
-0.62086,1.36124
-0.62053,1.36123
-0.62026,1.36123
-0.62004,1.36123
-0.61986,1.36122
-0.61970,1.36122
-0.61956,1.36122
-0.61945,1.36122
-0.61934,1.36122
0.58339,-1.39228
0.58267,-1.39232
0.58164,-1.39238
0.58012,-1.39245
0.57784,-1.39256
0.57440,-1.39270
0.56933,-1.39286
0.56211,-1.39299
0.55224,-1.39299
0.53916,-1.39266
0.52214,-1.39168
0.50020,-1.38946
0.47203,-1.38505
0.43624,-1.37694
0.39195,-1.36315
0.33960,-1.34177
0.28168,-1.31213
0.22223,-1.27561
0.16524,-1.23510
0.11306,-1.19344
0.06585,-1.15202
0.02157,-1.10988
-0.02500,-1.06195
-0.09281,-0.98488
-0.63071,1.36130
-0.62527,1.36128
-0.62299,1.36126
-0.62173,1.36125
-0.62095,1.36124
-0.62041,1.36123
-0.62003,1.36123
-0.61975,1.36122
-0.61953,1.36122
-0.61935,1.36122
-0.61921,1.36121
-0.61909,1.36121
-0.61899,1.36121
-0.61891,1.36121
-0.61883,1.36121
-0.61877,1.36121
0.58395,-1.39225
0.58342,-1.39228
0.58268,-1.39232
0.58161,-1.39238
0.58001,-1.39246
0.57759,-1.39257
0.57393,-1.39272
0.56850,-1.39288
0.56073,-1.39300
0.55004,-1.39296
0.53575,-1.39252
0.51697,-1.39125
0.49243,-1.38842
0.46058,-1.38276
0.41993,-1.37233
0.36993,-1.35481
0.31219,-1.32851
0.25080,-1.29391
0.19074,-1.25388
0.13563,-1.21199
0.08646,-1.17055
0.04183,-1.12956
-0.00209,-1.08601
-0.05476,-1.02925
-0.62462,1.36128
-0.62098,1.36124
-0.61981,1.36122
-0.61922,1.36121
-0.61887,1.36121
-0.61864,1.36120
-0.61849,1.36120
-0.61839,1.36120
-0.61832,1.36120
-0.61827,1.36120
-0.61823,1.36120
-0.61819,1.36120
-0.61817,1.36120
-0.61814,1.36120
-0.61812,1.36120
-0.61810,1.36120
0.58439,-1.39223
0.58399,-1.39225
0.58344,-1.39228
0.58267,-1.39232
0.58154,-1.39238
0.57983,-1.39247
0.57720,-1.39259
0.57317,-1.39274
0.56713,-1.39291
0.55842,-1.39301
0.54635,-1.39289
0.53007,-1.39222
0.50843,-1.39042
0.47987,-1.38646
0.44256,-1.37857
0.39514,-1.36428
0.33817,-1.34111
0.27520,-1.30845
0.21195,-1.26869
0.15328,-1.22593
0.10114,-1.18332
0.05448,-1.14151
0.00970,-1.09803
-0.04160,-1.04393
-0.16923,-0.88553
-0.61216,1.36107
-0.61426,1.36112
-0.61516,1.36114
-0.61569,1.36115
-0.61606,1.36116
-0.61633,1.36116
-0.61654,1.36117
-0.61671,1.36117
-0.61685,1.36117
-0.61697,1.36117
-0.61706,1.36118
-0.61714,1.36118
-0.61720,1.36118
-0.61726,1.36118
-0.61730,1.36118
0.58475,-1.39221
0.58445,-1.39223
0.58404,-1.39225
0.58347,-1.39228
0.58265,-1.39232
0.58145,-1.39239
0.57959,-1.39248
0.57669,-1.39261
0.57215,-1.39278
0.56527,-1.39294
0.55524,-1.39301
0.54123,-1.39274
0.52216,-1.39168
0.49656,-1.38899
0.46246,-1.38315
0.41789,-1.37172
0.36221,-1.35166
0.29802,-1.32111
0.23125,-1.28154
0.16814,-1.23729
0.11181,-1.19239
0.06157,-1.14809
0.01343,-1.10177
-0.04315,-1.04221
-0.54715,1.35648
-0.59238,1.36027
-0.60235,1.36074
-0.60721,1.36092
-0.60999,1.36101
-0.61173,1.36105
-0.61291,1.36108
-0.61376,1.36111
-0.61439,1.36112
-0.61487,1.36113
-0.61525,1.36114
-0.61556,1.36115
-0.61580,1.36115
-0.61600,1.36116
-0.61616,1.36116
-0.61630,1.36116
0.58506,-1.39219
0.58482,-1.39220
0.58451,-1.39222
0.58408,-1.39225
0.58350,-1.39228
0.58264,-1.39233
0.58135,-1.39239
0.57931,-1.39249
0.57606,-1.39263
0.57087,-1.39281
0.56287,-1.39298
0.55110,-1.39298
0.53451,-1.39246
0.51174,-1.39076
0.48083,-1.38662
0.43941,-1.37777
0.38571,-1.36088
0.32081,-1.33283
0.25021,-1.29355
0.18141,-1.24713
0.11912,-1.19851
0.06311,-1.14950
0.00794,-1.09625
-0.06789,-1.01429
-0.54500,1.35624
-0.57086,1.35880
-0.58491,1.35983
-0.59418,1.36037
-0.60038,1.36066
-0.60456,1.36083
-0.60742,1.36093
-0.60944,1.36099
-0.61091,1.36103
-0.61201,1.36106
-0.61284,1.36108
-0.61350,1.36110
-0.61401,1.36111
-0.61443,1.36112
-0.61476,1.36113
-0.61503,1.36113
0.58532,-1.39217
0.58513,-1.39219
0.58489,-1.39220
0.58458,-1.39222
0.58414,-1.39224
0.58353,-1.39228
0.58263,-1.39233
0.58124,-1.39240
0.57900,-1.39251
0.57531,-1.39266
0.56928,-1.39286
0.55982,-1.39301
0.54577,-1.39288
0.52580,-1.39195
0.49809,-1.38919
0.46010,-1.38266
0.40910,-1.36897
0.34429,-1.34390
0.26965,-1.30523
0.19342,-1.25579
0.12229,-1.20113
0.05629,-1.14320
-0.01591,-1.07161
-0.49519,1.34896
-0.53865,1.35547
-0.55701,1.35753
-0.57010,1.35874
-0.58038,1.35953
-0.58852,1.36006
-0.59484,1.36040
-0.59963,1.36063
-0.60321,1.36077
-0.60590,1.36087
-0.60793,1.36094
-0.60947,1.36099
-0.61067,1.36102
-0.61161,1.36105
-0.61235,1.36107
-0.61294,1.36109
-0.61342,1.36110
0.58556,-1.39216
0.58540,-1.39217
0.58522,-1.39218
0.58498,-1.39219
0.58466,-1.39221
0.58422,-1.39224
0.58359,-1.39227
0.58265,-1.39233
0.58116,-1.39240
0.57867,-1.39252
0.57444,-1.39270
0.56732,-1.39290
0.55593,-1.39301
0.53883,-1.39265
0.51430,-1.39101
0.47985,-1.38645
0.43213,-1.37583
0.36830,-1.35415
0.28950,-1.31649
0.20305,-1.26257
0.11699,-1.19673
0.02764,-1.11585
-0.44764,1.33932
-0.50994,1.35142
-0.53279,1.35473
-0.54793,1.35657
-0.55965,1.35779
-0.56939,1.35868
-0.57771,1.35934
-0.58481,1.35983
-0.59074,1.36018
-0.59560,1.36044
-0.59950,1.36062
-0.60259,1.36075
-0.60503,1.36084
-0.60695,1.36091
-0.60847,1.36096
-0.60967,1.36100
-0.61064,1.36102
-0.61141,1.36105
0.58576,-1.39215
0.58564,-1.39215
0.58550,-1.39216
0.58531,-1.39217
0.58508,-1.39219
0.58476,-1.39221
0.58432,-1.39223
0.58368,-1.39227
0.58270,-1.39232
0.58110,-1.39241
0.57833,-1.39254
0.57340,-1.39273
0.56479,-1.39295
0.55072,-1.39297
0.52934,-1.39217
0.49828,-1.38922
0.45391,-1.38129
0.39151,-1.36299
0.30769,-1.32619
0.20383,-1.26311
0.07519,-1.16050
-0.39465,1.32561
-0.47386,1.34495
-0.50692,1.35094
-0.52680,1.35392
-0.54087,1.35575
-0.55188,1.35700
-0.56108,1.35793
-0.56907,1.35865
-0.57613,1.35922
-0.58237,1.35967
-0.58782,1.36001
-0.59250,1.36028
-0.59645,1.36048
-0.59973,1.36063
-0.60242,1.36074
-0.60461,1.36083
-0.60637,1.36089
-0.60780,1.36094
-0.60896,1.36097
0.58595,-1.39214
0.58586,-1.39214
0.58575,-1.39215
0.58560,-1.39216
0.58543,-1.39217
0.58520,-1.39218
0.58489,-1.39220
0.58446,-1.39222
0.58382,-1.39226
0.58281,-1.39232
0.58110,-1.39241
0.57797,-1.39255
0.57206,-1.39278
0.56123,-1.39300
0.54303,-1.39280
0.51483,-1.39106
0.47262,-1.38516
0.40907,-1.36896
0.30858,-1.32665
0.23123,0.76630
-0.23936,1.26715
-0.40112,1.32745
-0.46690,1.34353
-0.50004,1.34980
-0.52034,1.35301
-0.53455,1.35496
-0.54547,1.35629
-0.55446,1.35727
-0.56219,1.35804
-0.56905,1.35865
-0.57521,1.35915
-0.58078,1.35956
-0.58577,1.35989
-0.59020,1.36015
-0.59407,1.36036
-0.59739,1.36053
-0.60021,1.36065
-0.60256,1.36075
-0.60450,1.36082
-0.60610,1.36088
0.58613,-1.39213
0.58606,-1.39213
0.58597,-1.39214
0.58587,-1.39214
0.58574,-1.39215
0.58557,-1.39216
0.58536,-1.39217
0.58506,-1.39219
0.58464,-1.39221
0.58402,-1.39225
0.58299,-1.39231
0.58116,-1.39240
0.57754,-1.39257
0.57003,-1.39284
0.55514,-1.39301
0.52852,-1.39212
0.48246,-1.38689
0.36237,-1.35172
0.25222,0.72315
0.00597,1.09776
-0.23034,1.26285
-0.37997,1.32127
-0.45339,1.34062
-0.49089,1.34820
-0.51322,1.35194
-0.52838,1.35414
-0.53971,1.35560
-0.54880,1.35666
-0.55647,1.35748
-0.56320,1.35813
-0.56924,1.35867
-0.57474,1.35911
-0.57977,1.35949
-0.58438,1.35980
-0.58855,1.36006
-0.59228,1.36027
-0.59557,1.36044
-0.59843,1.36057
-0.60087,1.36068
-0.60292,1.36076
0.58631,-1.39211
0.58625,-1.39212
0.58619,-1.39212
0.58611,-1.39213
0.58602,-1.39213
0.58591,-1.39214
0.58576,-1.39215
0.58556,-1.39216
0.58529,-1.39218
0.58491,-1.39220
0.58431,-1.39223
0.58329,-1.39229
0.58130,-1.39240
0.57677,-1.39261
0.56539,-1.39294
0.53618,-1.39254
0.41473,0.32731
0.30312,0.61034
0.18639,0.85146
0.00616,1.09757
-0.19409,1.24439
-0.34891,1.31129
-0.43525,1.33639
-0.47969,1.34610
-0.50529,1.35068
-0.52205,1.35325
-0.53418,1.35491
-0.54365,1.35608
-0.55146,1.35696
-0.55819,1.35765
-0.56416,1.35822
-0.56958,1.35870
-0.57457,1.35910
-0.57918,1.35944
-0.58346,1.35974
-0.58740,1.35999
-0.59099,1.36020
-0.59422,1.36037
-0.59707,1.36051
-0.59954,1.36062
0.58648,-1.39210
0.58644,-1.39211
0.58640,-1.39211
0.58635,-1.39211
0.58629,-1.39212
0.58622,-1.39212
0.58613,-1.39213
0.58601,-1.39213
0.58585,-1.39214
0.58562,-1.39216
0.58529,-1.39218
0.58475,-1.39221
0.58375,-1.39226
0.58145,-1.39239
0.57364,-1.39273
0.43414,0.27351
0.34220,0.51655
0.27653,0.67067
0.18215,0.85899
0.03381,1.06878
-0.14846,1.21830
-0.31001,1.29726
-0.41230,1.33052
-0.46620,1.34339
-0.49632,1.34916
-0.51531,1.35226
-0.52862,1.35417
-0.53871,1.35548
-0.54685,1.35645
-0.55371,1.35720
-0.55971,1.35780
-0.56510,1.35830
-0.57003,1.35873
-0.57460,1.35910
-0.57889,1.35942
-0.58290,1.35970
-0.58665,1.35994
-0.59011,1.36015
-0.59325,1.36032
-0.59607,1.36046
0.58665,-1.39209
0.58664,-1.39209
0.58662,-1.39210
0.58660,-1.39210
0.58657,-1.39210
0.58654,-1.39210
0.58650,-1.39210
0.58644,-1.39211
0.58637,-1.39211
0.58626,-1.39212
0.58612,-1.39213
0.58589,-1.39214
0.58549,-1.39216
0.58463,-1.39221
0.58080,-1.39242
0.38280,0.41296
0.33253,0.54032
0.27746,0.66861
0.19816,0.83004
0.07234,1.02381
-0.09649,1.18402
-0.26337,1.27808
-0.38337,1.32229
-0.44969,1.33979
-0.48590,1.34728
-0.50790,1.35110
-0.52278,1.35336
-0.53376,1.35485
-0.54239,1.35593
-0.54952,1.35675
-0.55565,1.35740
-0.56107,1.35793
-0.56599,1.35838
-0.57053,1.35878
-0.57478,1.35912
-0.57880,1.35942
-0.58261,1.35968
-0.58619,1.35991
-0.58954,1.36011
-0.59261,1.36029
0.58684,-1.39208
0.58685,-1.39208
0.58685,-1.39208
0.58686,-1.39208
0.58687,-1.39208
0.58688,-1.39208
0.58689,-1.39208
0.58690,-1.39208
0.58692,-1.39208
0.58694,-1.39208
0.58698,-1.39207
0.58705,-1.39207
0.58721,-1.39206
0.58779,-1.39202
0.60155,-1.39095
0.38701,0.40187
0.34111,0.51924
0.29236,0.63512
0.22506,0.77858
0.11856,0.96145
-0.03696,1.13743
-0.20742,1.25140
-0.34587,1.31026
-0.42857,1.33474
-0.47322,1.34483
-0.49932,1.34968
-0.51634,1.35241
-0.52852,1.35416
-0.53785,1.35538
-0.54541,1.35628
-0.55178,1.35699
-0.55733,1.35757
-0.56229,1.35805
-0.56683,1.35846
-0.57107,1.35882
-0.57507,1.35914
-0.57888,1.35942
-0.58252,1.35968
-0.58598,1.35990
-0.58922,1.36010
0.58705,-1.39207
0.58708,-1.39207
0.58711,-1.39206
0.58716,-1.39206
0.58721,-1.39206
0.58727,-1.39205
0.58735,-1.39205
0.58745,-1.39204
0.58758,-1.39203
0.58778,-1.39202
0.58809,-1.39200
0.58863,-1.39197
0.58979,-1.39189
0.59329,-1.39164
0.61414,-1.38963
0.41580,0.32438
0.36264,0.46515
0.31740,0.57677
0.26029,0.70601
0.17251,0.87582
0.03413,1.06843
-0.13762,1.21157
-0.29445,1.29116
-0.39918,1.32690
-0.45640,1.34129
-0.48857,1.34777
-0.50868,1.35122
-0.52256,1.35333
-0.53291,1.35475
-0.54109,1.35577
-0.54786,1.35656
-0.55365,1.35719
-0.55875,1.35771
-0.56336,1.35815
-0.56761,1.35853
-0.57161,1.35886
-0.57542,1.35917
-0.57907,1.35944
-0.58258,1.35968
-0.58594,1.35990
0.58728,-1.39205
0.58734,-1.39205
0.58741,-1.39205
0.58750,-1.39204
0.58760,-1.39203
0.58773,-1.39203
0.58790,-1.39201
0.58813,-1.39200
0.58845,-1.39198
0.58892,-1.39195
0.58967,-1.39190
0.59104,-1.39180
0.59386,-1.39159
0.60063,-1.39103
0.61849,-1.38910
0.67248,-1.37966
0.40147,0.36331
0.35263,0.49052
0.30336,0.60981
0.23425,0.76022
0.12119,0.95760
-0.04440,1.14374
-0.21850,1.25703
-0.35282,1.31261
-0.43088,1.33532
-0.47328,1.34484
-0.49841,1.34952
-0.51499,1.35221
-0.52692,1.35394
-0.53609,1.35515
-0.54350,1.35606
-0.54972,1.35677
-0.55511,1.35734
-0.55989,1.35782
-0.56425,1.35823
-0.56830,1.35859
-0.57213,1.35891
-0.57580,1.35919
-0.57934,1.35946
-0.58276,1.35969
0.58755,-1.39204
0.58765,-1.39203
0.58777,-1.39202
0.58791,-1.39201
0.58809,-1.39200
0.58832,-1.39199
0.58862,-1.39197
0.58902,-1.39194
0.58961,-1.39190
0.59050,-1.39184
0.59195,-1.39174
0.59447,-1.39155
0.59912,-1.39116
0.60786,-1.39033
0.62346,-1.38846
0.64863,-1.38448
0.69237,-1.37489
0.40814,0.34528
0.35627,0.48132
0.30281,0.61108
0.22268,0.78328
0.08650,1.00572
-0.09768,1.18487
-0.26829,1.28023
-0.38386,1.32244
-0.44701,1.33918
-0.48205,1.34655
-0.50369,1.35041
-0.51847,1.35273
-0.52939,1.35428
-0.53795,1.35539
-0.54495,1.35623
-0.55089,1.35689
-0.55607,1.35744
-0.56069,1.35789
-0.56491,1.35829
-0.56885,1.35863
-0.57258,1.35894
-0.57617,1.35922
-0.57965,1.35948
0.58787,-1.39202
0.58802,-1.39201
0.58820,-1.39200
0.58842,-1.39198
0.58870,-1.39196
0.58906,-1.39194
0.58954,-1.39191
0.59020,-1.39186
0.59117,-1.39179
0.59263,-1.39169
0.59494,-1.39151
0.59871,-1.39120
0.60491,-1.39063
0.61480,-1.38955
0.62952,-1.38761
0.64904,-1.38441
0.67161,-1.37985
0.69657,-1.37379
0.80073,-1.33778
0.38306,0.41228
0.32881,0.54934
0.24955,0.72874
0.10614,0.97916
-0.09492,1.18290
-0.27326,1.28237
-0.38784,1.32363
-0.44894,1.33962
-0.48289,1.34672
-0.50405,1.35047
-0.51865,1.35276
-0.52951,1.35429
-0.53807,1.35540
-0.54512,1.35625
-0.55110,1.35692
-0.55632,1.35746
-0.56097,1.35792
-0.56522,1.35832
-0.56917,1.35866
-0.57290,1.35897
-0.57649,1.35925
0.58826,-1.39199
0.58848,-1.39198
0.58873,-1.39196
0.58905,-1.39194
0.58946,-1.39191
0.58999,-1.39187
0.59071,-1.39183
0.59171,-1.39175
0.59315,-1.39165
0.59529,-1.39148
0.59853,-1.39121
0.60347,-1.39076
0.61092,-1.39000
0.62177,-1.38868
0.63661,-1.38653
0.65508,-1.38328
0.67561,-1.37895
0.69599,-1.37395
0.71419,-1.36890
0.72898,-1.36440
0.74598,-1.35881
0.41153,0.33606
0.34902,0.49957
0.25248,0.72259
0.05483,1.04498
-0.18126,1.23740
-0.34421,1.30969
-0.42902,1.33486
-0.47234,1.34465
-0.49756,1.34937
-0.51424,1.35209
-0.52634,1.35386
-0.53573,1.35511
-0.54339,1.35605
-0.54986,1.35678
-0.55547,1.35738
-0.56044,1.35787
-0.56494,1.35829
-0.56908,1.35865
-0.57296,1.35897
0.58874,-1.39196
0.58903,-1.39194
0.58939,-1.39192
0.58984,-1.39189
0.59041,-1.39185
0.59116,-1.39179
0.59216,-1.39172
0.59356,-1.39162
0.59553,-1.39146
0.59838,-1.39123
0.60252,-1.39085
0.60854,-1.39025
0.61714,-1.38927
0.62904,-1.38768
0.64465,-1.38519
0.66366,-1.38156
0.68505,-1.37672
0.70745,-1.37083
0.72964,-1.36419
0.75070,-1.35717
0.76992,-1.35017
0.78655,-1.34366
0.79951,-1.33830
0.80669,-1.33521
0.80264,-1.33696
0.46383,0.18878
0.29440,0.63045
-0.05753,1.15453
-0.32248,1.30195
-0.43083,1.33531
-0.47717,1.34561
-0.50206,1.35014
-0.51809,1.35267
-0.52973,1.35432
-0.53887,1.35550
-0.54643,1.35640
-0.55291,1.35711
-0.55860,1.35769
-0.56368,1.35818
-0.56829,1.35859
0.58933,-1.39192
0.58972,-1.39189
0.59019,-1.39186
0.59079,-1.39182
0.59155,-1.39177
0.59255,-1.39169
0.59388,-1.39159
0.59569,-1.39145
0.59822,-1.39124
0.60177,-1.39092
0.60679,-1.39044
0.61385,-1.38966
0.62362,-1.38844
0.63671,-1.38651
0.65344,-1.38359
0.67357,-1.37941
0.69633,-1.37386
0.72078,-1.36694
0.74594,-1.35882
0.77092,-1.34979
0.79471,-1.34031
0.81633,-1.33096
0.83494,-1.32234
0.85014,-1.31492
0.86195,-1.30891
0.87057,-1.30439
0.87604,-1.30146
0.87741,-1.30073
0.86914,-1.30515
0.81965,-1.32946
-0.06747,1.16240
-0.38789,1.32364
-0.46763,1.34369
-0.49967,1.34974
-0.51772,1.35262
-0.53017,1.35438
-0.53982,1.35562
-0.54782,1.35656
-0.55473,1.35730
-0.56083,1.35791
0.59003,-1.39187
0.59053,-1.39184
0.59115,-1.39179
0.59191,-1.39174
0.59288,-1.39167
0.59414,-1.39157
0.59580,-1.39144
0.59805,-1.39126
0.60113,-1.39098
0.60538,-1.39058
0.61128,-1.38996
0.61941,-1.38899
0.63039,-1.38748
0.64478,-1.38517
0.66276,-1.38174
0.68406,-1.37696
0.70799,-1.37068
0.73367,-1.36290
0.76010,-1.35382
0.78612,-1.34383
0.81041,-1.33359
0.83178,-1.32384
0.84953,-1.31522
0.86362,-1.30805
0.87448,-1.30231
0.88275,-1.29781
0.88905,-1.29432
0.89383,-1.29162
0.89738,-1.28959
0.89972,-1.28825
0.90034,-1.28789
0.89649,-1.29010
0.85946,-1.31020
-0.14086,1.21361
-0.43337,1.33593
-0.48996,1.34803
-0.51387,1.35204
-0.52839,1.35414
-0.53913,1.35553
-0.54796,1.35657
0.59086,-1.39181
0.59149,-1.39177
0.59224,-1.39172
0.59318,-1.39165
0.59437,-1.39155
0.59589,-1.39143
0.59789,-1.39127
0.60056,-1.39104
0.60419,-1.39070
0.60916,-1.39019
0.61597,-1.38941
0.62521,-1.38822
0.63747,-1.38639
0.65318,-1.38364
0.67236,-1.37968
0.69464,-1.37430
0.71929,-1.36738
0.74542,-1.35900
0.77196,-1.34939
0.79764,-1.33908
0.82109,-1.32880
0.84119,-1.31933
0.85750,-1.31120
0.87018,-1.30460
0.87985,-1.29939
0.88720,-1.29535
0.89284,-1.29218
0.89724,-1.28968
0.90074,-1.28766
0.90358,-1.28601
0.90589,-1.28466
0.90772,-1.28358
0.90896,-1.28285
0.90910,-1.28277
0.90569,-1.28478
0.86511,-1.30727
-0.29097,1.28975
-0.46720,1.34360
-0.50610,1.35081
-0.52471,1.35363
0.59181,-1.39175
0.59256,-1.39169
0.59346,-1.39162
0.59457,-1.39154
0.59596,-1.39143
0.59774,-1.39128
0.60008,-1.39108
0.60318,-1.39079
0.60738,-1.39037
0.61310,-1.38975
0.62087,-1.38880
0.63127,-1.38735
0.64484,-1.38516
0.66181,-1.38194
0.68204,-1.37745
0.70499,-1.37152
0.72991,-1.36411
0.75590,-1.35533
0.78190,-1.34552
0.80664,-1.33524
0.82883,-1.32523
0.84756,-1.31621
0.86254,-1.30861
0.87411,-1.30250
0.88289,-1.29773
0.88956,-1.29403
0.89469,-1.29113
0.89871,-1.28883
0.90193,-1.28697
0.90457,-1.28543
0.90678,-1.28413
0.90867,-1.28302
0.91029,-1.28206
0.91169,-1.28123
0.91283,-1.28055
0.91356,-1.28011
0.91331,-1.28026
0.90891,-1.28288
0.45555,0.21269
-0.40440,1.32837
0.59286,-1.39167
0.59373,-1.39160
0.59477,-1.39152
0.59604,-1.39142
0.59763,-1.39129
0.59966,-1.39112
0.60233,-1.39087
0.60588,-1.39053
0.61068,-1.39002
0.61720,-1.38926
0.62600,-1.38811
0.63762,-1.38637
0.65247,-1.38377
0.67059,-1.38008
0.69162,-1.37508
0.71492,-1.36868
0.73973,-1.36091
0.76520,-1.35194
0.79031,-1.34213
0.81389,-1.33205
0.83476,-1.32243
0.85220,-1.31389
0.86607,-1.30677
0.87675,-1.30108
0.88487,-1.29664
0.89106,-1.29319
0.89583,-1.29048
0.89959,-1.28833
0.90261,-1.28658
0.90508,-1.28513
0.90716,-1.28392
0.90892,-1.28287
0.91045,-1.28197
0.91179,-1.28117
0.91298,-1.28046
0.91405,-1.27982
0.91499,-1.27925
0.91577,-1.27878
0.91619,-1.27853
0.91545,-1.27898
0.59398,-1.39158
0.59495,-1.39151
0.59612,-1.39142
0.59754,-1.39130
0.59932,-1.39115
0.60161,-1.39094
0.60463,-1.39065
0.60866,-1.39024
0.61412,-1.38963
0.62151,-1.38872
0.63139,-1.38733
0.64426,-1.38526
0.66032,-1.38224
0.67941,-1.37807
0.70099,-1.37261
0.72435,-1.36584
0.74877,-1.35784
0.77348,-1.34881
0.79756,-1.33912
0.81990,-1.32934
0.83952,-1.32014
0.85581,-1.31207
0.86873,-1.30537
0.87869,-1.30003
0.88630,-1.29585
0.89212,-1.29259
0.89663,-1.29002
0.90020,-1.28797
0.90307,-1.28631
0.90544,-1.28492
0.90742,-1.28376
0.90910,-1.28277
0.91054,-1.28191
0.91180,-1.28116
0.91291,-1.28050
0.91390,-1.27991
0.91479,-1.27937
0.91562,-1.27888
0.91638,-1.27842
0.91707,-1.27800
0.59514,-1.39149
0.59620,-1.39141
0.59748,-1.39130
0.59905,-1.39117
0.60102,-1.39099
0.60358,-1.39075
0.60697,-1.39042
0.61153,-1.38993
0.61771,-1.38920
0.62605,-1.38810
0.63708,-1.38645
0.65118,-1.38401
0.66836,-1.38056
0.68821,-1.37594
0.71008,-1.37008
0.73324,-1.36304
0.75708,-1.35491
0.78090,-1.34592
0.80387,-1.33643
0.82502,-1.32700
0.84347,-1.31822
0.85874,-1.31057
0.87086,-1.30424
0.88023,-1.29919
0.88741,-1.29523
0.89294,-1.29212
0.89725,-1.28967
0.90067,-1.28770
0.90343,-1.28610
0.90572,-1.28476
0.90763,-1.28364
0.90925,-1.28268
0.91065,-1.28185
0.91186,-1.28113
0.91291,-1.28050
0.91384,-1.27994
0.91467,-1.27945
0.91541,-1.27900
0.91609,-1.27859
0.91672,-1.27821
0.59630,-1.39140
0.59744,-1.39131
0.59883,-1.39119
0.60054,-1.39104
0.60272,-1.39084
0.60557,-1.39056
0.60937,-1.39016
0.61452,-1.38959
0.62150,-1.38872
0.63086,-1.38741
0.64309,-1.38546
0.65839,-1.38263
0.67653,-1.37874
0.69691,-1.37370
0.71881,-1.36753
0.74159,-1.36029
0.76470,-1.35213
0.78757,-1.34325
0.80945,-1.33401
0.82946,-1.32493
0.84685,-1.31656
0.86122,-1.30929
0.87264,-1.30329
0.88151,-1.29849
0.88833,-1.29471
0.89361,-1.29174
0.89775,-1.28938
0.90105,-1.28748
0.90373,-1.28592
0.90595,-1.28463
0.90781,-1.28353
0.90939,-1.28260
0.91075,-1.28179
0.91193,-1.28109
0.91295,-1.28048
0.91385,-1.27994
0.91464,-1.27947
0.91533,-1.27905
0.91596,-1.27867
0.91652,-1.27833
