-1.60880,0.05704
-1.60859,0.05838
-1.60834,0.05987
-1.60806,0.06158
-1.60772,0.06358
-1.60732,0.06594
-1.60683,0.06876
-1.60624,0.07217
-1.60550,0.07633
-1.60458,0.08146
-1.60341,0.08784
-1.60191,0.09587
-1.59995,0.10606
-1.59736,0.11909
-1.59391,0.13573
-1.58931,0.15681
-1.58323,0.18300
-1.57539,0.21458
-1.56560,0.25127
-1.55377,0.29242
-1.53989,0.33749
-1.52379,0.38666
-1.50496,0.44114
-1.48249,0.50327
-1.45506,0.57594
-1.42136,0.66103
-1.38084,0.75647
-1.33452,0.85428
-1.28518,0.94377
-1.23635,1.01812
-1.19095,1.07644
-1.15049,1.12121
-1.11522,1.15566
-1.08462,1.18260
-1.05782,1.20421
-1.03396,1.22203
-1.01226,1.23717
-0.99210,1.25036
-0.97304,1.26210
-0.95474,1.27272
-1.60889,0.05601
-1.60865,0.05765
-1.60838,0.05935
-1.60808,0.06121
-1.60773,0.06332
-1.60733,0.06575
-1.60683,0.06862
-1.60624,0.07205
-1.60550,0.07622
-1.60458,0.08135
-1.60342,0.08773
-1.60192,0.09577
-1.59995,0.10601
-1.59734,0.11915
-1.59383,0.13604
-1.58912,0.15758
-1.58286,0.18452
-1.57470,0.21720
-1.56444,0.25538
-1.55196,0.29841
-1.53721,0.34583
-1.51995,0.39793
-1.49960,0.45615
-1.47514,0.52299
-1.44522,0.60120
-1.40869,0.69169
-1.36542,0.79040
-1.31700,0.88773
-1.26656,0.97363
-1.21753,1.04339
-1.17240,1.09766
-1.13228,1.13942
-1.09716,1.17180
-1.06642,1.19741
-1.03921,1.21817
-1.01472,1.23545
-0.99226,1.25021
-0.97132,1.26308
-0.95152,1.27448
-0.93260,1.28470
-1.60907,0.05345
-1.60879,0.05578
-1.60849,0.05798
-1.60816,0.06021
-1.60779,0.06257
-1.60736,0.06519
-1.60686,0.06820
-1.60625,0.07174
-1.60551,0.07598
-1.60459,0.08116
-1.60342,0.08758
-1.60191,0.09567
-1.59993,0.10601
-1.59728,0.11932
-1.59370,0.13653
-1.58887,0.15861
-1.58238,0.18642
-1.57386,0.22035
-1.56306,0.26021
-1.54983,0.30537
-1.53407,0.35543
-1.51549,0.41083
-1.49342,0.47323
-1.46673,0.54525
-1.43409,0.62929
-1.39458,0.72488
-1.34856,0.82584
-1.29815,0.92155
-1.24667,1.00334
-1.19734,1.06864
-1.15224,1.11926
-1.11213,1.15836
-1.07682,1.18894
-1.04565,1.21334
-1.01784,1.23326
-0.99266,1.24990
-0.96951,1.26410
-0.94797,1.27641
-0.92772,1.28719
-0.90857,1.29671
-1.60877,0.04790
-1.60881,0.05157
-1.60860,0.05480
-1.60827,0.05781
-1.60789,0.06077
-1.60744,0.06383
-1.60691,0.06718
-1.60629,0.07097
-1.60553,0.07541
-1.60459,0.08075
-1.60341,0.08731
-1.60188,0.09555
-1.59986,0.10606
-1.59716,0.11964
-1.59350,0.13727
-1.58850,0.16002
-1.58174,0.18885
-1.57279,0.22425
-1.56136,0.26604
-1.54725,0.31362
-1.53034,0.36667
-1.51024,0.42579
-1.48620,0.49287
-1.45702,0.57053
-1.42143,0.66053
-1.37883,0.76067
-1.33007,0.86269
-1.27768,0.95579
-1.22509,1.03322
-1.17523,1.09432
-1.12981,1.14165
-1.08933,1.17840
-1.05353,1.20731
-1.02176,1.23047
-0.99332,1.24942
-0.96756,1.26519
-0.94399,1.27853
-0.92223,1.28994
-0.90201,1.29977
-0.88316,1.30829
-1.55907,0.03925
-1.60221,0.04434
-1.60677,0.04872
-1.60767,0.05294
-1.60769,0.05695
-1.60739,0.06088
-1.60691,0.06492
-1.60629,0.06927
-1.60552,0.07416
-1.60456,0.07987
-1.60335,0.08677
-1.60178,0.09532
-1.59972,0.10618
-1.59694,0.12018
-1.59315,0.13840
-1.58794,0.16203
-1.58084,0.19213
-1.57137,0.22927
-1.55917,0.27332
-1.54403,0.32369
-1.52576,0.38014
-1.50392,0.44348
-1.47765,0.51573
-1.44572,0.59941
-1.40699,0.69526
-1.36118,0.79906
-1.30960,0.90090
-1.25514,0.99063
-1.20119,1.06370
-1.15042,1.12093
-1.10426,1.16527
-1.06309,1.19979
-1.02662,1.22699
-0.99428,1.24873
-0.96542,1.26638
-0.93948,1.28090
-0.91599,1.29299
-0.89459,1.30315
-0.87502,1.31172
-0.85708,1.31899
-0.34259,-0.59328
-0.41483,-0.44247
-0.62060,-0.18424
-1.54456,0.04612
-1.59764,0.05162
-1.60407,0.05604
-1.60547,0.06091
-1.60554,0.06611
-1.60506,0.07179
-1.60421,0.07821
-1.60303,0.08575
-1.60144,0.09492
-1.59932,0.10642
-1.59643,0.12114
-1.59246,0.14027
-1.58697,0.16510
-1.57943,0.19682
-1.56930,0.23609
-1.55617,0.28282
-1.53979,0.33643
-1.51993,0.39676
-1.49609,0.46479
-1.46735,0.54264
-1.43246,0.63246
-1.39042,0.73370
-1.34126,0.84002
-1.28668,0.94053
-1.22982,1.02647
-1.17404,1.09534
-1.12185,1.14897
-1.07457,1.19047
-1.03254,1.22266
-0.99552,1.24783
-0.96297,1.26771
-0.93426,1.28360
-0.90881,1.29642
-0.88612,1.30688
-0.86580,1.31547
-0.84751,1.32257
-0.83101,1.32848
-0.21359,-0.82160
-0.25961,-0.74722
-0.30685,-0.66260
-0.35788,-0.56129
-0.41693,-0.43588
-0.52774,-0.25154
-1.35484,0.03591
-1.57606,0.06452
-1.59557,0.07000
-1.59963,0.07673
-1.60023,0.08497
-1.59939,0.09502
-1.59757,0.10751
-1.59474,0.12339
-1.59064,0.14388
-1.58484,0.17040
-1.57677,0.20425
-1.56583,0.24617
-1.55158,0.29607
-1.53374,0.35337
-1.51209,0.41797
-1.48608,0.49095
-1.45475,0.57446
-1.41683,0.67009
-1.37137,0.77581
-1.31860,0.88342
-1.26054,0.98179
-1.20062,1.06386
-1.14232,1.12876
-1.08820,1.17891
-1.03963,1.21735
-0.99700,1.24675
-0.96003,1.26930
-0.92807,1.28673
-0.90041,1.30032
-0.87633,1.31104
-0.85524,1.31958
-0.83666,1.32645
-0.82019,1.33203
-0.80554,1.33659
-0.10952,-0.96514
-0.15930,-0.90023
-0.20289,-0.83773
-0.24261,-0.77539
-0.28093,-0.70977
-0.31985,-0.63712
-0.36027,-0.55512
-0.40332,-0.46205
-0.45624,-0.35001
-0.57315,-0.19242
-1.18987,0.03759
-1.52066,0.10070
-1.56836,0.11601
-1.57855,0.13262
-1.57936,0.15435
-1.57565,0.18267
-1.56833,0.21886
-1.55734,0.26359
-1.54244,0.31668
-1.52351,0.37751
-1.50041,0.44600
-1.47262,0.52335
-1.43909,0.61166
-1.39838,0.71204
-1.34942,0.82108
-1.29246,0.92913
-1.22995,1.02516
-1.16586,1.10357
-1.10421,1.16459
-1.04793,1.21091
-0.99852,1.24557
-0.95624,1.27131
-0.92050,1.29046
-0.89036,1.30481
-0.86481,1.31571
-0.84300,1.32409
-0.82420,1.33064
-0.80786,1.33582
-0.79356,1.33996
-0.78096,1.34332
-0.01125,-1.07705
-0.06653,-1.01644
-0.11595,-0.95702
-0.15926,-0.90018
-0.19758,-0.84553
-0.23242,-0.79172
-0.26521,-0.73705
-0.29708,-0.67983
-0.32870,-0.61877
-0.36015,-0.55361
-0.39126,-0.48493
-0.42264,-0.41262
-0.45669,-0.33444
-0.50071,-0.24497
-0.58445,-0.13068
-0.84300,0.03605
-1.27154,0.20560
-1.45286,0.29084
-1.49280,0.35124
-1.49245,0.41359
-1.47673,0.48301
-1.45186,0.56190
-1.41878,0.65274
-1.37653,0.75646
-1.32394,0.86840
-1.26155,0.97725
-1.19274,1.07153
-1.12296,1.14651
-1.05745,1.20312
-0.99970,1.24446
-0.95097,1.27404
-0.91083,1.29506
-0.87797,1.31009
-0.85097,1.32100
-0.82853,1.32908
-0.80967,1.33517
-0.79361,1.33986
-0.77978,1.34353
-0.76777,1.34645
-0.75728,1.34878
0.06852,-1.15494
0.01388,-1.10270
-0.03845,-1.04789
-0.08612,-0.99345
-0.12843,-0.94104
-0.16594,-0.89085
-0.19976,-0.84213
-0.23104,-0.79372
-0.26071,-0.74447
-0.28942,-0.69342
-0.31748,-0.64003
-0.34489,-0.58421
-0.37153,-0.52624
-0.39734,-0.46623
-0.42265,-0.40354
-0.44846,-0.33613
-0.47691,-0.25997
-0.51373,-0.16738
-0.58186,-0.04030
-0.80602,0.17458
-1.24189,0.44574
-1.38208,0.58319
-1.38380,0.68634
-1.34859,0.79722
-1.29326,0.91576
-1.22308,1.02847
-1.14508,1.12239
-1.06824,1.19337
-0.99982,1.24368
-0.94310,1.27795
-0.89784,1.30093
-0.86213,1.31643
-0.83380,1.32709
-0.81100,1.33462
-0.79233,1.34009
-0.77678,1.34417
-0.76364,1.34728
-0.75239,1.34970
-0.74267,1.35162
-0.73422,1.35315
0.13043,-1.20827
0.07893,-1.16430
0.02656,-1.11522
-0.02365,-1.06383
-0.06965,-1.01270
-0.11076,-0.96334
-0.14742,-0.91599
-0.18062,-0.87001
-0.21142,-0.82430
-0.24077,-0.77771
-0.26932,-0.72918
-0.29742,-0.67802
-0.32511,-0.62398
-0.35227,-0.56711
-0.37873,-0.50755
-0.40447,-0.44506
-0.42974,-0.37874
-0.45512,-0.30684
-0.48197,-0.22632
-0.51429,-0.13098
-0.56784,-0.00431
-0.73053,0.21263
-1.14843,0.57766
-1.28799,0.80452
-1.25065,0.95761
-1.17080,1.08433
-1.08048,1.17925
-0.99763,1.24330
-0.93055,1.28373
-0.87939,1.30863
-0.84092,1.32415
-0.81168,1.33412
-0.78899,1.34078
-0.77097,1.34540
-0.75633,1.34872
-0.74421,1.35118
-0.73400,1.35305
-0.72529,1.35451
-0.71778,1.35566
-0.71127,1.35658
0.18171,-1.24783
0.13382,-1.21097
0.08257,-1.16751
0.03084,-1.11936
-0.01851,-1.06924
-0.06364,-1.01956
-0.10403,-0.97160
-0.14021,-0.92549
-0.17317,-0.88048
-0.20402,-0.83542
-0.23369,-0.78903
-0.26288,-0.74013
-0.29193,-0.68789
-0.32086,-0.63194
-0.34942,-0.57241
-0.37726,-0.50966
-0.40410,-0.44391
-0.42988,-0.37498
-0.45482,-0.30197
-0.47971,-0.22295
-0.50693,-0.13334
-0.54446,-0.02091
-0.63053,0.15649
-0.94155,0.55080
-1.16060,0.96032
-1.09089,1.14501
-0.99013,1.24118
-0.90907,1.29196
-0.85132,1.31882
-0.81078,1.33358
-0.78165,1.34219
-0.76005,1.34753
-0.74351,1.35101
-0.73048,1.35341
-0.71995,1.35512
-0.71126,1.35638
-0.70396,1.35734
-0.69773,1.35809
-0.69238,1.35869
-0.68773,1.35917
0.22702,-1.27927
0.18319,-1.24888
0.13414,-1.21120
0.08200,-1.16696
0.02977,-1.11828
-0.01971,-1.06793
-0.06474,-1.01824
-0.10502,-0.97032
-0.14121,-0.92408
-0.17442,-0.87861
-0.20577,-0.83263
-0.23624,-0.78472
-0.26648,-0.73363
-0.29678,-0.67848
-0.32705,-0.61900
-0.35684,-0.55556
-0.38560,-0.48889
-0.41289,-0.41967
-0.43852,-0.34806
-0.46270,-0.27342
-0.48630,-0.19357
-0.51168,-0.10284
-0.54625,0.01452
-0.62490,0.21667
-0.89428,0.75258
-0.95735,1.19917
-0.86683,1.29965
-0.80397,1.33140
-0.76419,1.34454
-0.73785,1.35094
-0.71950,1.35443
-0.70614,1.35652
-0.69606,1.35785
-0.68821,1.35874
-0.68192,1.35938
-0.67676,1.35985
-0.67243,1.36021
-0.66874,1.36049
-0.66556,1.36072
-0.66278,1.36091
0.26823,-1.30492
0.22900,-1.28054
0.18344,-1.24903
0.13255,-1.20989
0.07875,-1.16404
0.02530,-1.11386
-0.02494,-1.06232
-0.07041,-1.01167
-0.11102,-0.96282
-0.14763,-0.91546
-0.18146,-0.86848
-0.21369,-0.82039
-0.24529,-0.76967
-0.27687,-0.71501
-0.30856,-0.65564
-0.34004,-0.59161
-0.37066,-0.52375
-0.39968,-0.45321
-0.42663,-0.38090
-0.45143,-0.30687
-0.47455,-0.22985
-0.49720,-0.14592
-0.52226,-0.04482
-0.55849,0.10575
-0.64781,0.47579
-0.74534,1.21680
-0.70752,1.33701
-0.68184,1.35329
-0.66678,1.35777
-0.65739,1.35951
-0.65125,1.36034
-0.64707,1.36078
-0.64415,1.36105
-0.64203,1.36122
-0.64043,1.36135
-0.63916,1.36144
-0.63809,1.36152
-0.63716,1.36158
-0.63632,1.36163
-0.63554,1.36168
0.30593,-1.32583
0.27162,-1.30687
0.23067,-1.28159
0.18297,-1.24865
0.12975,-1.20758
0.07378,-1.15953
0.01862,-1.10723
-0.03276,-1.05385
-0.07899,-1.00160
-0.12022,-0.95119
-0.15752,-0.90201
-0.19225,-0.85269
-0.22565,-0.80155
-0.25866,-0.74693
-0.29175,-0.68755
-0.32484,-0.62296
-0.35730,-0.55374
-0.38823,-0.48129
-0.41688,-0.40701
-0.44294,-0.33153
-0.46665,-0.25397
-0.48882,-0.17087
-0.51090,-0.07294
-0.53460,0.06851
-0.54640,0.40858
-0.48747,1.21297
-0.51500,1.33440
-0.53741,1.34994
-0.55258,1.35479
-0.56366,1.35705
-0.57223,1.35833
-0.57911,1.35916
-0.58478,1.35973
-0.58952,1.36014
-0.59348,1.36045
-0.59679,1.36069
-0.59955,1.36088
-0.60182,1.36103
-0.60368,1.36115
-0.60519,1.36125
0.34033,-1.34268
0.31092,-1.32837
0.27522,-1.30892
0.23232,-1.28263
0.18216,-1.24802
0.12621,-1.20465
0.06766,-1.15394
0.01046,-1.09903
-0.04233,-1.04334
-0.08952,-0.98905
-0.13156,-0.93657
-0.16976,-0.88497
-0.20563,-0.83259
-0.24044,-0.77749
-0.27508,-0.71792
-0.30981,-0.65278
-0.34418,-0.58216
-0.37724,-0.50733
-0.40798,-0.43005
-0.43583,-0.35138
-0.46081,-0.27061
-0.48345,-0.18397
-0.50408,-0.08059
-0.51711,0.07710
-0.42086,0.54015
-0.25895,1.20593
-0.32453,1.29077
-0.38105,1.31755
-0.42349,1.33164
-0.45566,1.34020
-0.48054,1.34578
-0.50020,1.34960
-0.51602,1.35229
-0.52892,1.35426
-0.53956,1.35571
-0.54838,1.35681
-0.55571,1.35766
-0.56181,1.35831
-0.56689,1.35882
-0.57112,1.35922
0.37162,-1.35608
0.34681,-1.34557
0.31648,-1.33115
0.27932,-1.31122
0.23430,-1.28387
0.18139,-1.24742
0.12233,-1.20142
0.06082,-1.14762
0.00127,-1.08965
-0.05314,-1.03125
-0.10147,-0.97449
-0.14450,-0.91947
-0.18382,-0.86485
-0.22106,-0.80860
-0.25755,-0.74852
-0.29402,-0.68285
-0.33038,-0.61088
-0.36580,-0.53340
-0.39906,-0.45214
-0.42926,-0.36843
-0.45613,-0.28142
-0.47960,-0.18592
-0.49709,-0.06482
-0.47184,0.16276
-0.12523,0.90166
-0.11532,1.17049
-0.18623,1.23341
-0.24848,1.26869
-0.30143,1.29261
-0.34598,1.30959
-0.38312,1.32185
-0.41398,1.33080
-0.43963,1.33741
-0.46101,1.34235
-0.47887,1.34608
-0.49384,1.34893
-0.50640,1.35111
-0.51694,1.35281
-0.52578,1.35414
-0.53319,1.35518
0.40008,-1.36660
0.37940,-1.35907
0.35414,-1.34874
0.32294,-1.33431
0.28430,-1.31398
0.23705,-1.28559
0.18112,-1.24717
0.11853,-1.19822
0.05362,-1.14087
-0.00865,-1.07935
-0.06496,-1.01776
-0.11463,-0.95806
-0.15887,-0.89992
-0.19954,-0.84151
-0.23846,-0.78036
-0.27691,-0.71402
-0.31534,-0.64081
-0.35327,-0.56052
-0.38945,-0.47429
-0.42258,-0.38313
-0.45165,-0.28514
-0.47420,-0.17025
-0.46783,0.00588
-0.15326,0.55283
0.02784,1.02194
-0.03877,1.12893
-0.10150,1.18401
-0.15703,1.22181
-0.20729,1.25045
-0.25290,1.27293
-0.29392,1.29069
-0.33038,1.30472
-0.36241,1.31577
-0.39031,1.32444
-0.41444,1.33125
-0.43520,1.33659
-0.45298,1.34080
-0.46816,1.34411
-0.48107,1.34673
-0.49202,1.34880
0.42602,-1.37475
0.40899,-1.36951
0.38830,-1.36235
0.36274,-1.35233
0.33079,-1.33805
0.29076,-1.31750
0.24121,-1.28817
0.18195,-1.24772
0.11532,-1.19547
0.04638,-1.13398
-0.01913,-1.06824
-0.07773,-1.00281
-0.12907,-0.93948
-0.17481,-0.87739
-0.21718,-0.81408
-0.25811,-0.74653
-0.29875,-0.67198
-0.33919,-0.58872
-0.37834,-0.49621
-0.41416,-0.39340
-0.44205,-0.27293
-0.43267,-0.09640
-0.08297,0.38401
0.13888,0.85207
0.07248,1.01029
0.00724,1.09227
-0.04800,1.14489
-0.09673,1.18323
-0.14137,1.21339
-0.18309,1.23811
-0.22224,1.25874
-0.25881,1.27603
-0.29263,1.29047
-0.32354,1.30245
-0.35145,1.31232
-0.37638,1.32039
-0.39843,1.32696
-0.41773,1.33228
-0.43451,1.33658
-0.44898,1.34003
0.44983,-1.38099
0.43598,-1.37746
0.41930,-1.37268
0.39881,-1.36601
0.37320,-1.35650
0.34077,-1.34263
0.29954,-1.32217
0.24770,-1.29216
0.18478,-1.24968
0.11333,-1.19370
0.03938,-1.12717
-0.03027,-1.05614
-0.09178,-0.98581
-0.14526,-0.91775
-0.19292,-0.85030
-0.23734,-0.78013
-0.28042,-0.70332
-0.32264,-0.61596
-0.36181,-0.51336
-0.38556,-0.38293
-0.28686,-0.15404
0.19791,0.32348
0.25377,0.64767
0.17693,0.85274
0.10240,0.97957
0.04109,1.05876
-0.01000,1.11222
-0.05447,1.15152
-0.09477,1.18250
-0.13239,1.20810
-0.16812,1.22990
-0.20225,1.24874
-0.23484,1.26509
-0.26574,1.27926
-0.29474,1.29146
-0.32165,1.30187
-0.34628,1.31067
-0.36855,1.31805
-0.38844,1.32417
-0.40600,1.32921
0.47190,-1.38568
0.46085,-1.38342
0.44767,-1.38037
0.43162,-1.37616
0.41167,-1.37018
0.38640,-1.36145
0.35393,-1.34838
0.31190,-1.32849
0.25791,-1.29829
0.19086,-1.25390
0.11331,-1.19347
0.03259,-1.12033
-0.04271,-1.04208
-0.10816,-0.96491
-0.16440,-0.88987
-0.21419,-0.81373
-0.25927,-0.73053
-0.29384,-0.62902
-0.24360,-0.45949
0.22801,-0.06211
0.40128,0.19713
0.36878,0.40332
0.29059,0.62412
0.20498,0.81208
0.13062,0.94145
0.07016,1.02555
0.02043,1.08256
-0.02204,1.12402
-0.05980,1.15622
-0.09453,1.18258
-0.12729,1.20499
-0.15868,1.22451
-0.18900,1.24176
-0.21835,1.25711
-0.24665,1.27075
-0.27369,1.28280
-0.29926,1.29335
-0.32310,1.30250
-0.34503,1.31033
-0.36491,1.31697
0.49266,-1.38912
0.48413,-1.38776
0.47404,-1.38596
0.46186,-1.38349
0.44684,-1.38001
0.42793,-1.37495
0.40364,-1.36737
0.37186,-1.35565
0.32974,-1.33709
0.27391,-1.30749
0.20196,-1.26139
0.11592,-1.19514
0.02518,-1.11221
-0.05839,-1.02274
-0.12907,-0.93383
-0.18645,-0.84247
-0.21199,-0.72381
0.08806,-0.38316
0.44434,-0.03919
0.47187,0.08643
0.44742,0.20607
0.39568,0.36624
0.31961,0.56611
0.23499,0.75645
0.15932,0.89711
0.09748,0.99065
0.04717,1.05364
0.00502,1.09862
-0.03167,1.13282
-0.06476,1.16031
-0.09548,1.18338
-0.12466,1.20336
-0.15282,1.22108
-0.18025,1.23701
-0.20705,1.25142
-0.23319,1.26446
-0.25851,1.27621
-0.28276,1.28670
-0.30567,1.29595
-0.32701,1.30400
0.51256,-1.39151
0.50635,-1.39079
0.49906,-1.38985
0.49033,-1.38857
0.47965,-1.38678
0.46630,-1.38419
0.44923,-1.38033
0.42691,-1.37435
0.39700,-1.36471
0.35602,-1.34858
0.29904,-1.32082
0.22088,-1.27332
0.12170,-1.19813
0.01451,-1.09733
-0.08001,-0.98197
-0.11895,-0.82409
0.30028,-0.32385
0.49370,-0.06954
0.50323,0.01767
0.48895,0.09202
0.46135,0.18535
0.41578,0.31948
0.34778,0.50042
0.26621,0.69231
0.18886,0.84663
0.12440,0.95272
0.07221,1.02394
0.02916,1.07384
-0.00756,1.11094
-0.04000,1.14011
-0.06956,1.16414
-0.09724,1.18470
-0.12370,1.20279
-0.14939,1.21905
-0.17461,1.23388
-0.19944,1.24749
-0.22388,1.25997
-0.24776,1.27138
-0.27086,1.28170
-0.29289,1.29092
0.53207,-1.39299
0.52810,-1.39269
0.52346,-1.39230
0.51792,-1.39177
0.51118,-1.39104
0.50278,-1.38999
0.49210,-1.38843
0.47816,-1.38602
0.45948,-1.38211
0.43359,-1.37542
0.39630,-1.36321
0.34030,-1.33941
0.25468,-1.29087
0.13305,-1.19502
0.01788,-1.01307
0.34567,-0.41035
0.51732,-0.11723
0.52354,-0.03416
0.51333,0.02320
0.49673,0.08297
0.47189,0.16100
0.43308,0.27454
0.37393,0.43534
0.29737,0.62340
0.21917,0.79013
0.15163,0.91072
0.09669,0.99226
0.05187,1.04856
0.01428,1.08952
-0.01829,1.12100
-0.04742,1.14642
-0.07424,1.16778
-0.09953,1.18636
-0.12388,1.20294
-0.14769,1.21805
-0.17120,1.23198
-0.19452,1.24491
-0.21763,1.25690
-0.24038,1.26798
-0.26252,1.27809
0.55172,-1.39364
0.54998,-1.39354
0.54795,-1.39343
0.54553,-1.39328
0.54257,-1.39309
0.53885,-1.39283
0.53409,-1.39244
0.52785,-1.39185
0.51944,-1.39089
0.50776,-1.38921
0.49084,-1.38602
0.46472,-1.37921
0.42081,-1.36183
0.34133,-1.30011
0.34672,-0.83605
0.54282,-0.21338
0.54488,-0.09166
0.53333,-0.03163
0.51981,0.01703
0.50349,0.06917
0.48137,0.13645
0.44828,0.23329
0.39758,0.37394
0.32771,0.55230
0.25023,0.72759
0.17975,0.86346
0.12150,0.95734
0.07418,1.02168
0.03504,1.06761
0.00169,1.10215
-0.02761,1.12944
-0.05412,1.15196
-0.07874,1.17123
-0.10216,1.18824
-0.12486,1.20362
-0.14721,1.21778
-0.16943,1.23099
-0.19161,1.24337
-0.21370,1.25495
-0.23557,1.26573
0.57202,-1.39342
0.57263,-1.39333
0.57332,-1.39322
0.57411,-1.39311
0.57501,-1.39296
0.57603,-1.39279
0.57722,-1.39257
0.57862,-1.39227
0.58038,-1.39183
0.58282,-1.39111
0.58666,-1.38976
0.59367,-1.38669
0.60926,-1.37720
0.65444,-1.32293
0.69440,-0.69469
0.59623,-0.20858
0.56213,-0.09985
0.54276,-0.04219
0.52703,0.00408
0.51079,0.05199
0.49069,0.11144
0.46222,0.19466
0.41916,0.31617
0.35712,0.47998
0.28238,0.65823
0.20963,0.80896
0.14768,0.91731
0.09719,0.99174
0.05580,1.04407
0.02104,1.08262
-0.00900,1.11245
-0.03572,1.13656
-0.06014,1.15684
-0.08303,1.17446
-0.10496,1.19022
-0.12639,1.20464
-0.14764,1.21807
-0.16888,1.23070
-0.19020,1.24263
-0.21154,1.25387
0.59357,-1.39224
0.59670,-1.39192
0.60034,-1.39153
0.60459,-1.39104
0.60966,-1.39042
0.61578,-1.38960
0.62334,-1.38848
0.63294,-1.38690
0.64557,-1.38452
0.66298,-1.38071
0.68845,-1.37401
0.72851,-1.36079
0.79669,-1.33029
0.91588,-1.24275
0.99182,-0.88181
0.68670,-0.29415
0.59060,-0.13437
0.55741,-0.06540
0.53725,-0.01631
0.51990,0.03026
0.50088,0.08425
0.47600,0.15630
0.43970,0.25994
0.38624,0.40538
0.31661,0.57966
0.24288,0.74329
0.17698,0.86855
0.12248,0.95606
0.07797,1.01701
0.04104,1.06105
0.00959,1.09438
-0.01793,1.12077
-0.04265,1.14250
-0.06546,1.16106
-0.08701,1.17741
-0.10782,1.19221
-0.12829,1.20590
-0.14872,1.21875
-0.16925,1.23093
-0.18995,1.24251
0.61693,-1.38990
0.62286,-1.38908
0.62974,-1.38804
0.63783,-1.38671
0.64749,-1.38498
0.65922,-1.38265
0.67375,-1.37942
0.69218,-1.37482
0.71622,-1.36795
0.74850,-1.35722
0.79313,-1.33963
0.85594,-1.30938
0.94305,-1.25578
1.05372,-1.16032
1.15400,-0.98588
0.99086,-0.58944
0.67497,-0.22940
0.58902,-0.11180
0.55515,-0.04931
0.53333,0.00051
0.51368,0.05182
0.49114,0.11495
0.46068,0.20196
0.41629,0.32573
0.35467,0.48716
0.28246,0.65864
0.21274,0.80337
0.15309,0.90883
0.10411,0.98239
0.06379,1.03463
0.02994,1.07326
0.00080,1.10311
-0.02495,1.12715
-0.04827,1.14722
-0.06994,1.16457
-0.09054,1.18001
-0.11057,1.19411
-0.13038,1.20726
-0.15024,1.21969
-0.17030,1.23155
0.64267,-1.38611
0.65169,-1.38444
0.66215,-1.38233
0.67443,-1.37960
0.68907,-1.37603
0.70676,-1.37123
0.72851,-1.36465
0.75566,-1.35539
0.79004,-1.34202
0.83396,-1.32233
0.88985,-1.29293
0.95923,-1.24920
1.04070,-1.18569
1.12792,-1.09760
1.20772,-0.98288
1.24391,-0.83386
1.04488,-0.55058
0.70910,-0.23896
0.60098,-0.11475
0.55933,-0.04716
0.53343,0.00775
0.51047,0.06560
0.48416,0.13801
0.44868,0.23781
0.39831,0.37526
0.33261,0.54231
0.26102,0.70586
0.19502,0.83675
0.13935,0.93078
0.09351,0.99692
0.05546,1.04463
0.02322,1.08046
-0.00474,1.10849
-0.02958,1.13128
-0.05218,1.15047
-0.07326,1.16715
-0.09337,1.18207
-0.11298,1.19577
-0.13245,1.20860
-0.15201,1.22078
0.67125,-1.38050
0.68360,-1.37758
0.69787,-1.37390
0.71454,-1.36918
0.73422,-1.36304
0.75772,-1.35492
0.78604,-1.34402
0.82036,-1.32919
0.86195,-1.30882
0.91186,-1.28084
0.97031,-1.24277
1.03611,-1.19210
1.10621,-1.12687
1.17586,-1.04687
1.23904,-0.95558
1.28821,-0.86018
1.30687,-0.76184
1.21306,-0.61744
0.87435,-0.34764
0.65848,-0.16293
0.58299,-0.07157
0.54500,-0.00568
0.51620,0.05921
0.48631,0.13735
0.44820,0.24218
0.39605,0.38291
0.32988,0.54981
0.25897,0.71070
0.19385,0.83917
0.13871,0.93196
0.09304,0.99768
0.05492,1.04536
0.02250,1.08129
-0.00570,1.10946
-0.03077,1.13237
-0.05357,1.15163
-0.07480,1.16834
-0.09501,1.18327
-0.11469,1.19694
-0.13418,1.20972
0.70289,-1.37265
0.71866,-1.36808
0.73672,-1.36236
0.75759,-1.35512
0.78184,-1.34588
0.81019,-1.33396
0.84340,-1.31847
0.88218,-1.29826
0.92700,-1.27194
0.97782,-1.23797
1.03379,-1.19486
1.09319,-1.14133
1.15355,-1.07680
1.21188,-1.00233
1.26498,-0.92176
1.31001,-0.84126
1.34475,-0.76640
1.36581,-0.69915
1.36182,-0.63523
1.28904,-0.55316
1.05110,-0.39925
0.76364,-0.21255
0.62134,-0.09021
0.55639,-0.00363
0.51394,0.08007
0.47320,0.18118
0.42289,0.31511
0.35819,0.48201
0.28530,0.65418
0.21590,0.79831
0.15629,0.90423
0.10679,0.97908
0.06554,1.03281
0.03055,1.07282
0.00022,1.10383
-0.02664,1.12878
-0.05093,1.14951
-0.07338,1.16729
-0.09456,1.18297
-0.11500,1.19717
0.73743,-1.36222
0.75643,-1.35564
0.77790,-1.34756
0.80227,-1.33754
0.83000,-1.32505
0.86159,-1.30943
0.89745,-1.28983
0.93787,-1.26527
0.98279,-1.23467
1.03172,-1.19693
1.08365,-1.15104
1.13715,-1.09625
1.19044,-1.03252
1.24152,-0.96126
1.28845,-0.88587
1.32991,-0.81082
1.36545,-0.73978
1.39533,-0.67452
1.42000,-0.61526
1.43975,-0.56161
1.45437,-0.51330
1.46267,-0.47048
1.46060,-0.43359
1.43358,-0.40163
1.31711,-0.35856
0.92256,-0.21619
0.60098,-0.02184
0.50310,0.12512
0.43477,0.29008
0.35680,0.48786
0.27420,0.67955
0.20105,0.82670
0.14113,0.92859
0.09221,0.99906
0.05138,1.04968
0.01641,1.08777
-0.01431,1.11767
-0.04185,1.14200
-0.06702,1.16243
-0.09047,1.18005
0.77426,-1.34906
0.79593,-1.34031
0.81999,-1.32978
0.84674,-1.31706
0.87648,-1.30164
0.90951,-1.28290
0.94603,-1.26012
0.98606,-1.23247
1.02941,-1.19903
1.07555,-1.15889
1.12364,-1.11122
1.17254,-1.05553
1.22085,-0.99210
1.26710,-0.92256
1.30998,-0.84987
1.34883,-0.77733
1.38365,-0.70727
1.41495,-0.64059
1.44334,-0.57729
1.46919,-0.51729
1.49250,-0.46110
1.51296,-0.40987
1.53018,-0.36495
1.54397,-0.32733
1.55435,-0.29726
1.56133,-0.27459
1.56428,-0.25940
1.55961,-0.25349
1.52121,-0.26290
0.99824,-0.18286
0.50865,0.13175
0.39962,0.38441
0.29657,0.63130
0.20932,0.81171
0.14267,0.92638
0.09032,1.00167
0.04709,1.05468
0.00993,1.09440
-0.02299,1.12564
-0.05281,1.15114
0.81223,-1.33334
0.83570,-1.32251
0.86126,-1.30978
0.88911,-1.29477
0.91945,-1.27702
0.95247,-1.25597
0.98829,-1.23096
1.02693,-1.20118
1.06820,-1.16579
1.11168,-1.12388
1.15665,-1.07474
1.20212,-1.01807
1.24688,-0.95451
1.28969,-0.88589
1.32963,-0.81492
1.36635,-0.74412
1.40001,-0.67506
1.43103,-0.60823
1.45973,-0.54377
1.48604,-0.48220
1.50951,-0.42487
1.52958,-0.37361
1.54596,-0.32989
1.55882,-0.29415
1.56866,-0.26578
1.57610,-0.24360
1.58171,-0.22634
1.58587,-0.21295
1.58878,-0.20281
1.59025,-0.19588
1.58904,-0.19347
1.57763,-0.20151
1.37592,-0.22723
0.49666,0.16533
0.35500,0.49641
0.24011,0.75230
0.15797,0.90212
0.09813,0.99132
0.05025,1.05114
0.00930,1.09509
0.84990,-1.31562
0.87418,-1.30303
0.90015,-1.28855
0.92798,-1.27184
0.95786,-1.25245
0.98997,-1.22982
1.02448,-1.20326
1.06146,-1.17195
1.10078,-1.13499
1.14208,-1.09150
1.18468,-1.04086
1.22761,-0.98308
1.26970,-0.91918
1.30987,-0.85122
1.34745,-0.78171
1.38225,-0.71267
1.41451,-0.64513
1.44454,-0.57941
1.47241,-0.51580
1.49780,-0.45529
1.52011,-0.39963
1.53879,-0.35079
1.55371,-0.31001
1.56524,-0.27727
1.57398,-0.25161
1.58061,-0.23163
1.58568,-0.21599
1.58963,-0.20357
1.59275,-0.19353
1.59526,-0.18529
1.59724,-0.17848
1.59870,-0.17302
1.59940,-0.16921
1.59835,-0.16838
1.58962,-0.17642
1.37057,-0.20819
0.45371,0.26141
0.29812,0.62954
0.18720,0.85267
0.11392,0.96949
0.88588,-1.29670
0.91004,-1.28282
0.93555,-1.26714
0.96260,-1.24929
0.99142,-1.22882
1.02227,-1.20512
1.05538,-1.17741
1.09085,-1.14481
1.12860,-1.10636
1.16826,-1.06123
1.20910,-1.00900
1.25008,-0.95003
1.29004,-0.88578
1.32804,-0.81853
1.36355,-0.75059
1.39655,-0.68352
1.42728,-0.61798
1.45598,-0.55414
1.48258,-0.49246
1.50664,-0.43413
1.52753,-0.38105
1.54480,-0.33509
1.55845,-0.29717
1.56893,-0.26700
1.57685,-0.24346
1.58286,-0.22517
1.58748,-0.21084
1.59110,-0.19943
1.59400,-0.19016
1.59637,-0.18247
1.59835,-0.17597
1.60002,-0.17038
1.60144,-0.16552
1.60262,-0.16131
1.60348,-0.15782
1.60377,-0.15547
1.60239,-0.15582
1.59145,-0.16654
0.96976,-0.12306
0.38809,0.41938
0.91906,-1.27745
0.94244,-1.26277
0.96695,-1.24636
0.99285,-1.22784
1.02044,-1.20665
1.05003,-1.18212
1.08191,-1.15340
1.11622,-1.11951
1.15284,-1.07948
1.19133,-1.03258
1.23084,-0.97866
1.27025,-0.91854
1.30842,-0.85412
1.34449,-0.78779
1.37812,-0.72161
1.40937,-0.65674
1.43854,-0.59350
1.46578,-0.53197
1.49097,-0.47268
1.51361,-0.41695
1.53311,-0.36667
1.54912,-0.32349
1.56171,-0.28808
1.57137,-0.26000
1.57869,-0.23809
1.58426,-0.22104
1.58856,-0.20763
1.59194,-0.19693
1.59466,-0.18823
1.59690,-0.18100
1.59876,-0.17490
1.60035,-0.16967
1.60172,-0.16511
1.60292,-0.16107
1.60397,-0.15747
1.60489,-0.15421
1.60566,-0.15130
1.60619,-0.14886
1.60615,-0.14745
1.60399,-0.14920
0.94882,-1.25865
0.97106,-1.24356
0.99436,-1.22678
1.01904,-1.20783
1.04547,-1.18610
1.07401,-1.16082
1.10499,-1.13103
1.13851,-1.09572
1.17440,-1.05393
1.21208,-1.00510
1.25056,-0.94947
1.28863,-0.88836
1.32518,-0.82403
1.35947,-0.75890
1.39132,-0.69470
1.42090,-0.63218
1.44851,-0.57140
1.47430,-0.51237
1.49806,-0.45565
1.51932,-0.40260
1.53754,-0.35503
1.55243,-0.31440
1.56415,-0.28117
1.57315,-0.25480
1.58000,-0.23419
1.58524,-0.21808
1.58930,-0.20537
1.59251,-0.19519
1.59511,-0.18687
1.59724,-0.17997
1.59903,-0.17414
1.60054,-0.16915
1.60185,-0.16483
1.60298,-0.16105
1.60398,-0.15770
1.60486,-0.15470
1.60565,-0.15197
1.60637,-0.14945
1.60701,-0.14710
1.60755,-0.14493
0.97499,-1.24085
0.99599,-1.22562
1.01809,-1.20863
1.04168,-1.18937
1.06717,-1.16712
1.09498,-1.14100
1.12540,-1.11000
1.15849,-1.07305
1.19397,-1.02929
1.23109,-0.97842
1.26871,-0.92115
1.30556,-0.85931
1.34057,-0.79541
1.37317,-0.73177
1.40333,-0.66973
1.43130,-0.60966
1.45741,-0.55139
1.48177,-0.49489
1.50417,-0.44074
1.52414,-0.39031
1.54119,-0.34529
1.55512,-0.30694
1.56609,-0.27559
1.57454,-0.25068
1.58101,-0.23113
1.58599,-0.21579
1.58986,-0.20363
1.59295,-0.19384
1.59544,-0.18583
1.59750,-0.17916
1.59923,-0.17352
1.60070,-0.16869
1.60196,-0.16453
1.60305,-0.16089
1.60400,-0.15771
1.60484,-0.15489
1.60558,-0.15238
1.60625,-0.15011
1.60685,-0.14802
1.60741,-0.14607
0.99774,-1.22435
1.01756,-1.20910
1.03862,-1.19198
1.06135,-1.17238
1.08620,-1.14951
1.11359,-1.12240
1.14378,-1.08996
1.17676,-1.05113
1.21207,-1.00521
1.24879,-0.95226
1.28563,-0.89352
1.32128,-0.83127
1.35478,-0.76819
1.38575,-0.70631
1.41428,-0.64657
1.44071,-0.58898
1.46538,-0.53322
1.48838,-0.47920
1.50950,-0.42755
1.52828,-0.37959
1.54430,-0.33690
1.55738,-0.30060
1.56771,-0.27090
1.57570,-0.24724
1.58185,-0.22860
1.58660,-0.21390
1.59032,-0.20219
1.59330,-0.19274
1.59571,-0.18497
1.59771,-0.17848
1.59940,-0.17299
1.60083,-0.16828
1.60206,-0.16422
1.60312,-0.16068
1.60405,-0.15759
1.60486,-0.15487
1.60557,-0.15247
1.60620,-0.15034
1.60676,-0.14843
1.60727,-0.14670
