-0.74850,1.35010
-0.74820,1.35016
-0.74787,1.35022
-0.74749,1.35030
-0.74705,1.35038
-0.74653,1.35048
-0.74590,1.35060
-0.74514,1.35075
-0.74422,1.35092
-0.74308,1.35113
-0.74166,1.35139
-0.73988,1.35172
-0.73762,1.35212
-0.73473,1.35262
-0.73105,1.35324
-0.72641,1.35398
-0.72068,1.35485
-0.71388,1.35580
-0.70615,1.35679
-0.69778,1.35775
-0.68911,1.35862
-0.68037,1.35937
-0.67171,1.35998
-0.66327,1.36047
-0.65526,1.36083
-0.64804,1.36106
-0.64200,1.36120
-0.63731,1.36126
-0.63386,1.36129
-0.63137,1.36130
-0.62957,1.36130
-0.62825,1.36130
-0.62725,1.36130
-0.62648,1.36129
-0.62586,1.36129
-0.62534,1.36129
-0.62489,1.36128
-0.62449,1.36128
-0.62413,1.36128
-0.62379,1.36127
-0.74872,1.35006
-0.74836,1.35013
-0.74798,1.35020
-0.74757,1.35028
-0.74711,1.35037
-0.74657,1.35048
-0.74593,1.35060
-0.74517,1.35074
-0.74424,1.35092
-0.74310,1.35113
-0.74168,1.35139
-0.73990,1.35171
-0.73763,1.35212
-0.73471,1.35262
-0.73098,1.35325
-0.72624,1.35401
-0.72035,1.35490
-0.71332,1.35588
-0.70529,1.35690
-0.69659,1.35788
-0.68756,1.35876
-0.67848,1.35951
-0.66953,1.36012
-0.66091,1.36058
-0.65290,1.36091
-0.64590,1.36112
-0.64023,1.36123
-0.63595,1.36128
-0.63283,1.36130
-0.63058,1.36130
-0.62894,1.36130
-0.62772,1.36130
-0.62679,1.36129
-0.62605,1.36129
-0.62545,1.36129
-0.62494,1.36128
-0.62450,1.36128
-0.62410,1.36128
-0.62373,1.36127
-0.62340,1.36127
-0.74928,1.34995
-0.74877,1.35005
-0.74828,1.35015
-0.74779,1.35024
-0.74727,1.35034
-0.74669,1.35045
-0.74602,1.35058
-0.74523,1.35073
-0.74429,1.35091
-0.74314,1.35112
-0.74172,1.35138
-0.73992,1.35171
-0.73763,1.35212
-0.73467,1.35263
-0.73087,1.35327
-0.72601,1.35404
-0.71994,1.35496
-0.71264,1.35597
-0.70429,1.35702
-0.69523,1.35802
-0.68582,1.35891
-0.67638,1.35966
-0.66716,1.36026
-0.65841,1.36070
-0.65049,1.36099
-0.64380,1.36116
-0.63855,1.36125
-0.63466,1.36129
-0.63184,1.36130
-0.62981,1.36130
-0.62831,1.36130
-0.62717,1.36130
-0.62629,1.36129
-0.62559,1.36129
-0.62500,1.36128
-0.62450,1.36128
-0.62406,1.36127
-0.62367,1.36127
-0.62331,1.36127
-0.62298,1.36126
-0.75045,1.34972
-0.74967,1.34987
-0.74896,1.35001
-0.74831,1.35014
-0.74766,1.35027
-0.74698,1.35040
-0.74624,1.35054
-0.74540,1.35070
-0.74441,1.35088
-0.74323,1.35111
-0.74177,1.35137
-0.73994,1.35171
-0.73761,1.35212
-0.73460,1.35264
-0.73070,1.35329
-0.72570,1.35409
-0.71941,1.35503
-0.71181,1.35608
-0.70309,1.35716
-0.69362,1.35818
-0.68381,1.35909
-0.67403,1.35983
-0.66458,1.36040
-0.65579,1.36081
-0.64807,1.36106
-0.64177,1.36120
-0.63696,1.36127
-0.63344,1.36129
-0.63089,1.36130
-0.62904,1.36130
-0.62765,1.36130
-0.62660,1.36129
-0.62576,1.36129
-0.62508,1.36128
-0.62452,1.36128
-0.62403,1.36127
-0.62360,1.36127
-0.62321,1.36127
-0.62286,1.36126
-0.62254,1.36126
-0.74964,1.34988
-0.75087,1.34964
-0.75017,1.34977
-0.74931,1.34994
-0.74846,1.35011
-0.74761,1.35028
-0.74672,1.35045
-0.74576,1.35063
-0.74468,1.35083
-0.74341,1.35107
-0.74188,1.35135
-0.73999,1.35170
-0.73758,1.35213
-0.73447,1.35266
-0.73045,1.35334
-0.72525,1.35416
-0.71869,1.35514
-0.71074,1.35622
-0.70161,1.35733
-0.69169,1.35837
-0.68146,1.35928
-0.67136,1.36001
-0.66175,1.36054
-0.65305,1.36091
-0.64565,1.36112
-0.63980,1.36123
-0.63543,1.36128
-0.63226,1.36130
-0.62995,1.36130
-0.62825,1.36130
-0.62697,1.36129
-0.62598,1.36129
-0.62519,1.36128
-0.62454,1.36128
-0.62399,1.36127
-0.62352,1.36127
-0.62311,1.36127
-0.62274,1.36126
-0.62241,1.36126
-0.62210,1.36125
0.40221,-1.36670
0.27866,-1.31043
0.07138,-1.15705
-0.74732,1.35033
-0.74907,1.34999
-0.74846,1.35011
-0.74750,1.35030
-0.74639,1.35051
-0.74516,1.35074
-0.74375,1.35101
-0.74208,1.35132
-0.74005,1.35169
-0.73751,1.35214
-0.73424,1.35270
-0.73002,1.35341
-0.72456,1.35427
-0.71766,1.35528
-0.70929,1.35640
-0.69967,1.35754
-0.68928,1.35860
-0.67865,1.35950
-0.66830,1.36019
-0.65868,1.36069
-0.65022,1.36100
-0.64327,1.36117
-0.63792,1.36126
-0.63397,1.36129
-0.63110,1.36130
-0.62900,1.36130
-0.62744,1.36130
-0.62624,1.36129
-0.62531,1.36128
-0.62456,1.36128
-0.62394,1.36127
-0.62343,1.36127
-0.62298,1.36126
-0.62259,1.36126
-0.62225,1.36126
-0.62194,1.36125
-0.62167,1.36125
0.52838,-1.39211
0.49674,-1.38902
0.44963,-1.38030
0.37803,-1.35799
0.27329,-1.30735
0.12299,-1.20170
-0.73627,1.35236
-0.74513,1.35075
-0.74503,1.35077
-0.74381,1.35100
-0.74209,1.35132
-0.73992,1.35171
-0.73718,1.35220
-0.73368,1.35280
-0.72916,1.35354
-0.72335,1.35445
-0.71601,1.35551
-0.70713,1.35667
-0.69699,1.35783
-0.68613,1.35889
-0.67520,1.35975
-0.66479,1.36039
-0.65537,1.36082
-0.64736,1.36108
-0.64095,1.36121
-0.63610,1.36128
-0.63254,1.36130
-0.62994,1.36130
-0.62802,1.36130
-0.62657,1.36129
-0.62546,1.36129
-0.62459,1.36128
-0.62389,1.36127
-0.62332,1.36127
-0.62284,1.36126
-0.62243,1.36126
-0.62207,1.36125
-0.62176,1.36125
-0.62149,1.36125
-0.62124,1.36124
0.56515,-1.39295
0.55223,-1.39299
0.53407,-1.39244
0.50981,-1.39057
0.47742,-1.38603
0.43321,-1.37613
0.37337,-1.35617
0.29626,-1.32017
0.20134,-1.26137
0.08333,-1.16778
-0.71815,1.35521
-0.73402,1.35274
-0.73368,1.35280
-0.73079,1.35328
-0.72632,1.35400
-0.72029,1.35491
-0.71260,1.35597
-0.70331,1.35713
-0.69280,1.35826
-0.68174,1.35926
-0.67086,1.36004
-0.66077,1.36059
-0.65191,1.36095
-0.64454,1.36115
-0.63874,1.36125
-0.63436,1.36129
-0.63113,1.36130
-0.62875,1.36130
-0.62698,1.36129
-0.62564,1.36129
-0.62462,1.36128
-0.62382,1.36127
-0.62319,1.36127
-0.62267,1.36126
-0.62224,1.36126
-0.62187,1.36125
-0.62156,1.36125
-0.62128,1.36124
-0.62104,1.36124
-0.62083,1.36124
0.57695,-1.39260
0.57186,-1.39278
0.56384,-1.39297
0.55223,-1.39299
0.53668,-1.39256
0.51680,-1.39124
0.49179,-1.38833
0.46033,-1.38271
0.42083,-1.37260
0.37245,-1.35581
0.31627,-1.33057
0.25486,-1.29640
0.19065,-1.25381
0.12456,-1.20300
0.05279,-1.13993
-0.05015,-1.03443
-0.69400,1.35814
-0.69173,1.35837
-0.68410,1.35906
-0.67479,1.35978
-0.66527,1.36036
-0.65635,1.36078
-0.64849,1.36105
-0.64190,1.36120
-0.63666,1.36127
-0.63266,1.36130
-0.62968,1.36130
-0.62748,1.36130
-0.62586,1.36129
-0.62465,1.36128
-0.62373,1.36127
-0.62302,1.36126
-0.62246,1.36126
-0.62200,1.36125
-0.62163,1.36125
-0.62131,1.36124
-0.62104,1.36124
-0.62081,1.36124
-0.62060,1.36124
-0.62042,1.36123
0.58076,-1.39242
0.57846,-1.39253
0.57481,-1.39268
0.56919,-1.39286
0.56101,-1.39300
0.54990,-1.39296
0.53557,-1.39251
0.51765,-1.39131
0.49552,-1.38885
0.46837,-1.38435
0.43539,-1.37672
0.39613,-1.36462
0.35094,-1.34685
0.30112,-1.32276
0.24834,-1.29239
0.19390,-1.25613
0.13823,-1.21407
0.08048,-1.16524
0.01619,-1.10453
-0.08707,-0.99177
-0.65896,1.36067
-0.65220,1.36094
-0.64554,1.36112
-0.63960,1.36124
-0.63472,1.36129
-0.63094,1.36130
-0.62815,1.36130
-0.62612,1.36129
-0.62466,1.36128
-0.62359,1.36127
-0.62280,1.36126
-0.62219,1.36126
-0.62172,1.36125
-0.62133,1.36125
-0.62102,1.36124
-0.62075,1.36124
-0.62053,1.36123
-0.62033,1.36123
-0.62016,1.36123
-0.62001,1.36123
0.58239,-1.39234
0.58109,-1.39241
0.57910,-1.39250
0.57605,-1.39263
0.57147,-1.39280
0.56489,-1.39295
0.55592,-1.39301
0.54423,-1.39283
0.52943,-1.39218
0.51091,-1.39068
0.48788,-1.38775
0.45942,-1.38251
0.42471,-1.37374
0.38342,-1.36003
0.33599,-1.34010
0.28373,-1.31329
0.22859,-1.27980
0.17267,-1.24068
0.11745,-1.19711
0.06276,-1.14918
0.00430,-1.09255
-0.08485,-0.99441
-0.64502,1.36114
-0.63800,1.36126
-0.63288,1.36130
-0.62911,1.36130
-0.62645,1.36129
-0.62463,1.36128
-0.62337,1.36127
-0.62249,1.36126
-0.62184,1.36125
-0.62135,1.36125
-0.62096,1.36124
-0.62065,1.36124
-0.62040,1.36123
-0.62019,1.36123
-0.62000,1.36123
-0.61984,1.36122
-0.61971,1.36122
-0.61959,1.36122
0.58331,-1.39229
0.58246,-1.39234
0.58120,-1.39240
0.57930,-1.39249
0.57643,-1.39262
0.57220,-1.39277
0.56617,-1.39293
0.55796,-1.39301
0.54718,-1.39291
0.53335,-1.39240
0.51576,-1.39115
0.49346,-1.38857
0.46530,-1.38374
0.43020,-1.37530
0.38757,-1.36157
0.33790,-1.34099
0.28302,-1.31289
0.22589,-1.27803
0.16955,-1.23835
0.11594,-1.19586
0.06489,-1.15114
0.01281,-1.10116
-0.05457,-1.02948
-0.63946,1.36124
-0.63106,1.36130
-0.62698,1.36129
-0.62453,1.36128
-0.62301,1.36126
-0.62202,1.36125
-0.62134,1.36125
-0.62084,1.36124
-0.62047,1.36123
-0.62017,1.36123
-0.61994,1.36123
-0.61975,1.36122
-0.61959,1.36122
-0.61945,1.36122
-0.61933,1.36122
-0.61923,1.36121
-0.61913,1.36121
0.58394,-1.39225
0.58334,-1.39229
0.58246,-1.39234
0.58118,-1.39240
0.57925,-1.39250
0.57634,-1.39262
0.57206,-1.39278
0.56598,-1.39293
0.55767,-1.39301
0.54668,-1.39290
0.53240,-1.39235
0.51397,-1.39098
0.49023,-1.38810
0.45980,-1.38259
0.42144,-1.37278
0.37473,-1.35671
0.32086,-1.33285
0.26286,-1.30122
0.20468,-1.26370
0.14952,-1.22300
0.09851,-1.18105
0.05021,-1.13751
-0.00046,-1.08768
-0.07290,-1.00848
-0.62910,1.36130
-0.62433,1.36128
-0.62234,1.36126
-0.62123,1.36124
-0.62054,1.36123
-0.62008,1.36123
-0.61974,1.36122
-0.61949,1.36122
-0.61930,1.36122
-0.61914,1.36121
-0.61902,1.36121
-0.61892,1.36121
-0.61883,1.36121
-0.61875,1.36121
-0.61869,1.36121
-0.61863,1.36120
0.58441,-1.39223
0.58397,-1.39225
0.58334,-1.39229
0.58243,-1.39234
0.58108,-1.39241
0.57904,-1.39251
0.57594,-1.39264
0.57136,-1.39280
0.56482,-1.39295
0.55582,-1.39301
0.54382,-1.39282
0.52805,-1.39209
0.50744,-1.39031
0.48054,-1.38657
0.44577,-1.37937
0.40200,-1.36663
0.34955,-1.34624
0.29108,-1.31736
0.23101,-1.28138
0.17357,-1.24134
0.12087,-1.19995
0.07232,-1.15791
0.02441,-1.11268
-0.03252,-1.05385
-0.62376,1.36127
-0.62057,1.36123
-0.61955,1.36122
-0.61903,1.36121
-0.61872,1.36121
-0.61852,1.36120
-0.61839,1.36120
-0.61830,1.36120
-0.61824,1.36120
-0.61819,1.36120
-0.61815,1.36120
-0.61813,1.36120
-0.61810,1.36120
-0.61808,1.36120
-0.61806,1.36119
-0.61805,1.36119
0.58479,-1.39221
0.58445,-1.39222
0.58399,-1.39225
0.58333,-1.39229
0.58237,-1.39234
0.58093,-1.39241
0.57871,-1.39252
0.57530,-1.39266
0.57021,-1.39283
0.56287,-1.39298
0.55272,-1.39299
0.53905,-1.39266
0.52089,-1.39158
0.49685,-1.38903
0.46520,-1.38372
0.42424,-1.37361
0.37343,-1.35620
0.31468,-1.32977
0.25254,-1.29498
0.19218,-1.25491
0.13672,-1.21286
0.08613,-1.17025
0.03726,-1.12519
-0.01838,-1.06900
-0.15151,-0.90993
-0.61282,1.36108
-0.61467,1.36113
-0.61546,1.36114
-0.61593,1.36115
-0.61625,1.36116
-0.61649,1.36117
-0.61667,1.36117
-0.61682,1.36117
-0.61695,1.36117
-0.61705,1.36118
-0.61713,1.36118
-0.61720,1.36118
-0.61726,1.36118
-0.61730,1.36118
-0.61734,1.36118
0.58510,-1.39219
0.58484,-1.39220
0.58449,-1.39222
0.58401,-1.39225
0.58332,-1.39229
0.58230,-1.39234
0.58073,-1.39242
0.57827,-1.39254
0.57444,-1.39270
0.56864,-1.39287
0.56020,-1.39301
0.54842,-1.39293
0.53242,-1.39235
0.51091,-1.39068
0.48213,-1.38683
0.44401,-1.37894
0.39511,-1.36427
0.33631,-1.34025
0.27184,-1.30651
0.20770,-1.26578
0.14817,-1.22195
0.09385,-1.17702
0.04133,-1.12908
-0.02005,-1.06723
-0.55480,1.35731
-0.59533,1.36043
-0.60417,1.36081
-0.60846,1.36096
-0.61090,1.36103
-0.61244,1.36107
-0.61348,1.36110
-0.61423,1.36112
-0.61478,1.36113
-0.61521,1.36114
-0.61554,1.36115
-0.61581,1.36115
-0.61603,1.36116
-0.61620,1.36116
-0.61634,1.36116
-0.61646,1.36116
0.58536,-1.39217
0.58515,-1.39218
0.58489,-1.39220
0.58453,-1.39222
0.58403,-1.39225
0.58331,-1.39229
0.58221,-1.39235
0.58049,-1.39244
0.57774,-1.39256
0.57336,-1.39273
0.56662,-1.39292
0.55671,-1.39301
0.54278,-1.39279
0.52366,-1.39179
0.49766,-1.38914
0.46250,-1.38316
0.41596,-1.37113
0.35753,-1.34969
0.29051,-1.31704
0.22143,-1.27508
0.15601,-1.22804
0.09552,-1.17847
0.03535,-1.12334
-0.04653,-1.03847
-0.55286,1.35711
-0.57615,1.35922
-0.58870,1.36007
-0.59693,1.36050
-0.60242,1.36074
-0.60612,1.36088
-0.60864,1.36096
-0.61043,1.36102
-0.61172,1.36105
-0.61268,1.36108
-0.61342,1.36110
-0.61400,1.36111
-0.61445,1.36112
-0.61481,1.36113
-0.61511,1.36114
-0.61535,1.36114
0.58558,-1.39216
0.58542,-1.39217
0.58521,-1.39218
0.58494,-1.39220
0.58458,-1.39222
0.58406,-1.39225
0.58330,-1.39229
0.58213,-1.39235
0.58023,-1.39245
0.57711,-1.39259
0.57203,-1.39278
0.56405,-1.39296
0.55224,-1.39299
0.53547,-1.39251
0.51220,-1.39081
0.48013,-1.38650
0.43640,-1.37698
0.37898,-1.35835
0.30935,-1.32705
0.23375,-1.28316
0.15939,-1.23064
0.08809,-1.17198
0.00939,-1.09771
-0.50723,1.35099
-0.54709,1.35647
-0.56371,1.35818
-0.57546,1.35917
-0.58466,1.35982
-0.59191,1.36025
-0.59752,1.36053
-0.60176,1.36072
-0.60493,1.36084
-0.60730,1.36092
-0.60909,1.36098
-0.61045,1.36102
-0.61151,1.36105
-0.61233,1.36107
-0.61299,1.36109
-0.61351,1.36110
-0.61393,1.36111
0.58577,-1.39215
0.58565,-1.39215
0.58549,-1.39216
0.58528,-1.39218
0.58501,-1.39219
0.58464,-1.39221
0.58411,-1.39224
0.58331,-1.39229
0.58205,-1.39236
0.57995,-1.39246
0.57638,-1.39262
0.57037,-1.39283
0.56078,-1.39300
0.54641,-1.39289
0.52582,-1.39195
0.49683,-1.38903
0.45627,-1.38182
0.40055,-1.36614
0.32828,-1.33646
0.24355,-1.28940
0.15372,-1.22628
0.05684,-1.14371
-0.46278,1.34267
-0.52084,1.35308
-0.54176,1.35585
-0.55551,1.35738
-0.56608,1.35839
-0.57483,1.35912
-0.58228,1.35966
-0.58860,1.36006
-0.59388,1.36035
-0.59819,1.36056
-0.60164,1.36071
-0.60438,1.36082
-0.60653,1.36090
-0.60823,1.36095
-0.60957,1.36099
-0.61063,1.36102
-0.61148,1.36105
-0.61216,1.36107
0.58595,-1.39214
0.58585,-1.39214
0.58572,-1.39215
0.58557,-1.39216
0.58537,-1.39217
0.58510,-1.39219
0.58473,-1.39221
0.58419,-1.39224
0.58336,-1.39229
0.58200,-1.39236
0.57966,-1.39248
0.57550,-1.39266
0.56824,-1.39288
0.55640,-1.39301
0.53844,-1.39264
0.51235,-1.39082
0.47487,-1.38557
0.42106,-1.37267
0.34536,-1.34438
0.24434,-1.28989
0.10865,-1.18973
-0.41234,1.33053
-0.48739,1.34756
-0.51807,1.35267
-0.53630,1.35518
-0.54911,1.35670
-0.55908,1.35774
-0.56737,1.35851
-0.57455,1.35910
-0.58086,1.35956
-0.58643,1.35993
-0.59128,1.36021
-0.59544,1.36043
-0.59894,1.36060
-0.60185,1.36072
-0.60423,1.36081
-0.60616,1.36088
-0.60772,1.36094
-0.60898,1.36098
-0.61000,1.36101
0.58611,-1.39213
0.58603,-1.39213
0.58593,-1.39214
0.58582,-1.39214
0.58567,-1.39215
0.58547,-1.39217
0.58521,-1.39218
0.58484,-1.39220
0.58430,-1.39223
0.58345,-1.39228
0.58200,-1.39236
0.57936,-1.39249
0.57437,-1.39270
0.56524,-1.39295
0.54994,-1.39296
0.52626,-1.39198
0.49073,-1.38818
0.43637,-1.37698
0.34619,-1.34475
0.19118,0.84283
-0.26187,1.27742
-0.41854,1.33218
-0.48088,1.34633
-0.51172,1.35170
-0.53039,1.35441
-0.54336,1.35604
-0.55328,1.35715
-0.56140,1.35796
-0.56837,1.35859
-0.57452,1.35910
-0.58004,1.35951
-0.58501,1.35984
-0.58946,1.36011
-0.59340,1.36033
-0.59683,1.36050
-0.59978,1.36063
-0.60227,1.36074
-0.60435,1.36082
-0.60607,1.36088
-0.60748,1.36093
0.58626,-1.39212
0.58620,-1.39212
0.58613,-1.39213
0.58604,-1.39213
0.58593,-1.39214
0.58579,-1.39215
0.58560,-1.39216
0.58536,-1.39217
0.58500,-1.39219
0.58447,-1.39222
0.58361,-1.39227
0.58206,-1.39236
0.57900,-1.39251
0.57265,-1.39276
0.56011,-1.39301
0.53775,-1.39261
0.49904,-1.38932
0.39526,-1.36432
0.21407,0.80004
-0.02994,1.13132
-0.25314,1.27352
-0.39823,1.32664
-0.46819,1.34380
-0.50325,1.35034
-0.52386,1.35351
-0.53774,1.35536
-0.54806,1.35658
-0.55629,1.35746
-0.56322,1.35813
-0.56928,1.35867
-0.57470,1.35911
-0.57962,1.35948
-0.58412,1.35978
-0.58822,1.36004
-0.59193,1.36025
-0.59525,1.36042
-0.59817,1.36056
-0.60070,1.36067
-0.60285,1.36076
-0.60467,1.36083
0.58641,-1.39211
0.58636,-1.39211
0.58631,-1.39211
0.58625,-1.39212
0.58617,-1.39212
0.58607,-1.39213
0.58595,-1.39214
0.58578,-1.39215
0.58555,-1.39216
0.58523,-1.39218
0.58472,-1.39221
0.58385,-1.39226
0.58217,-1.39235
0.57834,-1.39254
0.56874,-1.39287
0.54418,-1.39283
0.40400,0.35650
0.27177,0.68115
0.14397,0.92290
-0.02976,1.13116
-0.21816,1.25686
-0.36824,1.31763
-0.45106,1.34010
-0.49283,1.34854
-0.51656,1.35245
-0.53196,1.35462
-0.54303,1.35600
-0.55163,1.35697
-0.55870,1.35770
-0.56477,1.35828
-0.57014,1.35874
-0.57500,1.35913
-0.57947,1.35946
-0.58359,1.35975
-0.58740,1.35999
-0.59091,1.36019
-0.59410,1.36036
-0.59697,1.36051
-0.59949,1.36062
-0.60168,1.36071
0.58656,-1.39210
0.58653,-1.39210
0.58649,-1.39210
0.58645,-1.39211
0.58640,-1.39211
0.58634,-1.39211
0.58626,-1.39212
0.58616,-1.39212
0.58602,-1.39213
0.58583,-1.39214
0.58555,-1.39216
0.58509,-1.39219
0.58424,-1.39224
0.58230,-1.39234
0.57570,-1.39265
0.42621,0.29565
0.31782,0.57578
0.24125,0.74595
0.13963,0.92971
-0.00402,1.10751
-0.17451,1.23361
-0.33050,1.30487
-0.42923,1.33491
-0.48023,1.34621
-0.50828,1.35116
-0.52578,1.35378
-0.53796,1.35539
-0.54715,1.35648
-0.55453,1.35728
-0.56073,1.35790
-0.56614,1.35840
-0.57098,1.35881
-0.57540,1.35916
-0.57950,1.35947
-0.58332,1.35973
-0.58691,1.35996
-0.59024,1.36015
-0.59332,1.36032
-0.59611,1.36046
-0.59861,1.36058
0.58671,-1.39209
0.58669,-1.39209
0.58668,-1.39209
0.58666,-1.39209
0.58664,-1.39209
0.58661,-1.39210
0.58657,-1.39210
0.58652,-1.39210
0.58646,-1.39211
0.58637,-1.39211
0.58625,-1.39212
0.58606,-1.39213
0.58572,-1.39215
0.58499,-1.39219
0.58175,-1.39237
0.36635,0.45565
0.30631,0.60292
0.24230,0.74378
0.15615,0.90329
0.03212,1.07062
-0.12539,1.20373
-0.28517,1.28738
-0.40150,1.32756
-0.46471,1.34308
-0.49862,1.34956
-0.51897,1.35280
-0.53263,1.35471
-0.54264,1.35596
-0.55049,1.35685
-0.55695,1.35753
-0.56248,1.35806
-0.56737,1.35851
-0.57178,1.35888
-0.57585,1.35920
-0.57966,1.35948
-0.58325,1.35972
-0.58665,1.35994
-0.58984,1.36013
-0.59281,1.36030
-0.59554,1.36044
0.58686,-1.39208
0.58687,-1.39208
0.58687,-1.39208
0.58688,-1.39208
0.58689,-1.39208
0.58690,-1.39208
0.58690,-1.39208
0.58692,-1.39208
0.58693,-1.39208
0.58695,-1.39207
0.58698,-1.39207
0.58704,-1.39207
0.58718,-1.39206
0.58767,-1.39203
0.59935,-1.39114
0.37137,0.44273
0.31652,0.57887
0.25932,0.70809
0.18455,0.85474
0.07633,1.01880
-0.06981,1.16422
-0.23100,1.26316
-0.36530,1.31669
-0.44472,1.33865
-0.48679,1.34745
-0.51105,1.35160
-0.52673,1.35391
-0.53787,1.35538
-0.54637,1.35639
-0.55323,1.35714
-0.55899,1.35773
-0.56399,1.35820
-0.56846,1.35860
-0.57254,1.35894
-0.57633,1.35924
-0.57991,1.35950
-0.58332,1.35973
-0.58657,1.35994
-0.58964,1.36012
-0.59253,1.36028
0.58704,-1.39207
0.58706,-1.39207
0.58709,-1.39207
0.58713,-1.39206
0.58717,-1.39206
0.58722,-1.39206
0.58729,-1.39205
0.58738,-1.39205
0.58749,-1.39204
0.58766,-1.39203
0.58792,-1.39201
0.58838,-1.39198
0.58936,-1.39192
0.59233,-1.39171
0.61009,-1.39009
0.40524,0.35315
0.34225,0.51642
0.28845,0.64400
0.22302,0.78262
0.12979,0.94479
-0.00373,1.10723
-0.16421,1.22769
-0.31538,1.29930
-0.41668,1.33169
-0.47103,1.34438
-0.50109,1.34998
-0.51969,1.35291
-0.53243,1.35468
-0.54188,1.35587
-0.54931,1.35672
-0.55544,1.35737
-0.56067,1.35789
-0.56527,1.35832
-0.56942,1.35868
-0.57324,1.35900
-0.57682,1.35927
-0.58023,1.35952
-0.58349,1.35974
-0.58662,1.35994
-0.58961,1.36012
0.58723,-1.39206
0.58729,-1.39205
0.58735,-1.39205
0.58742,-1.39205
0.58751,-1.39204
0.58762,-1.39203
0.58776,-1.39202
0.58795,-1.39201
0.58822,-1.39199
0.58862,-1.39197
0.58926,-1.39192
0.59042,-1.39185
0.59282,-1.39167
0.59856,-1.39121
0.61380,-1.38967
0.66059,-1.38219
0.38849,0.39796
0.33027,0.54581
0.27204,0.68056
0.19444,0.83690
0.07888,1.01556
-0.07672,1.16951
-0.24169,1.26825
-0.37203,1.31882
-0.44692,1.33916
-0.48685,1.34746
-0.51021,1.35147
-0.52549,1.35374
-0.53641,1.35520
-0.54477,1.35621
-0.55150,1.35696
-0.55713,1.35755
-0.56199,1.35802
-0.56630,1.35841
-0.57022,1.35875
-0.57385,1.35904
-0.57729,1.35931
-0.58057,1.35954
-0.58373,1.35976
-0.58678,1.35995
0.58746,-1.39204
0.58755,-1.39204
0.58765,-1.39203
0.58777,-1.39202
0.58792,-1.39201
0.58811,-1.39200
0.58837,-1.39198
0.58871,-1.39196
0.58921,-1.39193
0.58996,-1.39188
0.59119,-1.39179
0.59333,-1.39163
0.59728,-1.39132
0.60473,-1.39064
0.61807,-1.38916
0.63978,-1.38601
0.67813,-1.37837
0.39632,0.37714
0.33463,0.53517
0.27140,0.68195
0.18200,0.85926
0.04555,1.05570
-0.12651,1.20447
-0.28995,1.28933
-0.40198,1.32769
-0.46218,1.34254
-0.49503,1.34893
-0.51508,1.35222
-0.52868,1.35418
-0.53866,1.35548
-0.54645,1.35640
-0.55281,1.35710
-0.55819,1.35765
-0.56286,1.35810
-0.56702,1.35848
-0.57081,1.35880
-0.57435,1.35908
-0.57769,1.35934
-0.58090,1.35957
-0.58400,1.35977
0.58774,-1.39203
0.58786,-1.39202
0.58801,-1.39201
0.58820,-1.39200
0.58844,-1.39198
0.58874,-1.39196
0.58915,-1.39193
0.58971,-1.39189
0.59053,-1.39184
0.59177,-1.39175
0.59374,-1.39160
0.59694,-1.39135
0.60221,-1.39088
0.61065,-1.39003
0.62327,-1.38848
0.64013,-1.38595
0.65983,-1.38234
0.68186,-1.37749
0.77705,-1.34743
0.36666,0.45487
0.30191,0.61315
0.21113,0.80568
0.06433,1.03365
-0.12391,1.20277
-0.29478,1.29129
-0.40581,1.32876
-0.46400,1.34293
-0.49582,1.34907
-0.51542,1.35227
-0.52884,1.35420
-0.53877,1.35549
-0.54657,1.35641
-0.55296,1.35712
-0.55837,1.35767
-0.56308,1.35812
-0.56727,1.35850
-0.57109,1.35882
-0.57463,1.35910
-0.57798,1.35936
-0.58118,1.35959
0.58807,-1.39200
0.58825,-1.39199
0.58847,-1.39198
0.58874,-1.39196
0.58908,-1.39194
0.58953,-1.39191
0.59014,-1.39186
0.59099,-1.39181
0.59222,-1.39172
0.59403,-1.39158
0.59678,-1.39136
0.60098,-1.39100
0.60734,-1.39038
0.61662,-1.38933
0.62938,-1.38763
0.64538,-1.38506
0.66333,-1.38163
0.68134,-1.37761
0.69759,-1.37352
0.71090,-1.36985
0.72635,-1.36522
0.40027,0.36654
0.32595,0.55626
0.21436,0.79948
0.01564,1.08801
-0.20584,1.25059
-0.36370,1.31617
-0.44515,1.33875
-0.48597,1.34729
-0.50943,1.35134
-0.52479,1.35364
-0.53588,1.35513
-0.54444,1.35617
-0.55140,1.35695
-0.55725,1.35756
-0.56232,1.35805
-0.56680,1.35846
-0.57084,1.35880
-0.57456,1.35910
-0.57803,1.35936
0.58847,-1.39198
0.58872,-1.39196
0.58902,-1.39194
0.58940,-1.39192
0.58989,-1.39188
0.59052,-1.39184
0.59137,-1.39178
0.59256,-1.39169
0.59423,-1.39157
0.59665,-1.39137
0.60018,-1.39107
0.60530,-1.39059
0.61265,-1.38980
0.62286,-1.38854
0.63633,-1.38657
0.65286,-1.38370
0.67165,-1.37984
0.69155,-1.37510
0.71150,-1.36968
0.73067,-1.36386
0.74834,-1.35799
0.76378,-1.35247
0.77591,-1.34787
0.78266,-1.34522
0.77885,-1.34672
0.45866,0.20372
0.26167,0.70304
-0.08895,1.17859
-0.34262,1.30914
-0.44687,1.33914
-0.49048,1.34812
-0.51358,1.35199
-0.52833,1.35413
-0.53897,1.35551
-0.54730,1.35650
-0.55415,1.35724
-0.56001,1.35783
-0.56514,1.35831
-0.56971,1.35871
-0.57385,1.35904
0.58897,-1.39194
0.58930,-1.39192
0.58970,-1.39189
0.59021,-1.39186
0.59085,-1.39181
0.59170,-1.39175
0.59283,-1.39167
0.59437,-1.39155
0.59651,-1.39138
0.59954,-1.39113
0.60381,-1.39073
0.60984,-1.39011
0.61821,-1.38914
0.62947,-1.38762
0.64396,-1.38531
0.66154,-1.38199
0.68165,-1.37754
0.70351,-1.37193
0.72632,-1.36523
0.74926,-1.35767
0.77141,-1.34960
0.79176,-1.34153
0.80946,-1.33400
0.82403,-1.32746
0.83541,-1.32212
0.84376,-1.31808
0.84906,-1.31546
0.85039,-1.31480
0.84236,-1.31876
0.79491,-1.34022
-0.09822,1.18526
-0.40586,1.32877
-0.48156,1.34646
-0.51137,1.35165
-0.52799,1.35409
-0.53938,1.35556
-0.54816,1.35659
-0.55541,1.35737
-0.56165,1.35799
-0.56715,1.35849
0.58957,-1.39190
0.58999,-1.39188
0.59051,-1.39184
0.59116,-1.39179
0.59198,-1.39173
0.59305,-1.39166
0.59446,-1.39155
0.59637,-1.39139
0.59899,-1.39117
0.60261,-1.39085
0.60764,-1.39035
0.61459,-1.38958
0.62403,-1.38838
0.63644,-1.38655
0.65208,-1.38385
0.67078,-1.38004
0.69204,-1.37497
0.71516,-1.36861
0.73929,-1.36106
0.76338,-1.35261
0.78617,-1.34381
0.80645,-1.33532
0.82344,-1.32773
0.83702,-1.32135
0.84754,-1.31621
0.85559,-1.31217
0.86173,-1.30903
0.86641,-1.30659
0.86988,-1.30476
0.87218,-1.30354
0.87278,-1.30321
0.86901,-1.30522
0.83301,-1.32326
-0.16729,1.22948
-0.44928,1.33970
-0.50239,1.35020
-0.52446,1.35360
-0.53775,1.35536
-0.54753,1.35652
-0.55553,1.35738
0.59027,-1.39186
0.59080,-1.39182
0.59144,-1.39177
0.59224,-1.39172
0.59324,-1.39164
0.59454,-1.39154
0.59624,-1.39141
0.59851,-1.39122
0.60160,-1.39094
0.60583,-1.39053
0.61165,-1.38991
0.61957,-1.38897
0.63012,-1.38752
0.64373,-1.38535
0.66048,-1.38221
0.68014,-1.37790
0.70217,-1.37229
0.72584,-1.36538
0.75023,-1.35733
0.77416,-1.34855
0.79627,-1.33966
0.81544,-1.33135
0.83111,-1.32416
0.84338,-1.31827
0.85277,-1.31360
0.85993,-1.30996
0.86544,-1.30710
0.86974,-1.30483
0.87317,-1.30300
0.87596,-1.30151
0.87823,-1.30028
0.88003,-1.29930
0.88124,-1.29864
0.88138,-1.29856
0.87803,-1.30039
0.83847,-1.32065
-0.31199,1.29802
-0.48116,1.34638
-0.51731,1.35256
-0.53439,1.35494
0.59108,-1.39180
0.59171,-1.39175
0.59248,-1.39170
0.59342,-1.39163
0.59460,-1.39154
0.59611,-1.39142
0.59810,-1.39125
0.60074,-1.39102
0.60432,-1.39068
0.60920,-1.39018
0.61584,-1.38943
0.62478,-1.38828
0.63649,-1.38655
0.65125,-1.38400
0.66899,-1.38043
0.68935,-1.37565
0.71175,-1.36961
0.73543,-1.36233
0.75945,-1.35405
0.78261,-1.34524
0.80364,-1.33653
0.82154,-1.32860
0.83598,-1.32185
0.84718,-1.31639
0.85573,-1.31211
0.86223,-1.30877
0.86725,-1.30615
0.87118,-1.30407
0.87434,-1.30238
0.87693,-1.30098
0.87911,-1.29980
0.88096,-1.29879
0.88256,-1.29792
0.88393,-1.29716
0.88505,-1.29654
0.88577,-1.29614
0.88552,-1.29628
0.88119,-1.29866
0.44982,0.22909
-0.42168,1.33299
0.59197,-1.39174
0.59270,-1.39168
0.59358,-1.39161
0.59466,-1.39153
0.59601,-1.39142
0.59774,-1.39128
0.60001,-1.39108
0.60304,-1.39081
0.60714,-1.39040
0.61271,-1.38980
0.62025,-1.38888
0.63025,-1.38750
0.64311,-1.38545
0.65892,-1.38252
0.67746,-1.37853
0.69824,-1.37335
0.72066,-1.36697
0.74398,-1.35948
0.76730,-1.35116
0.78945,-1.34248
0.80929,-1.33408
0.82601,-1.32654
0.83939,-1.32021
0.84975,-1.31512
0.85765,-1.31112
0.86369,-1.30801
0.86836,-1.30556
0.87204,-1.30361
0.87500,-1.30202
0.87743,-1.30071
0.87947,-1.29960
0.88121,-1.29866
0.88271,-1.29783
0.88403,-1.29711
0.88520,-1.29646
0.88625,-1.29587
0.88718,-1.29536
0.88795,-1.29493
0.88836,-1.29470
0.88763,-1.29511
0.59292,-1.39167
0.59374,-1.39160
0.59473,-1.39153
0.59594,-1.39143
0.59745,-1.39131
0.59940,-1.39114
0.60197,-1.39091
0.60541,-1.39058
0.61007,-1.39009
0.61639,-1.38936
0.62488,-1.38827
0.63599,-1.38663
0.64995,-1.38424
0.66668,-1.38092
0.68579,-1.37654
0.70673,-1.37103
0.72890,-1.36442
0.75164,-1.35684
0.77408,-1.34858
0.79515,-1.34013
0.81384,-1.33207
0.82948,-1.32492
0.84197,-1.31896
0.85164,-1.31417
0.85905,-1.31041
0.86473,-1.30747
0.86915,-1.30515
0.87264,-1.30329
0.87546,-1.30178
0.87778,-1.30052
0.87973,-1.29946
0.88138,-1.29856
0.88280,-1.29778
0.88404,-1.29710
0.88513,-1.29649
0.88611,-1.29595
0.88699,-1.29547
0.88780,-1.29501
0.88855,-1.29460
0.88923,-1.29421
0.59390,-1.39159
0.59480,-1.39152
0.59589,-1.39143
0.59722,-1.39132
0.59890,-1.39118
0.60108,-1.39099
0.60397,-1.39072
0.60786,-1.39033
0.61314,-1.38975
0.62029,-1.38888
0.62979,-1.38757
0.64199,-1.38564
0.65698,-1.38291
0.67445,-1.37922
0.69390,-1.37449
0.71477,-1.36873
0.73651,-1.36198
0.75852,-1.35439
0.78001,-1.34627
0.80001,-1.33808
0.81763,-1.33037
0.83231,-1.32359
0.84403,-1.31795
0.85314,-1.31342
0.86014,-1.30985
0.86553,-1.30705
0.86975,-1.30483
0.87310,-1.30304
0.87582,-1.30159
0.87806,-1.30037
0.87994,-1.29935
0.88153,-1.29848
0.88291,-1.29772
0.88409,-1.29707
0.88513,-1.29649
0.88605,-1.29599
0.88686,-1.29554
0.88759,-1.29513
0.88826,-1.29475
0.88889,-1.29441
0.59488,-1.39151
0.59586,-1.39144
0.59703,-1.39134
0.59849,-1.39122
0.60035,-1.39105
0.60277,-1.39083
0.60602,-1.39051
0.61041,-1.39005
0.61638,-1.38936
0.62443,-1.38833
0.63498,-1.38678
0.64826,-1.38455
0.66414,-1.38146
0.68216,-1.37742
0.70174,-1.37241
0.72235,-1.36646
0.74352,-1.35964
0.76473,-1.35212
0.78526,-1.34418
0.80424,-1.33627
0.82087,-1.32890
0.83471,-1.32246
0.84576,-1.31709
0.85438,-1.31279
0.86104,-1.30939
0.86619,-1.30670
0.87024,-1.30457
0.87348,-1.30284
0.87611,-1.30143
0.87828,-1.30025
0.88011,-1.29925
0.88167,-1.29840
0.88301,-1.29767
0.88416,-1.29703
0.88517,-1.29647
0.88605,-1.29598
0.88683,-1.29555
0.88752,-1.29517
0.88813,-1.29483
0.88869,-1.29452
