-1.62249,-0.03769
-1.62234,-0.03609
-1.62216,-0.03430
-1.62194,-0.03226
-1.62167,-0.02988
-1.62134,-0.02706
-1.62093,-0.02370
-1.62043,-0.01964
-1.61981,-0.01470
-1.61903,-0.00863
-1.61802,-0.00108
-1.61672,0.00839
-1.61500,0.02038
-1.61269,0.03563
-1.60957,0.05502
-1.60534,0.07944
-1.59966,0.10955
-1.59221,0.14550
-1.58275,0.18677
-1.57120,0.23233
-1.55753,0.28132
-1.54167,0.33360
-1.52323,0.39010
-1.50148,0.45286
-1.47541,0.52441
-1.44404,0.60655
-1.40705,0.69812
-1.36532,0.79323
-1.32097,0.88297
-1.27667,0.96029
-1.23480,1.02286
-1.19680,1.07201
-1.16306,1.11048
-1.13330,1.14098
-1.10684,1.16574
-1.08293,1.18640
-1.06090,1.20414
-1.04018,1.21978
-1.02034,1.23386
-1.00108,1.24674
-1.62231,-0.03896
-1.62220,-0.03699
-1.62204,-0.03494
-1.62184,-0.03271
-1.62158,-0.03020
-1.62126,-0.02730
-1.62086,-0.02388
-1.62037,-0.01979
-1.61976,-0.01484
-1.61898,-0.00876
-1.61798,-0.00122
-1.61668,0.00827
-1.61495,0.02031
-1.61262,0.03570
-1.60945,0.05538
-1.60512,0.08032
-1.59926,0.11128
-1.59150,0.14845
-1.58158,0.19133
-1.56937,0.23889
-1.55483,0.29026
-1.53784,0.34539
-1.51795,0.40539
-1.49438,0.47242
-1.46612,0.54890
-1.43233,0.63592
-1.39305,0.73084
-1.34952,0.82636
-1.30407,0.91365
-1.25932,0.98713
-1.21739,1.04596
-1.17938,1.09219
-1.14548,1.12862
-1.11529,1.15783
-1.08814,1.18181
-1.06334,1.20203
-1.04029,1.21951
-1.01850,1.23495
-0.99763,1.24881
-0.97745,1.26140
-1.62167,-0.04216
-1.62178,-0.03931
-1.62174,-0.03664
-1.62160,-0.03397
-1.62139,-0.03113
-1.62110,-0.02799
-1.62073,-0.02440
-1.62026,-0.02019
-1.61965,-0.01515
-1.61889,-0.00901
-1.61789,-0.00141
-1.61659,0.00814
-1.61486,0.02029
-1.61250,0.03588
-1.60927,0.05593
-1.60481,0.08149
-1.59873,0.11343
-1.59062,0.15200
-1.58015,0.19670
-1.56719,0.24648
-1.55166,0.30049
-1.53338,0.35880
-1.51187,0.42267
-1.48629,0.49434
-1.45565,0.57598
-1.41936,0.66770
-1.37778,0.76525
-1.33248,0.86028
-1.28591,0.94459
-1.24057,1.01425
-1.19829,1.06967
-1.15991,1.11334
-1.12548,1.14802
-1.09453,1.17609
-1.06646,1.19934
-1.04063,1.21904
-1.01654,1.23609
-0.99380,1.25107
-0.97215,1.26440
-0.95142,1.27634
-1.61769,-0.04941
-1.61969,-0.04470
-1.62050,-0.04066
-1.62080,-0.03698
-1.62082,-0.03339
-1.62068,-0.02970
-1.62039,-0.02569
-1.61998,-0.02116
-1.61941,-0.01587
-1.61867,-0.00953
-1.61769,-0.00176
-1.61639,0.00796
-1.61464,0.02032
-1.61225,0.03622
-1.60894,0.05676
-1.60434,0.08309
-1.59800,0.11618
-1.58945,0.15636
-1.57836,0.20314
-1.56452,0.25543
-1.54785,0.31240
-1.52811,0.37424
-1.50477,0.44236
-1.47697,0.51903
-1.44382,0.60596
-1.40494,0.70203
-1.36103,0.80138
-1.31391,0.89511
-1.26606,0.97611
-1.21983,1.04211
-1.17681,1.09447
-1.13765,1.13588
-1.10231,1.16899
-1.07036,1.19595
-1.04124,1.21834
-1.01443,1.23729
-0.98951,1.25357
-0.96618,1.26773
-0.94422,1.28012
-0.92350,1.29101
-1.48533,-0.07465
-1.59249,-0.05689
-1.61051,-0.04934
-1.61597,-0.04351
-1.61808,-0.03838
-1.61894,-0.03350
-1.61919,-0.02858
-1.61908,-0.02334
-1.61870,-0.01748
-1.61807,-0.01067
-1.61716,-0.00249
-1.61589,0.00761
-1.61414,0.02038
-1.61170,0.03679
-1.60830,0.05801
-1.60351,0.08534
-1.59685,0.11985
-1.58780,0.16195
-1.57595,0.21112
-1.56108,0.26627
-1.54308,0.32656
-1.52169,0.39230
-1.49632,0.46506
-1.46613,0.54699
-1.43034,0.63916
-1.38880,0.73903
-1.34246,0.83931
-1.29332,0.93108
-1.24386,1.00868
-1.19630,1.07127
-1.15205,1.12086
-1.11169,1.16019
-1.07518,1.19172
-1.04213,1.21738
-1.01210,1.23860
-0.98463,1.25638
-0.95937,1.27144
-0.93604,1.28431
-0.91443,1.29535
-0.89440,1.30485
-0.37065,-0.55519
-0.45982,-0.40444
-0.80344,-0.19755
-1.46110,-0.06877
-1.58057,-0.04961
-1.60408,-0.04131
-1.61156,-0.03446
-1.61449,-0.02778
-1.61561,-0.02077
-1.61579,-0.01300
-1.61534,-0.00398
-1.61433,0.00690
-1.61271,0.02045
-1.61031,0.03772
-1.60683,0.05999
-1.60185,0.08869
-1.59481,0.12501
-1.58514,0.16944
-1.57239,0.22144
-1.55633,0.27983
-1.53681,0.34382
-1.51358,0.41381
-1.48604,0.49146
-1.45337,0.57873
-1.41486,0.67585
-1.37055,0.77879
-1.32155,0.87920
-1.26997,0.96861
-1.21834,1.04289
-1.16884,1.10232
-1.12287,1.14929
-1.08102,1.18647
-1.04331,1.21613
-1.00943,1.24006
-0.97898,1.25956
-0.95151,1.27563
-0.92666,1.28896
-0.90411,1.30011
-0.88360,1.30947
-0.86492,1.31736
-0.23371,-0.79448
-0.28149,-0.71581
-0.33135,-0.62675
-0.38695,-0.52207
-0.46065,-0.39703
-0.66155,-0.23590
-1.26893,-0.08250
-1.52618,-0.04082
-1.58142,-0.02751
-1.59809,-0.01723
-1.60434,-0.00648
-1.60657,0.00589
-1.60666,0.02086
-1.60519,0.03960
-1.60217,0.06352
-1.59729,0.09419
-1.59003,0.13290
-1.57981,0.18020
-1.56616,0.23548
-1.54885,0.29749
-1.52779,0.36542
-1.50276,0.43975
-1.47314,0.52220
-1.43808,0.61452
-1.39690,0.71603
-1.34962,0.82135
-1.29746,0.92136
-1.24270,1.00833
-1.18809,1.07945
-1.13600,1.13583
-1.08796,1.18002
-1.04468,1.21461
-1.00622,1.24178
-0.97225,1.26327
-0.94227,1.28040
-0.91576,1.29418
-0.89224,1.30536
-0.87128,1.31449
-0.85255,1.32201
-0.83576,1.32823
-0.12919,-0.94268
-0.17838,-0.87655
-0.22254,-0.81136
-0.26347,-0.74547
-0.30344,-0.67602
-0.34453,-0.59982
-0.38833,-0.51514
-0.43919,-0.42128
-0.51720,-0.31310
-0.72823,-0.18466
-1.16428,-0.06516
-1.43118,-0.00889
-1.52309,0.01891
-1.55633,0.04301
-1.56911,0.07050
-1.57251,0.10435
-1.56996,0.14630
-1.56244,0.19700
-1.55019,0.25578
-1.53340,0.32129
-1.51225,0.39275
-1.48665,0.47078
-1.45599,0.55728
-1.41931,0.65389
-1.37570,0.75923
-1.32509,0.86664
-1.26882,0.96630
-1.20972,1.05105
-1.15113,1.11910
-1.09595,1.17213
-1.04602,1.21286
-1.00206,1.24395
-0.96397,1.26769
-0.93115,1.28593
-0.90287,1.30007
-0.87839,1.31116
-0.85706,1.31996
-0.83838,1.32702
-0.82191,1.33273
-0.80735,1.33739
-0.03588,-1.05255
-0.08773,-0.99356
-0.13534,-0.93442
-0.17820,-0.87639
-0.21693,-0.81942
-0.25265,-0.76259
-0.28656,-0.70460
-0.31971,-0.64411
-0.35283,-0.58016
-0.38628,-0.51270
-0.42065,-0.44248
-0.45834,-0.36959
-0.50554,-0.29234
-0.57885,-0.20751
-0.71726,-0.11014
-0.94901,0.00004
-1.19768,0.10616
-1.36249,0.19504
-1.44084,0.27240
-1.46821,0.34665
-1.46896,0.42265
-1.45456,0.50386
-1.42942,0.59362
-1.39454,0.69426
-1.34968,0.80398
-1.29518,0.91457
-1.23327,1.01485
-1.16820,1.09777
-1.10481,1.16235
-1.04684,1.21095
-0.99625,1.24683
-0.95333,1.27312
-0.91737,1.29244
-0.88726,1.30680
-0.86192,1.31762
-0.84039,1.32592
-0.82192,1.33238
-0.80593,1.33750
-0.79200,1.34159
-0.77979,1.34491
0.03759,-1.12752
-0.01256,-1.07718
-0.06113,-1.02420
-0.10632,-0.97074
-0.14743,-0.91812
-0.18472,-0.86661
-0.21893,-0.81570
-0.25093,-0.76453
-0.28146,-0.71221
-0.31104,-0.65807
-0.33994,-0.60178
-0.36822,-0.54344
-0.39584,-0.48333
-0.42301,-0.42150
-0.45052,-0.35718
-0.48020,-0.28821
-0.51614,-0.21065
-0.56876,-0.11769
-0.66852,0.00313
-0.87688,0.16822
-1.15383,0.35196
-1.31726,0.49566
-1.36325,0.61127
-1.35321,0.72580
-1.31414,0.84645
-1.25608,0.96500
-1.18651,1.06828
-1.11400,1.14933
-1.04617,1.20881
-0.98746,1.25082
-0.93891,1.27999
-0.89958,1.30026
-0.86776,1.31455
-0.84181,1.32483
-0.82036,1.33241
-0.80239,1.33812
-0.78713,1.34252
-0.77405,1.34598
-0.76272,1.34874
-0.75286,1.35096
0.09462,-1.17961
0.04720,-1.13651
-0.00081,-1.08915
-0.04721,-1.03958
-0.09047,-0.98967
-0.13000,-0.94055
-0.16605,-0.89242
-0.19929,-0.84478
-0.23056,-0.79674
-0.26058,-0.74731
-0.28985,-0.69570
-0.31859,-0.64143
-0.34679,-0.58444
-0.37430,-0.52494
-0.40105,-0.46304
-0.42719,-0.39835
-0.45325,-0.32978
-0.48040,-0.25543
-0.51124,-0.17221
-0.55267,-0.07447
-0.62578,0.05077
-0.78944,0.23302
-1.06406,0.48075
-1.23548,0.70127
-1.25214,0.87319
-1.19913,1.01663
-1.12124,1.12763
-1.04189,1.20523
-0.97315,1.25616
-0.91817,1.28877
-0.87549,1.30973
-0.84239,1.32351
-0.81637,1.33286
-0.79555,1.33943
-0.77855,1.34420
-0.76444,1.34776
-0.75254,1.35049
-0.74237,1.35263
-0.73361,1.35434
-0.72601,1.35572
0.14268,-1.21953
0.09781,-1.18224
0.05059,-1.13956
0.00319,-1.09307
-0.04234,-1.04475
-0.08466,-0.99633
-0.12334,-0.94875
-0.15874,-0.90204
-0.19160,-0.85557
-0.22279,-0.80832
-0.25304,-0.75916
-0.28288,-0.70713
-0.31250,-0.65161
-0.34181,-0.59248
-0.37050,-0.53004
-0.39828,-0.46466
-0.42500,-0.39645
-0.45082,-0.32496
-0.47634,-0.24913
-0.50307,-0.16695
-0.53485,-0.07413
-0.58266,0.04008
-0.68136,0.20556
-0.90002,0.48566
-1.10486,0.82841
-1.10572,1.06134
-1.02684,1.19124
-0.94763,1.26140
-0.88600,1.29952
-0.84080,1.32098
-0.80760,1.33367
-0.78269,1.34161
-0.76350,1.34683
-0.74834,1.35043
-0.73607,1.35302
-0.72593,1.35494
-0.71742,1.35642
-0.71017,1.35759
-0.70393,1.35853
-0.69852,1.35930
0.18622,-1.25256
0.14412,-1.22055
0.09815,-1.18241
0.05012,-1.13897
0.00226,-1.09196
-0.04338,-1.04341
-0.08562,-0.99497
-0.12420,-0.94738
-0.15961,-0.90050
-0.19270,-0.85351
-0.22438,-0.80525
-0.25540,-0.75444
-0.28625,-0.70005
-0.31705,-0.64144
-0.34755,-0.57862
-0.37727,-0.51215
-0.40572,-0.44274
-0.43259,-0.37086
-0.45791,-0.29645
-0.48220,-0.21867
-0.50682,-0.13534
-0.53510,-0.04105
-0.57611,0.07844
-0.65877,0.26614
-0.83988,0.63775
-0.94839,1.07272
-0.89292,1.24994
-0.83030,1.30887
-0.78643,1.33273
-0.75644,1.34413
-0.73528,1.35028
-0.71980,1.35392
-0.70811,1.35623
-0.69899,1.35779
-0.69169,1.35890
-0.68571,1.35974
-0.68069,1.36039
-0.67642,1.36091
-0.67273,1.36134
-0.66952,1.36171
0.22702,-1.28076
0.18820,-1.25387
0.14439,-1.22064
0.09673,-1.18104
0.04720,-1.13608
-0.00178,-1.08765
-0.04818,-1.03791
-0.09092,-0.98843
-0.12993,-0.93978
-0.16586,-0.89159
-0.19966,-0.84285
-0.23228,-0.79221
-0.26446,-0.73831
-0.29659,-0.68009
-0.32865,-0.61711
-0.36016,-0.54968
-0.39046,-0.47877
-0.41890,-0.40542
-0.44518,-0.33025
-0.46940,-0.25310
-0.49223,-0.17256
-0.51515,-0.08474
-0.54141,0.02027
-0.57927,0.17090
-0.65116,0.47143
-0.73210,1.03773
-0.71619,1.28650
-0.69043,1.33618
-0.67376,1.35028
-0.66312,1.35577
-0.65610,1.35838
-0.65132,1.35980
-0.64797,1.36066
-0.64554,1.36123
-0.64370,1.36164
-0.64224,1.36196
-0.64102,1.36222
-0.63995,1.36244
-0.63899,1.36264
-0.63810,1.36281
0.26554,-1.30485
0.23048,-1.28290
0.18986,-1.25494
0.14399,-1.22019
0.09418,-1.17869
0.04269,-1.13165
-0.00786,-1.08121
-0.05542,-1.02964
-0.09902,-0.97843
-0.13881,-0.92797
-0.17560,-0.87765
-0.21043,-0.82621
-0.24431,-0.77214
-0.27790,-0.71398
-0.31147,-0.65080
-0.34472,-0.58249
-0.37692,-0.50989
-0.40721,-0.43439
-0.43498,-0.35715
-0.46003,-0.27848
-0.48266,-0.19730
-0.50361,-0.11004
-0.52381,-0.00744
-0.54315,0.13715
-0.54918,0.42759
-0.50732,1.03002
-0.51013,1.28696
-0.52975,1.33379
-0.54534,1.34744
-0.55724,1.35318
-0.56661,1.35618
-0.57422,1.35798
-0.58054,1.35916
-0.58583,1.36000
-0.59028,1.36063
-0.59400,1.36111
-0.59710,1.36150
-0.59967,1.36183
-0.60177,1.36210
-0.60347,1.36233
0.30179,-1.32521
0.27077,-1.30780
0.23415,-1.28515
0.19153,-1.25599
0.14328,-1.21948
0.09096,-1.17573
0.03715,-1.12618
-0.01531,-1.07325
-0.06430,-1.01935
-0.10903,-0.96591
-0.14984,-0.91306
-0.18772,-0.85992
-0.22385,-0.80495
-0.25922,-0.74646
-0.29440,-0.68298
-0.32941,-0.61383
-0.36361,-0.53946
-0.39600,-0.46129
-0.42565,-0.38084
-0.45207,-0.29882
-0.47520,-0.21419
-0.49509,-0.12293
-0.51047,-0.01397
-0.51142,0.14755
-0.43542,0.50691
-0.28910,1.07739
-0.31441,1.25328
-0.36531,1.30078
-0.40752,1.32203
-0.44065,1.33404
-0.46679,1.34161
-0.48771,1.34671
-0.50473,1.35031
-0.51872,1.35293
-0.53033,1.35490
-0.54000,1.35641
-0.54808,1.35758
-0.55483,1.35851
-0.56047,1.35925
-0.56517,1.35985
0.33572,-1.34213
0.30877,-1.32873
0.27661,-1.31104
0.23835,-1.28769
0.19352,-1.25725
0.14261,-1.21878
0.08743,-1.17246
0.03095,-1.12000
-0.02371,-1.06415
-0.07439,-1.00748
-0.12045,-0.95130
-0.16249,-0.89550
-0.20170,-0.83882
-0.23934,-0.77943
-0.27638,-0.71545
-0.31322,-0.64552
-0.34947,-0.56940
-0.38414,-0.48816
-0.41602,-0.40342
-0.44416,-0.31603
-0.46794,-0.22467
-0.48598,-0.12361
-0.49150,0.00466
-0.44399,0.22649
-0.21317,0.73415
-0.11775,1.09907
-0.16899,1.20315
-0.22853,1.25099
-0.28142,1.28048
-0.32656,1.30063
-0.36459,1.31499
-0.39648,1.32547
-0.42323,1.33326
-0.44573,1.33913
-0.46468,1.34362
-0.48067,1.34709
-0.49417,1.34980
-0.50557,1.35194
-0.51518,1.35363
-0.52326,1.35498
0.36736,-1.35598
0.34433,-1.34594
0.31672,-1.33262
0.28344,-1.31475
0.24347,-1.29076
0.19628,-1.25903
0.14241,-1.21843
0.08399,-1.16921
0.02443,-1.11340
-0.03279,-1.05413
-0.08543,-0.99416
-0.13307,-0.93468
-0.17656,-0.87522
-0.21731,-0.81411
-0.25666,-0.74918
-0.29546,-0.67838
-0.33375,-0.60057
-0.37070,-0.51596
-0.40484,-0.42569
-0.43450,-0.33019
-0.45745,-0.22671
-0.46707,-0.10403
-0.43019,0.07940
-0.20527,0.47328
0.00713,0.91359
-0.01798,1.07823
-0.07599,1.15382
-0.13224,1.20118
-0.18384,1.23518
-0.23063,1.26101
-0.27264,1.28109
-0.30998,1.29684
-0.34288,1.30925
-0.37167,1.31906
-0.39672,1.32682
-0.41841,1.33299
-0.43712,1.33790
-0.45318,1.34182
-0.46691,1.34495
-0.47862,1.34747
0.39683,-1.36711
0.37745,-1.35982
0.35424,-1.35015
0.32611,-1.33706
0.29180,-1.31918
0.25013,-1.29470
0.20043,-1.26172
0.14329,-1.21887
0.08113,-1.16639
0.01792,-1.10663
-0.04236,-1.04325
-0.09737,-0.97924
-0.14689,-0.91564
-0.19207,-0.85152
-0.23452,-0.78469
-0.27556,-0.71252
-0.31569,-0.63279
-0.35427,-0.54428
-0.38931,-0.44651
-0.41688,-0.33749
-0.42658,-0.20787
-0.37471,-0.02072
-0.12065,0.33477
0.10747,0.73359
0.09574,0.93659
0.03942,1.04376
-0.01628,1.11082
-0.06726,1.15806
-0.11421,1.19401
-0.15784,1.22270
-0.19850,1.24615
-0.23624,1.26553
-0.27100,1.28159
-0.30274,1.29490
-0.33143,1.30589
-0.35714,1.31494
-0.37996,1.32235
-0.40005,1.32842
-0.41760,1.33337
-0.43281,1.33740
0.42433,-1.37592
0.40831,-1.37081
0.38920,-1.36404
0.36604,-1.35490
0.33761,-1.34228
0.30249,-1.32466
0.25924,-1.29997
0.20694,-1.26592
0.14610,-1.22072
0.07946,-1.16445
0.01171,-1.09986
-0.05243,-1.03126
-0.11038,-0.96200
-0.16211,-0.89289
-0.20904,-0.82231
-0.25271,-0.74723
-0.29367,-0.66409
-0.33011,-0.56909
-0.35466,-0.45648
-0.34083,-0.31030
-0.19641,-0.08123
0.10664,0.25737
0.22871,0.55416
0.19910,0.76593
0.13822,0.91046
0.07877,1.00672
0.02589,1.07291
-0.02125,1.12121
-0.06420,1.15855
-0.10415,1.18876
-0.14180,1.21396
-0.17749,1.23538
-0.21131,1.25373
-0.24320,1.26951
-0.27303,1.28303
-0.30068,1.29458
-0.32601,1.30436
-0.34896,1.31260
-0.36952,1.31949
-0.38774,1.32522
0.45018,-1.38274
0.43723,-1.37931
0.42188,-1.37481
0.40335,-1.36874
0.38060,-1.36037
0.35227,-1.34855
0.31673,-1.33162
0.27217,-1.30720
0.21724,-1.27243
0.15210,-1.22478
0.07975,-1.16386
0.00597,-1.09279
-0.06328,-1.01689
-0.12480,-0.93999
-0.17842,-0.86218
-0.22459,-0.77990
-0.25984,-0.68589
-0.26259,-0.56364
-0.14120,-0.36577
0.16559,-0.07589
0.33796,0.15937
0.35186,0.35561
0.30469,0.55274
0.23749,0.73172
0.17035,0.87012
0.11072,0.96830
0.05917,1.03761
0.01406,1.08844
-0.02639,1.12759
-0.06359,1.15915
-0.09849,1.18551
-0.13169,1.20809
-0.16352,1.22776
-0.19410,1.24505
-0.22340,1.26028
-0.25129,1.27366
-0.27759,1.28536
-0.30209,1.29550
-0.32464,1.30421
-0.34512,1.31163
0.47472,-1.38787
0.46463,-1.38571
0.45274,-1.38290
0.43846,-1.37915
0.42099,-1.37399
0.39921,-1.36671
0.37166,-1.35616
0.33639,-1.34054
0.29110,-1.31713
0.23358,-1.28222
0.16317,-1.23191
0.08293,-1.16457
0.00056,-1.08357
-0.07517,-0.99549
-0.13826,-0.90325
-0.17959,-0.79867
-0.14572,-0.64122
0.12719,-0.34079
0.38140,-0.08032
0.44267,0.06105
0.43591,0.18510
0.39813,0.33229
0.33860,0.50600
0.26835,0.67939
0.19988,0.82256
0.13953,0.92783
0.08788,1.00294
0.04335,1.05778
0.00407,1.09955
-0.03148,1.13281
-0.06443,1.16033
-0.09556,1.18382
-0.12540,1.20433
-0.15426,1.22253
-0.18226,1.23882
-0.20941,1.25344
-0.23557,1.26652
-0.26055,1.27815
-0.28411,1.28841
-0.30605,1.29735
0.49840,-1.39156
0.49101,-1.39032
0.48236,-1.38872
0.47202,-1.38662
0.45942,-1.38377
0.44375,-1.37976
0.42388,-1.37395
0.39821,-1.36525
0.36447,-1.35182
0.31957,-1.33051
0.25982,-1.29633
0.18262,-1.24263
0.09087,-1.16434
-0.00261,-1.06269
-0.07331,-0.93667
-0.03338,-0.72637
0.28292,-0.33904
0.45649,-0.11380
0.48805,-0.00977
0.48274,0.07374
0.46021,0.16907
0.42138,0.29344
0.36524,0.45058
0.29727,0.62007
0.22858,0.76992
0.16698,0.88462
0.11426,0.96752
0.06924,1.02776
0.03012,1.07306
-0.00472,1.10858
-0.03653,1.13755
-0.06622,1.16202
-0.09446,1.18327
-0.12172,1.20212
-0.14828,1.21910
-0.17427,1.23451
-0.19969,1.24854
-0.22442,1.26127
-0.24824,1.27274
-0.27091,1.28297
0.52169,-1.39396
0.51695,-1.39333
0.51142,-1.39254
0.50483,-1.39153
0.49681,-1.39018
0.48686,-1.38833
0.47422,-1.38567
0.45783,-1.38168
0.43604,-1.37545
0.40630,-1.36519
0.36454,-1.34738
0.30464,-1.31491
0.22022,-1.25412
0.11756,-1.14132
0.08200,-0.90601
0.34357,-0.42500
0.49221,-0.16774
0.51545,-0.06738
0.51150,0.00019
0.49731,0.06634
0.47413,0.14662
0.43897,0.25402
0.38852,0.39527
0.32473,0.55831
0.25681,0.71336
0.19390,0.83817
0.13953,0.93030
0.09330,0.99724
0.05358,1.04701
0.01871,1.08545
-0.01264,1.11631
-0.04148,1.14200
-0.06861,1.16407
-0.09460,1.18353
-0.11986,1.20104
-0.14465,1.21701
-0.16909,1.23169
-0.19316,1.24519
-0.21674,1.25758
-0.23961,1.26884
0.54514,-1.39515
0.54308,-1.39484
0.54066,-1.39448
0.53777,-1.39405
0.53424,-1.39351
0.52982,-1.39281
0.52416,-1.39184
0.51674,-1.39043
0.50679,-1.38823
0.49305,-1.38455
0.47335,-1.37777
0.44372,-1.36366
0.39721,-1.32838
0.33390,-1.20822
0.39619,-0.72000
0.52624,-0.27401
0.54256,-0.13352
0.53587,-0.06149
0.52361,-0.00508
0.50736,0.05261
0.48532,0.12278
0.45399,0.21655
0.40936,0.34255
0.35076,0.49625
0.28475,0.65347
0.22089,0.78784
0.16460,0.89020
0.11663,0.96510
0.07570,1.02040
0.04020,1.06251
0.00874,1.09578
-0.01980,1.12306
-0.04628,1.14618
-0.07138,1.16635
-0.09560,1.18438
-0.11932,1.20080
-0.14275,1.21596
-0.16600,1.23002
-0.18904,1.24308
-0.21172,1.25515
0.56933,-1.39510
0.57005,-1.39483
0.57086,-1.39453
0.57179,-1.39418
0.57285,-1.39377
0.57405,-1.39326
0.57543,-1.39260
0.57707,-1.39170
0.57911,-1.39036
0.58192,-1.38815
0.58627,-1.38399
0.59403,-1.37461
0.61026,-1.34650
0.64651,-1.21251
0.65333,-0.63796
0.60193,-0.26282
0.57187,-0.13955
0.55179,-0.07188
0.53472,-0.01860
0.51712,0.03470
0.49604,0.09774
0.46794,0.18039
0.42865,0.29207
0.37576,0.43411
0.31284,0.58984
0.24871,0.73229
0.19044,0.84560
0.14028,0.92988
0.09759,0.99198
0.06091,1.03874
0.02879,1.07513
0.00006,1.10449
-0.02624,1.12898
-0.05084,1.15007
-0.07435,1.16873
-0.09720,1.18562
-0.11974,1.20118
-0.14215,1.21568
-0.16450,1.22924
-0.18676,1.24193
0.59485,-1.39372
0.59854,-1.39317
0.60281,-1.39251
0.60779,-1.39170
0.61371,-1.39069
0.62083,-1.38938
0.62960,-1.38762
0.64066,-1.38515
0.65510,-1.38147
0.67475,-1.37561
0.70295,-1.36538
0.74578,-1.34534
0.81359,-1.29931
0.90888,-1.16648
0.89049,-0.75427
0.69876,-0.33350
0.61174,-0.17504
0.57341,-0.09687
0.54929,-0.04070
0.52909,0.01152
0.50802,0.06982
0.48226,0.14338
0.44768,0.24169
0.40076,0.37018
0.34217,0.52035
0.27876,0.66853
0.21861,0.79336
0.16580,0.88890
0.12070,0.95968
0.08215,1.01255
0.04875,1.05313
0.01925,1.08532
-0.00737,1.11172
-0.03193,1.13410
-0.05508,1.15362
-0.07737,1.17111
-0.09920,1.18712
-0.12085,1.20201
-0.14251,1.21599
-0.16421,1.22916
0.62230,-1.39076
0.62920,-1.38957
0.63718,-1.38809
0.64652,-1.38622
0.65762,-1.38382
0.67100,-1.38064
0.68745,-1.37631
0.70809,-1.37022
0.73461,-1.36131
0.76954,-1.34769
0.81658,-1.32589
0.88039,-1.28936
0.96428,-1.22563
1.05950,-1.11036
1.10011,-0.89080
0.91571,-0.52580
0.70508,-0.26436
0.61650,-0.14645
0.57453,-0.07676
0.54725,-0.02069
0.52388,0.03577
0.49901,0.10221
0.46824,0.18798
0.42740,0.30101
0.37460,0.44063
0.31354,0.59049
0.25198,0.72695
0.19597,0.83652
0.14751,0.91917
0.10609,0.98076
0.07048,1.02744
0.03939,1.06384
0.01173,1.09313
-0.01339,1.11747
-0.03672,1.13834
-0.05885,1.15674
-0.08028,1.17338
-0.10139,1.18874
-0.12244,1.20314
-0.14358,1.21673
0.65219,-1.38592
0.66253,-1.38366
0.67447,-1.38085
0.68839,-1.37727
0.70483,-1.37265
0.72452,-1.36655
0.74842,-1.35834
0.77780,-1.34702
0.81432,-1.33107
0.85997,-1.30814
0.91666,-1.27474
0.98522,-1.22601
1.06340,-1.15578
1.14280,-1.05761
1.20193,-0.92566
1.17844,-0.74257
0.97081,-0.48087
0.74501,-0.26299
0.63647,-0.14589
0.58388,-0.07235
0.55046,-0.01136
0.52256,0.05143
0.49343,0.12617
0.45806,0.22206
0.41259,0.34467
0.35668,0.48835
0.29541,0.63379
0.23598,0.76072
0.18281,0.86077
0.13689,0.93619
0.09750,0.99287
0.06342,1.03628
0.03351,1.07046
0.00679,1.09821
-0.01757,1.12143
-0.04026,1.14146
-0.06186,1.15922
-0.08284,1.17536
-0.10357,1.19033
-0.12429,1.20442
0.68487,-1.37881
0.69880,-1.37505
0.71477,-1.37036
0.73324,-1.36445
0.75481,-1.35689
0.78023,-1.34708
0.81041,-1.33417
0.84637,-1.31698
0.88918,-1.29391
0.93961,-1.26285
0.99770,-1.22127
1.06215,-1.16644
1.12978,-1.09607
1.19528,-1.00973
1.25068,-0.91061
1.28264,-0.80349
1.25939,-0.68242
1.11582,-0.51877
0.87830,-0.32719
0.70859,-0.18638
0.62102,-0.09524
0.57057,-0.02377
0.53346,0.04622
0.49871,0.12660
0.45966,0.22684
0.41197,0.35182
0.35523,0.49519
0.29418,0.63855
0.23527,0.76340
0.18245,0.86225
0.13660,0.93723
0.09708,0.99386
0.06276,1.03739
0.03256,1.07172
0.00557,1.09959
-0.01902,1.12289
-0.04188,1.14293
-0.06359,1.16067
-0.08463,1.17677
-0.10539,1.19167
0.72042,-1.36906
0.73786,-1.36337
0.75764,-1.35637
0.78021,-1.34766
0.80612,-1.33673
0.83597,-1.32290
0.87042,-1.30527
0.91005,-1.28270
0.95521,-1.25380
1.00579,-1.21701
1.06094,-1.17068
1.11902,-1.11340
1.17755,-1.04455
1.23335,-0.96544
1.28285,-0.88018
1.32230,-0.79461
1.34717,-0.71290
1.34896,-0.63452
1.30907,-0.55208
1.19792,-0.45186
1.01249,-0.32901
0.82043,-0.20604
0.68290,-0.10329
0.59700,-0.01567
0.53868,0.07137
0.48972,0.17131
0.43884,0.29365
0.38093,0.43754
0.31800,0.58738
0.25613,0.72260
0.19993,0.83205
0.15083,0.91577
0.10837,0.97896
0.07147,1.02722
0.03903,1.06498
0.01010,1.09532
-0.01612,1.12041
-0.04031,1.14173
-0.06308,1.16037
-0.08494,1.17707
0.75848,-1.35641
0.77905,-1.34851
0.80203,-1.33894
0.82778,-1.32728
0.85672,-1.31300
0.88925,-1.29543
0.92572,-1.27374
0.96634,-1.24695
1.01104,-1.21392
1.05938,-1.17347
1.11040,-1.12449
1.16272,-1.06618
1.21454,-0.99867
1.26385,-0.92370
1.30877,-0.84490
1.34792,-0.76661
1.38063,-0.69210
1.40670,-0.62270
1.42600,-0.55839
1.43821,-0.49866
1.44260,-0.44317
1.43711,-0.39185
1.41567,-0.34438
1.36125,-0.29814
1.23054,-0.24226
0.96589,-0.14981
0.68138,-0.01678
0.53684,0.12178
0.45520,0.27337
0.38196,0.44345
0.30936,0.61078
0.24292,0.75123
0.18541,0.85890
0.13617,0.93915
0.09368,0.99935
0.05651,1.04553
0.02350,1.08193
-0.00624,1.11143
-0.03341,1.13599
-0.05864,1.15697
0.79821,-1.34087
0.82119,-1.33067
0.84640,-1.31858
0.87411,-1.30419
0.90457,-1.28700
0.93803,-1.26640
0.97465,-1.24163
1.01449,-1.21184
1.05737,-1.17603
1.10280,-1.13322
1.14998,-1.08252
1.19778,-1.02350
1.24483,-0.95670
1.28973,-0.88403
1.33133,-0.80855
1.36906,-0.73337
1.40295,-0.66051
1.43346,-0.59067
1.46113,-0.52377
1.48635,-0.45984
1.50916,-0.39954
1.52925,-0.34422
1.54614,-0.29541
1.55940,-0.25416
1.56868,-0.22075
1.57329,-0.19486
1.57084,-0.17613
1.55181,-0.16457
1.46536,-0.15679
1.03014,-0.08578
0.55688,0.13399
0.42431,0.35662
0.33041,0.56812
0.25119,0.73649
0.18718,0.85661
0.13439,0.94233
0.08928,1.00550
0.04968,1.05371
0.01422,1.09172
-0.01799,1.12255
0.83837,-1.32280
0.86280,-1.31049
0.88912,-1.29621
0.91750,-1.27959
0.94814,-1.26016
0.98122,-1.23734
1.01685,-1.21042
1.05509,-1.17855
1.09577,-1.14079
1.13850,-1.09620
1.18256,-1.04408
1.22699,-0.98428
1.27062,-0.91769
1.31236,-0.84634
1.35144,-0.77289
1.38761,-0.69964
1.42104,-0.62785
1.45208,-0.55787
1.48097,-0.48977
1.50756,-0.42418
1.53134,-0.36263
1.55173,-0.30718
1.56840,-0.25952
1.58150,-0.22025
1.59150,-0.18881
1.59899,-0.16400
1.60447,-0.14449
1.60824,-0.12918
1.61025,-0.11733
1.60968,-0.10876
1.60302,-0.10428
1.57036,-0.10657
1.28270,-0.09290
0.54668,0.16828
0.38433,0.45236
0.28032,0.67907
0.20247,0.83033
0.14254,0.93035
0.09272,1.00131
0.04910,1.05464
0.87752,-1.30286
0.90239,-1.28885
0.92877,-1.27291
0.95681,-1.25468
0.98670,-1.23369
1.01864,-1.20936
1.05281,-1.18093
1.08928,-1.14753
1.12796,-1.10818
1.16848,-1.06200
1.21018,-1.00845
1.25210,-0.94773
1.29318,-0.88109
1.33250,-0.81067
1.36950,-0.73884
1.40408,-0.66735
1.43643,-0.59701
1.46676,-0.52798
1.49503,-0.46059
1.52084,-0.39590
1.54351,-0.33592
1.56249,-0.28288
1.57767,-0.23821
1.58942,-0.20206
1.59834,-0.17347
1.60511,-0.15105
1.61027,-0.13335
1.61426,-0.11920
1.61736,-0.10768
1.61974,-0.09815
1.62144,-0.09019
1.62228,-0.08367
1.62159,-0.07881
1.61668,-0.07668
1.59123,-0.08080
1.27792,-0.07067
0.49089,0.25408
0.33368,0.56740
0.23107,0.77841
0.15875,0.90526
0.91436,-1.28197
0.93883,-1.26676
0.96448,-1.24970
0.99151,-1.23043
1.02018,-1.20843
1.05073,-1.18305
1.08340,-1.15347
1.11832,-1.11874
1.15540,-1.07788
1.19426,-1.03007
1.23418,-0.97503
1.27420,-0.91332
1.31328,-0.84656
1.35061,-0.77702
1.38577,-0.70680
1.41876,-0.63724
1.44974,-0.56877
1.47885,-0.50151
1.50589,-0.43592
1.53035,-0.37337
1.55156,-0.31599
1.56908,-0.26590
1.58295,-0.22423
1.59361,-0.19079
1.60169,-0.16449
1.60784,-0.14389
1.61257,-0.12764
1.61627,-0.11462
1.61923,-0.10399
1.62163,-0.09513
1.62361,-0.08760
1.62523,-0.08109
1.62652,-0.07538
1.62744,-0.07038
1.62775,-0.06612
1.62675,-0.06298
1.62148,-0.06224
1.58991,-0.06841
1.02546,-0.01559
0.41891,0.38863
0.94798,-1.26100
0.97145,-1.24508
0.99593,-1.22739
1.02168,-1.20749
1.04901,-1.18481
1.07823,-1.15862
1.10964,-1.12800
1.14335,-1.09194
1.17927,-1.04948
1.21693,-0.99992
1.25553,-0.94330
1.29404,-0.88063
1.33144,-0.81387
1.36702,-0.74534
1.40048,-0.67688
1.43187,-0.60942
1.46138,-0.54315
1.48907,-0.47811
1.51468,-0.41488
1.53768,-0.35495
1.55745,-0.30045
1.57367,-0.25327
1.58645,-0.21425
1.59626,-0.18305
1.60373,-0.15851
1.60942,-0.13926
1.61383,-0.12404
1.61730,-0.11182
1.62009,-0.10183
1.62238,-0.09350
1.62429,-0.08645
1.62591,-0.08036
1.62728,-0.07504
1.62845,-0.07032
1.62944,-0.06607
1.63023,-0.06220
1.63073,-0.05869
1.63068,-0.05565
1.62918,-0.05355
1.62195,-0.05412
0.97790,-1.24072
1.00009,-1.22447
1.02325,-1.20645
1.04770,-1.18617
1.07381,-1.16296
1.10195,-1.13600
1.13241,-1.10428
1.16531,-1.06676
1.20046,-1.02251
1.23729,-0.97108
1.27488,-0.91287
1.31212,-0.84936
1.34803,-0.78283
1.38199,-0.71554
1.41382,-0.64901
1.44364,-0.58382
1.47165,-0.51992
1.49786,-0.45732
1.52202,-0.39667
1.54360,-0.33949
1.56205,-0.28782
1.57713,-0.24332
1.58901,-0.20662
1.59815,-0.17727
1.60513,-0.15414
1.61049,-0.13594
1.61466,-0.12148
1.61796,-0.10984
1.62062,-0.10029
1.62282,-0.09233
1.62465,-0.08559
1.62621,-0.07980
1.62755,-0.07477
1.62871,-0.07035
1.62971,-0.06642
1.63058,-0.06289
1.63134,-0.05967
1.63198,-0.05667
1.63247,-0.05385
1.63269,-0.05119
1.00407,-1.22164
1.02493,-1.20529
1.04684,-1.18712
1.07015,-1.16654
1.09529,-1.14280
1.12265,-1.11497
1.15253,-1.08200
1.18497,-1.04280
1.21967,-0.99658
1.25594,-0.94316
1.29269,-0.88344
1.32880,-0.81933
1.36331,-0.75331
1.39573,-0.68751
1.42599,-0.62307
1.45426,-0.56025
1.48078,-0.49880
1.50555,-0.43872
1.52831,-0.38068
1.54855,-0.32621
1.56581,-0.27720
1.57991,-0.23512
1.59103,-0.20045
1.59962,-0.17267
1.60620,-0.15070
1.61129,-0.13335
1.61526,-0.11951
1.61843,-0.10831
1.62100,-0.09910
1.62312,-0.09140
1.62490,-0.08488
1.62641,-0.07928
1.62771,-0.07442
1.62884,-0.07018
1.62982,-0.06645
1.63067,-0.06315
1.63142,-0.06019
1.63208,-0.05751
1.63267,-0.05505
1.63317,-0.05272
1.02673,-1.20402
1.04638,-1.18770
1.06720,-1.16941
1.08963,-1.14849
1.11409,-1.12411
1.14101,-1.09525
1.17063,-1.06078
1.20291,-1.01968
1.23743,-0.97130
1.27328,-0.91587
1.30931,-0.85479
1.34432,-0.79038
1.37747,-0.72521
1.40838,-0.66113
1.43710,-0.59893
1.46388,-0.53853
1.48895,-0.47956
1.51233,-0.42197
1.53377,-0.36649
1.55280,-0.31459
1.56900,-0.26804
1.58223,-0.22815
1.59270,-0.19525
1.60082,-0.16882
1.60708,-0.14785
1.61193,-0.13120
1.61575,-0.11787
1.61880,-0.10705
1.62129,-0.09811
1.62335,-0.09063
1.62509,-0.08427
1.62657,-0.07880
1.62784,-0.07407
1.62894,-0.06994
1.62989,-0.06633
1.63073,-0.06314
1.63146,-0.06032
1.63211,-0.05781
1.63268,-0.05556
1.63318,-0.05351
