-0.61845,1.36120
-0.61845,1.36120
-0.61845,1.36120
-0.61845,1.36120
-0.61845,1.36120
-0.61844,1.36120
-0.61844,1.36120
-0.61844,1.36120
-0.61843,1.36120
-0.61842,1.36120
-0.61842,1.36120
-0.61841,1.36120
-0.61839,1.36120
-0.61838,1.36120
-0.61836,1.36120
-0.61833,1.36120
-0.61830,1.36120
-0.61826,1.36120
-0.61821,1.36120
-0.61816,1.36120
-0.61811,1.36120
-0.61806,1.36119
-0.61800,1.36119
-0.61795,1.36119
-0.61790,1.36119
-0.61785,1.36119
-0.61781,1.36119
-0.61778,1.36119
-0.61775,1.36119
-0.61774,1.36119
-0.61772,1.36119
-0.61771,1.36119
-0.61771,1.36119
-0.61770,1.36119
-0.61770,1.36119
-0.61769,1.36119
-0.61769,1.36119
-0.61769,1.36119
-0.61768,1.36119
-0.61768,1.36119
-0.61846,1.36120
-0.61845,1.36120
-0.61845,1.36120
-0.61845,1.36120
-0.61845,1.36120
-0.61844,1.36120
-0.61844,1.36120
-0.61844,1.36120
-0.61843,1.36120
-0.61842,1.36120
-0.61842,1.36120
-0.61841,1.36120
-0.61839,1.36120
-0.61838,1.36120
-0.61836,1.36120
-0.61833,1.36120
-0.61830,1.36120
-0.61826,1.36120
-0.61821,1.36120
-0.61816,1.36120
-0.61810,1.36120
-0.61805,1.36119
-0.61799,1.36119
-0.61794,1.36119
-0.61788,1.36119
-0.61784,1.36119
-0.61780,1.36119
-0.61777,1.36119
-0.61775,1.36119
-0.61773,1.36119
-0.61772,1.36119
-0.61771,1.36119
-0.61770,1.36119
-0.61770,1.36119
-0.61769,1.36119
-0.61769,1.36119
-0.61769,1.36119
-0.61768,1.36119
-0.61768,1.36119
-0.61768,1.36119
-0.61846,1.36120
-0.61846,1.36120
-0.61845,1.36120
-0.61845,1.36120
-0.61845,1.36120
-0.61844,1.36120
-0.61844,1.36120
-0.61844,1.36120
-0.61843,1.36120
-0.61842,1.36120
-0.61842,1.36120
-0.61841,1.36120
-0.61839,1.36120
-0.61838,1.36120
-0.61836,1.36120
-0.61833,1.36120
-0.61829,1.36120
-0.61825,1.36120
-0.61820,1.36120
-0.61815,1.36120
-0.61809,1.36120
-0.61803,1.36119
-0.61798,1.36119
-0.61792,1.36119
-0.61787,1.36119
-0.61782,1.36119
-0.61779,1.36119
-0.61776,1.36119
-0.61774,1.36119
-0.61772,1.36119
-0.61771,1.36119
-0.61771,1.36119
-0.61770,1.36119
-0.61769,1.36119
-0.61769,1.36119
-0.61769,1.36119
-0.61768,1.36119
-0.61768,1.36119
-0.61768,1.36119
-0.61768,1.36119
-0.61847,1.36120
-0.61846,1.36120
-0.61846,1.36120
-0.61845,1.36120
-0.61845,1.36120
-0.61845,1.36120
-0.61844,1.36120
-0.61844,1.36120
-0.61843,1.36120
-0.61843,1.36120
-0.61842,1.36120
-0.61841,1.36120
-0.61839,1.36120
-0.61838,1.36120
-0.61836,1.36120
-0.61833,1.36120
-0.61829,1.36120
-0.61825,1.36120
-0.61820,1.36120
-0.61814,1.36120
-0.61808,1.36120
-0.61802,1.36119
-0.61796,1.36119
-0.61790,1.36119
-0.61785,1.36119
-0.61781,1.36119
-0.61777,1.36119
-0.61775,1.36119
-0.61773,1.36119
-0.61772,1.36119
-0.61771,1.36119
-0.61770,1.36119
-0.61770,1.36119
-0.61769,1.36119
-0.61769,1.36119
-0.61768,1.36119
-0.61768,1.36119
-0.61768,1.36119
-0.61768,1.36119
-0.61767,1.36119
-0.61846,1.36120
-0.61847,1.36120
-0.61846,1.36120
-0.61846,1.36120
-0.61845,1.36120
-0.61845,1.36120
-0.61844,1.36120
-0.61844,1.36120
-0.61843,1.36120
-0.61843,1.36120
-0.61842,1.36120
-0.61841,1.36120
-0.61839,1.36120
-0.61838,1.36120
-0.61835,1.36120
-0.61832,1.36120
-0.61829,1.36120
-0.61824,1.36120
-0.61819,1.36120
-0.61813,1.36120
-0.61807,1.36119
-0.61800,1.36119
-0.61794,1.36119
-0.61788,1.36119
-0.61783,1.36119
-0.61779,1.36119
-0.61776,1.36119
-0.61774,1.36119
-0.61773,1.36119
-0.61771,1.36119
-0.61770,1.36119
-0.61770,1.36119
-0.61769,1.36119
-0.61769,1.36119
-0.61768,1.36119
-0.61768,1.36119
-0.61768,1.36119
-0.61767,1.36119
-0.61767,1.36119
-0.61767,1.36119
0.58667,-1.39209
0.58643,-1.39211
0.58561,-1.39216
-0.61845,1.36120
-0.61846,1.36120
-0.61845,1.36120
-0.61845,1.36120
-0.61844,1.36120
-0.61844,1.36120
-0.61843,1.36120
-0.61842,1.36120
-0.61841,1.36120
-0.61839,1.36120
-0.61838,1.36120
-0.61835,1.36120
-0.61832,1.36120
-0.61828,1.36120
-0.61823,1.36120
-0.61818,1.36120
-0.61811,1.36120
-0.61805,1.36119
-0.61798,1.36119
-0.61792,1.36119
-0.61786,1.36119
-0.61782,1.36119
-0.61778,1.36119
-0.61775,1.36119
-0.61773,1.36119
-0.61772,1.36119
-0.61771,1.36119
-0.61770,1.36119
-0.61769,1.36119
-0.61769,1.36119
-0.61768,1.36119
-0.61768,1.36119
-0.61768,1.36119
-0.61767,1.36119
-0.61767,1.36119
-0.61767,1.36119
-0.61767,1.36119
0.58688,-1.39208
0.58683,-1.39208
0.58675,-1.39209
0.58663,-1.39209
0.58642,-1.39211
0.58592,-1.39214
-0.61839,1.36120
-0.61844,1.36120
-0.61844,1.36120
-0.61843,1.36120
-0.61842,1.36120
-0.61841,1.36120
-0.61839,1.36120
-0.61837,1.36120
-0.61835,1.36120
-0.61831,1.36120
-0.61827,1.36120
-0.61822,1.36120
-0.61816,1.36120
-0.61809,1.36120
-0.61803,1.36119
-0.61796,1.36119
-0.61790,1.36119
-0.61785,1.36119
-0.61780,1.36119
-0.61777,1.36119
-0.61774,1.36119
-0.61773,1.36119
-0.61771,1.36119
-0.61770,1.36119
-0.61769,1.36119
-0.61769,1.36119
-0.61768,1.36119
-0.61768,1.36119
-0.61767,1.36119
-0.61767,1.36119
-0.61767,1.36119
-0.61767,1.36119
-0.61767,1.36119
-0.61766,1.36119
0.58694,-1.39208
0.58692,-1.39208
0.58689,-1.39208
0.58685,-1.39208
0.58680,-1.39208
0.58672,-1.39209
0.58662,-1.39210
0.58647,-1.39210
0.58623,-1.39212
0.58569,-1.39215
-0.61828,1.36120
-0.61837,1.36120
-0.61837,1.36120
-0.61836,1.36120
-0.61833,1.36120
-0.61830,1.36120
-0.61825,1.36120
-0.61820,1.36120
-0.61813,1.36120
-0.61807,1.36120
-0.61800,1.36119
-0.61793,1.36119
-0.61788,1.36119
-0.61783,1.36119
-0.61779,1.36119
-0.61776,1.36119
-0.61773,1.36119
-0.61772,1.36119
-0.61770,1.36119
-0.61770,1.36119
-0.61769,1.36119
-0.61768,1.36119
-0.61768,1.36119
-0.61767,1.36119
-0.61767,1.36119
-0.61767,1.36119
-0.61767,1.36119
-0.61766,1.36119
-0.61766,1.36119
-0.61766,1.36119
0.58697,-1.39207
0.58696,-1.39207
0.58694,-1.39208
0.58692,-1.39208
0.58690,-1.39208
0.58686,-1.39208
0.58682,-1.39208
0.58677,-1.39209
0.58670,-1.39209
0.58662,-1.39210
0.58651,-1.39210
0.58637,-1.39211
0.58619,-1.39212
0.58593,-1.39214
0.58547,-1.39217
0.58402,-1.39225
-0.61814,1.36120
-0.61813,1.36120
-0.61808,1.36120
-0.61802,1.36119
-0.61796,1.36119
-0.61791,1.36119
-0.61785,1.36119
-0.61781,1.36119
-0.61777,1.36119
-0.61774,1.36119
-0.61772,1.36119
-0.61771,1.36119
-0.61770,1.36119
-0.61769,1.36119
-0.61768,1.36119
-0.61768,1.36119
-0.61767,1.36119
-0.61767,1.36119
-0.61767,1.36119
-0.61766,1.36119
-0.61766,1.36119
-0.61766,1.36119
-0.61766,1.36119
-0.61766,1.36119
0.58697,-1.39207
0.58697,-1.39207
0.58696,-1.39207
0.58695,-1.39207
0.58694,-1.39208
0.58692,-1.39208
0.58689,-1.39208
0.58686,-1.39208
0.58683,-1.39208
0.58678,-1.39209
0.58673,-1.39209
0.58666,-1.39209
0.58658,-1.39210
0.58648,-1.39210
0.58636,-1.39211
0.58620,-1.39212
0.58599,-1.39213
0.58567,-1.39215
0.58511,-1.39219
0.58299,-1.39231
-0.61792,1.36119
-0.61788,1.36119
-0.61783,1.36119
-0.61779,1.36119
-0.61776,1.36119
-0.61773,1.36119
-0.61771,1.36119
-0.61770,1.36119
-0.61769,1.36119
-0.61768,1.36119
-0.61767,1.36119
-0.61767,1.36119
-0.61767,1.36119
-0.61766,1.36119
-0.61766,1.36119
-0.61766,1.36119
-0.61766,1.36119
-0.61766,1.36119
-0.61766,1.36119
-0.61765,1.36119
0.58698,-1.39207
0.58697,-1.39207
0.58697,-1.39207
0.58696,-1.39207
0.58696,-1.39207
0.58694,-1.39208
0.58693,-1.39208
0.58691,-1.39208
0.58688,-1.39208
0.58685,-1.39208
0.58681,-1.39208
0.58677,-1.39209
0.58671,-1.39209
0.58664,-1.39209
0.58655,-1.39210
0.58644,-1.39211
0.58631,-1.39211
0.58613,-1.39213
0.58589,-1.39214
0.58555,-1.39216
0.58496,-1.39220
0.58307,-1.39230
-0.61783,1.36119
-0.61778,1.36119
-0.61775,1.36119
-0.61772,1.36119
-0.61770,1.36119
-0.61769,1.36119
-0.61768,1.36119
-0.61767,1.36119
-0.61767,1.36119
-0.61766,1.36119
-0.61766,1.36119
-0.61766,1.36119
-0.61766,1.36119
-0.61766,1.36119
-0.61765,1.36119
-0.61765,1.36119
-0.61765,1.36119
-0.61765,1.36119
0.58698,-1.39207
0.58698,-1.39207
0.58697,-1.39207
0.58697,-1.39207
0.58696,-1.39207
0.58696,-1.39207
0.58695,-1.39208
0.58693,-1.39208
0.58691,-1.39208
0.58689,-1.39208
0.58686,-1.39208
0.58682,-1.39208
0.58678,-1.39209
0.58672,-1.39209
0.58665,-1.39209
0.58656,-1.39210
0.58644,-1.39211
0.58630,-1.39212
0.58612,-1.39213
0.58588,-1.39214
0.58556,-1.39216
0.58507,-1.39219
0.58392,-1.39226
-0.61779,1.36119
-0.61773,1.36119
-0.61770,1.36119
-0.61769,1.36119
-0.61768,1.36119
-0.61767,1.36119
-0.61766,1.36119
-0.61766,1.36119
-0.61766,1.36119
-0.61766,1.36119
-0.61765,1.36119
-0.61765,1.36119
-0.61765,1.36119
-0.61765,1.36119
-0.61765,1.36119
-0.61765,1.36119
-0.61765,1.36119
0.58698,-1.39207
0.58698,-1.39207
0.58698,-1.39207
0.58697,-1.39207
0.58697,-1.39207
0.58696,-1.39207
0.58696,-1.39207
0.58695,-1.39208
0.58693,-1.39208
0.58691,-1.39208
0.58689,-1.39208
0.58686,-1.39208
0.58682,-1.39208
0.58677,-1.39209
0.58670,-1.39209
0.58662,-1.39210
0.58652,-1.39210
0.58639,-1.39211
0.58624,-1.39212
0.58604,-1.39213
0.58579,-1.39215
0.58545,-1.39217
0.58490,-1.39220
0.58344,-1.39228
-0.61772,1.36119
-0.61769,1.36119
-0.61767,1.36119
-0.61766,1.36119
-0.61766,1.36119
-0.61765,1.36119
-0.61765,1.36119
-0.61765,1.36119
-0.61765,1.36119
-0.61765,1.36119
-0.61765,1.36119
-0.61765,1.36119
-0.61765,1.36119
-0.61765,1.36119
-0.61764,1.36119
-0.61764,1.36119
0.58698,-1.39207
0.58698,-1.39207
0.58698,-1.39207
0.58698,-1.39207
0.58697,-1.39207
0.58697,-1.39207
0.58696,-1.39207
0.58696,-1.39207
0.58694,-1.39208
0.58693,-1.39208
0.58691,-1.39208
0.58688,-1.39208
0.58685,-1.39208
0.58680,-1.39208
0.58674,-1.39209
0.58667,-1.39209
0.58658,-1.39210
0.58646,-1.39211
0.58631,-1.39211
0.58613,-1.39213
0.58591,-1.39214
0.58562,-1.39216
0.58520,-1.39218
0.58438,-1.39223
-0.61768,1.36119
-0.61766,1.36119
-0.61765,1.36119
-0.61765,1.36119
-0.61765,1.36119
-0.61764,1.36119
-0.61764,1.36119
-0.61764,1.36119
-0.61764,1.36119
-0.61764,1.36119
-0.61764,1.36119
-0.61764,1.36119
-0.61764,1.36119
-0.61764,1.36119
-0.61764,1.36119
-0.61764,1.36119
0.58698,-1.39207
0.58698,-1.39207
0.58698,-1.39207
0.58698,-1.39207
0.58698,-1.39207
0.58697,-1.39207
0.58697,-1.39207
0.58696,-1.39207
0.58695,-1.39207
0.58694,-1.39208
0.58692,-1.39208
0.58690,-1.39208
0.58687,-1.39208
0.58683,-1.39208
0.58678,-1.39209
0.58671,-1.39209
0.58662,-1.39210
0.58651,-1.39210
0.58637,-1.39211
0.58620,-1.39212
0.58598,-1.39213
0.58571,-1.39215
0.58533,-1.39217
0.58463,-1.39221
0.57986,-1.39247
-0.61760,1.36119
-0.61762,1.36119
-0.61762,1.36119
-0.61762,1.36119
-0.61763,1.36119
-0.61763,1.36119
-0.61763,1.36119
-0.61763,1.36119
-0.61763,1.36119
-0.61763,1.36119
-0.61763,1.36119
-0.61763,1.36119
-0.61763,1.36119
-0.61763,1.36119
-0.61763,1.36119
0.58698,-1.39207
0.58698,-1.39207
0.58698,-1.39207
0.58698,-1.39207
0.58698,-1.39207
0.58698,-1.39207
0.58697,-1.39207
0.58697,-1.39207
0.58696,-1.39207
0.58695,-1.39207
0.58694,-1.39208
0.58692,-1.39208
0.58689,-1.39208
0.58685,-1.39208
0.58680,-1.39208
0.58674,-1.39209
0.58666,-1.39209
0.58655,-1.39210
0.58642,-1.39211
0.58625,-1.39212
0.58603,-1.39213
0.58576,-1.39215
0.58537,-1.39217
0.58460,-1.39222
-0.61712,1.36118
-0.61747,1.36118
-0.61754,1.36119
-0.61757,1.36119
-0.61759,1.36119
-0.61760,1.36119
-0.61761,1.36119
-0.61761,1.36119
-0.61762,1.36119
-0.61762,1.36119
-0.61762,1.36119
-0.61762,1.36119
-0.61763,1.36119
-0.61763,1.36119
-0.61763,1.36119
-0.61763,1.36119
0.58698,-1.39207
0.58698,-1.39207
0.58698,-1.39207
0.58698,-1.39207
0.58698,-1.39207
0.58698,-1.39207
0.58697,-1.39207
0.58697,-1.39207
0.58697,-1.39207
0.58696,-1.39207
0.58695,-1.39208
0.58693,-1.39208
0.58691,-1.39208
0.58687,-1.39208
0.58683,-1.39208
0.58677,-1.39209
0.58670,-1.39209
0.58659,-1.39210
0.58646,-1.39211
0.58629,-1.39212
0.58606,-1.39213
0.58577,-1.39215
0.58531,-1.39217
0.58410,-1.39224
-0.61711,1.36118
-0.61731,1.36118
-0.61741,1.36118
-0.61748,1.36118
-0.61752,1.36119
-0.61755,1.36119
-0.61757,1.36119
-0.61758,1.36119
-0.61759,1.36119
-0.61760,1.36119
-0.61761,1.36119
-0.61761,1.36119
-0.61761,1.36119
-0.61762,1.36119
-0.61762,1.36119
-0.61762,1.36119
0.58698,-1.39207
0.58698,-1.39207
0.58698,-1.39207
0.58698,-1.39207
0.58698,-1.39207
0.58698,-1.39207
0.58698,-1.39207
0.58697,-1.39207
0.58697,-1.39207
0.58697,-1.39207
0.58696,-1.39207
0.58694,-1.39208
0.58692,-1.39208
0.58689,-1.39208
0.58685,-1.39208
0.58680,-1.39208
0.58673,-1.39209
0.58663,-1.39209
0.58650,-1.39210
0.58632,-1.39211
0.58608,-1.39213
0.58572,-1.39215
0.58502,-1.39219
-0.61665,1.36117
-0.61705,1.36118
-0.61720,1.36118
-0.61731,1.36118
-0.61738,1.36118
-0.61744,1.36118
-0.61748,1.36118
-0.61752,1.36119
-0.61754,1.36119
-0.61756,1.36119
-0.61757,1.36119
-0.61758,1.36119
-0.61759,1.36119
-0.61760,1.36119
-0.61760,1.36119
-0.61761,1.36119
-0.61761,1.36119
0.58698,-1.39207
0.58698,-1.39207
0.58698,-1.39207
0.58698,-1.39207
0.58698,-1.39207
0.58698,-1.39207
0.58698,-1.39207
0.58698,-1.39207
0.58697,-1.39207
0.58697,-1.39207
0.58696,-1.39207
0.58695,-1.39207
0.58694,-1.39208
0.58691,-1.39208
0.58688,-1.39208
0.58683,-1.39208
0.58676,-1.39209
0.58667,-1.39209
0.58654,-1.39210
0.58635,-1.39211
0.58606,-1.39213
0.58550,-1.39216
-0.61611,1.36116
-0.61679,1.36117
-0.61700,1.36118
-0.61713,1.36118
-0.61723,1.36118
-0.61730,1.36118
-0.61736,1.36118
-0.61741,1.36118
-0.61746,1.36118
-0.61749,1.36118
-0.61752,1.36119
-0.61754,1.36119
-0.61755,1.36119
-0.61757,1.36119
-0.61758,1.36119
-0.61759,1.36119
-0.61759,1.36119
-0.61760,1.36119
0.58698,-1.39207
0.58698,-1.39207
0.58698,-1.39207
0.58698,-1.39207
0.58698,-1.39207
0.58698,-1.39207
0.58698,-1.39207
0.58698,-1.39207
0.58698,-1.39207
0.58697,-1.39207
0.58697,-1.39207
0.58696,-1.39207
0.58695,-1.39207
0.58693,-1.39208
0.58690,-1.39208
0.58685,-1.39208
0.58679,-1.39208
0.58670,-1.39209
0.58657,-1.39210
0.58635,-1.39211
0.58584,-1.39214
-0.61534,1.36114
-0.61642,1.36116
-0.61676,1.36117
-0.61695,1.36117
-0.61707,1.36118
-0.61716,1.36118
-0.61724,1.36118
-0.61730,1.36118
-0.61735,1.36118
-0.61740,1.36118
-0.61744,1.36118
-0.61747,1.36118
-0.61750,1.36118
-0.61752,1.36119
-0.61754,1.36119
-0.61755,1.36119
-0.61756,1.36119
-0.61757,1.36119
-0.61758,1.36119
0.58698,-1.39207
0.58698,-1.39207
0.58698,-1.39207
0.58698,-1.39207
0.58698,-1.39207
0.58698,-1.39207
0.58698,-1.39207
0.58698,-1.39207
0.58698,-1.39207
0.58698,-1.39207
0.58697,-1.39207
0.58697,-1.39207
0.58696,-1.39207
0.58694,-1.39208
0.58692,-1.39208
0.58688,-1.39208
0.58682,-1.39208
0.58673,-1.39209
0.58657,-1.39210
-0.58169,1.35962
-0.61154,1.36105
-0.61545,1.36114
-0.61634,1.36116
-0.61670,1.36117
-0.61689,1.36117
-0.61702,1.36118
-0.61711,1.36118
-0.61718,1.36118
-0.61725,1.36118
-0.61730,1.36118
-0.61734,1.36118
-0.61738,1.36118
-0.61742,1.36118
-0.61745,1.36118
-0.61748,1.36118
-0.61750,1.36118
-0.61752,1.36119
-0.61754,1.36119
-0.61755,1.36119
-0.61756,1.36119
0.58698,-1.39207
0.58698,-1.39207
0.58698,-1.39207
0.58698,-1.39207
0.58698,-1.39207
0.58698,-1.39207
0.58698,-1.39207
0.58698,-1.39207
0.58698,-1.39207
0.58698,-1.39207
0.58698,-1.39207
0.58697,-1.39207
0.58697,-1.39207
0.58696,-1.39207
0.58694,-1.39208
0.58690,-1.39208
0.58683,-1.39208
0.58666,-1.39209
-0.57915,1.35944
-0.59943,1.36062
-0.61123,1.36104
-0.61509,1.36114
-0.61618,1.36116
-0.61660,1.36117
-0.61683,1.36117
-0.61696,1.36117
-0.61706,1.36118
-0.61714,1.36118
-0.61720,1.36118
-0.61725,1.36118
-0.61730,1.36118
-0.61734,1.36118
-0.61738,1.36118
-0.61741,1.36118
-0.61744,1.36118
-0.61747,1.36118
-0.61749,1.36118
-0.61751,1.36118
-0.61753,1.36119
-0.61754,1.36119
0.58698,-1.39207
0.58698,-1.39207
0.58698,-1.39207
0.58698,-1.39207
0.58698,-1.39207
0.58698,-1.39207
0.58698,-1.39207
0.58698,-1.39207
0.58698,-1.39207
0.58698,-1.39207
0.58698,-1.39207
0.58698,-1.39207
0.58697,-1.39207
0.58697,-1.39207
0.58695,-1.39207
0.58691,-1.39208
-0.52172,1.35321
-0.57121,1.35883
-0.58628,1.35992
-0.59942,1.36062
-0.60985,1.36100
-0.61450,1.36112
-0.61594,1.36115
-0.61648,1.36117
-0.61675,1.36117
-0.61691,1.36117
-0.61701,1.36118
-0.61710,1.36118
-0.61716,1.36118
-0.61721,1.36118
-0.61726,1.36118
-0.61730,1.36118
-0.61734,1.36118
-0.61737,1.36118
-0.61740,1.36118
-0.61743,1.36118
-0.61746,1.36118
-0.61748,1.36118
-0.61750,1.36118
-0.61752,1.36119
0.58698,-1.39207
0.58698,-1.39207
0.58698,-1.39207
0.58698,-1.39207
0.58698,-1.39207
0.58698,-1.39207
0.58698,-1.39207
0.58698,-1.39207
0.58698,-1.39207
0.58698,-1.39207
0.58698,-1.39207
0.58698,-1.39207
0.58698,-1.39207
0.58698,-1.39207
0.58696,-1.39207
-0.49602,1.34911
-0.56199,1.35802
-0.57575,1.35919
-0.58666,1.35994
-0.59769,1.36054
-0.60787,1.36094
-0.61362,1.36110
-0.61562,1.36115
-0.61633,1.36116
-0.61666,1.36117
-0.61684,1.36117
-0.61697,1.36117
-0.61705,1.36118
-0.61712,1.36118
-0.61718,1.36118
-0.61723,1.36118
-0.61727,1.36118
-0.61731,1.36118
-0.61734,1.36118
-0.61737,1.36118
-0.61740,1.36118
-0.61743,1.36118
-0.61745,1.36118
-0.61747,1.36118
-0.61749,1.36118
0.58698,-1.39207
0.58698,-1.39207
0.58698,-1.39207
0.58698,-1.39207
0.58698,-1.39207
0.58698,-1.39207
0.58698,-1.39207
0.58698,-1.39207
0.58698,-1.39207
0.58698,-1.39207
0.58698,-1.39207
0.58698,-1.39207
0.58698,-1.39207
0.58698,-1.39207
0.58697,-1.39207
-0.54582,1.35633
-0.56466,1.35827
-0.57560,1.35918
-0.58516,1.35985
-0.59516,1.36042
-0.60529,1.36085
-0.61232,1.36107
-0.61515,1.36114
-0.61613,1.36116
-0.61655,1.36117
-0.61677,1.36117
-0.61691,1.36117
-0.61701,1.36118
-0.61709,1.36118
-0.61714,1.36118
-0.61719,1.36118
-0.61724,1.36118
-0.61727,1.36118
-0.61731,1.36118
-0.61734,1.36118
-0.61737,1.36118
-0.61740,1.36118
-0.61742,1.36118
-0.61745,1.36118
-0.61747,1.36118
0.58698,-1.39207
0.58698,-1.39207
0.58698,-1.39207
0.58698,-1.39207
0.58698,-1.39207
0.58698,-1.39207
0.58698,-1.39207
0.58698,-1.39207
0.58698,-1.39207
0.58698,-1.39207
0.58698,-1.39207
0.58698,-1.39207
0.58698,-1.39207
0.58698,-1.39207
0.58701,-1.39207
-0.54345,1.35605
-0.56231,1.35805
-0.57317,1.35899
-0.58239,1.35967
-0.59187,1.36025
-0.60199,1.36073
-0.61038,1.36102
-0.61444,1.36112
-0.61585,1.36115
-0.61641,1.36116
-0.61669,1.36117
-0.61685,1.36117
-0.61697,1.36117
-0.61705,1.36118
-0.61711,1.36118
-0.61716,1.36118
-0.61721,1.36118
-0.61725,1.36118
-0.61728,1.36118
-0.61731,1.36118
-0.61734,1.36118
-0.61737,1.36118
-0.61740,1.36118
-0.61742,1.36118
-0.61745,1.36118
0.58698,-1.39207
0.58698,-1.39207
0.58698,-1.39207
0.58698,-1.39207
0.58698,-1.39207
0.58698,-1.39207
0.58698,-1.39207
0.58698,-1.39207
0.58698,-1.39207
0.58698,-1.39207
0.58699,-1.39207
0.58699,-1.39207
0.58699,-1.39207
0.58699,-1.39207
0.58703,-1.39207
-0.52059,1.35304
-0.55509,1.35734
-0.56828,1.35858
-0.57808,1.35937
-0.58753,1.36000
-0.59767,1.36054
-0.60735,1.36092
-0.61322,1.36109
-0.61541,1.36114
-0.61622,1.36116
-0.61658,1.36117
-0.61678,1.36117
-0.61691,1.36117
-0.61700,1.36118
-0.61707,1.36118
-0.61713,1.36118
-0.61718,1.36118
-0.61722,1.36118
-0.61725,1.36118
-0.61729,1.36118
-0.61732,1.36118
-0.61735,1.36118
-0.61737,1.36118
-0.61740,1.36118
-0.61742,1.36118
0.58698,-1.39207
0.58698,-1.39207
0.58698,-1.39207
0.58698,-1.39207
0.58698,-1.39207
0.58698,-1.39207
0.58699,-1.39207
0.58699,-1.39207
0.58699,-1.39207
0.58699,-1.39207
0.58699,-1.39207
0.58699,-1.39207
0.58699,-1.39207
0.58700,-1.39207
0.58703,-1.39207
0.58713,-1.39206
-0.53368,1.35484
-0.55871,1.35770
-0.57116,1.35883
-0.58135,1.35960
-0.59168,1.36023
-0.60242,1.36074
-0.61080,1.36103
-0.61458,1.36112
-0.61589,1.36115
-0.61641,1.36116
-0.61668,1.36117
-0.61684,1.36117
-0.61695,1.36117
-0.61703,1.36118
-0.61709,1.36118
-0.61715,1.36118
-0.61719,1.36118
-0.61723,1.36118
-0.61726,1.36118
-0.61729,1.36118
-0.61732,1.36118
-0.61735,1.36118
-0.61737,1.36118
-0.61740,1.36118
0.58698,-1.39207
0.58698,-1.39207
0.58698,-1.39207
0.58699,-1.39207
0.58699,-1.39207
0.58699,-1.39207
0.58699,-1.39207
0.58699,-1.39207
0.58699,-1.39207
0.58699,-1.39207
0.58699,-1.39207
0.58700,-1.39207
0.58700,-1.39207
0.58702,-1.39207
0.58704,-1.39207
0.58709,-1.39207
0.58717,-1.39206
-0.52810,1.35410
-0.55745,1.35758
-0.57127,1.35884
-0.58265,1.35968
-0.59418,1.36037
-0.60535,1.36085
-0.61247,1.36107
-0.61516,1.36114
-0.61610,1.36116
-0.61651,1.36117
-0.61673,1.36117
-0.61687,1.36117
-0.61697,1.36117
-0.61705,1.36118
-0.61711,1.36118
-0.61716,1.36118
-0.61720,1.36118
-0.61723,1.36118
-0.61727,1.36118
-0.61730,1.36118
-0.61732,1.36118
-0.61735,1.36118
-0.61738,1.36118
0.58698,-1.39207
0.58699,-1.39207
0.58699,-1.39207
0.58699,-1.39207
0.58699,-1.39207
0.58699,-1.39207
0.58699,-1.39207
0.58699,-1.39207
0.58699,-1.39207
0.58699,-1.39207
0.58700,-1.39207
0.58700,-1.39207
0.58701,-1.39207
0.58703,-1.39207
0.58705,-1.39207
0.58709,-1.39207
0.58713,-1.39206
0.58718,-1.39206
0.58744,-1.39204
-0.54568,1.35631
-0.56561,1.35835
-0.57949,1.35947
-0.59279,1.36029
-0.60520,1.36085
-0.61262,1.36108
-0.61523,1.36114
-0.61612,1.36116
-0.61652,1.36117
-0.61674,1.36117
-0.61688,1.36117
-0.61697,1.36117
-0.61705,1.36118
-0.61711,1.36118
-0.61716,1.36118
-0.61720,1.36118
-0.61724,1.36118
-0.61727,1.36118
-0.61730,1.36118
-0.61733,1.36118
-0.61735,1.36118
0.58699,-1.39207
0.58699,-1.39207
0.58699,-1.39207
0.58699,-1.39207
0.58699,-1.39207
0.58699,-1.39207
0.58699,-1.39207
0.58699,-1.39207
0.58699,-1.39207
0.58700,-1.39207
0.58700,-1.39207
0.58701,-1.39207
0.58702,-1.39207
0.58704,-1.39207
0.58706,-1.39207
0.58710,-1.39207
0.58714,-1.39206
0.58718,-1.39206
0.58721,-1.39206
0.58725,-1.39206
0.58729,-1.39205
-0.52494,1.35366
-0.55990,1.35782
-0.57912,1.35944
-0.59633,1.36047
-0.60932,1.36099
-0.61440,1.36112
-0.61586,1.36115
-0.61640,1.36116
-0.61667,1.36117
-0.61683,1.36117
-0.61695,1.36117
-0.61703,1.36118
-0.61709,1.36118
-0.61715,1.36118
-0.61719,1.36118
-0.61723,1.36118
-0.61727,1.36118
-0.61730,1.36118
-0.61733,1.36118
0.58699,-1.39207
0.58699,-1.39207
0.58699,-1.39207
0.58699,-1.39207
0.58699,-1.39207
0.58699,-1.39207
0.58699,-1.39207
0.58699,-1.39207
0.58700,-1.39207
0.58700,-1.39207
0.58701,-1.39207
0.58702,-1.39207
0.58703,-1.39207
0.58705,-1.39207
0.58708,-1.39207
0.58711,-1.39206
0.58715,-1.39206
0.58720,-1.39206
0.58725,-1.39206
0.58730,-1.39205
0.58735,-1.39205
0.58740,-1.39205
0.58744,-1.39204
0.58746,-1.39204
0.58745,-1.39204
-0.42353,1.33347
-0.57281,1.35896
-0.60317,1.36077
-0.61392,1.36111
-0.61588,1.36115
-0.61646,1.36116
-0.61672,1.36117
-0.61687,1.36117
-0.61698,1.36117
-0.61706,1.36118
-0.61712,1.36118
-0.61717,1.36118
-0.61722,1.36118
-0.61726,1.36118
-0.61729,1.36118
0.58699,-1.39207
0.58699,-1.39207
0.58699,-1.39207
0.58699,-1.39207
0.58699,-1.39207
0.58699,-1.39207
0.58699,-1.39207
0.58700,-1.39207
0.58700,-1.39207
0.58701,-1.39207
0.58701,-1.39207
0.58703,-1.39207
0.58704,-1.39207
0.58706,-1.39207
0.58709,-1.39207
0.58713,-1.39206
0.58718,-1.39206
0.58723,-1.39206
0.58729,-1.39205
0.58735,-1.39205
0.58742,-1.39205
0.58749,-1.39204
0.58756,-1.39204
0.58761,-1.39203
0.58766,-1.39203
0.58770,-1.39203
0.58772,-1.39203
0.58773,-1.39203
0.58769,-1.39203
0.58750,-1.39204
-0.60372,1.36079
-0.61523,1.36114
-0.61635,1.36116
-0.61669,1.36117
-0.61687,1.36117
-0.61698,1.36117
-0.61706,1.36118
-0.61713,1.36118
-0.61719,1.36118
-0.61723,1.36118
0.58699,-1.39207
0.58699,-1.39207
0.58699,-1.39207
0.58699,-1.39207
0.58699,-1.39207
0.58699,-1.39207
0.58700,-1.39207
0.58700,-1.39207
0.58701,-1.39207
0.58701,-1.39207
0.58702,-1.39207
0.58704,-1.39207
0.58705,-1.39207
0.58708,-1.39207
0.58711,-1.39206
0.58715,-1.39206
0.58720,-1.39206
0.58726,-1.39206
0.58732,-1.39205
0.58740,-1.39205
0.58747,-1.39204
0.58754,-1.39204
0.58761,-1.39203
0.58767,-1.39203
0.58771,-1.39203
0.58775,-1.39202
0.58778,-1.39202
0.58780,-1.39202
0.58782,-1.39202
0.58783,-1.39202
0.58784,-1.39202
0.58782,-1.39202
0.58765,-1.39203
-0.60751,1.36093
-0.61592,1.36115
-0.61659,1.36117
-0.61683,1.36117
-0.61696,1.36117
-0.61706,1.36118
-0.61713,1.36118
0.58699,-1.39207
0.58699,-1.39207
0.58699,-1.39207
0.58699,-1.39207
0.58700,-1.39207
0.58700,-1.39207
0.58700,-1.39207
0.58700,-1.39207
0.58701,-1.39207
0.58702,-1.39207
0.58703,-1.39207
0.58705,-1.39207
0.58707,-1.39207
0.58709,-1.39207
0.58713,-1.39206
0.58717,-1.39206
0.58723,-1.39206
0.58729,-1.39205
0.58736,-1.39205
0.58743,-1.39204
0.58751,-1.39204
0.58758,-1.39204
0.58764,-1.39203
0.58770,-1.39203
0.58774,-1.39202
0.58777,-1.39202
0.58780,-1.39202
0.58782,-1.39202
0.58784,-1.39202
0.58785,-1.39202
0.58787,-1.39202
0.58788,-1.39202
0.58788,-1.39202
0.58788,-1.39202
0.58786,-1.39202
0.58767,-1.39203
-0.61312,1.36109
-0.61634,1.36116
-0.61676,1.36117
-0.61693,1.36117
0.58699,-1.39207
0.58699,-1.39207
0.58699,-1.39207
0.58700,-1.39207
0.58700,-1.39207
0.58700,-1.39207
0.58700,-1.39207
0.58701,-1.39207
0.58702,-1.39207
0.58703,-1.39207
0.58704,-1.39207
0.58706,-1.39207
0.58708,-1.39207
0.58711,-1.39206
0.58715,-1.39206
0.58719,-1.39206
0.58725,-1.39206
0.58731,-1.39205
0.58738,-1.39205
0.58746,-1.39204
0.58753,-1.39204
0.58760,-1.39203
0.58766,-1.39203
0.58771,-1.39203
0.58775,-1.39202
0.58778,-1.39202
0.58781,-1.39202
0.58783,-1.39202
0.58784,-1.39202
0.58786,-1.39202
0.58787,-1.39202
0.58788,-1.39202
0.58789,-1.39202
0.58790,-1.39201
0.58790,-1.39201
0.58791,-1.39201
0.58791,-1.39201
0.58788,-1.39202
-0.44900,1.33963
-0.61550,1.36114
0.58699,-1.39207
0.58699,-1.39207
0.58700,-1.39207
0.58700,-1.39207
0.58700,-1.39207
0.58700,-1.39207
0.58701,-1.39207
0.58701,-1.39207
0.58702,-1.39207
0.58703,-1.39207
0.58705,-1.39207
0.58707,-1.39207
0.58709,-1.39207
0.58713,-1.39206
0.58717,-1.39206
0.58722,-1.39206
0.58727,-1.39205
0.58734,-1.39205
0.58741,-1.39205
0.58748,-1.39204
0.58755,-1.39204
0.58762,-1.39203
0.58768,-1.39203
0.58772,-1.39203
0.58776,-1.39202
0.58779,-1.39202
0.58781,-1.39202
0.58783,-1.39202
0.58785,-1.39202
0.58786,-1.39202
0.58787,-1.39202
0.58788,-1.39202
0.58789,-1.39202
0.58790,-1.39201
0.58790,-1.39201
0.58791,-1.39201
0.58791,-1.39201
0.58792,-1.39201
0.58792,-1.39201
0.58792,-1.39201
0.58699,-1.39207
0.58700,-1.39207
0.58700,-1.39207
0.58700,-1.39207
0.58700,-1.39207
0.58701,-1.39207
0.58701,-1.39207
0.58702,-1.39207
0.58703,-1.39207
0.58704,-1.39207
0.58706,-1.39207
0.58708,-1.39207
0.58711,-1.39207
0.58714,-1.39206
0.58719,-1.39206
0.58724,-1.39206
0.58730,-1.39205
0.58736,-1.39205
0.58743,-1.39204
0.58750,-1.39204
0.58757,-1.39204
0.58763,-1.39203
0.58769,-1.39203
0.58773,-1.39203
0.58777,-1.39202
0.58780,-1.39202
0.58782,-1.39202
0.58784,-1.39202
0.58785,-1.39202
0.58786,-1.39202
0.58787,-1.39202
0.58788,-1.39202
0.58789,-1.39202
0.58790,-1.39201
0.58790,-1.39201
0.58791,-1.39201
0.58791,-1.39201
0.58792,-1.39201
0.58792,-1.39201
0.58793,-1.39201
0.58700,-1.39207
0.58700,-1.39207
0.58700,-1.39207
0.58700,-1.39207
0.58701,-1.39207
0.58701,-1.39207
0.58702,-1.39207
0.58702,-1.39207
0.58703,-1.39207
0.58705,-1.39207
0.58707,-1.39207
0.58709,-1.39207
0.58712,-1.39206
0.58716,-1.39206
0.58721,-1.39206
0.58726,-1.39206
0.58732,-1.39205
0.58738,-1.39205
0.58745,-1.39204
0.58752,-1.39204
0.58759,-1.39203
0.58765,-1.39203
0.58770,-1.39203
0.58774,-1.39202
0.58777,-1.39202
0.58780,-1.39202
0.58782,-1.39202
0.58784,-1.39202
0.58785,-1.39202
0.58786,-1.39202
0.58787,-1.39202
0.58788,-1.39202
0.58789,-1.39202
0.58790,-1.39201
0.58790,-1.39201
0.58791,-1.39201
0.58791,-1.39201
0.58792,-1.39201
0.58792,-1.39201
0.58792,-1.39201
0.58700,-1.39207
0.58700,-1.39207
0.58700,-1.39207
0.58700,-1.39207
0.58701,-1.39207
0.58701,-1.39207
0.58702,-1.39207
0.58703,-1.39207
0.58704,-1.39207
0.58705,-1.39207
0.58708,-1.39207
0.58710,-1.39207
0.58714,-1.39206
0.58718,-1.39206
0.58722,-1.39206
0.58728,-1.39205
0.58734,-1.39205
0.58740,-1.39205
0.58747,-1.39204
0.58754,-1.39204
0.58760,-1.39203
0.58766,-1.39203
0.58771,-1.39203
0.58775,-1.39202
0.58778,-1.39202
0.58780,-1.39202
0.58782,-1.39202
0.58784,-1.39202
0.58785,-1.39202
0.58787,-1.39202
0.58788,-1.39202
0.58788,-1.39202
0.58789,-1.39202
0.58790,-1.39201
0.58790,-1.39201
0.58791,-1.39201
0.58791,-1.39201
0.58792,-1.39201
0.58792,-1.39201
0.58792,-1.39201
