-1.47086,0.53375
-1.47056,0.53454
-1.47023,0.53542
-1.46984,0.53644
-1.46939,0.53764
-1.46886,0.53906
-1.46821,0.54076
-1.46743,0.54284
-1.46646,0.54539
-1.46525,0.54857
-1.46373,0.55257
-1.46178,0.55769
-1.45924,0.56433
-1.45589,0.57303
-1.45144,0.58453
-1.44551,0.59975
-1.43762,0.61975
-1.42729,0.64558
-1.41399,0.67813
-1.39720,0.71804
-1.37622,0.76586
-1.34991,0.82226
-1.31638,0.88797
-1.27278,0.96292
-1.21617,1.04423
-1.14605,1.12481
-1.06783,1.19545
-0.99196,1.24963
-0.92754,1.28662
-0.87758,1.31008
-0.84042,1.32465
-0.81298,1.33383
-0.79241,1.33983
-0.77657,1.34393
-0.76397,1.34687
-0.75358,1.34909
-0.74472,1.35083
-0.73693,1.35224
-0.72989,1.35343
-0.72340,1.35444
-1.47108,0.53315
-1.47072,0.53412
-1.47034,0.53512
-1.46992,0.53623
-1.46945,0.53748
-1.46890,0.53895
-1.46824,0.54068
-1.46745,0.54277
-1.46648,0.54533
-1.46528,0.54850
-1.46375,0.55251
-1.46180,0.55763
-1.45925,0.56429
-1.45587,0.57307
-1.45135,0.58475
-1.44528,0.60032
-1.43715,0.62095
-1.42638,0.64781
-1.41240,0.68195
-1.39457,0.72416
-1.37201,0.77516
-1.34335,0.83568
-1.30634,0.90627
-1.25791,0.98592
-1.19557,1.06995
-1.12064,1.14968
-1.04089,1.21611
-0.96730,1.26471
-0.90709,1.29676
-0.86126,1.31678
-0.82729,1.32921
-0.80203,1.33712
-0.78287,1.34235
-0.76791,1.34598
-0.75581,1.34863
-0.74571,1.35064
-0.73700,1.35223
-0.72928,1.35353
-0.72229,1.35461
-0.71586,1.35553
-1.47164,0.53168
-1.47113,0.53304
-1.47064,0.53433
-1.47015,0.53564
-1.46962,0.53705
-1.46902,0.53862
-1.46834,0.54043
-1.46752,0.54258
-1.46654,0.54518
-1.46532,0.54839
-1.46379,0.55241
-1.46182,0.55757
-1.45925,0.56430
-1.45583,0.57319
-1.45122,0.58510
-1.44498,0.60109
-1.43655,0.62245
-1.42529,0.65052
-1.41051,0.68650
-1.39145,0.73137
-1.36704,0.78601
-1.33560,0.85118
-1.29451,0.92702
-1.24064,1.01113
-1.17238,1.09679
-1.09337,1.17424
-1.01342,1.23554
-0.94305,1.27842
-0.88723,1.30590
-0.84526,1.32290
-0.81412,1.33348
-0.79076,1.34027
-0.77282,1.34484
-0.75860,1.34804
-0.74697,1.35040
-0.73715,1.35220
-0.72863,1.35363
-0.72107,1.35479
-0.71424,1.35575
-0.70799,1.35657
-1.47279,0.52861
-1.47203,0.53065
-1.47133,0.53251
-1.47067,0.53426
-1.47001,0.53600
-1.46932,0.53783
-1.46856,0.53983
-1.46770,0.54213
-1.46667,0.54484
-1.46541,0.54814
-1.46385,0.55226
-1.46185,0.55750
-1.45923,0.56434
-1.45574,0.57342
-1.45101,0.58563
-1.44456,0.60215
-1.43577,0.62440
-1.42391,0.65390
-1.40819,0.69206
-1.38767,0.74006
-1.36104,0.79892
-1.32627,0.86934
-1.28041,0.95064
-1.22049,1.03859
-1.14642,1.12444
-1.06442,1.19815
-0.98564,1.25360
-0.91919,1.29085
-0.86772,1.31419
-0.82928,1.32854
-0.80064,1.33752
-0.77895,1.34334
-0.76208,1.34729
-0.74857,1.35009
-0.73741,1.35216
-0.72794,1.35374
-0.71972,1.35499
-0.71244,1.35600
-0.70590,1.35682
-0.69996,1.35751
-1.47200,0.53072
-1.47321,0.52751
-1.47252,0.52933
-1.47167,0.53159
-1.47082,0.53385
-1.46996,0.53614
-1.46906,0.53853
-1.46807,0.54114
-1.46694,0.54411
-1.46561,0.54763
-1.46397,0.55194
-1.46190,0.55738
-1.45919,0.56444
-1.45559,0.57380
-1.45069,0.58645
-1.44396,0.60368
-1.43472,0.62705
-1.42212,0.65832
-1.40523,0.69912
-1.38292,0.75085
-1.35358,0.81466
-1.31479,0.89091
-1.26338,0.97761
-1.19698,1.06825
-1.11762,1.15250
-1.03405,1.22111
-0.95770,1.27027
-0.89559,1.30214
-0.84828,1.32177
-0.81303,1.33381
-0.78662,1.34138
-0.76642,1.34632
-0.75057,1.34969
-0.73779,1.35209
-0.72719,1.35386
-0.71819,1.35521
-0.71040,1.35626
-0.70355,1.35710
-0.69744,1.35779
-0.69195,1.35835
-0.19017,-0.85548
-0.25230,-0.75747
-0.35755,-0.55276
-1.46967,0.53690
-1.47143,0.53223
-1.47082,0.53384
-1.46985,0.53643
-1.46872,0.53941
-1.46745,0.54278
-1.46596,0.54669
-1.46418,0.55137
-1.46197,0.55719
-1.45911,0.56465
-1.45532,0.57451
-1.45016,0.58783
-1.44304,0.60603
-1.43318,0.63091
-1.41962,0.66443
-1.40125,0.70853
-1.37668,0.76484
-1.34396,0.83444
-1.30032,0.91694
-1.24259,1.00836
-1.16964,1.09982
-1.08607,1.18046
-1.00253,1.24281
-0.92963,1.28554
-0.87198,1.31244
-0.82856,1.32878
-0.79619,1.33878
-0.77181,1.34508
-0.75305,1.34920
-0.73828,1.35200
-0.72633,1.35399
-0.71644,1.35545
-0.70808,1.35655
-0.70089,1.35741
-0.69461,1.35808
-0.68906,1.35862
-0.68411,1.35906
-0.06566,-1.01685
-0.11465,-0.95797
-0.15880,-0.90000
-0.20375,-0.83525
-0.25479,-0.75325
-0.32797,-0.61617
-1.45766,0.56835
-1.46741,0.54288
-1.46731,0.54315
-1.46603,0.54651
-1.46420,0.55134
-1.46182,0.55758
-1.45873,0.56564
-1.45464,0.57627
-1.44907,0.59061
-1.44138,0.61025
-1.43066,0.63720
-1.41579,0.67375
-1.39545,0.72211
-1.36795,0.78403
-1.33100,0.86019
-1.28160,0.94868
-1.21711,1.04301
-1.13826,1.13265
-1.05214,1.20768
-0.97018,1.26301
-0.90133,1.29949
-0.84803,1.32187
-0.80817,1.33530
-0.77848,1.34346
-0.75608,1.34857
-0.73886,1.35190
-0.72530,1.35415
-0.71439,1.35573
-0.70540,1.35688
-0.69785,1.35774
-0.69140,1.35840
-0.68580,1.35891
-0.68089,1.35932
-0.67655,1.35965
0.08551,-1.16970
0.00507,-1.09334
-0.05305,-1.03118
-0.09754,-0.97915
-0.13524,-0.93157
-0.17061,-0.88359
-0.20624,-0.83146
-0.24413,-0.77119
-0.28834,-0.69357
-0.35039,-0.56861
-1.43367,0.62899
-1.45505,0.57520
-1.45465,0.57624
-1.45112,0.58534
-1.44539,0.60004
-1.43705,0.62118
-1.42521,0.65072
-1.40860,0.69108
-1.38568,0.74460
-1.35448,0.81276
-1.31253,0.89505
-1.25701,0.98728
-1.18635,1.08087
-1.10332,1.16552
-1.01655,1.23340
-0.93723,1.28154
-0.87252,1.31221
-0.82326,1.33055
-0.78675,1.34134
-0.75972,1.34780
-0.73947,1.35179
-0.72399,1.35435
-0.71191,1.35607
-0.70223,1.35726
-0.69432,1.35811
-0.68771,1.35875
-0.68209,1.35923
-0.67724,1.35960
-0.67301,1.35990
-0.66929,1.36013
0.26160,-1.30047
0.16362,-1.23387
0.07427,-1.15967
0.00506,-1.09332
-0.04663,-1.03836
-0.08685,-0.99204
-0.12037,-0.95074
-0.15036,-0.91149
-0.17878,-0.87199
-0.20673,-0.83072
-0.23472,-0.78667
-0.26329,-0.73858
-0.29347,-0.68397
-0.32712,-0.61791
-0.36909,-0.52651
-0.44246,-0.33289
-1.38852,0.73799
-1.38302,0.75061
-1.36192,0.79703
-1.32936,0.86337
-1.28434,0.94417
-1.22502,1.03259
-1.15106,1.11967
-1.06637,1.19661
-0.98027,1.25693
-0.90366,1.29839
-0.84265,1.32384
-0.79715,1.33851
-0.76405,1.34686
-0.73997,1.35170
-0.72219,1.35462
-0.70877,1.35647
-0.69838,1.35768
-0.69012,1.35852
-0.68339,1.35912
-0.67778,1.35956
-0.67303,1.35990
-0.66894,1.36015
-0.66539,1.36036
-0.66227,1.36052
0.36991,-1.35480
0.30066,-1.32252
0.21481,-1.27063
0.12742,-1.20534
0.05311,-1.14023
-0.00467,-1.08335
-0.04940,-1.03527
-0.08545,-0.99370
-0.11610,-0.95615
-0.14353,-0.92064
-0.16911,-0.88570
-0.19370,-0.85028
-0.21782,-0.81361
-0.24186,-0.77496
-0.26631,-0.73331
-0.29191,-0.68692
-0.31984,-0.63271
-0.35207,-0.56490
-0.39334,-0.46808
-0.47195,-0.23642
-1.24452,1.00553
-1.18914,1.07760
-1.11618,1.15384
-1.03076,1.22346
-0.94412,1.27783
-0.86875,1.31377
-0.81081,1.33450
-0.76925,1.34567
-0.74012,1.35167
-0.71954,1.35501
-0.70464,1.35697
-0.69353,1.35819
-0.68497,1.35899
-0.67819,1.35953
-0.67266,1.35992
-0.66806,1.36021
-0.66416,1.36042
-0.66082,1.36059
-0.65791,1.36072
-0.65537,1.36082
0.42541,-1.37394
0.38075,-1.35903
0.31865,-1.33175
0.24068,-1.28759
0.15772,-1.22936
0.08312,-1.16759
0.02269,-1.11098
-0.02498,-1.06198
-0.06346,-1.01937
-0.09594,-0.98109
-0.12465,-0.94528
-0.15111,-0.91047
-0.17628,-0.87557
-0.20082,-0.83966
-0.22523,-0.80193
-0.24996,-0.76144
-0.27547,-0.71704
-0.30228,-0.66725
-0.33099,-0.60993
-0.36283,-0.54084
-0.40167,-0.44689
-0.46996,-0.24266
-1.10953,1.15986
-1.00394,1.24187
-0.90820,1.29623
-0.83074,1.32804
-0.77594,1.34408
-0.73954,1.35178
-0.71540,1.35560
-0.69890,1.35763
-0.68713,1.35880
-0.67840,1.35952
-0.67168,1.35998
-0.66635,1.36031
-0.66200,1.36053
-0.65837,1.36070
-0.65530,1.36082
-0.65266,1.36092
-0.65038,1.36099
-0.64838,1.36105
0.45838,-1.38229
0.42788,-1.37465
0.38437,-1.36038
0.32443,-1.33460
0.24939,-1.29304
0.16878,-1.23777
0.09492,-1.17795
0.03389,-1.12193
-0.01495,-1.07262
-0.05475,-1.02927
-0.08852,-0.99003
-0.11849,-0.95313
-0.14619,-0.91708
-0.17265,-0.88072
-0.19853,-0.84310
-0.22430,-0.80341
-0.25029,-0.76089
-0.27674,-0.71477
-0.30383,-0.66426
-0.33181,-0.60822
-0.36151,-0.54383
-0.39568,-0.46218
-0.44576,-0.32219
-1.02824,1.22485
-0.87120,1.31275
-0.78677,1.34134
-0.73765,1.35211
-0.70860,1.35649
-0.69038,1.35850
-0.67819,1.35953
-0.66954,1.36012
-0.66312,1.36048
-0.65818,1.36071
-0.65425,1.36086
-0.65105,1.36097
-0.64838,1.36105
-0.64612,1.36111
-0.64419,1.36115
-0.64251,1.36119
-0.64104,1.36121
0.48107,-1.38666
0.45920,-1.38246
0.42810,-1.37471
0.38378,-1.36017
0.32295,-1.33388
0.24733,-1.29176
0.16670,-1.23620
0.09311,-1.17638
0.03224,-1.12033
-0.01673,-1.07074
-0.05694,-1.02680
-0.09133,-0.98667
-0.12211,-0.94853
-0.15080,-0.91089
-0.17839,-0.87255
-0.20552,-0.83256
-0.23254,-0.79021
-0.25960,-0.74498
-0.28674,-0.69652
-0.31397,-0.64443
-0.34157,-0.58765
-0.37073,-0.52269
-0.40505,-0.43807
-0.46021,-0.27542
-0.83049,1.32805
-0.73384,1.35277
-0.69620,1.35792
-0.67642,1.35966
-0.66445,1.36041
-0.65652,1.36078
-0.65093,1.36098
-0.64681,1.36109
-0.64367,1.36117
-0.64120,1.36121
-0.63920,1.36124
-0.63755,1.36126
-0.63616,1.36128
-0.63496,1.36128
-0.63392,1.36129
-0.63302,1.36130
0.49808,-1.38919
0.48195,-1.38680
0.45933,-1.38249
0.42693,-1.37438
0.38052,-1.35894
0.31682,-1.33084
0.23836,-1.28611
0.15618,-1.22818
0.08251,-1.16705
0.02219,-1.11049
-0.02629,-1.06057
-0.06633,-1.01609
-0.10090,-0.97504
-0.13220,-0.93553
-0.16169,-0.89602
-0.19030,-0.85530
-0.21852,-0.81251
-0.24655,-0.76717
-0.27435,-0.71906
-0.30183,-0.66810
-0.32912,-0.61380
-0.35697,-0.55404
-0.38771,-0.48206
-0.42872,-0.37312
-0.65775,0.77610
-0.66498,1.36038
-0.64778,1.36107
-0.63929,1.36124
-0.63436,1.36129
-0.63126,1.36130
-0.62921,1.36130
-0.62781,1.36130
-0.62682,1.36129
-0.62610,1.36129
-0.62556,1.36129
-0.62513,1.36128
-0.62476,1.36128
-0.62444,1.36128
-0.62416,1.36128
-0.62389,1.36127
0.51151,-1.39074
0.49936,-1.38936
0.48268,-1.38693
0.45906,-1.38243
0.42485,-1.37378
0.37540,-1.35697
0.30740,-1.32604
0.22469,-1.27724
0.14029,-1.21572
0.06661,-1.15272
0.00724,-1.09553
-0.04036,-1.04529
-0.07992,-1.00025
-0.11452,-0.95814
-0.14628,-0.91696
-0.17658,-0.87513
-0.20621,-0.83151
-0.23548,-0.78544
-0.26436,-0.73672
-0.29273,-0.68537
-0.32063,-0.63110
-0.34874,-0.57220
-0.37912,-0.50288
-0.41810,-0.40301
-0.51884,-0.02276
-0.55199,1.35701
-0.57556,1.35918
-0.58621,1.35991
-0.59273,1.36029
-0.59727,1.36052
-0.60069,1.36067
-0.60337,1.36078
-0.60555,1.36086
-0.60735,1.36092
-0.60884,1.36097
-0.61007,1.36101
-0.61109,1.36104
-0.61193,1.36106
-0.61261,1.36108
-0.61316,1.36109
0.52245,-1.39170
0.51316,-1.39090
0.50070,-1.38953
0.48341,-1.38704
0.45860,-1.38233
0.42218,-1.37300
0.36888,-1.35439
0.29544,-1.31972
0.20761,-1.26572
0.12091,-1.19999
0.04764,-1.13508
-0.01041,-1.07738
-0.05690,-1.02684
-0.09594,-0.98109
-0.13062,-0.93759
-0.16299,-0.89423
-0.19428,-0.84942
-0.22507,-0.80218
-0.25546,-0.75210
-0.28531,-0.69916
-0.31466,-0.64306
-0.34425,-0.58192
-0.37646,-0.50922
-0.41934,-0.39958
-0.22143,1.25716
-0.39779,1.32651
-0.46339,1.34280
-0.50345,1.35037
-0.52958,1.35430
-0.54747,1.35652
-0.56026,1.35785
-0.56977,1.35871
-0.57706,1.35929
-0.58279,1.35969
-0.58738,1.35999
-0.59108,1.36020
-0.59410,1.36036
-0.59658,1.36049
-0.59861,1.36058
-0.60028,1.36065
0.53159,-1.39231
0.52439,-1.39185
0.51497,-1.39107
0.50220,-1.38971
0.48427,-1.38718
0.45816,-1.38224
0.41919,-1.37211
0.36130,-1.35128
0.28138,-1.31197
0.18791,-1.25184
0.09926,-1.18170
0.02691,-1.11513
-0.02955,-1.05706
-0.07490,-1.00614
-0.11355,-0.95936
-0.14856,-0.91391
-0.18186,-0.86757
-0.21449,-0.81879
-0.24681,-0.76672
-0.27883,-0.71099
-0.31065,-0.65099
-0.34329,-0.58399
-0.38038,-0.49985
-0.43940,-0.34137
-0.21472,1.25512
-0.29893,1.29294
-0.35863,1.31453
-0.40832,1.32945
-0.44886,1.33960
-0.48076,1.34631
-0.50535,1.35069
-0.52425,1.35357
-0.53890,1.35550
-0.55037,1.35684
-0.55948,1.35778
-0.56678,1.35845
-0.57269,1.35895
-0.57750,1.35932
-0.58143,1.35960
-0.58466,1.35982
0.53941,-1.39267
0.53377,-1.39242
0.52656,-1.39200
0.51704,-1.39126
0.50400,-1.38992
0.48545,-1.38737
0.45800,-1.38220
0.41618,-1.37120
0.35296,-1.34773
0.26554,-1.30281
0.16609,-1.23574
0.07603,-1.16126
0.00509,-1.09335
-0.04966,-1.03498
-0.09403,-0.98341
-0.13261,-0.93501
-0.16841,-0.88668
-0.20323,-0.83602
-0.23800,-0.78132
-0.27307,-0.72134
-0.30893,-0.65435
-0.34758,-0.57470
-0.39806,-0.45610
-0.08612,1.17647
-0.19681,1.24584
-0.25103,1.27256
-0.29607,1.29180
-0.33772,1.30743
-0.37675,1.32028
-0.41233,1.33053
-0.44355,1.33837
-0.47003,1.34418
-0.49198,1.34839
-0.50994,1.35142
-0.52456,1.35361
-0.53646,1.35520
-0.54616,1.35637
-0.55409,1.35723
-0.56059,1.35788
-0.56592,1.35838
0.54624,-1.39289
0.54179,-1.39276
0.53622,-1.39254
0.52905,-1.39216
0.51950,-1.39147
0.50629,-1.39019
0.48721,-1.38765
0.45845,-1.38230
0.41358,-1.37039
0.34421,-1.34387
0.24806,-1.29222
0.14236,-1.21737
0.05149,-1.13871
-0.01769,-1.06973
-0.07080,-1.01092
-0.11454,-0.95811
-0.15365,-0.90704
-0.19114,-0.85405
-0.22897,-0.79595
-0.26852,-0.72941
-0.31181,-0.64870
-0.36652,-0.53240
0.03079,1.07188
-0.12235,1.20174
-0.18089,1.23719
-0.22323,1.25938
-0.25957,1.27640
-0.29345,1.29075
-0.32624,1.30332
-0.35812,1.31436
-0.38862,1.32386
-0.41701,1.33177
-0.44265,1.33816
-0.46522,1.34318
-0.48466,1.34705
-0.50114,1.34999
-0.51498,1.35221
-0.52651,1.35388
-0.53610,1.35516
-0.54404,1.35612
0.55233,-1.39299
0.54880,-1.39294
0.54449,-1.39284
0.53907,-1.39266
0.53202,-1.39233
0.52256,-1.39171
0.50932,-1.39051
0.48991,-1.38806
0.45999,-1.38263
0.41192,-1.36987
0.33535,-1.33981
0.22873,-1.27990
0.11634,-1.19619
0.02521,-1.11347
-0.04201,-1.04348
-0.09379,-0.98369
-0.13765,-0.92841
-0.17864,-0.87220
-0.22061,-0.80923
-0.26816,-0.73006
-0.33583,-0.59978
0.16203,0.89354
-0.03401,1.13488
-0.11487,1.19676
-0.16508,1.22820
-0.20297,1.24909
-0.23505,1.26511
-0.26430,1.27849
-0.29226,1.29027
-0.31966,1.30090
-0.34667,1.31053
-0.37309,1.31915
-0.39849,1.32671
-0.42236,1.33317
-0.44426,1.33854
-0.46390,1.34291
-0.48115,1.34638
-0.49607,1.34912
-0.50881,1.35124
-0.51958,1.35290
0.55787,-1.39301
0.55511,-1.39301
0.55178,-1.39298
0.54768,-1.39292
0.54248,-1.39278
0.53569,-1.39252
0.52648,-1.39199
0.51344,-1.39093
0.49401,-1.38865
0.46325,-1.38332
0.41183,-1.36984
0.32630,-1.33551
0.20620,-1.26475
0.08629,-1.17039
-0.00453,-1.08349
-0.06993,-1.01192
-0.12156,-0.94923
-0.16843,-0.88665
-0.22020,-0.80988
0.48376,0.12883
0.38343,0.41128
0.14662,0.91869
-0.01692,1.11961
-0.09796,1.18507
-0.14845,1.21829
-0.18561,1.23980
-0.21607,1.25581
-0.24298,1.26885
-0.26802,1.28012
-0.29217,1.29024
-0.31593,1.29951
-0.33950,1.30805
-0.36283,1.31589
-0.38567,1.32298
-0.40768,1.32927
-0.42845,1.33472
-0.44763,1.33932
-0.46495,1.34313
-0.48031,1.34622
-0.49370,1.34870
0.56304,-1.39298
0.56092,-1.39300
0.55840,-1.39301
0.55535,-1.39301
0.55156,-1.39298
0.54672,-1.39290
0.54034,-1.39271
0.53162,-1.39231
0.51913,-1.39144
0.50012,-1.38945
0.46894,-1.38446
0.41376,-1.37045
0.31564,-1.33025
0.17598,-1.24313
0.04709,-1.13456
-0.04384,-1.04146
-0.11187,-0.96146
-0.19408,-0.84946
0.48682,0.12141
0.45790,0.20590
0.38909,0.39637
0.19565,0.83467
0.01654,1.08708
-0.07560,1.16866
-0.13052,1.20706
-0.16922,1.23059
-0.19975,1.24740
-0.22579,1.26063
-0.24932,1.27178
-0.27145,1.28160
-0.29288,1.29052
-0.31402,1.29879
-0.33507,1.30650
-0.35607,1.31368
-0.37688,1.32032
-0.39726,1.32636
-0.41686,1.33173
-0.43533,1.33641
-0.45236,1.34039
-0.46775,1.34371
0.56799,-1.39289
0.56644,-1.39292
0.56463,-1.39296
0.56246,-1.39298
0.55980,-1.39301
0.55646,-1.39301
0.55216,-1.39299
0.54644,-1.39289
0.53854,-1.39264
0.52703,-1.39203
0.50902,-1.39048
0.47792,-1.38612
0.41771,-1.37167
0.29734,-1.32074
0.12209,-1.20096
-0.02514,-1.06180
0.52491,-0.01200
0.49412,0.09997
0.47919,0.14398
0.45793,0.20583
0.40792,0.34587
0.25827,0.71032
0.06197,1.03650
-0.04829,1.14699
-0.11086,1.19404
-0.15283,1.22094
-0.18462,1.23925
-0.21083,1.25315
-0.23378,1.26450
-0.25482,1.27428
-0.27477,1.28302
-0.29415,1.29103
-0.31333,1.29852
-0.33250,1.30558
-0.35174,1.31224
-0.37097,1.31849
-0.39001,1.32427
-0.40858,1.32951
-0.42632,1.33418
-0.44293,1.33823
0.57287,-1.39275
0.57187,-1.39278
0.57071,-1.39282
0.56932,-1.39286
0.56764,-1.39290
0.56555,-1.39294
0.56289,-1.39298
0.55942,-1.39301
0.55473,-1.39301
0.54813,-1.39293
0.53828,-1.39263
0.52216,-1.39168
0.49191,-1.38835
0.42216,-1.37300
0.23304,-1.28269
0.53067,-0.07764
0.50165,0.07782
0.49011,0.11187
0.47873,0.14535
0.46173,0.19486
0.42518,0.29850
0.31794,0.57548
0.11934,0.96031
-0.01520,1.11803
-0.08886,1.17852
-0.13576,1.21040
-0.16984,1.23095
-0.19698,1.24594
-0.22006,1.25780
-0.24067,1.26777
-0.25978,1.27650
-0.27800,1.28439
-0.29580,1.29170
-0.31347,1.29858
-0.33122,1.30512
-0.34913,1.31136
-0.36716,1.31728
-0.38516,1.32283
-0.40286,1.32794
-0.41996,1.33255
0.57783,-1.39256
0.57739,-1.39258
0.57687,-1.39260
0.57626,-1.39263
0.57551,-1.39266
0.57457,-1.39269
0.57337,-1.39273
0.57180,-1.39279
0.56969,-1.39285
0.56677,-1.39292
0.56253,-1.39298
0.55592,-1.39301
0.54434,-1.39284
0.51880,-1.39141
0.40325,-1.36699
0.51382,0.04226
0.49958,0.08404
0.49025,0.11148
0.48050,0.14016
0.46653,0.18095
0.43933,0.25889
0.36590,0.45681
0.18806,0.84846
0.02575,1.07746
-0.06345,1.15925
-0.11729,1.19838
-0.15471,1.22207
-0.18348,1.23863
-0.20726,1.25132
-0.22796,1.26169
-0.24672,1.27058
-0.26428,1.27848
-0.28114,1.28570
-0.29769,1.29245
-0.31420,1.29886
-0.33087,1.30500
-0.34778,1.31091
-0.36490,1.31656
-0.38210,1.32191
-0.39914,1.32689
0.58305,-1.39230
0.58321,-1.39229
0.58339,-1.39228
0.58360,-1.39227
0.58383,-1.39226
0.58410,-1.39224
0.58441,-1.39223
0.58478,-1.39221
0.58525,-1.39218
0.58590,-1.39214
0.58694,-1.39208
0.58886,-1.39195
0.59333,-1.39163
0.60892,-1.39021
0.85048,-1.31437
0.51571,0.03723
0.50146,0.07857
0.49245,0.10502
0.48357,0.13115
0.47180,0.16560
0.45117,0.22524
0.40165,0.36284
0.26369,0.69871
0.07874,1.01573
-0.03245,1.13352
-0.09619,1.18381
-0.13835,1.21204
-0.16958,1.23080
-0.19462,1.24468
-0.21589,1.25572
-0.23474,1.26496
-0.25204,1.27302
-0.26836,1.28026
-0.28414,1.28695
-0.29971,1.29325
-0.31534,1.29929
-0.33120,1.30512
-0.34737,1.31077
-0.36382,1.31621
-0.38042,1.32141
0.58872,-1.39196
0.58957,-1.39190
0.59055,-1.39184
0.59170,-1.39175
0.59309,-1.39165
0.59478,-1.39152
0.59689,-1.39135
0.59962,-1.39112
0.60330,-1.39078
0.60853,-1.39025
0.61660,-1.38934
0.63049,-1.38747
0.65866,-1.38257
0.73169,-1.36353
0.95685,-1.25258
0.53401,-0.01166
0.50703,0.06235
0.49664,0.09271
0.48792,0.11836
0.47768,0.14843
0.46177,0.19475
0.42853,0.28919
0.33639,0.53085
0.15128,0.91122
0.00903,1.09470
-0.06995,1.16433
-0.11923,1.19967
-0.15414,1.22174
-0.18122,1.23738
-0.20361,1.24943
-0.22302,1.25927
-0.24047,1.26767
-0.25662,1.27509
-0.27199,1.28183
-0.28694,1.28810
-0.30178,1.29407
-0.31675,1.29982
-0.33202,1.30541
-0.34766,1.31086
-0.36363,1.31615
0.59509,-1.39150
0.59674,-1.39136
0.59869,-1.39120
0.60101,-1.39099
0.60383,-1.39073
0.60733,-1.39038
0.61180,-1.38990
0.61771,-1.38920
0.62583,-1.38813
0.63764,-1.38636
0.65599,-1.38310
0.68680,-1.37629
0.74215,-1.36010
0.84006,-1.31988
0.98286,-1.23449
1.15735,-1.07355
0.52334,0.01651
0.50427,0.07041
0.49421,0.09987
0.48466,0.12795
0.47209,0.16476
0.44988,0.22894
0.39588,0.37830
0.25110,0.72549
0.07293,1.02306
-0.03259,1.13365
-0.09397,1.18222
-0.13495,1.20989
-0.16541,1.22839
-0.18981,1.24209
-0.21042,1.25294
-0.22855,1.26198
-0.24501,1.26979
-0.26037,1.27676
-0.27506,1.28314
-0.28943,1.28913
-0.30377,1.29485
-0.31830,1.30040
-0.33318,1.30582
-0.34846,1.31114
0.60241,-1.39087
0.60506,-1.39061
0.60821,-1.39029
0.61200,-1.38988
0.61666,-1.38933
0.62254,-1.38858
0.63015,-1.38752
0.64034,-1.38592
0.65450,-1.38339
0.67499,-1.37909
0.70578,-1.37130
0.75273,-1.35646
0.82161,-1.32856
0.91112,-1.28157
1.00863,-1.21527
1.10044,-1.13489
1.19386,-1.02862
0.52789,0.00464
0.50525,0.06759
0.49412,0.10014
0.48329,0.13197
0.46819,0.17613
0.43905,0.25968
0.36179,0.46731
0.18694,0.85047
0.03246,1.07025
-0.05405,1.15172
-0.10690,1.19133
-0.14371,1.21538
-0.17187,1.23211
-0.19487,1.24481
-0.21457,1.25505
-0.23206,1.26368
-0.24803,1.27119
-0.26300,1.27792
-0.27736,1.28412
-0.29145,1.28994
-0.30553,1.29553
-0.31984,1.30097
-0.33452,1.30630
0.61100,-1.38999
0.61489,-1.38954
0.61954,-1.38897
0.62519,-1.38822
0.63221,-1.38721
0.64112,-1.38579
0.65272,-1.38372
0.66826,-1.38058
0.68957,-1.37560
0.71933,-1.36737
0.76076,-1.35358
0.81634,-1.33095
0.88508,-1.29652
0.96101,-1.24979
1.03557,-1.19372
1.10159,-1.13375
1.15563,-1.07568
1.20075,-1.01969
1.26754,-0.79480
0.51418,0.04204
0.49885,0.08629
0.48655,0.12242
0.47043,0.16963
0.43969,0.25787
0.35745,0.47835
0.17788,0.86651
0.02763,1.07545
-0.05611,1.15339
-0.10781,1.19195
-0.14416,1.21566
-0.17219,1.23229
-0.19522,1.24500
-0.21504,1.25529
-0.23268,1.26398
-0.24882,1.27155
-0.26394,1.27834
-0.27843,1.28457
-0.29262,1.29042
-0.30678,1.29601
-0.32113,1.30145
0.62121,-1.38876
0.62662,-1.38802
0.63311,-1.38707
0.64105,-1.38580
0.65092,-1.38406
0.66345,-1.38160
0.67966,-1.37801
0.70098,-1.37261
0.72925,-1.36431
0.76644,-1.35148
0.81389,-1.33205
0.87104,-1.30414
0.93480,-1.26702
1.00030,-1.22163
1.06260,-1.17048
1.11779,-1.11729
1.16366,-1.06625
1.19984,-1.02093
1.22704,-0.98356
1.24660,-0.95482
1.26684,-0.92307
0.53074,-0.00208
0.50339,0.07309
0.48692,0.12133
0.46441,0.18711
0.41338,0.33101
0.26658,0.69245
0.07761,1.01717
-0.03029,1.13163
-0.09189,1.18073
-0.13306,1.20868
-0.16389,1.22751
-0.18883,1.24156
-0.21010,1.25278
-0.22896,1.26218
-0.24615,1.27032
-0.26218,1.27756
-0.27746,1.28416
-0.29230,1.29029
-0.30701,1.29610
0.63337,-1.38703
0.64058,-1.38588
0.64925,-1.38437
0.65981,-1.38234
0.67288,-1.37957
0.68929,-1.37567
0.71012,-1.37007
0.73667,-1.36192
0.77029,-1.35003
0.81187,-1.33294
0.86121,-1.30929
0.91663,-1.27827
0.97520,-1.23995
1.03361,-1.19534
1.08881,-1.14624
1.13845,-1.09514
1.18132,-1.04472
1.21741,-0.99713
1.24744,-0.95357
1.27235,-0.91462
1.29285,-0.88059
1.30930,-0.85201
1.32147,-0.83016
1.32801,-0.81818
1.32433,-0.82492
0.69796,-0.23701
0.49281,0.10410
0.44748,0.23580
0.30104,0.61519
0.07308,1.02289
-0.04212,1.14183
-0.10291,1.18855
-0.14275,1.21478
-0.17276,1.23262
-0.19742,1.24617
-0.21886,1.25721
-0.23821,1.26661
-0.25614,1.27487
-0.27310,1.28230
-0.28941,1.28912
0.64773,-1.38464
0.65697,-1.38291
0.66801,-1.38064
0.68135,-1.37761
0.69762,-1.37352
0.71766,-1.36787
0.74241,-1.36002
0.77285,-1.34905
0.80971,-1.33389
0.85308,-1.31344
0.90210,-1.28687
0.95497,-1.25386
1.00938,-1.21469
1.06295,-1.17016
1.11355,-1.12167
1.15960,-1.07105
1.20039,-1.02020
1.23600,-0.97061
1.26697,-0.92325
1.29387,-0.87885
1.31703,-0.83821
1.33658,-0.80223
1.35260,-0.77167
1.36526,-0.74686
1.37489,-0.72761
1.38185,-0.71353
1.38622,-0.70459
1.38731,-0.70235
1.38069,-0.71588
1.32103,-0.78605
0.44556,0.24127
0.17777,0.86670
-0.01872,1.12126
-0.09704,1.18442
-0.14183,1.21421
-0.17393,1.23329
-0.20005,1.24756
-0.22291,1.25922
-0.24382,1.26924
-0.26347,1.27813
0.66435,-1.38141
0.67569,-1.37893
0.68908,-1.37572
0.70501,-1.37151
0.72409,-1.36592
0.74704,-1.35844
0.77460,-1.34838
0.80744,-1.33489
0.84584,-1.31706
0.88950,-1.29406
0.93740,-1.26536
0.98791,-1.23082
1.03915,-1.19074
1.08920,-1.14586
1.13639,-1.09740
1.17955,-1.04693
1.21821,-0.99602
1.25245,-0.94596
1.28260,-0.89782
1.30889,-0.85274
1.33135,-0.81201
1.34993,-0.77684
1.36476,-0.74785
1.37624,-0.72489
1.38497,-0.70715
1.39157,-0.69358
1.39656,-0.68322
1.40035,-0.67532
1.40315,-0.66943
1.40500,-0.66554
1.40548,-0.66452
1.40245,-0.67090
1.37286,-0.73166
0.42756,0.29191
0.06669,1.03078
-0.07334,1.16694
-0.13215,1.20810
-0.16924,1.23060
-0.19815,1.24656
-0.22332,1.25942
0.68298,-1.37722
0.69627,-1.37387
0.71172,-1.36961
0.72977,-1.36415
0.75098,-1.35707
0.77593,-1.34786
0.80523,-1.33585
0.83930,-1.32025
0.87823,-1.30028
0.92155,-1.27527
0.96824,-1.24482
1.01683,-1.20888
1.06559,-1.16780
1.11285,-1.12239
1.15717,-1.07390
1.19765,-1.02380
1.23401,-0.97351
1.26637,-0.92421
1.29493,-0.87704
1.31976,-0.83329
1.34074,-0.79438
1.35785,-0.76146
1.37128,-0.73488
1.38153,-0.71417
1.38926,-0.69834
1.39510,-0.68626
1.39956,-0.67696
1.40304,-0.66967
1.40580,-0.66385
1.40804,-0.65912
1.40986,-0.65526
1.41130,-0.65220
1.41227,-0.65013
1.41238,-0.64990
1.40970,-0.65560
1.37744,-0.72245
0.34016,0.52160
-0.01766,1.12029
-0.11286,1.19540
-0.15967,1.22503
0.70306,-1.37205
0.71794,-1.36779
0.73494,-1.36249
0.75450,-1.35583
0.77709,-1.34741
0.80325,-1.33670
0.83348,-1.32304
0.86811,-1.30569
0.90712,-1.28393
0.94999,-1.25718
0.99565,-1.22511
1.04267,-1.18778
1.08938,-1.14569
1.13419,-1.09981
1.17588,-1.05148
1.21378,-1.00215
1.24778,-0.95307
1.27807,-0.90530
1.30481,-0.85993
1.32797,-0.81827
1.34741,-0.78167
1.36313,-0.75108
1.37537,-0.72665
1.38468,-0.70775
1.39168,-0.69335
1.39697,-0.68237
1.40103,-0.67389
1.40420,-0.66723
1.40674,-0.66187
1.40882,-0.65746
1.41056,-0.65377
1.41204,-0.65061
1.41332,-0.64789
1.41441,-0.64555
1.41531,-0.64363
1.41589,-0.64240
1.41569,-0.64282
1.41223,-0.65021
0.64713,-0.18010
0.13869,0.93115
0.72378,-1.36602
0.73976,-1.36090
0.75777,-1.35466
0.77823,-1.34697
0.80161,-1.33740
0.82842,-1.32542
0.85915,-1.31035
0.89407,-1.29148
0.93308,-1.26810
0.97557,-1.23969
1.02042,-1.20603
1.06611,-1.16733
1.11097,-1.12431
1.15350,-1.07815
1.19266,-1.03030
1.22805,-0.98211
1.25974,-0.93466
1.28798,-0.88884
1.31290,-0.84563
1.33443,-0.80626
1.35245,-0.77196
1.36695,-0.74351
1.37822,-0.72089
1.38679,-0.70343
1.39325,-0.69010
1.39815,-0.67990
1.40193,-0.67200
1.40489,-0.66577
1.40727,-0.66075
1.40922,-0.65661
1.41085,-0.65315
1.41224,-0.65019
1.41344,-0.64763
1.41450,-0.64538
1.41543,-0.64337
1.41627,-0.64157
1.41702,-0.63998
1.41763,-0.63867
1.41795,-0.63797
1.41737,-0.63922
0.74431,-1.35937
0.76090,-1.35352
0.77944,-1.34649
0.80036,-1.33793
0.82415,-1.32740
0.85135,-1.31432
0.88242,-1.29799
0.91760,-1.27768
0.95668,-1.25271
0.99895,-1.22264
1.04314,-1.18738
1.08762,-1.14738
1.13070,-1.10360
1.17099,-1.05745
1.20771,-1.01041
1.24070,-0.96368
1.27019,-0.91811
1.29647,-0.87440
1.31967,-0.83343
1.33971,-0.79633
1.35645,-0.76419
1.36990,-0.73763
1.38036,-0.71655
1.38834,-0.70024
1.39439,-0.68775
1.39899,-0.67815
1.40256,-0.67067
1.40537,-0.66475
1.40764,-0.65997
1.40950,-0.65602
1.41106,-0.65271
1.41238,-0.64989
1.41352,-0.64747
1.41451,-0.64535
1.41538,-0.64349
1.41616,-0.64182
1.41686,-0.64032
1.41750,-0.63893
1.41810,-0.63765
1.41865,-0.63647
0.76393,-1.35241
0.78076,-1.34597
0.79951,-1.33829
0.82063,-1.32901
0.84467,-1.31763
0.87219,-1.30353
0.90363,-1.28598
0.93917,-1.26422
0.97847,-1.23763
1.02064,-1.20585
1.06424,-1.16901
1.10752,-1.12781
1.14880,-1.08353
1.18688,-1.03772
1.22122,-0.99180
1.25192,-0.94676
1.27935,-0.90319
1.30383,-0.86164
1.32547,-0.82287
1.34415,-0.78791
1.35974,-0.75774
1.37229,-0.73284
1.38208,-0.71306
1.38956,-0.69772
1.39527,-0.68591
1.39964,-0.67679
1.40304,-0.66965
1.40574,-0.66397
1.40792,-0.65936
1.40972,-0.65555
1.41122,-0.65236
1.41250,-0.64963
1.41360,-0.64729
1.41455,-0.64526
1.41538,-0.64349
1.41611,-0.64192
1.41676,-0.64053
1.41734,-0.63928
1.41788,-0.63814
1.41837,-0.63706
0.78219,-1.34540
0.79903,-1.33850
0.81781,-1.33029
0.83905,-1.32037
0.86334,-1.30819
0.89125,-1.29308
0.92320,-1.27426
0.95924,-1.25099
0.99889,-1.22268
1.04103,-1.18916
1.08403,-1.15078
1.12604,-1.10859
1.16546,-1.06411
1.20131,-1.01898
1.23336,-0.97445
1.26193,-0.93124
1.28745,-0.88972
1.31028,-0.85028
1.33049,-0.81361
1.34795,-0.78063
1.36254,-0.75223
1.37430,-0.72880
1.38351,-0.71015
1.39058,-0.69562
1.39600,-0.68439
1.40018,-0.67567
1.40344,-0.66882
1.40604,-0.66333
1.40815,-0.65887
1.40990,-0.65517
1.41136,-0.65205
1.41261,-0.64940
1.41368,-0.64712
1.41460,-0.64514
1.41541,-0.64342
1.41611,-0.64191
1.41673,-0.64058
1.41728,-0.63941
1.41777,-0.63836
1.41822,-0.63740
