-1.42964,0.63974
-1.42929,0.64059
-1.42891,0.64154
-1.42847,0.64264
-1.42796,0.64392
-1.42734,0.64544
-1.42660,0.64727
-1.42570,0.64951
-1.42458,0.65225
-1.42319,0.65567
-1.42144,0.65999
-1.41918,0.66552
-1.41623,0.67269
-1.41233,0.68212
-1.40713,0.69460
-1.40014,0.71115
-1.39078,0.73292
-1.37840,0.76100
-1.36231,0.79619
-1.34180,0.83881
-1.31598,0.88872
-1.28354,0.94549
-1.24255,1.00841
-1.19055,1.07594
-1.12592,1.14467
-1.05085,1.20867
-0.97360,1.26097
-0.90502,1.29775
-0.85120,1.32068
-0.81174,1.33421
-0.78340,1.34222
-0.76287,1.34712
-0.74763,1.35027
-0.73597,1.35241
-0.72671,1.35393
-0.71909,1.35508
-0.71259,1.35598
-0.70687,1.35670
-0.70170,1.35732
-0.69694,1.35784
-1.42989,0.63911
-1.42948,0.64014
-1.42904,0.64122
-1.42856,0.64241
-1.42802,0.64375
-1.42739,0.64532
-1.42664,0.64718
-1.42573,0.64943
-1.42461,0.65218
-1.42322,0.65560
-1.42147,0.65992
-1.41920,0.66545
-1.41624,0.67266
-1.41231,0.68217
-1.40703,0.69485
-1.39987,0.71178
-1.39021,0.73422
-1.37732,0.76342
-1.36039,0.80030
-1.33857,0.84528
-1.31079,0.89824
-1.27548,0.95863
-1.23042,1.02530
-1.17324,1.09583
-1.10329,1.16554
-1.02500,1.22754
-0.94856,1.27540
-0.88398,1.30733
-0.83484,1.32663
-0.79921,1.33793
-0.77354,1.34466
-0.75474,1.34885
-0.74060,1.35159
-0.72960,1.35347
-0.72072,1.35484
-0.71331,1.35588
-0.70692,1.35670
-0.70125,1.35737
-0.69612,1.35793
-0.69139,1.35840
-1.43053,0.63753
-1.42994,0.63898
-1.42938,0.64037
-1.42882,0.64178
-1.42821,0.64329
-1.42753,0.64497
-1.42674,0.64692
-1.42581,0.64923
-1.42468,0.65203
-1.42327,0.65548
-1.42151,0.65982
-1.41923,0.66539
-1.41624,0.67266
-1.41226,0.68230
-1.40687,0.69522
-1.39952,0.71261
-1.38950,0.73586
-1.37599,0.76636
-1.35808,0.80519
-1.33474,0.85287
-1.30465,0.90927
-1.26597,0.97362
-1.21625,1.04413
-1.15342,1.11721
-1.07838,1.18688
-0.99807,1.24571
-0.92381,1.28852
-0.86383,1.31576
-0.81923,1.33186
-0.78705,1.34127
-0.76371,1.34693
-0.74641,1.35051
-0.73321,1.35288
-0.72277,1.35454
-0.71424,1.35575
-0.70704,1.35668
-0.70078,1.35742
-0.69523,1.35802
-0.69020,1.35851
-0.68559,1.35893
-1.43184,0.63424
-1.43097,0.63643
-1.43017,0.63842
-1.42941,0.64030
-1.42866,0.64216
-1.42787,0.64412
-1.42700,0.64627
-1.42601,0.64874
-1.42482,0.65166
-1.42338,0.65522
-1.42158,0.65965
-1.41926,0.66531
-1.41622,0.67271
-1.41216,0.68254
-1.40663,0.69580
-1.39902,0.71377
-1.38857,0.73799
-1.37434,0.77003
-1.35525,0.81115
-1.33009,0.86197
-1.29725,0.92229
-1.25457,0.99093
-1.19952,1.06517
-1.13074,1.14004
-1.05123,1.20838
-0.97039,1.26288
-0.89957,1.30030
-0.84448,1.32318
-0.80416,1.33650
-0.77503,1.34430
-0.75372,1.34906
-0.73772,1.35210
-0.72532,1.35415
-0.71541,1.35560
-0.70723,1.35666
-0.70027,1.35748
-0.69423,1.35812
-0.68887,1.35864
-0.68405,1.35907
-0.67966,1.35942
-1.43094,0.63650
-1.43231,0.63306
-1.43153,0.63502
-1.43056,0.63743
-1.42959,0.63986
-1.42860,0.64231
-1.42757,0.64487
-1.42644,0.64768
-1.42514,0.65087
-1.42361,0.65466
-1.42172,0.65931
-1.41932,0.66518
-1.41618,0.67281
-1.41198,0.68296
-1.40625,0.69670
-1.39832,0.71543
-1.38731,0.74087
-1.37217,0.77481
-1.35164,0.81869
-1.32424,0.87321
-1.28805,0.93798
-1.24063,1.01114
-1.17958,1.08868
-1.10483,1.16417
-1.02198,1.22966
-0.94232,1.27881
-0.87594,1.31078
-0.82577,1.32972
-0.78934,1.34066
-0.76291,1.34711
-0.74336,1.35108
-0.72851,1.35365
-0.71688,1.35539
-0.70750,1.35663
-0.69972,1.35754
-0.69311,1.35823
-0.68737,1.35878
-0.68231,1.35921
-0.67780,1.35956
-0.67373,1.35985
-0.15482,-0.90545
-0.21582,-0.81673
-0.31873,-0.63493
-1.42827,0.64313
-1.43029,0.63812
-1.42959,0.63985
-1.42848,0.64262
-1.42719,0.64582
-1.42572,0.64945
-1.42402,0.65365
-1.42196,0.65870
-1.41940,0.66498
-1.41608,0.67305
-1.41166,0.68373
-1.40562,0.69819
-1.39722,0.71799
-1.38547,0.74506
-1.36915,0.78142
-1.34677,0.82873
-1.31654,0.88767
-1.27622,0.95742
-1.22319,1.03503
-1.15564,1.11488
-1.07548,1.18926
-0.99101,1.25024
-0.91422,1.29331
-0.85288,1.32004
-0.80743,1.33552
-0.77449,1.34444
-0.75042,1.34972
-0.73246,1.35300
-0.71870,1.35513
-0.70786,1.35658
-0.69909,1.35761
-0.69182,1.35836
-0.68566,1.35893
-0.68035,1.35937
-0.67570,1.35971
-0.67159,1.35999
-0.66792,1.36022
-0.02114,-1.06608
-0.07595,-1.00492
-0.12285,-0.94759
-0.16836,-0.88675
-0.21822,-0.81299
-0.28929,-0.69180
-1.41443,0.67706
-1.42568,0.64955
-1.42556,0.64984
-1.42409,0.65346
-1.42198,0.65866
-1.41923,0.66540
-1.41565,0.67411
-1.41087,0.68563
-1.40435,0.70122
-1.39525,0.72258
-1.38245,0.75191
-1.36451,0.79148
-1.33966,0.84311
-1.30578,0.90727
-1.26035,0.98224
-1.20093,1.06344
-1.12697,1.14367
-1.04285,1.21467
-0.95892,1.26957
-0.88640,1.30626
-0.83028,1.32820
-0.78914,1.34071
-0.75929,1.34789
-0.73737,1.35216
-0.72092,1.35481
-0.70829,1.35653
-0.69834,1.35769
-0.69031,1.35850
-0.68368,1.35910
-0.67811,1.35954
-0.67333,1.35988
-0.66917,1.36014
-0.66552,1.36035
-0.66229,1.36052
0.15676,-1.22863
0.06183,-1.14833
-0.00661,-1.08134
-0.05712,-1.02659
-0.09811,-0.97845
-0.13500,-0.93189
-0.17083,-0.88328
-0.20790,-0.82893
-0.25063,-0.76030
-0.31154,-0.64923
-1.38632,0.74307
-1.41136,0.68447
-1.41088,0.68561
-1.40676,0.69549
-1.40000,0.71147
-1.39010,0.73448
-1.37590,0.76657
-1.35575,0.81010
-1.32763,0.86671
-1.28917,0.93610
-1.23790,1.01498
-1.17219,1.09699
-1.09332,1.17427
-1.00780,1.23932
-0.92660,1.28710
-0.85907,1.31765
-0.80785,1.33540
-0.77053,1.34538
-0.74346,1.35106
-0.72359,1.35441
-0.70873,1.35647
-0.69737,1.35779
-0.68848,1.35868
-0.68134,1.35929
-0.67549,1.35973
-0.67059,1.36005
-0.66641,1.36030
-0.66280,1.36049
-0.65964,1.36064
-0.65686,1.36076
0.33965,-1.34180
0.24349,-1.28936
0.14372,-1.21844
0.06181,-1.14831
0.00085,-1.08903
-0.04518,-1.03997
-0.08216,-0.99761
-0.11406,-0.95872
-0.14332,-0.92091
-0.17131,-0.88260
-0.19876,-0.84275
-0.22644,-0.80000
-0.25561,-0.75184
-0.28845,-0.69336
-0.33040,-0.61114
-0.40706,-0.43283
-1.33118,0.85983
-1.32437,0.87296
-1.29834,0.92040
-1.25835,0.98527
-1.20417,1.05945
-1.13580,1.13509
-1.05603,1.20471
-0.97222,1.26179
-0.89497,1.30242
-0.83212,1.32757
-0.78508,1.34178
-0.75114,1.34958
-0.72677,1.35392
-0.70910,1.35643
-0.69605,1.35793
-0.68617,1.35888
-0.67850,1.35951
-0.67238,1.35994
-0.66738,1.36025
-0.66321,1.36047
-0.65966,1.36064
-0.65660,1.36077
-0.65394,1.36087
-0.65160,1.36096
0.43021,-1.37530
0.37400,-1.35642
0.29559,-1.31980
0.20428,-1.26342
0.11889,-1.19831
0.05025,-1.13755
-0.00237,-1.08572
-0.04361,-1.04170
-0.07753,-1.00307
-0.10689,-0.96766
-0.13346,-0.93389
-0.15835,-0.90062
-0.18225,-0.86701
-0.20570,-0.83228
-0.22935,-0.79535
-0.25409,-0.75443
-0.28130,-0.70651
-0.31323,-0.64589
-0.35532,-0.55772
-0.43866,-0.34397
-1.15788,1.11252
-1.09633,1.17167
-1.02054,1.23066
-0.93934,1.28042
-0.86470,1.31541
-0.80494,1.33626
-0.76125,1.34747
-0.73059,1.35331
-0.70921,1.35641
-0.69410,1.35813
-0.68312,1.35914
-0.67491,1.35977
-0.66856,1.36018
-0.66351,1.36046
-0.65938,1.36065
-0.65594,1.36080
-0.65302,1.36091
-0.65051,1.36099
-0.64832,1.36105
-0.64641,1.36110
0.47196,-1.38504
0.43856,-1.37755
0.38912,-1.36213
0.32036,-1.33261
0.23723,-1.28539
0.15400,-1.22650
0.08280,-1.16730
0.02622,-1.11446
-0.01861,-1.06875
-0.05534,-1.02860
-0.08678,-0.99211
-0.11484,-0.95773
-0.14078,-0.92428
-0.16545,-0.89081
-0.18950,-0.85646
-0.21355,-0.82025
-0.23820,-0.78099
-0.26415,-0.73708
-0.29226,-0.68625
-0.32407,-0.62415
-0.36398,-0.53823
-0.43671,-0.34974
-1.01396,1.23517
-0.91546,1.29270
-0.83572,1.32632
-0.77612,1.34404
-0.73550,1.35249
-0.70878,1.35647
-0.69105,1.35843
-0.67888,1.35948
-0.67016,1.36008
-0.66367,1.36045
-0.65865,1.36069
-0.65466,1.36085
-0.65140,1.36096
-0.64867,1.36104
-0.64636,1.36110
-0.64437,1.36115
-0.64264,1.36119
-0.64113,1.36121
0.49584,-1.38890
0.47377,-1.38537
0.44132,-1.37826
0.39391,-1.36384
0.32847,-1.33655
0.24893,-1.29275
0.16760,-1.23688
0.09612,-1.17899
0.03806,-1.12595
-0.00858,-1.07929
-0.04706,-1.03788
-0.08012,-1.00002
-0.10969,-0.96418
-0.13708,-0.92916
-0.16317,-0.89398
-0.18859,-0.85780
-0.21386,-0.81976
-0.23942,-0.77898
-0.26566,-0.73445
-0.29308,-0.68472
-0.32274,-0.62685
-0.35775,-0.55230
-0.41075,-0.42299
-0.93720,1.28153
-0.80683,1.33570
-0.74347,1.35106
-0.70740,1.35664
-0.68604,1.35889
-0.67257,1.35993
-0.66351,1.36046
-0.65705,1.36075
-0.65224,1.36093
-0.64852,1.36105
-0.64556,1.36112
-0.64315,1.36118
-0.64113,1.36121
-0.63942,1.36124
-0.63795,1.36126
-0.63668,1.36127
-0.63556,1.36128
0.51200,-1.39079
0.49642,-1.38897
0.47393,-1.38540
0.44087,-1.37815
0.39269,-1.36341
0.32656,-1.33563
0.24674,-1.29139
0.16553,-1.23532
0.09416,-1.17729
0.03595,-1.12392
-0.01110,-1.07666
-0.05020,-1.03438
-0.08404,-0.99538
-0.11452,-0.95814
-0.14293,-0.92143
-0.17011,-0.88429
-0.19664,-0.84592
-0.22287,-0.80567
-0.24909,-0.76290
-0.27555,-0.71691
-0.30275,-0.66633
-0.33208,-0.60767
-0.36752,-0.53010
-0.42636,-0.37989
-0.77595,1.34408
-0.70460,1.35698
-0.67688,1.35963
-0.66219,1.36052
-0.65324,1.36090
-0.64727,1.36108
-0.64306,1.36118
-0.63994,1.36123
-0.63756,1.36126
-0.63568,1.36128
-0.63416,1.36129
-0.63291,1.36130
-0.63184,1.36130
-0.63093,1.36130
-0.63014,1.36130
-0.62945,1.36130
0.52405,-1.39182
0.51263,-1.39085
0.49652,-1.38899
0.47308,-1.38525
0.43838,-1.37750
0.38761,-1.36158
0.31818,-1.33152
0.23559,-1.28434
0.15330,-1.22595
0.08221,-1.16678
0.02467,-1.11293
-0.02190,-1.06527
-0.06085,-1.02236
-0.09488,-0.98238
-0.12584,-0.94376
-0.15494,-0.90528
-0.18293,-0.86602
-0.21024,-0.82534
-0.23711,-0.78277
-0.26372,-0.73783
-0.29042,-0.68970
-0.31815,-0.63609
-0.34949,-0.57056
-0.39254,-0.47008
-0.68059,1.14991
-0.65363,1.36089
-0.64067,1.36122
-0.63423,1.36129
-0.63047,1.36130
-0.62810,1.36130
-0.62654,1.36129
-0.62546,1.36129
-0.62470,1.36128
-0.62415,1.36128
-0.62374,1.36127
-0.62340,1.36127
-0.62312,1.36127
-0.62288,1.36126
-0.62266,1.36126
-0.62245,1.36126
0.53351,-1.39241
0.52495,-1.39189
0.51315,-1.39090
0.49632,-1.38896
0.47156,-1.38496
0.43445,-1.37646
0.37971,-1.35863
0.30517,-1.32489
0.21843,-1.27307
0.13477,-1.21130
0.06441,-1.15070
0.00816,-1.09647
-0.03738,-1.04856
-0.07580,-1.00509
-0.10979,-0.96406
-0.14109,-0.92387
-0.17080,-0.88332
-0.19950,-0.84165
-0.22747,-0.79835
-0.25489,-0.75307
-0.28208,-0.70509
-0.30989,-0.65246
-0.34065,-0.58962
-0.38127,-0.49772
-0.49330,-0.14998
-0.56566,1.35836
-0.58463,1.35982
-0.59309,1.36031
-0.59823,1.36056
-0.60180,1.36072
-0.60447,1.36082
-0.60657,1.36090
-0.60827,1.36095
-0.60967,1.36100
-0.61082,1.36103
-0.61178,1.36106
-0.61257,1.36108
-0.61322,1.36109
-0.61375,1.36111
-0.61418,1.36112
0.54122,-1.39274
0.53468,-1.39247
0.52589,-1.39195
0.51366,-1.39095
0.49600,-1.38892
0.46960,-1.38459
0.42941,-1.37508
0.36952,-1.35464
0.28851,-1.31594
0.19704,-1.25835
0.11242,-1.19291
0.04344,-1.13110
-0.01106,-1.07671
-0.05534,-1.02860
-0.09318,-0.98443
-0.12717,-0.94204
-0.15893,-0.89982
-0.18935,-0.85668
-0.21887,-0.81197
-0.24770,-0.76523
-0.27622,-0.71569
-0.30541,-0.66120
-0.33793,-0.59540
-0.38258,-0.49455
-0.26645,1.27936
-0.43214,1.33563
-0.49088,1.34819
-0.52537,1.35372
-0.54727,1.35649
-0.56198,1.35802
-0.57236,1.35892
-0.58001,1.35950
-0.58583,1.35989
-0.59039,1.36016
-0.59401,1.36036
-0.59693,1.36050
-0.59931,1.36061
-0.60125,1.36070
-0.60284,1.36076
-0.60415,1.36081
0.54767,-1.39292
0.54259,-1.39279
0.53595,-1.39253
0.52695,-1.39202
0.51427,-1.39101
0.49568,-1.38887
0.46740,-1.38416
0.42350,-1.37339
0.35731,-1.34960
0.26872,-1.30469
0.17257,-1.24061
0.08782,-1.17174
0.02083,-1.10915
-0.03168,-1.05476
-0.07474,-1.00633
-0.11218,-0.96108
-0.14644,-0.91675
-0.17897,-0.87172
-0.21050,-0.82495
-0.24144,-0.77566
-0.27230,-0.72271
-0.30446,-0.66305
-0.34195,-0.58685
-0.40402,-0.44074
-0.26060,1.27686
-0.33995,1.30821
-0.39600,1.32600
-0.44174,1.33795
-0.47810,1.34579
-0.50597,1.35079
-0.52698,1.35395
-0.54284,1.35598
-0.55495,1.35732
-0.56434,1.35824
-0.57173,1.35887
-0.57761,1.35933
-0.58234,1.35966
-0.58618,1.35991
-0.58931,1.36010
-0.59187,1.36025
0.55318,-1.39300
0.54920,-1.39295
0.54412,-1.39283
0.53741,-1.39259
0.52822,-1.39211
0.51511,-1.39109
0.49556,-1.38886
0.46518,-1.38371
0.41694,-1.37143
0.34321,-1.34342
0.24610,-1.29100
0.14577,-1.22006
0.06185,-1.14835
-0.00267,-1.08541
-0.05321,-1.03100
-0.09531,-0.98186
-0.13275,-0.93483
-0.16785,-0.88747
-0.20195,-0.83796
-0.23588,-0.78478
-0.27063,-0.72568
-0.30874,-0.65471
-0.36023,-0.54672
-0.14342,1.21520
-0.24389,1.26927
-0.29471,1.29126
-0.33724,1.30726
-0.37647,1.32020
-0.41281,1.33066
-0.44538,1.33880
-0.47339,1.34486
-0.49667,1.34922
-0.51561,1.35230
-0.53085,1.35447
-0.54310,1.35601
-0.55295,1.35711
-0.56091,1.35792
-0.56737,1.35851
-0.57262,1.35895
-0.57692,1.35928
0.55800,-1.39301
0.55486,-1.39301
0.55093,-1.39297
0.54588,-1.39288
0.53915,-1.39266
0.52983,-1.39220
0.51636,-1.39120
0.49589,-1.38890
0.46325,-1.38332
0.40997,-1.36925
0.32724,-1.33596
0.22069,-1.27459
0.11697,-1.19672
0.03482,-1.12283
-0.02701,-1.05980
-0.07583,-1.00506
-0.11749,-0.95439
-0.15579,-0.90412
-0.19316,-0.85108
-0.23149,-0.79191
-0.27344,-0.72068
-0.32781,-0.61650
-0.04177,1.14152
-0.17574,1.23431
-0.22914,1.26226
-0.26857,1.28035
-0.30276,1.29445
-0.33477,1.30639
-0.36569,1.31681
-0.39553,1.32587
-0.42374,1.33352
-0.44961,1.33977
-0.47260,1.34470
-0.49248,1.34848
-0.50933,1.35133
-0.52341,1.35345
-0.53509,1.35503
-0.54472,1.35620
-0.55265,1.35708
-0.55917,1.35775
0.56231,-1.39299
0.55981,-1.39301
0.55677,-1.39301
0.55294,-1.39300
0.54797,-1.39292
0.54130,-1.39274
0.53197,-1.39233
0.51827,-1.39137
0.49699,-1.38905
0.46203,-1.38306
0.40282,-1.36691
0.30905,-1.32690
0.19191,-1.25471
0.08580,-1.16996
0.00624,-1.09452
-0.05295,-1.03129
-0.10067,-0.97532
-0.14318,-0.92110
-0.18498,-0.86305
-0.23114,-0.79247
-0.29707,-0.67719
0.07698,1.01797
-0.09785,1.18499
-0.16903,1.23049
-0.21458,1.25505
-0.24963,1.27192
-0.27966,1.28508
-0.30723,1.29619
-0.33365,1.30599
-0.35949,1.31481
-0.38484,1.32274
-0.40943,1.32975
-0.43279,1.33579
-0.45444,1.34086
-0.47402,1.34499
-0.49132,1.34827
-0.50631,1.35084
-0.51911,1.35283
-0.52990,1.35435
-0.53895,1.35551
0.56623,-1.39293
0.56427,-1.39296
0.56192,-1.39299
0.55902,-1.39301
0.55535,-1.39301
0.55055,-1.39297
0.54406,-1.39283
0.53488,-1.39248
0.52117,-1.39160
0.49932,-1.38935
0.46196,-1.38305
0.39544,-1.36438
0.28711,-1.31517
0.15767,-1.22932
0.05041,-1.13770
-0.02602,-1.06086
-0.08344,-0.99609
-0.13277,-0.93480
-0.18458,-0.86364
0.47505,0.15590
0.34760,0.50311
0.06212,1.03632
-0.08305,1.17425
-0.15394,1.22162
-0.19937,1.24720
-0.23350,1.26437
-0.26186,1.27742
-0.28712,1.28818
-0.31075,1.29754
-0.33356,1.30596
-0.35598,1.31366
-0.37813,1.32071
-0.39991,1.32711
-0.42104,1.33283
-0.44116,1.33781
-0.45992,1.34206
-0.47701,1.34558
-0.49225,1.34844
-0.50558,1.35072
-0.51708,1.35252
0.56990,-1.39284
0.56839,-1.39288
0.56661,-1.39292
0.56445,-1.39296
0.56177,-1.39299
0.55834,-1.39301
0.55384,-1.39300
0.54769,-1.39292
0.53889,-1.39265
0.52549,-1.39192
0.50339,-1.38985
0.46339,-1.38335
0.38663,-1.36122
0.25644,-1.29736
0.11177,-1.19236
0.00410,-1.09235
-0.07291,-1.00846
-0.15884,-0.89993
0.47771,0.14832
0.44637,0.23893
0.35566,0.48288
0.11072,0.97272
-0.05416,1.15181
-0.13417,1.20939
-0.18311,1.23842
-0.21838,1.25697
-0.24663,1.27054
-0.27097,1.28139
-0.29309,1.29061
-0.31398,1.29877
-0.33423,1.30620
-0.35418,1.31306
-0.37398,1.31943
-0.39362,1.32531
-0.41293,1.33069
-0.43166,1.33551
-0.44948,1.33974
-0.46607,1.34336
-0.48119,1.34639
-0.49469,1.34887
0.57342,-1.39273
0.57232,-1.39277
0.57103,-1.39281
0.56949,-1.39285
0.56760,-1.39290
0.56523,-1.39295
0.56219,-1.39299
0.55814,-1.39301
0.55256,-1.39299
0.54445,-1.39284
0.53176,-1.39231
0.50977,-1.39056
0.46631,-1.38394
0.37115,-1.35530
0.19835,-1.25928
0.02602,-1.11427
0.51642,0.03099
0.48485,0.12737
0.46987,0.17124
0.44640,0.23884
0.38211,0.41476
0.17997,0.86284
-0.01471,1.11758
-0.11026,1.19363
-0.16544,1.22841
-0.20336,1.24930
-0.23259,1.26393
-0.25696,1.27524
-0.27847,1.28458
-0.29829,1.29269
-0.31712,1.29995
-0.33543,1.30662
-0.35353,1.31284
-0.37157,1.31867
-0.38957,1.32414
-0.40746,1.32921
-0.42502,1.33385
-0.44197,1.33800
-0.45801,1.34164
-0.47284,1.34475
0.57689,-1.39260
0.57618,-1.39263
0.57535,-1.39266
0.57436,-1.39270
0.57317,-1.39274
0.57168,-1.39279
0.56979,-1.39284
0.56733,-1.39290
0.56401,-1.39296
0.55934,-1.39301
0.55238,-1.39299
0.54102,-1.39273
0.51968,-1.39148
0.46958,-1.38458
0.31315,-1.32899
0.52950,-0.01704
0.49193,0.10655
0.48093,0.13889
0.46938,0.17266
0.45078,0.22635
0.40551,0.35241
0.25556,0.71609
0.03661,1.06571
-0.08156,1.17315
-0.14586,1.21671
-0.18785,1.24102
-0.21895,1.25725
-0.24405,1.26935
-0.26560,1.27906
-0.28495,1.28729
-0.30296,1.29453
-0.32018,1.30109
-0.33699,1.30717
-0.35367,1.31289
-0.37036,1.31830
-0.38714,1.32342
-0.40393,1.32824
-0.42056,1.33270
-0.43678,1.33676
-0.45228,1.34038
0.58043,-1.39244
0.58011,-1.39245
0.57975,-1.39247
0.57931,-1.39249
0.57877,-1.39252
0.57810,-1.39255
0.57725,-1.39259
0.57613,-1.39263
0.57463,-1.39269
0.57255,-1.39276
0.56954,-1.39285
0.56485,-1.39295
0.55666,-1.39301
0.53865,-1.39264
0.45556,-1.38166
0.50275,0.07473
0.48997,0.11231
0.48106,0.13851
0.47122,0.16729
0.45620,0.21081
0.42383,0.30225
0.32253,0.56450
0.10292,0.98364
-0.04620,1.14525
-0.12350,1.20249
-0.17120,1.23173
-0.20508,1.25019
-0.23154,1.26342
-0.25363,1.27374
-0.27300,1.28226
-0.29065,1.28962
-0.30721,1.29618
-0.32314,1.30219
-0.33877,1.30780
-0.35435,1.31312
-0.37004,1.31819
-0.38588,1.32305
-0.40183,1.32765
-0.41775,1.33197
-0.43338,1.33594
0.58416,-1.39224
0.58428,-1.39223
0.58441,-1.39223
0.58455,-1.39222
0.58472,-1.39221
0.58492,-1.39220
0.58514,-1.39218
0.58540,-1.39217
0.58574,-1.39215
0.58621,-1.39212
0.58695,-1.39207
0.58833,-1.39199
0.59154,-1.39177
0.60282,-1.39083
0.79949,-1.33828
0.50427,0.07035
0.49170,0.10723
0.48320,0.13222
0.47438,0.15809
0.46200,0.19408
0.43841,0.26149
0.37337,0.43755
0.18642,0.85141
0.00006,1.10357
-0.09649,1.18403
-0.15236,1.22066
-0.19019,1.24230
-0.21871,1.25713
-0.24186,1.26833
-0.26169,1.27734
-0.27937,1.28496
-0.29566,1.29164
-0.31106,1.29766
-0.32597,1.30323
-0.34069,1.30847
-0.35543,1.31347
-0.37035,1.31829
-0.38549,1.32293
-0.40083,1.32737
-0.41620,1.33156
0.58823,-1.39199
0.58884,-1.39195
0.58954,-1.39191
0.59037,-1.39185
0.59137,-1.39178
0.59259,-1.39169
0.59411,-1.39157
0.59609,-1.39142
0.59874,-1.39120
0.60254,-1.39085
0.60842,-1.39027
0.61863,-1.38909
0.63966,-1.38603
0.69685,-1.37372
0.90069,-1.28769
0.51857,0.02948
0.49673,0.09245
0.48721,0.12045
0.47875,0.14528
0.46828,0.17587
0.45083,0.22622
0.40992,0.34043
0.28084,0.66110
0.06657,1.03092
-0.06064,1.15702
-0.12920,1.20621
-0.17294,1.23272
-0.20456,1.24992
-0.22945,1.26241
-0.25023,1.27219
-0.26837,1.28027
-0.28476,1.28721
-0.29999,1.29336
-0.31449,1.29896
-0.32862,1.30419
-0.34264,1.30914
-0.35676,1.31391
-0.37112,1.31853
-0.38577,1.32301
-0.40065,1.32732
0.59281,-1.39167
0.59401,-1.39158
0.59541,-1.39147
0.59709,-1.39134
0.59913,-1.39116
0.60167,-1.39093
0.60492,-1.39062
0.60923,-1.39018
0.61519,-1.38951
0.62392,-1.38840
0.63765,-1.38636
0.66122,-1.38206
0.70538,-1.37141
0.78990,-1.34229
0.92648,-1.27223
1.10478,-1.13057
0.51039,0.05269
0.49425,0.09974
0.48489,0.12727
0.47548,0.15486
0.46232,0.19317
0.43685,0.26588
0.36527,0.45841
0.17154,0.87748
-0.00508,1.10852
-0.09662,1.18412
-0.15039,1.21947
-0.18712,1.24062
-0.21488,1.25521
-0.23739,1.26622
-0.25658,1.27507
-0.27356,1.28250
-0.28904,1.28896
-0.30352,1.29475
-0.31740,1.30006
-0.33098,1.30504
-0.34452,1.30979
-0.35822,1.31439
-0.37220,1.31887
-0.38652,1.32324
0.59810,-1.39125
0.60002,-1.39108
0.60231,-1.39088
0.60506,-1.39061
0.60847,-1.39026
0.61277,-1.38979
0.61837,-1.38912
0.62592,-1.38812
0.63652,-1.38654
0.65210,-1.38384
0.67608,-1.37884
0.71411,-1.36892
0.77334,-1.34886
0.85619,-1.31187
0.95233,-1.25563
1.04597,-1.18498
1.14268,-1.09042
0.51388,0.04278
0.49513,0.09718
0.48480,0.12752
0.47409,0.15892
0.45805,0.20550
0.42348,0.30322
0.31667,0.57850
0.10178,0.98521
-0.04039,1.14036
-0.11528,1.19703
-0.16191,1.22634
-0.19506,1.24491
-0.22082,1.25818
-0.24209,1.26843
-0.26046,1.27680
-0.27685,1.28390
-0.29189,1.29012
-0.30601,1.29572
-0.31957,1.30087
-0.33288,1.30572
-0.34618,1.31036
-0.35966,1.31487
-0.37346,1.31927
0.60433,-1.39068
0.60717,-1.39040
0.61057,-1.39003
0.61472,-1.38956
0.61989,-1.38893
0.62650,-1.38804
0.63519,-1.38675
0.64695,-1.38478
0.66337,-1.38162
0.68687,-1.37627
0.72081,-1.36693
0.76866,-1.35065
0.83146,-1.32399
0.90478,-1.28531
0.97959,-1.23683
1.04715,-1.18397
1.10294,-1.13242
1.14981,-1.08238
1.27222,-0.90369
0.50288,0.07448
0.48927,0.11439
0.47738,0.14931
0.46050,0.19842
0.42428,0.30099
0.31048,0.59314
0.09262,0.99763
-0.04457,1.14389
-0.11708,1.19824
-0.16271,1.22682
-0.19547,1.24513
-0.22111,1.25833
-0.24242,1.26859
-0.26090,1.27699
-0.27744,1.28415
-0.29263,1.29042
-0.30689,1.29606
-0.32058,1.30124
-0.33398,1.30611
-0.34735,1.31076
-0.36088,1.31526
0.61179,-1.38990
0.61577,-1.38944
0.62056,-1.38884
0.62645,-1.38805
0.63383,-1.38696
0.64329,-1.38542
0.65569,-1.38316
0.67230,-1.37970
0.69487,-1.37424
0.72558,-1.36546
0.76650,-1.35146
0.81833,-1.33005
0.87907,-1.29982
0.94394,-1.26114
1.00714,-1.21641
1.06383,-1.16938
1.11126,-1.12401
1.14884,-1.08348
1.17720,-1.04984
1.19765,-1.02380
1.21898,-0.99492
0.51590,0.03720
0.49343,0.10218
0.47775,0.14823
0.45382,0.21764
0.38961,0.39499
0.18990,0.84514
-0.00095,1.10454
-0.09462,1.18269
-0.14855,1.21835
-0.18540,1.23968
-0.21349,1.25450
-0.23649,1.26579
-0.25628,1.27494
-0.27394,1.28266
-0.29011,1.28940
-0.30523,1.29542
-0.31966,1.30090
-0.33369,1.30601
-0.34757,1.31083
0.62075,-1.38882
0.62611,-1.38810
0.63258,-1.38715
0.64054,-1.38589
0.65049,-1.38414
0.66315,-1.38166
0.67952,-1.37805
0.70090,-1.37264
0.72882,-1.36445
0.76471,-1.35212
0.80923,-1.33411
0.86148,-1.30915
0.91885,-1.27692
0.97761,-1.23824
1.03400,-1.19502
1.08516,-1.14972
1.12959,-1.10480
1.16715,-1.06208
1.19852,-1.02265
1.22458,-0.98707
1.24602,-0.95572
1.26320,-0.92923
1.27587,-0.90890
1.28267,-0.89772
1.27885,-0.90401
0.62892,-0.16676
0.48351,0.13133
0.43393,0.27408
0.23315,0.76244
-0.00495,1.10840
-0.10489,1.18993
-0.15834,1.22424
-0.19418,1.24444
-0.22164,1.25859
-0.24447,1.26954
-0.26447,1.27857
-0.28263,1.28633
-0.29953,1.29318
-0.31554,1.29936
-0.33096,1.30503
0.63144,-1.38732
0.63839,-1.38624
0.64677,-1.38482
0.65699,-1.38290
0.66966,-1.38028
0.68553,-1.37660
0.70559,-1.37135
0.73099,-1.36376
0.76281,-1.35282
0.80176,-1.33734
0.84757,-1.31620
0.89883,-1.28876
0.95309,-1.25512
1.00750,-1.21614
1.05945,-1.17327
1.10705,-1.12829
1.14942,-1.08283
1.18656,-1.03812
1.21895,-0.99498
1.24709,-0.95412
1.27125,-0.91639
1.29155,-0.88280
1.30808,-0.85418
1.32107,-0.83090
1.33090,-0.81284
1.33796,-0.79964
1.34239,-0.79125
1.34349,-0.78916
1.33679,-0.80184
1.29310,-0.87672
0.43158,0.28068
0.09251,0.99778
-0.08460,1.17540
-0.15312,1.22112
-0.19335,1.24400
-0.22272,1.25912
-0.24691,1.27067
-0.26826,1.28022
-0.28791,1.28850
-0.30645,1.29589
0.64398,-1.38530
0.65264,-1.38374
0.66299,-1.38170
0.67547,-1.37898
0.69070,-1.37531
0.70940,-1.37028
0.73248,-1.36329
0.76082,-1.35356
0.79514,-1.34013
0.83563,-1.32202
0.88160,-1.29844
0.93153,-1.26908
0.98324,-1.23421
1.03441,-1.19468
1.08303,-1.15173
1.12775,-1.10677
1.16799,-1.06108
1.20376,-1.01572
1.23530,-0.97162
1.26277,-0.92991
1.28613,-0.89195
1.30533,-0.85902
1.32056,-0.83183
1.33227,-0.81029
1.34113,-0.79365
1.34779,-0.78095
1.35281,-0.77125
1.35661,-0.76387
1.35942,-0.75837
1.36127,-0.75474
1.36175,-0.75379
1.35872,-0.75975
1.32884,-0.81665
0.40864,0.34391
-0.01057,1.11372
-0.13218,1.20812
-0.18458,1.23923
-0.21840,1.25697
-0.24514,1.26985
-0.26865,1.28039
0.65826,-1.38266
0.66860,-1.38051
0.68079,-1.37774
0.69529,-1.37413
0.71266,-1.36934
0.73360,-1.36292
0.75888,-1.35426
0.78921,-1.34258
0.82503,-1.32699
0.86623,-1.30668
0.91194,-1.28108
0.96060,-1.25007
1.01021,-1.21405
1.05873,-1.17391
1.10453,-1.13083
1.14657,-1.08606
1.18449,-1.04075
1.21832,-0.99585
1.24820,-0.95244
1.27408,-0.91181
1.29585,-0.87546
1.31347,-0.84459
1.32721,-0.81966
1.33764,-0.80023
1.34546,-0.78540
1.35135,-0.77410
1.35583,-0.76540
1.35931,-0.75859
1.36207,-0.75316
1.36430,-0.74875
1.36612,-0.74515
1.36755,-0.74230
1.36852,-0.74038
1.36863,-0.74016
1.36596,-0.74547
1.33350,-0.80800
0.28608,0.64934
-0.08369,1.17472
-0.16723,1.22944
-0.20962,1.25253
0.67393,-1.37933
0.68575,-1.37655
0.69949,-1.37302
0.71558,-1.36849
0.73459,-1.36260
0.75715,-1.35489
0.78396,-1.34470
0.81561,-1.33128
0.85237,-1.31380
0.89393,-1.29156
0.93928,-1.26415
0.98681,-1.23162
1.03459,-1.19453
1.08076,-1.15387
1.12393,-1.11083
1.16337,-1.06660
1.19888,-1.02219
1.23057,-0.97850
1.25851,-0.93659
1.28262,-0.89780
1.30274,-0.86354
1.31889,-0.83486
1.33138,-0.81194
1.34083,-0.79422
1.34790,-0.78073
1.35322,-0.77046
1.35729,-0.76254
1.36047,-0.75631
1.36301,-0.75131
1.36508,-0.74721
1.36682,-0.74377
1.36830,-0.74083
1.36957,-0.73829
1.37066,-0.73611
1.37155,-0.73433
1.37212,-0.73319
1.37192,-0.73358
1.36848,-0.74045
0.58721,-0.10982
0.05462,1.04524
0.69045,-1.37538
0.70342,-1.37195
0.71831,-1.36768
0.73556,-1.36229
0.75571,-1.35540
0.77942,-1.34650
0.80733,-1.33493
0.83995,-1.31994
0.87740,-1.30073
0.91922,-1.27670
0.96423,-1.24758
1.01073,-1.21364
1.05680,-1.17561
1.10073,-1.13461
1.14138,-1.09189
1.17826,-1.04853
1.21139,-1.00541
1.24093,-0.96334
1.26694,-0.92330
1.28933,-0.88657
1.30793,-0.85444
1.32280,-0.82775
1.33428,-0.80654
1.34296,-0.79017
1.34948,-0.77769
1.35441,-0.76815
1.35820,-0.76077
1.36116,-0.75495
1.36354,-0.75027
1.36548,-0.74642
1.36711,-0.74319
1.36849,-0.74043
1.36969,-0.73805
1.37074,-0.73595
1.37167,-0.73409
1.37250,-0.73242
1.37324,-0.73094
1.37385,-0.72972
1.37417,-0.72907
1.37359,-0.73023
0.70716,-1.37091
0.72093,-1.36689
0.73659,-1.36195
0.75463,-1.35579
0.77560,-1.34799
0.80017,-1.33801
0.82896,-1.32517
0.86242,-1.30867
0.90051,-1.28779
0.94259,-1.26202
0.98729,-1.23127
1.03278,-1.19602
1.07715,-1.15723
1.11887,-1.11616
1.15705,-1.07404
1.19147,-1.03184
1.22231,-0.99026
1.24980,-0.95000
1.27400,-0.91194
1.29479,-0.87728
1.31204,-0.84716
1.32581,-0.82224
1.33646,-0.80246
1.34453,-0.78718
1.35062,-0.77549
1.35525,-0.76651
1.35883,-0.75953
1.36164,-0.75401
1.36391,-0.74954
1.36576,-0.74586
1.36731,-0.74278
1.36863,-0.74016
1.36976,-0.73790
1.37075,-0.73593
1.37161,-0.73420
1.37239,-0.73265
1.37308,-0.73125
1.37373,-0.72996
1.37432,-0.72877
1.37486,-0.72768
0.72347,-1.36612
0.73772,-1.36158
0.75389,-1.35605
0.77247,-1.34920
0.79408,-1.34057
0.81940,-1.32957
0.84903,-1.31547
0.88333,-1.29749
0.92210,-1.27493
0.96446,-1.24743
1.00882,-1.21512
1.05325,-1.17871
1.09587,-1.13940
1.13536,-1.09853
1.17113,-1.05728
1.20321,-1.01645
1.23191,-0.97656
1.25749,-0.93817
1.28002,-0.90209
1.29937,-0.86940
1.31542,-0.84110
1.32825,-0.81775
1.33819,-0.79920
1.34577,-0.78482
1.35151,-0.77377
1.35591,-0.76524
1.35931,-0.75858
1.36201,-0.75328
1.36419,-0.74898
1.36598,-0.74543
1.36748,-0.74245
1.36875,-0.73992
1.36985,-0.73774
1.37079,-0.73585
1.37162,-0.73420
1.37234,-0.73274
1.37299,-0.73145
1.37356,-0.73029
1.37409,-0.72922
1.37459,-0.72823
0.73894,-1.36117
0.75347,-1.35620
0.76997,-1.35015
0.78899,-1.34267
0.81119,-1.33324
0.83728,-1.32122
0.86782,-1.30585
0.90304,-1.28633
0.94253,-1.26205
0.98515,-1.23283
1.02910,-1.19904
1.07234,-1.16167
1.11312,-1.12211
1.15037,-1.08174
1.18381,-1.04160
1.21367,-1.00229
1.24038,-0.96415
1.26422,-0.92763
1.28523,-0.89344
1.30330,-0.86258
1.31829,-0.83593
1.33030,-0.81395
1.33964,-0.79647
1.34679,-0.78286
1.35225,-0.77235
1.35644,-0.76420
1.35971,-0.75780
1.36231,-0.75268
1.36442,-0.74852
1.36616,-0.74507
1.36762,-0.74217
1.36886,-0.73970
1.36993,-0.73758
1.37085,-0.73574
1.37165,-0.73413
1.37235,-0.73273
1.37296,-0.73150
1.37351,-0.73040
1.37399,-0.72943
1.37443,-0.72854
