-0.65430,1.36086
-0.65422,1.36086
-0.65414,1.36087
-0.65404,1.36087
-0.65393,1.36088
-0.65379,1.36088
-0.65363,1.36089
-0.65343,1.36089
-0.65319,1.36090
-0.65289,1.36091
-0.65253,1.36092
-0.65206,1.36094
-0.65147,1.36096
-0.65072,1.36098
-0.64975,1.36101
-0.64853,1.36105
-0.64702,1.36109
-0.64521,1.36113
-0.64314,1.36118
-0.64087,1.36122
-0.63850,1.36125
-0.63608,1.36128
-0.63366,1.36129
-0.63126,1.36130
-0.62895,1.36130
-0.62684,1.36129
-0.62505,1.36128
-0.62366,1.36127
-0.62262,1.36126
-0.62186,1.36125
-0.62132,1.36124
-0.62091,1.36124
-0.62061,1.36124
-0.62037,1.36123
-0.62018,1.36123
-0.62002,1.36123
-0.61988,1.36122
-0.61976,1.36122
-0.61965,1.36122
-0.61955,1.36122
-0.65436,1.36086
-0.65427,1.36086
-0.65417,1.36087
-0.65406,1.36087
-0.65394,1.36087
-0.65380,1.36088
-0.65363,1.36089
-0.65344,1.36089
-0.65320,1.36090
-0.65290,1.36091
-0.65253,1.36092
-0.65207,1.36094
-0.65147,1.36096
-0.65071,1.36098
-0.64973,1.36101
-0.64849,1.36105
-0.64693,1.36109
-0.64506,1.36114
-0.64291,1.36118
-0.64055,1.36122
-0.63808,1.36126
-0.63556,1.36128
-0.63304,1.36130
-0.63058,1.36130
-0.62826,1.36130
-0.62621,1.36129
-0.62453,1.36128
-0.62325,1.36127
-0.62231,1.36126
-0.62162,1.36125
-0.62112,1.36124
-0.62075,1.36124
-0.62047,1.36123
-0.62024,1.36123
-0.62006,1.36123
-0.61990,1.36122
-0.61976,1.36122
-0.61964,1.36122
-0.61953,1.36122
-0.61942,1.36122
-0.65450,1.36085
-0.65437,1.36086
-0.65424,1.36086
-0.65412,1.36087
-0.65398,1.36087
-0.65383,1.36088
-0.65366,1.36089
-0.65345,1.36089
-0.65321,1.36090
-0.65291,1.36091
-0.65254,1.36092
-0.65207,1.36094
-0.65147,1.36096
-0.65070,1.36098
-0.64970,1.36101
-0.64843,1.36105
-0.64682,1.36109
-0.64488,1.36114
-0.64264,1.36119
-0.64018,1.36123
-0.63759,1.36126
-0.63497,1.36128
-0.63237,1.36130
-0.62986,1.36130
-0.62756,1.36130
-0.62559,1.36129
-0.62403,1.36127
-0.62286,1.36126
-0.62201,1.36125
-0.62139,1.36125
-0.62093,1.36124
-0.62058,1.36123
-0.62032,1.36123
-0.62010,1.36123
-0.61992,1.36123
-0.61977,1.36122
-0.61963,1.36122
-0.61951,1.36122
-0.61940,1.36122
-0.61929,1.36122
-0.65481,1.36084
-0.65460,1.36085
-0.65442,1.36086
-0.65425,1.36086
-0.65408,1.36087
-0.65391,1.36088
-0.65372,1.36088
-0.65350,1.36089
-0.65324,1.36090
-0.65293,1.36091
-0.65255,1.36092
-0.65208,1.36094
-0.65147,1.36096
-0.65068,1.36098
-0.64966,1.36102
-0.64834,1.36105
-0.64668,1.36110
-0.64466,1.36114
-0.64231,1.36119
-0.63974,1.36123
-0.63704,1.36127
-0.63431,1.36129
-0.63163,1.36130
-0.62910,1.36130
-0.62685,1.36129
-0.62499,1.36128
-0.62355,1.36127
-0.62249,1.36126
-0.62172,1.36125
-0.62115,1.36124
-0.62073,1.36124
-0.62041,1.36123
-0.62015,1.36123
-0.61994,1.36123
-0.61977,1.36122
-0.61962,1.36122
-0.61949,1.36122
-0.61937,1.36122
-0.61926,1.36122
-0.61916,1.36121
-0.65460,1.36085
-0.65491,1.36084
-0.65473,1.36085
-0.65451,1.36085
-0.65429,1.36086
-0.65407,1.36087
-0.65384,1.36088
-0.65359,1.36089
-0.65331,1.36090
-0.65298,1.36091
-0.65258,1.36092
-0.65209,1.36094
-0.65146,1.36096
-0.65065,1.36099
-0.64959,1.36102
-0.64823,1.36106
-0.64649,1.36110
-0.64437,1.36115
-0.64191,1.36120
-0.63921,1.36124
-0.63639,1.36127
-0.63356,1.36129
-0.63082,1.36130
-0.62831,1.36130
-0.62614,1.36129
-0.62440,1.36128
-0.62309,1.36127
-0.62213,1.36125
-0.62143,1.36125
-0.62091,1.36124
-0.62052,1.36123
-0.62022,1.36123
-0.61997,1.36123
-0.61978,1.36122
-0.61961,1.36122
-0.61946,1.36122
-0.61933,1.36122
-0.61922,1.36121
-0.61912,1.36121
-0.61903,1.36121
0.54735,-1.39291
0.51541,-1.39111
0.40448,-1.36746
-0.65400,1.36087
-0.65445,1.36086
-0.65429,1.36086
-0.65404,1.36087
-0.65376,1.36088
-0.65344,1.36089
-0.65307,1.36091
-0.65264,1.36092
-0.65211,1.36094
-0.65144,1.36096
-0.65059,1.36099
-0.64948,1.36102
-0.64804,1.36106
-0.64622,1.36111
-0.64398,1.36116
-0.64139,1.36121
-0.63855,1.36125
-0.63560,1.36128
-0.63269,1.36130
-0.62994,1.36130
-0.62748,1.36130
-0.62543,1.36129
-0.62384,1.36127
-0.62265,1.36126
-0.62178,1.36125
-0.62114,1.36124
-0.62067,1.36124
-0.62030,1.36123
-0.62001,1.36123
-0.61978,1.36122
-0.61959,1.36122
-0.61943,1.36122
-0.61930,1.36122
-0.61918,1.36121
-0.61907,1.36121
-0.61898,1.36121
-0.61889,1.36121
0.57426,-1.39270
0.56761,-1.39290
0.55769,-1.39301
0.54181,-1.39276
0.51374,-1.39096
0.44549,-1.37930
-0.65112,1.36097
-0.65343,1.36089
-0.65340,1.36089
-0.65309,1.36091
-0.65264,1.36092
-0.65207,1.36094
-0.65136,1.36096
-0.65044,1.36099
-0.64926,1.36103
-0.64772,1.36107
-0.64578,1.36112
-0.64340,1.36117
-0.64066,1.36122
-0.63768,1.36126
-0.63464,1.36129
-0.63169,1.36130
-0.62898,1.36130
-0.62664,1.36129
-0.62474,1.36128
-0.62329,1.36127
-0.62222,1.36126
-0.62143,1.36125
-0.62084,1.36124
-0.62040,1.36123
-0.62006,1.36123
-0.61979,1.36122
-0.61958,1.36122
-0.61940,1.36122
-0.61925,1.36121
-0.61913,1.36121
-0.61902,1.36121
-0.61892,1.36121
-0.61883,1.36121
-0.61876,1.36121
0.58215,-1.39235
0.57935,-1.39249
0.57547,-1.39266
0.57035,-1.39283
0.56356,-1.39297
0.55417,-1.39301
0.54071,-1.39272
0.52066,-1.39156
0.48743,-1.38768
0.41527,-1.37092
-0.64635,1.36111
-0.65053,1.36099
-0.65044,1.36099
-0.64968,1.36101
-0.64851,1.36105
-0.64691,1.36109
-0.64487,1.36114
-0.64237,1.36119
-0.63951,1.36124
-0.63646,1.36127
-0.63341,1.36129
-0.63054,1.36130
-0.62797,1.36130
-0.62581,1.36129
-0.62408,1.36128
-0.62277,1.36126
-0.62179,1.36125
-0.62107,1.36124
-0.62052,1.36123
-0.62012,1.36123
-0.61980,1.36122
-0.61956,1.36122
-0.61936,1.36122
-0.61920,1.36121
-0.61907,1.36121
-0.61895,1.36121
-0.61886,1.36121
-0.61877,1.36121
-0.61870,1.36121
-0.61863,1.36120
0.58475,-1.39221
0.58362,-1.39227
0.58187,-1.39237
0.57935,-1.39249
0.57602,-1.39264
0.57182,-1.39279
0.56657,-1.39292
0.55996,-1.39301
0.55147,-1.39298
0.54049,-1.39271
0.52628,-1.39198
0.50774,-1.39035
0.48272,-1.38693
0.44654,-1.37956
0.38586,-1.36094
0.23355,-1.28303
-0.63984,1.36123
-0.63922,1.36124
-0.63712,1.36127
-0.63452,1.36129
-0.63183,1.36130
-0.62926,1.36130
-0.62697,1.36129
-0.62503,1.36128
-0.62346,1.36127
-0.62225,1.36126
-0.62135,1.36125
-0.62068,1.36124
-0.62018,1.36123
-0.61981,1.36122
-0.61953,1.36122
-0.61931,1.36122
-0.61913,1.36121
-0.61899,1.36121
-0.61888,1.36121
-0.61878,1.36121
-0.61870,1.36121
-0.61862,1.36120
-0.61856,1.36120
-0.61850,1.36120
0.58559,-1.39216
0.58508,-1.39219
0.58427,-1.39224
0.58304,-1.39230
0.58125,-1.39240
0.57885,-1.39251
0.57579,-1.39265
0.57200,-1.39278
0.56735,-1.39290
0.56165,-1.39299
0.55464,-1.39301
0.54597,-1.39288
0.53528,-1.39250
0.52206,-1.39167
0.50551,-1.39010
0.48417,-1.38717
0.45521,-1.38159
0.41278,-1.37014
0.34163,-1.34270
0.16248,-1.23301
-0.63002,1.36130
-0.62806,1.36130
-0.62610,1.36129
-0.62434,1.36128
-0.62288,1.36126
-0.62173,1.36125
-0.62088,1.36124
-0.62026,1.36123
-0.61981,1.36122
-0.61948,1.36122
-0.61924,1.36121
-0.61905,1.36121
-0.61891,1.36121
-0.61879,1.36121
-0.61869,1.36121
-0.61861,1.36120
-0.61854,1.36120
-0.61848,1.36120
-0.61842,1.36120
-0.61837,1.36120
0.58595,-1.39214
0.58567,-1.39215
0.58522,-1.39218
0.58455,-1.39222
0.58354,-1.39228
0.58209,-1.39235
0.58015,-1.39245
0.57763,-1.39257
0.57448,-1.39269
0.57058,-1.39282
0.56575,-1.39294
0.55976,-1.39301
0.55232,-1.39299
0.54306,-1.39280
0.53150,-1.39230
0.51695,-1.39125
0.49838,-1.38923
0.47418,-1.38545
0.44172,-1.37836
0.39614,-1.36462
0.32489,-1.33482
0.16682,-1.23629
-0.62595,1.36129
-0.62386,1.36127
-0.62232,1.36126
-0.62117,1.36124
-0.62036,1.36123
-0.61980,1.36122
-0.61942,1.36122
-0.61914,1.36121
-0.61894,1.36121
-0.61879,1.36121
-0.61867,1.36121
-0.61858,1.36120
-0.61850,1.36120
-0.61843,1.36120
-0.61837,1.36120
-0.61832,1.36120
-0.61828,1.36120
-0.61824,1.36120
0.58616,-1.39212
0.58597,-1.39214
0.58569,-1.39215
0.58527,-1.39218
0.58463,-1.39221
0.58370,-1.39227
0.58237,-1.39234
0.58059,-1.39243
0.57826,-1.39254
0.57531,-1.39266
0.57160,-1.39279
0.56692,-1.39291
0.56101,-1.39300
0.55352,-1.39300
0.54402,-1.39283
0.53199,-1.39233
0.51674,-1.39123
0.49736,-1.38910
0.47261,-1.38516
0.44068,-1.37810
0.39825,-1.36535
0.33700,-1.34058
0.22528,-1.27763
-0.62430,1.36128
-0.62177,1.36125
-0.62053,1.36123
-0.61977,1.36122
-0.61930,1.36122
-0.61900,1.36121
-0.61879,1.36121
-0.61863,1.36120
-0.61852,1.36120
-0.61843,1.36120
-0.61835,1.36120
-0.61829,1.36120
-0.61824,1.36120
-0.61820,1.36120
-0.61816,1.36120
-0.61813,1.36120
-0.61810,1.36120
0.58630,-1.39212
0.58617,-1.39212
0.58597,-1.39214
0.58569,-1.39215
0.58526,-1.39218
0.58461,-1.39222
0.58367,-1.39227
0.58233,-1.39234
0.58053,-1.39243
0.57816,-1.39255
0.57511,-1.39267
0.57122,-1.39280
0.56624,-1.39293
0.55984,-1.39301
0.55161,-1.39298
0.54103,-1.39273
0.52752,-1.39206
0.51040,-1.39063
0.48885,-1.38790
0.46185,-1.38303
0.42778,-1.37462
0.38308,-1.35991
0.31785,-1.33136
0.19011,-1.25343
-0.62117,1.36124
-0.61971,1.36122
-0.61910,1.36121
-0.61876,1.36121
-0.61854,1.36120
-0.61840,1.36120
-0.61829,1.36120
-0.61821,1.36120
-0.61815,1.36120
-0.61811,1.36120
-0.61807,1.36120
-0.61804,1.36119
-0.61801,1.36119
-0.61799,1.36119
-0.61797,1.36119
-0.61795,1.36119
0.58641,-1.39211
0.58631,-1.39211
0.58617,-1.39212
0.58596,-1.39214
0.58566,-1.39215
0.58521,-1.39218
0.58452,-1.39222
0.58351,-1.39228
0.58208,-1.39236
0.58013,-1.39245
0.57755,-1.39257
0.57419,-1.39271
0.56985,-1.39284
0.56421,-1.39296
0.55686,-1.39301
0.54730,-1.39291
0.53494,-1.39248
0.51915,-1.39144
0.49929,-1.38935
0.47462,-1.38553
0.44407,-1.37895
0.40537,-1.36775
0.35251,-1.34754
0.26553,-1.30281
-0.61954,1.36122
-0.61855,1.36120
-0.61823,1.36120
-0.61807,1.36120
-0.61797,1.36119
-0.61791,1.36119
-0.61787,1.36119
-0.61784,1.36119
-0.61782,1.36119
-0.61781,1.36119
-0.61780,1.36119
-0.61779,1.36119
-0.61778,1.36119
-0.61778,1.36119
-0.61777,1.36119
-0.61776,1.36119
0.58649,-1.39210
0.58642,-1.39211
0.58631,-1.39211
0.58617,-1.39212
0.58595,-1.39214
0.58563,-1.39216
0.58514,-1.39219
0.58438,-1.39223
0.58326,-1.39229
0.58166,-1.39238
0.57946,-1.39249
0.57653,-1.39262
0.57268,-1.39276
0.56763,-1.39290
0.56099,-1.39300
0.55222,-1.39299
0.54072,-1.39272
0.52585,-1.39195
0.50696,-1.39026
0.48341,-1.38704
0.45429,-1.38138
0.41767,-1.37165
0.36840,-1.35419
0.28962,-1.31655
0.04418,-1.13180
-0.61612,1.36116
-0.61671,1.36117
-0.61696,1.36117
-0.61710,1.36118
-0.61720,1.36118
-0.61728,1.36118
-0.61734,1.36118
-0.61738,1.36118
-0.61742,1.36118
-0.61745,1.36118
-0.61748,1.36118
-0.61750,1.36118
-0.61752,1.36119
-0.61753,1.36119
-0.61754,1.36119
0.58656,-1.39210
0.58650,-1.39210
0.58642,-1.39211
0.58632,-1.39211
0.58616,-1.39212
0.58593,-1.39214
0.58558,-1.39216
0.58504,-1.39219
0.58419,-1.39224
0.58291,-1.39231
0.58107,-1.39241
0.57853,-1.39253
0.57512,-1.39267
0.57058,-1.39282
0.56455,-1.39296
0.55649,-1.39301
0.54574,-1.39287
0.53158,-1.39230
0.51328,-1.39091
0.49011,-1.38809
0.46109,-1.38287
0.42407,-1.37356
0.37314,-1.35608
0.28685,-1.31502
-0.59653,1.36048
-0.61050,1.36102
-0.61337,1.36110
-0.61474,1.36113
-0.61552,1.36115
-0.61601,1.36116
-0.61633,1.36116
-0.61657,1.36117
-0.61674,1.36117
-0.61688,1.36117
-0.61698,1.36117
-0.61707,1.36118
-0.61713,1.36118
-0.61719,1.36118
-0.61723,1.36118
-0.61727,1.36118
0.58662,-1.39210
0.58657,-1.39210
0.58651,-1.39210
0.58643,-1.39211
0.58632,-1.39211
0.58616,-1.39212
0.58592,-1.39214
0.58553,-1.39216
0.58492,-1.39220
0.58395,-1.39225
0.58247,-1.39233
0.58032,-1.39244
0.57732,-1.39258
0.57326,-1.39274
0.56780,-1.39289
0.56042,-1.39300
0.55040,-1.39297
0.53690,-1.39257
0.51898,-1.39143
0.49564,-1.38887
0.46547,-1.38377
0.42541,-1.37394
0.36611,-1.35326
0.24028,-1.28733
-0.59582,1.36045
-0.60406,1.36081
-0.60831,1.36095
-0.61102,1.36103
-0.61281,1.36108
-0.61400,1.36111
-0.61480,1.36113
-0.61537,1.36114
-0.61578,1.36115
-0.61608,1.36116
-0.61632,1.36116
-0.61650,1.36117
-0.61664,1.36117
-0.61675,1.36117
-0.61685,1.36117
-0.61692,1.36117
0.58667,-1.39209
0.58663,-1.39209
0.58659,-1.39210
0.58653,-1.39210
0.58644,-1.39211
0.58633,-1.39211
0.58616,-1.39212
0.58590,-1.39214
0.58547,-1.39217
0.58478,-1.39221
0.58366,-1.39227
0.58191,-1.39236
0.57935,-1.39249
0.57576,-1.39265
0.57085,-1.39281
0.56413,-1.39296
0.55486,-1.39301
0.54203,-1.39277
0.52438,-1.39185
0.50031,-1.38948
0.46731,-1.38414
0.41933,-1.37216
0.33221,-1.33833
-0.57812,1.35937
-0.59370,1.36034
-0.59972,1.36063
-0.60383,1.36080
-0.60695,1.36091
-0.60937,1.36099
-0.61122,1.36104
-0.61259,1.36108
-0.61361,1.36110
-0.61437,1.36112
-0.61494,1.36113
-0.61538,1.36114
-0.61571,1.36115
-0.61597,1.36115
-0.61618,1.36116
-0.61634,1.36116
-0.61648,1.36117
0.58671,-1.39209
0.58668,-1.39209
0.58665,-1.39209
0.58660,-1.39210
0.58654,-1.39210
0.58646,-1.39211
0.58634,-1.39211
0.58616,-1.39212
0.58588,-1.39214
0.58541,-1.39217
0.58462,-1.39222
0.58329,-1.39229
0.58120,-1.39240
0.57810,-1.39255
0.57372,-1.39272
0.56763,-1.39290
0.55910,-1.39301
0.54697,-1.39290
0.52949,-1.39218
0.50384,-1.38991
0.46421,-1.38352
0.39012,-1.36249
-0.55855,1.35769
-0.58363,1.35975
-0.59171,1.36024
-0.59678,1.36050
-0.60056,1.36067
-0.60361,1.36079
-0.60615,1.36088
-0.60827,1.36095
-0.61002,1.36101
-0.61143,1.36105
-0.61256,1.36108
-0.61344,1.36110
-0.61413,1.36111
-0.61467,1.36113
-0.61510,1.36114
-0.61543,1.36114
-0.61570,1.36115
-0.61592,1.36115
0.58675,-1.39209
0.58673,-1.39209
0.58670,-1.39209
0.58667,-1.39209
0.58662,-1.39210
0.58656,-1.39210
0.58648,-1.39210
0.58636,-1.39211
0.58617,-1.39212
0.58587,-1.39214
0.58535,-1.39217
0.58442,-1.39223
0.58283,-1.39232
0.58025,-1.39245
0.57640,-1.39262
0.57088,-1.39281
0.56302,-1.39298
0.55152,-1.39298
0.53389,-1.39243
0.50412,-1.38994
0.43546,-1.37673
-0.53311,1.35477
-0.56969,1.35870
-0.58252,1.35968
-0.58965,1.36012
-0.59444,1.36038
-0.59807,1.36056
-0.60101,1.36069
-0.60351,1.36079
-0.60567,1.36087
-0.60755,1.36093
-0.60917,1.36098
-0.61054,1.36102
-0.61168,1.36105
-0.61262,1.36108
-0.61339,1.36110
-0.61401,1.36111
-0.61451,1.36112
-0.61491,1.36113
-0.61523,1.36114
0.58679,-1.39209
0.58677,-1.39209
0.58675,-1.39209
0.58672,-1.39209
0.58669,-1.39209
0.58664,-1.39209
0.58659,-1.39210
0.58650,-1.39210
0.58638,-1.39211
0.58619,-1.39212
0.58587,-1.39214
0.58528,-1.39218
0.58418,-1.39224
0.58217,-1.39235
0.57886,-1.39251
0.57381,-1.39272
0.56635,-1.39292
0.55485,-1.39301
0.53409,-1.39244
-0.13749,1.21149
-0.43597,1.33657
-0.53643,1.35520
-0.56682,1.35846
-0.57996,1.35950
-0.58738,1.35999
-0.59231,1.36027
-0.59597,1.36046
-0.59890,1.36059
-0.60136,1.36070
-0.60350,1.36079
-0.60539,1.36086
-0.60707,1.36091
-0.60856,1.36096
-0.60987,1.36100
-0.61099,1.36103
-0.61195,1.36106
-0.61276,1.36108
-0.61343,1.36110
-0.61398,1.36111
-0.61443,1.36112
0.58682,-1.39208
0.58681,-1.39208
0.58679,-1.39208
0.58677,-1.39209
0.58675,-1.39209
0.58672,-1.39209
0.58667,-1.39209
0.58662,-1.39210
0.58654,-1.39210
0.58642,-1.39211
0.58623,-1.39212
0.58588,-1.39214
0.58520,-1.39218
0.58380,-1.39226
0.58105,-1.39241
0.57625,-1.39263
0.56809,-1.39289
0.54578,-1.39288
-0.12188,1.20143
-0.27043,1.28116
-0.42957,1.33499
-0.52533,1.35372
-0.56107,1.35793
-0.57646,1.35924
-0.58483,1.35983
-0.59020,1.36015
-0.59406,1.36036
-0.59707,1.36051
-0.59955,1.36062
-0.60168,1.36071
-0.60356,1.36079
-0.60525,1.36085
-0.60677,1.36090
-0.60815,1.36095
-0.60938,1.36099
-0.61047,1.36102
-0.61143,1.36105
-0.61225,1.36107
-0.61295,1.36109
-0.61353,1.36110
0.58685,-1.39208
0.58684,-1.39208
0.58683,-1.39208
0.58682,-1.39208
0.58680,-1.39208
0.58678,-1.39209
0.58675,-1.39209
0.58671,-1.39209
0.58666,-1.39209
0.58659,-1.39210
0.58648,-1.39210
0.58628,-1.39212
0.58591,-1.39214
0.58505,-1.39219
0.58294,-1.39231
0.57762,-1.39257
0.16858,0.88253
-0.07559,1.16865
-0.16707,1.22935
-0.27032,1.28111
-0.40354,1.32813
-0.50781,1.35108
-0.55295,1.35712
-0.57205,1.35890
-0.58192,1.35964
-0.58798,1.36002
-0.59219,1.36026
-0.59537,1.36043
-0.59793,1.36055
-0.60010,1.36065
-0.60198,1.36073
-0.60367,1.36079
-0.60520,1.36085
-0.60659,1.36090
-0.60787,1.36094
-0.60904,1.36098
-0.61010,1.36101
-0.61104,1.36104
-0.61186,1.36106
-0.61257,1.36108
0.58689,-1.39208
0.58688,-1.39208
0.58687,-1.39208
0.58686,-1.39208
0.58685,-1.39208
0.58684,-1.39208
0.58682,-1.39208
0.58680,-1.39208
0.58677,-1.39209
0.58672,-1.39209
0.58666,-1.39209
0.58656,-1.39210
0.58637,-1.39211
0.58593,-1.39214
0.58447,-1.39222
0.25769,0.71157
-0.02505,1.12698
-0.10162,1.18765
-0.16967,1.23085
-0.25428,1.27404
-0.37085,1.31845
-0.48391,1.34691
-0.54203,1.35589
-0.56653,1.35843
-0.57855,1.35940
-0.58558,1.35988
-0.59028,1.36016
-0.59372,1.36034
-0.59643,1.36048
-0.59866,1.36058
-0.60058,1.36067
-0.60227,1.36074
-0.60380,1.36080
-0.60521,1.36085
-0.60650,1.36089
-0.60771,1.36093
-0.60882,1.36097
-0.60984,1.36100
-0.61076,1.36103
-0.61157,1.36105
0.58692,-1.39208
0.58692,-1.39208
0.58691,-1.39208
0.58691,-1.39208
0.58691,-1.39208
0.58690,-1.39208
0.58689,-1.39208
0.58688,-1.39208
0.58687,-1.39208
0.58685,-1.39208
0.58682,-1.39208
0.58678,-1.39209
0.58670,-1.39209
0.58654,-1.39210
0.58581,-1.39214
0.05842,1.04074
-0.03944,1.13955
-0.10079,1.18707
-0.15968,1.22503
-0.23252,1.26390
-0.33489,1.30643
-0.45278,1.34049
-0.52716,1.35397
-0.55945,1.35778
-0.57452,1.35910
-0.58288,1.35970
-0.58824,1.36004
-0.59204,1.36025
-0.59495,1.36041
-0.59730,1.36052
-0.59928,1.36061
-0.60101,1.36069
-0.60255,1.36075
-0.60396,1.36080
-0.60526,1.36085
-0.60648,1.36089
-0.60762,1.36093
-0.60869,1.36097
-0.60967,1.36100
-0.61057,1.36102
0.58696,-1.39207
0.58696,-1.39207
0.58696,-1.39207
0.58696,-1.39207
0.58696,-1.39207
0.58696,-1.39207
0.58697,-1.39207
0.58697,-1.39207
0.58697,-1.39207
0.58698,-1.39207
0.58698,-1.39207
0.58700,-1.39207
0.58703,-1.39207
0.58714,-1.39206
0.58979,-1.39189
0.07016,1.02651
-0.02675,1.12850
-0.08673,1.17697
-0.14182,1.21421
-0.20669,1.25102
-0.29637,1.29192
-0.41314,1.33075
-0.50602,1.35080
-0.54985,1.35678
-0.56943,1.35868
-0.57969,1.35948
-0.58595,1.35990
-0.59024,1.36015
-0.59343,1.36033
-0.59595,1.36046
-0.59804,1.36056
-0.59982,1.36063
-0.60139,1.36070
-0.60281,1.36076
-0.60412,1.36081
-0.60535,1.36085
-0.60650,1.36089
-0.60759,1.36093
-0.60862,1.36096
-0.60958,1.36099
0.58700,-1.39207
0.58700,-1.39207
0.58701,-1.39207
0.58702,-1.39207
0.58703,-1.39207
0.58704,-1.39207
0.58705,-1.39207
0.58707,-1.39207
0.58710,-1.39207
0.58714,-1.39206
0.58719,-1.39206
0.58730,-1.39205
0.58752,-1.39204
0.58819,-1.39200
0.59227,-1.39171
0.17315,0.87470
0.01132,1.09240
-0.05925,1.15591
-0.11545,1.19714
-0.17552,1.23418
-0.25410,1.27395
-0.36320,1.31601
-0.47379,1.34494
-0.53544,1.35507
-0.56237,1.35805
-0.57556,1.35918
-0.58317,1.35972
-0.58816,1.36003
-0.59176,1.36024
-0.59452,1.36038
-0.59676,1.36050
-0.59864,1.36058
-0.60027,1.36065
-0.60173,1.36072
-0.60306,1.36077
-0.60429,1.36082
-0.60545,1.36086
-0.60656,1.36090
-0.60761,1.36093
-0.60861,1.36096
0.58704,-1.39207
0.58705,-1.39207
0.58707,-1.39207
0.58708,-1.39207
0.58710,-1.39207
0.58713,-1.39206
0.58716,-1.39206
0.58720,-1.39206
0.58726,-1.39206
0.58735,-1.39205
0.58750,-1.39204
0.58776,-1.39202
0.58830,-1.39199
0.58961,-1.39190
0.59314,-1.39165
0.60464,-1.39065
0.11663,0.96425
-0.00765,1.11097
-0.07534,1.16846
-0.13533,1.21013
-0.20521,1.25026
-0.30102,1.29377
-0.42110,1.33284
-0.51010,1.35145
-0.55094,1.35690
-0.56945,1.35868
-0.57934,1.35946
-0.58547,1.35987
-0.58969,1.36012
-0.59284,1.36030
-0.59532,1.36043
-0.59737,1.36052
-0.59911,1.36060
-0.60064,1.36067
-0.60201,1.36073
-0.60327,1.36078
-0.60445,1.36082
-0.60557,1.36086
-0.60664,1.36090
-0.60767,1.36093
0.58709,-1.39207
0.58711,-1.39206
0.58713,-1.39206
0.58716,-1.39206
0.58719,-1.39206
0.58724,-1.39206
0.58729,-1.39205
0.58737,-1.39205
0.58748,-1.39204
0.58765,-1.39203
0.58793,-1.39201
0.58842,-1.39198
0.58931,-1.39192
0.59102,-1.39180
0.59414,-1.39157
0.59938,-1.39114
0.60927,-1.39018
0.14162,0.92659
-0.00102,1.10461
-0.07593,1.16891
-0.14347,1.21523
-0.22461,1.26005
-0.33569,1.30672
-0.45617,1.34124
-0.52743,1.35401
-0.55826,1.35766
-0.57299,1.35898
-0.58132,1.35959
-0.58671,1.35995
-0.59055,1.36017
-0.59346,1.36033
-0.59580,1.36045
-0.59775,1.36054
-0.59942,1.36062
-0.60089,1.36068
-0.60222,1.36074
-0.60344,1.36078
-0.60459,1.36083
-0.60568,1.36087
-0.60673,1.36090
0.58715,-1.39206
0.58718,-1.39206
0.58722,-1.39206
0.58726,-1.39206
0.58731,-1.39205
0.58738,-1.39205
0.58747,-1.39204
0.58760,-1.39203
0.58778,-1.39202
0.58806,-1.39200
0.58851,-1.39197
0.58924,-1.39193
0.59044,-1.39184
0.59240,-1.39170
0.59538,-1.39148
0.59947,-1.39113
0.60444,-1.39067
0.61028,-1.39007
0.64006,-1.38597
0.05912,1.03991
-0.04457,1.14389
-0.12394,1.20279
-0.21365,1.25459
-0.33383,1.30606
-0.45957,1.34198
-0.52954,1.35430
-0.55912,1.35774
-0.57333,1.35900
-0.58146,1.35960
-0.58678,1.35995
-0.59059,1.36017
-0.59351,1.36033
-0.59586,1.36045
-0.59782,1.36054
-0.59950,1.36062
-0.60098,1.36068
-0.60231,1.36074
-0.60354,1.36079
-0.60469,1.36083
-0.60578,1.36087
0.58723,-1.39206
0.58727,-1.39205
0.58732,-1.39205
0.58738,-1.39205
0.58746,-1.39204
0.58756,-1.39204
0.58769,-1.39203
0.58789,-1.39202
0.58816,-1.39200
0.58857,-1.39197
0.58920,-1.39193
0.59016,-1.39186
0.59163,-1.39176
0.59380,-1.39160
0.59684,-1.39136
0.60077,-1.39102
0.60535,-1.39058
0.61014,-1.39008
0.61465,-1.38957
0.61850,-1.38910
0.62316,-1.38850
0.15521,0.90484
-0.01392,1.11684
-0.12167,1.20129
-0.24235,1.26855
-0.39430,1.32551
-0.50504,1.35063
-0.55007,1.35680
-0.56907,1.35865
-0.57902,1.35943
-0.58519,1.35985
-0.58949,1.36011
-0.59272,1.36029
-0.59529,1.36042
-0.59741,1.36053
-0.59923,1.36061
-0.60081,1.36068
-0.60222,1.36074
-0.60351,1.36079
-0.60471,1.36083
0.58732,-1.39205
0.58737,-1.39205
0.58744,-1.39204
0.58753,-1.39204
0.58764,-1.39203
0.58778,-1.39202
0.58797,-1.39201
0.58824,-1.39199
0.58862,-1.39197
0.58917,-1.39193
0.58998,-1.39188
0.59116,-1.39179
0.59287,-1.39167
0.59528,-1.39148
0.59853,-1.39121
0.60266,-1.39084
0.60753,-1.39036
0.61295,-1.38977
0.61868,-1.38908
0.62450,-1.38832
0.63016,-1.38751
0.63537,-1.38672
0.63964,-1.38604
0.64210,-1.38562
0.64071,-1.38586
0.37968,0.42114
-0.08468,1.17546
-0.30933,1.29700
-0.49180,1.34836
-0.55091,1.35690
-0.57103,1.35882
-0.58072,1.35955
-0.58658,1.35994
-0.59066,1.36018
-0.59378,1.36035
-0.59629,1.36047
-0.59840,1.36057
-0.60023,1.36065
-0.60183,1.36072
-0.60327,1.36078
0.58743,-1.39204
0.58750,-1.39204
0.58760,-1.39203
0.58771,-1.39203
0.58786,-1.39202
0.58805,-1.39201
0.58830,-1.39199
0.58865,-1.39197
0.58914,-1.39193
0.58983,-1.39189
0.59081,-1.39182
0.59221,-1.39172
0.59417,-1.39157
0.59686,-1.39135
0.60042,-1.39105
0.60488,-1.39063
0.61022,-1.39007
0.61635,-1.38937
0.62315,-1.38850
0.63046,-1.38747
0.63804,-1.38630
0.64550,-1.38504
0.65242,-1.38378
0.65844,-1.38262
0.66336,-1.38162
0.66709,-1.38083
0.66953,-1.38031
0.67014,-1.38017
0.66646,-1.38097
0.64670,-1.38483
-0.31573,1.29943
-0.52957,1.35430
-0.56712,1.35848
-0.57982,1.35949
-0.58645,1.35993
-0.59082,1.36019
-0.59409,1.36036
-0.59675,1.36049
-0.59899,1.36060
-0.60093,1.36068
0.58756,-1.39204
0.58766,-1.39203
0.58778,-1.39202
0.58792,-1.39201
0.58811,-1.39200
0.58835,-1.39199
0.58867,-1.39196
0.58911,-1.39194
0.58970,-1.39189
0.59054,-1.39184
0.59170,-1.39175
0.59332,-1.39163
0.59556,-1.39146
0.59856,-1.39121
0.60246,-1.39086
0.60730,-1.39038
0.61309,-1.38975
0.61976,-1.38894
0.62722,-1.38794
0.63523,-1.38674
0.64340,-1.38540
0.65121,-1.38401
0.65819,-1.38267
0.66407,-1.38147
0.66883,-1.38046
0.67259,-1.37963
0.67553,-1.37897
0.67781,-1.37844
0.67954,-1.37804
0.68069,-1.37777
0.68099,-1.37770
0.67910,-1.37814
0.66230,-1.38184
-0.36548,1.31675
-0.55209,1.35702
-0.57610,1.35922
-0.58506,1.35984
-0.59020,1.36015
-0.59386,1.36035
-0.59679,1.36050
0.58772,-1.39203
0.58784,-1.39202
0.58799,-1.39201
0.58817,-1.39200
0.58840,-1.39198
0.58869,-1.39196
0.58908,-1.39194
0.58959,-1.39190
0.59030,-1.39185
0.59128,-1.39178
0.59263,-1.39169
0.59449,-1.39154
0.59702,-1.39134
0.60036,-1.39105
0.60461,-1.39065
0.60981,-1.39012
0.61596,-1.38941
0.62300,-1.38852
0.63078,-1.38742
0.63902,-1.38614
0.64722,-1.38473
0.65485,-1.38332
0.66147,-1.38201
0.66692,-1.38087
0.67126,-1.37993
0.67466,-1.37917
0.67734,-1.37855
0.67947,-1.37806
0.68119,-1.37765
0.68260,-1.37731
0.68377,-1.37703
0.68469,-1.37681
0.68532,-1.37665
0.68539,-1.37664
0.68366,-1.37706
0.66471,-1.38134
-0.47149,1.34448
-0.56694,1.35847
-0.58222,1.35966
-0.58892,1.36008
0.58791,-1.39201
0.58805,-1.39200
0.58822,-1.39199
0.58844,-1.39198
0.58870,-1.39196
0.58905,-1.39194
0.58950,-1.39191
0.59010,-1.39187
0.59093,-1.39181
0.59206,-1.39173
0.59361,-1.39161
0.59574,-1.39145
0.59857,-1.39121
0.60225,-1.39088
0.60683,-1.39043
0.61234,-1.38984
0.61875,-1.38907
0.62599,-1.38811
0.63388,-1.38695
0.64208,-1.38563
0.65009,-1.38421
0.65739,-1.38283
0.66361,-1.38157
0.66866,-1.38050
0.67265,-1.37962
0.67577,-1.37891
0.67823,-1.37835
0.68019,-1.37789
0.68178,-1.37751
0.68310,-1.37719
0.68422,-1.37692
0.68518,-1.37669
0.68601,-1.37649
0.68672,-1.37631
0.68731,-1.37616
0.68769,-1.37607
0.68756,-1.37610
0.68530,-1.37666
0.35134,0.49376
-0.53809,1.35541
0.58811,-1.39200
0.58827,-1.39199
0.58847,-1.39198
0.58872,-1.39196
0.58903,-1.39194
0.58942,-1.39191
0.58994,-1.39188
0.59063,-1.39183
0.59158,-1.39176
0.59288,-1.39167
0.59466,-1.39153
0.59705,-1.39134
0.60021,-1.39107
0.60421,-1.39069
0.60909,-1.39020
0.61484,-1.38955
0.62142,-1.38873
0.62873,-1.38772
0.63659,-1.38653
0.64463,-1.38519
0.65235,-1.38380
0.65928,-1.38245
0.66513,-1.38125
0.66985,-1.38024
0.67357,-1.37941
0.67648,-1.37875
0.67878,-1.37822
0.68062,-1.37779
0.68212,-1.37743
0.68336,-1.37713
0.68441,-1.37688
0.68530,-1.37666
0.68609,-1.37647
0.68678,-1.37629
0.68739,-1.37614
0.68795,-1.37600
0.68844,-1.37588
0.68885,-1.37578
0.68907,-1.37572
0.68868,-1.37582
0.58832,-1.39199
0.58851,-1.39197
0.58873,-1.39196
0.58901,-1.39194
0.58935,-1.39192
0.58980,-1.39189
0.59039,-1.39185
0.59118,-1.39179
0.59226,-1.39171
0.59374,-1.39160
0.59576,-1.39144
0.59845,-1.39122
0.60192,-1.39091
0.60622,-1.39049
0.61136,-1.38995
0.61728,-1.38925
0.62395,-1.38839
0.63125,-1.38735
0.63899,-1.38614
0.64679,-1.38481
0.65419,-1.38345
0.66077,-1.38215
0.66628,-1.38101
0.67073,-1.38005
0.67424,-1.37926
0.67699,-1.37863
0.67917,-1.37813
0.68092,-1.37771
0.68235,-1.37737
0.68354,-1.37709
0.68454,-1.37684
0.68539,-1.37664
0.68614,-1.37645
0.68678,-1.37629
0.68736,-1.37615
0.68787,-1.37602
0.68834,-1.37591
0.68877,-1.37580
0.68917,-1.37570
0.68953,-1.37561
0.58854,-1.39197
0.58875,-1.39196
0.58900,-1.39194
0.58930,-1.39192
0.58968,-1.39190
0.59018,-1.39186
0.59085,-1.39182
0.59175,-1.39175
0.59298,-1.39166
0.59467,-1.39153
0.59694,-1.39135
0.59993,-1.39109
0.60371,-1.39074
0.60828,-1.39028
0.61361,-1.38969
0.61965,-1.38896
0.62633,-1.38806
0.63357,-1.38700
0.64113,-1.38579
0.64867,-1.38447
0.65575,-1.38315
0.66200,-1.38190
0.66722,-1.38081
0.67143,-1.37989
0.67476,-1.37915
0.67739,-1.37854
0.67947,-1.37806
0.68115,-1.37766
0.68253,-1.37733
0.68368,-1.37705
0.68465,-1.37682
0.68547,-1.37662
0.68619,-1.37644
0.68681,-1.37629
0.68736,-1.37615
0.68784,-1.37603
0.68827,-1.37592
0.68866,-1.37583
0.68902,-1.37574
0.68935,-1.37565
0.58877,-1.39196
0.58899,-1.39194
0.58926,-1.39193
0.58959,-1.39190
0.59002,-1.39187
0.59057,-1.39183
0.59132,-1.39178
0.59234,-1.39171
0.59374,-1.39160
0.59565,-1.39145
0.59820,-1.39124
0.60149,-1.39095
0.60556,-1.39056
0.61036,-1.39006
0.61584,-1.38943
0.62193,-1.38866
0.62858,-1.38774
0.63570,-1.38667
0.64306,-1.38546
0.65033,-1.38417
0.65710,-1.38288
0.66305,-1.38168
0.66801,-1.38064
0.67201,-1.37976
0.67519,-1.37905
0.67771,-1.37847
0.67972,-1.37800
0.68134,-1.37761
0.68268,-1.37729
0.68379,-1.37703
0.68474,-1.37680
0.68554,-1.37660
0.68624,-1.37643
0.68685,-1.37628
0.68738,-1.37615
0.68785,-1.37603
0.68826,-1.37593
0.68862,-1.37584
0.68895,-1.37575
0.68924,-1.37568
