-0.62731,1.36130
-0.62729,1.36130
-0.62727,1.36130
-0.62725,1.36130
-0.62722,1.36130
-0.62718,1.36130
-0.62714,1.36130
-0.62709,1.36130
-0.62703,1.36129
-0.62695,1.36129
-0.62686,1.36129
-0.62674,1.36129
-0.62659,1.36129
-0.62640,1.36129
-0.62615,1.36129
-0.62584,1.36129
-0.62545,1.36129
-0.62498,1.36128
-0.62444,1.36128
-0.62385,1.36127
-0.62323,1.36127
-0.62260,1.36126
-0.62195,1.36125
-0.62132,1.36124
-0.62070,1.36124
-0.62014,1.36123
-0.61965,1.36122
-0.61928,1.36122
-0.61900,1.36121
-0.61879,1.36121
-0.61864,1.36120
-0.61853,1.36120
-0.61845,1.36120
-0.61838,1.36120
-0.61833,1.36120
-0.61829,1.36120
-0.61825,1.36120
-0.61822,1.36120
-0.61819,1.36120
-0.61816,1.36120
-0.62733,1.36130
-0.62730,1.36130
-0.62728,1.36130
-0.62725,1.36130
-0.62722,1.36130
-0.62718,1.36130
-0.62714,1.36130
-0.62709,1.36130
-0.62703,1.36129
-0.62695,1.36129
-0.62686,1.36129
-0.62674,1.36129
-0.62659,1.36129
-0.62640,1.36129
-0.62614,1.36129
-0.62582,1.36129
-0.62542,1.36129
-0.62494,1.36128
-0.62438,1.36128
-0.62377,1.36127
-0.62312,1.36127
-0.62246,1.36126
-0.62179,1.36125
-0.62114,1.36124
-0.62052,1.36123
-0.61997,1.36123
-0.61951,1.36122
-0.61917,1.36121
-0.61891,1.36121
-0.61873,1.36121
-0.61859,1.36120
-0.61849,1.36120
-0.61841,1.36120
-0.61835,1.36120
-0.61830,1.36120
-0.61826,1.36120
-0.61822,1.36120
-0.61819,1.36120
-0.61815,1.36120
-0.61813,1.36120
-0.62736,1.36130
-0.62733,1.36130
-0.62730,1.36130
-0.62726,1.36130
-0.62723,1.36130
-0.62719,1.36130
-0.62715,1.36130
-0.62710,1.36130
-0.62703,1.36130
-0.62696,1.36129
-0.62686,1.36129
-0.62674,1.36129
-0.62659,1.36129
-0.62639,1.36129
-0.62614,1.36129
-0.62581,1.36129
-0.62540,1.36129
-0.62489,1.36128
-0.62431,1.36128
-0.62367,1.36127
-0.62299,1.36126
-0.62230,1.36126
-0.62161,1.36125
-0.62094,1.36124
-0.62033,1.36123
-0.61980,1.36122
-0.61938,1.36122
-0.61906,1.36121
-0.61883,1.36121
-0.61866,1.36121
-0.61854,1.36120
-0.61844,1.36120
-0.61837,1.36120
-0.61831,1.36120
-0.61826,1.36120
-0.61822,1.36120
-0.61818,1.36120
-0.61815,1.36120
-0.61812,1.36120
-0.61809,1.36120
-0.62744,1.36130
-0.62739,1.36130
-0.62734,1.36130
-0.62730,1.36130
-0.62726,1.36130
-0.62721,1.36130
-0.62716,1.36130
-0.62711,1.36130
-0.62704,1.36130
-0.62696,1.36129
-0.62687,1.36129
-0.62674,1.36129
-0.62659,1.36129
-0.62639,1.36129
-0.62613,1.36129
-0.62579,1.36129
-0.62536,1.36129
-0.62484,1.36128
-0.62423,1.36128
-0.62356,1.36127
-0.62285,1.36126
-0.62213,1.36125
-0.62142,1.36125
-0.62074,1.36124
-0.62014,1.36123
-0.61964,1.36122
-0.61925,1.36121
-0.61896,1.36121
-0.61875,1.36121
-0.61860,1.36120
-0.61848,1.36120
-0.61839,1.36120
-0.61832,1.36120
-0.61827,1.36120
-0.61822,1.36120
-0.61818,1.36120
-0.61814,1.36120
-0.61811,1.36120
-0.61808,1.36120
-0.61805,1.36119
-0.62739,1.36130
-0.62747,1.36130
-0.62742,1.36130
-0.62737,1.36130
-0.62731,1.36130
-0.62725,1.36130
-0.62719,1.36130
-0.62713,1.36130
-0.62706,1.36130
-0.62698,1.36129
-0.62687,1.36129
-0.62675,1.36129
-0.62659,1.36129
-0.62638,1.36129
-0.62611,1.36129
-0.62576,1.36129
-0.62531,1.36128
-0.62476,1.36128
-0.62412,1.36128
-0.62342,1.36127
-0.62268,1.36126
-0.62193,1.36125
-0.62120,1.36124
-0.62053,1.36123
-0.61995,1.36123
-0.61948,1.36122
-0.61912,1.36121
-0.61886,1.36121
-0.61867,1.36121
-0.61853,1.36120
-0.61843,1.36120
-0.61834,1.36120
-0.61828,1.36120
-0.61822,1.36120
-0.61818,1.36120
-0.61814,1.36120
-0.61810,1.36120
-0.61807,1.36120
-0.61804,1.36119
-0.61802,1.36119
0.57964,-1.39248
0.57392,-1.39272
0.55399,-1.39300
-0.62723,1.36130
-0.62735,1.36130
-0.62731,1.36130
-0.62725,1.36130
-0.62717,1.36130
-0.62709,1.36130
-0.62700,1.36129
-0.62689,1.36129
-0.62675,1.36129
-0.62658,1.36129
-0.62636,1.36129
-0.62608,1.36129
-0.62571,1.36129
-0.62524,1.36128
-0.62466,1.36128
-0.62399,1.36127
-0.62324,1.36127
-0.62247,1.36126
-0.62170,1.36125
-0.62097,1.36124
-0.62031,1.36123
-0.61976,1.36122
-0.61933,1.36122
-0.61900,1.36121
-0.61877,1.36121
-0.61859,1.36120
-0.61846,1.36120
-0.61837,1.36120
-0.61829,1.36120
-0.61822,1.36120
-0.61817,1.36120
-0.61813,1.36120
-0.61809,1.36120
-0.61806,1.36119
-0.61803,1.36119
-0.61800,1.36119
-0.61798,1.36119
0.58459,-1.39222
0.58335,-1.39229
0.58152,-1.39238
0.57863,-1.39252
0.57362,-1.39273
0.56151,-1.39299
-0.62650,1.36129
-0.62709,1.36130
-0.62708,1.36130
-0.62700,1.36129
-0.62689,1.36129
-0.62674,1.36129
-0.62656,1.36129
-0.62633,1.36129
-0.62602,1.36129
-0.62563,1.36129
-0.62513,1.36128
-0.62451,1.36128
-0.62380,1.36127
-0.62302,1.36126
-0.62221,1.36126
-0.62143,1.36125
-0.62071,1.36124
-0.62008,1.36123
-0.61957,1.36122
-0.61918,1.36121
-0.61889,1.36121
-0.61867,1.36121
-0.61851,1.36120
-0.61839,1.36120
-0.61830,1.36120
-0.61823,1.36120
-0.61817,1.36120
-0.61812,1.36120
-0.61808,1.36120
-0.61804,1.36119
-0.61801,1.36119
-0.61799,1.36119
-0.61797,1.36119
-0.61794,1.36119
0.58607,-1.39213
0.58554,-1.39216
0.58481,-1.39220
0.58386,-1.39226
0.58260,-1.39233
0.58088,-1.39242
0.57844,-1.39253
0.57485,-1.39268
0.56897,-1.39287
0.55600,-1.39301
-0.62527,1.36128
-0.62635,1.36129
-0.62633,1.36129
-0.62613,1.36129
-0.62583,1.36129
-0.62542,1.36129
-0.62489,1.36128
-0.62424,1.36128
-0.62350,1.36127
-0.62270,1.36126
-0.62189,1.36125
-0.62113,1.36124
-0.62044,1.36123
-0.61986,1.36122
-0.61939,1.36122
-0.61904,1.36121
-0.61877,1.36121
-0.61857,1.36120
-0.61843,1.36120
-0.61832,1.36120
-0.61823,1.36120
-0.61816,1.36120
-0.61811,1.36120
-0.61806,1.36119
-0.61803,1.36119
-0.61800,1.36119
-0.61797,1.36119
-0.61795,1.36119
-0.61793,1.36119
-0.61791,1.36119
0.58656,-1.39210
0.58635,-1.39211
0.58601,-1.39213
0.58554,-1.39216
0.58491,-1.39220
0.58413,-1.39224
0.58316,-1.39230
0.58194,-1.39236
0.58039,-1.39244
0.57840,-1.39253
0.57585,-1.39264
0.57256,-1.39276
0.56813,-1.39289
0.56170,-1.39299
0.55043,-1.39297
0.51400,-1.39098
-0.62358,1.36127
-0.62342,1.36127
-0.62287,1.36126
-0.62218,1.36126
-0.62147,1.36125
-0.62079,1.36124
-0.62017,1.36123
-0.61965,1.36122
-0.61922,1.36121
-0.61890,1.36121
-0.61865,1.36121
-0.61847,1.36120
-0.61833,1.36120
-0.61823,1.36120
-0.61815,1.36120
-0.61809,1.36120
-0.61805,1.36119
-0.61801,1.36119
-0.61798,1.36119
-0.61795,1.36119
-0.61793,1.36119
-0.61791,1.36119
-0.61789,1.36119
-0.61787,1.36119
0.58672,-1.39209
0.58662,-1.39210
0.58647,-1.39210
0.58623,-1.39212
0.58590,-1.39214
0.58545,-1.39217
0.58487,-1.39220
0.58416,-1.39224
0.58330,-1.39229
0.58225,-1.39235
0.58096,-1.39241
0.57939,-1.39249
0.57746,-1.39258
0.57510,-1.39267
0.57216,-1.39277
0.56839,-1.39288
0.56325,-1.39298
0.55554,-1.39301
0.54147,-1.39275
0.48763,-1.38771
-0.62099,1.36124
-0.62046,1.36123
-0.61994,1.36123
-0.61946,1.36122
-0.61907,1.36121
-0.61876,1.36121
-0.61852,1.36120
-0.61835,1.36120
-0.61823,1.36120
-0.61814,1.36120
-0.61808,1.36120
-0.61802,1.36119
-0.61798,1.36119
-0.61795,1.36119
-0.61793,1.36119
-0.61790,1.36119
-0.61788,1.36119
-0.61787,1.36119
-0.61785,1.36119
-0.61784,1.36119
0.58679,-1.39209
0.58673,-1.39209
0.58665,-1.39209
0.58652,-1.39210
0.58633,-1.39211
0.58606,-1.39213
0.58569,-1.39215
0.58522,-1.39218
0.58463,-1.39221
0.58390,-1.39226
0.58300,-1.39231
0.58190,-1.39236
0.58054,-1.39243
0.57886,-1.39251
0.57678,-1.39260
0.57419,-1.39271
0.57090,-1.39281
0.56662,-1.39292
0.56084,-1.39300
0.55241,-1.39299
0.53782,-1.39261
0.48954,-1.38800
-0.61990,1.36122
-0.61933,1.36122
-0.61892,1.36121
-0.61860,1.36120
-0.61838,1.36120
-0.61823,1.36120
-0.61812,1.36120
-0.61805,1.36119
-0.61799,1.36119
-0.61795,1.36119
-0.61792,1.36119
-0.61789,1.36119
-0.61787,1.36119
-0.61785,1.36119
-0.61784,1.36119
-0.61783,1.36119
-0.61781,1.36119
-0.61780,1.36119
0.58683,-1.39208
0.58679,-1.39208
0.58674,-1.39209
0.58666,-1.39209
0.58654,-1.39210
0.58636,-1.39211
0.58611,-1.39213
0.58577,-1.39215
0.58534,-1.39217
0.58478,-1.39221
0.58409,-1.39225
0.58322,-1.39229
0.58213,-1.39235
0.58076,-1.39242
0.57903,-1.39251
0.57687,-1.39260
0.57415,-1.39271
0.57072,-1.39282
0.56635,-1.39292
0.56065,-1.39300
0.55281,-1.39299
0.54047,-1.39271
0.51138,-1.39073
-0.61945,1.36122
-0.61877,1.36121
-0.61843,1.36120
-0.61822,1.36120
-0.61809,1.36120
-0.61801,1.36119
-0.61795,1.36119
-0.61791,1.36119
-0.61788,1.36119
-0.61785,1.36119
-0.61783,1.36119
-0.61782,1.36119
-0.61780,1.36119
-0.61779,1.36119
-0.61778,1.36119
-0.61777,1.36119
-0.61777,1.36119
0.58685,-1.39208
0.58683,-1.39208
0.58679,-1.39208
0.58674,-1.39209
0.58666,-1.39209
0.58653,-1.39210
0.58635,-1.39211
0.58610,-1.39213
0.58576,-1.39215
0.58532,-1.39217
0.58474,-1.39221
0.58402,-1.39225
0.58310,-1.39230
0.58192,-1.39236
0.58041,-1.39244
0.57849,-1.39253
0.57607,-1.39263
0.57303,-1.39275
0.56922,-1.39286
0.56444,-1.39296
0.55830,-1.39301
0.54989,-1.39296
0.53623,-1.39254
0.49905,-1.38932
-0.61860,1.36120
-0.61821,1.36120
-0.61804,1.36119
-0.61794,1.36119
-0.61788,1.36119
-0.61785,1.36119
-0.61782,1.36119
-0.61780,1.36119
-0.61778,1.36119
-0.61777,1.36119
-0.61776,1.36119
-0.61775,1.36119
-0.61774,1.36119
-0.61773,1.36119
-0.61773,1.36119
-0.61772,1.36119
0.58687,-1.39208
0.58686,-1.39208
0.58683,-1.39208
0.58679,-1.39208
0.58673,-1.39209
0.58665,-1.39209
0.58652,-1.39210
0.58632,-1.39211
0.58605,-1.39213
0.58569,-1.39215
0.58520,-1.39218
0.58457,-1.39222
0.58376,-1.39226
0.58272,-1.39232
0.58137,-1.39239
0.57963,-1.39248
0.57740,-1.39258
0.57458,-1.39269
0.57106,-1.39281
0.56670,-1.39292
0.56126,-1.39300
0.55416,-1.39301
0.54375,-1.39282
0.52327,-1.39176
-0.61816,1.36120
-0.61789,1.36119
-0.61780,1.36119
-0.61776,1.36119
-0.61773,1.36119
-0.61771,1.36119
-0.61770,1.36119
-0.61769,1.36119
-0.61769,1.36119
-0.61768,1.36119
-0.61768,1.36119
-0.61768,1.36119
-0.61768,1.36119
-0.61768,1.36119
-0.61767,1.36119
-0.61767,1.36119
0.58689,-1.39208
0.58688,-1.39208
0.58686,-1.39208
0.58683,-1.39208
0.58679,-1.39209
0.58673,-1.39209
0.58663,-1.39209
0.58649,-1.39210
0.58628,-1.39212
0.58597,-1.39214
0.58556,-1.39216
0.58501,-1.39219
0.58429,-1.39223
0.58335,-1.39229
0.58213,-1.39235
0.58052,-1.39243
0.57844,-1.39253
0.57577,-1.39265
0.57242,-1.39277
0.56826,-1.39288
0.56309,-1.39298
0.55645,-1.39301
0.54699,-1.39290
0.52952,-1.39219
0.40774,-1.36853
-0.61722,1.36118
-0.61738,1.36118
-0.61745,1.36118
-0.61749,1.36118
-0.61752,1.36119
-0.61754,1.36119
-0.61755,1.36119
-0.61757,1.36119
-0.61758,1.36119
-0.61759,1.36119
-0.61759,1.36119
-0.61760,1.36119
-0.61760,1.36119
-0.61761,1.36119
-0.61761,1.36119
0.58690,-1.39208
0.58689,-1.39208
0.58688,-1.39208
0.58686,-1.39208
0.58683,-1.39208
0.58678,-1.39209
0.58672,-1.39209
0.58661,-1.39210
0.58645,-1.39211
0.58621,-1.39212
0.58586,-1.39214
0.58539,-1.39217
0.58475,-1.39221
0.58390,-1.39226
0.58278,-1.39232
0.58130,-1.39240
0.57935,-1.39249
0.57680,-1.39260
0.57354,-1.39273
0.56944,-1.39285
0.56430,-1.39296
0.55763,-1.39301
0.54794,-1.39292
0.52883,-1.39214
-0.61170,1.36105
-0.61566,1.36115
-0.61646,1.36116
-0.61684,1.36117
-0.61706,1.36118
-0.61719,1.36118
-0.61728,1.36118
-0.61734,1.36118
-0.61739,1.36118
-0.61743,1.36118
-0.61746,1.36118
-0.61748,1.36118
-0.61750,1.36118
-0.61751,1.36119
-0.61753,1.36119
-0.61754,1.36119
0.58691,-1.39208
0.58691,-1.39208
0.58689,-1.39208
0.58688,-1.39208
0.58686,-1.39208
0.58683,-1.39208
0.58678,-1.39209
0.58671,-1.39209
0.58659,-1.39210
0.58641,-1.39211
0.58613,-1.39213
0.58572,-1.39215
0.58516,-1.39218
0.58440,-1.39223
0.58338,-1.39229
0.58202,-1.39236
0.58019,-1.39245
0.57775,-1.39256
0.57455,-1.39269
0.57042,-1.39283
0.56508,-1.39295
0.55787,-1.39301
0.54653,-1.39289
0.51605,-1.39117
-0.61150,1.36105
-0.61385,1.36111
-0.61505,1.36114
-0.61581,1.36115
-0.61631,1.36116
-0.61663,1.36117
-0.61686,1.36117
-0.61701,1.36118
-0.61713,1.36118
-0.61721,1.36118
-0.61727,1.36118
-0.61732,1.36118
-0.61736,1.36118
-0.61739,1.36118
-0.61742,1.36118
-0.61744,1.36118
0.58692,-1.39208
0.58692,-1.39208
0.58691,-1.39208
0.58690,-1.39208
0.58688,-1.39208
0.58686,-1.39208
0.58683,-1.39208
0.58678,-1.39209
0.58670,-1.39209
0.58657,-1.39210
0.58635,-1.39211
0.58602,-1.39213
0.58554,-1.39216
0.58487,-1.39220
0.58395,-1.39225
0.58270,-1.39232
0.58100,-1.39241
0.57868,-1.39252
0.57551,-1.39266
0.57124,-1.39280
0.56541,-1.39294
0.55675,-1.39301
0.53943,-1.39267
-0.60627,1.36089
-0.61089,1.36103
-0.61262,1.36108
-0.61379,1.36111
-0.61467,1.36113
-0.61535,1.36114
-0.61586,1.36115
-0.61625,1.36116
-0.61653,1.36117
-0.61674,1.36117
-0.61690,1.36117
-0.61702,1.36118
-0.61711,1.36118
-0.61718,1.36118
-0.61724,1.36118
-0.61728,1.36118
-0.61732,1.36118
0.58693,-1.39208
0.58693,-1.39208
0.58692,-1.39208
0.58691,-1.39208
0.58690,-1.39208
0.58688,-1.39208
0.58686,-1.39208
0.58683,-1.39208
0.58677,-1.39209
0.58669,-1.39209
0.58653,-1.39210
0.58628,-1.39212
0.58589,-1.39214
0.58530,-1.39218
0.58448,-1.39222
0.58335,-1.39229
0.58178,-1.39237
0.57957,-1.39248
0.57642,-1.39262
0.57187,-1.39278
0.56486,-1.39295
0.55126,-1.39298
-0.60021,1.36065
-0.60793,1.36094
-0.61031,1.36101
-0.61178,1.36106
-0.61286,1.36108
-0.61373,1.36110
-0.61444,1.36112
-0.61504,1.36113
-0.61553,1.36115
-0.61592,1.36115
-0.61624,1.36116
-0.61648,1.36117
-0.61667,1.36117
-0.61682,1.36117
-0.61694,1.36117
-0.61703,1.36118
-0.61710,1.36118
-0.61716,1.36118
0.58694,-1.39208
0.58694,-1.39208
0.58693,-1.39208
0.58692,-1.39208
0.58691,-1.39208
0.58690,-1.39208
0.58689,-1.39208
0.58686,-1.39208
0.58683,-1.39208
0.58677,-1.39209
0.58667,-1.39209
0.58650,-1.39210
0.58620,-1.39212
0.58571,-1.39215
0.58499,-1.39219
0.58396,-1.39225
0.58250,-1.39233
0.58040,-1.39244
0.57721,-1.39259
0.57192,-1.39278
0.55970,-1.39301
-0.59182,1.36024
-0.60370,1.36079
-0.60760,1.36093
-0.60970,1.36100
-0.61110,1.36104
-0.61215,1.36107
-0.61299,1.36109
-0.61370,1.36110
-0.61431,1.36112
-0.61484,1.36113
-0.61529,1.36114
-0.61567,1.36115
-0.61599,1.36116
-0.61625,1.36116
-0.61647,1.36116
-0.61664,1.36117
-0.61678,1.36117
-0.61689,1.36117
-0.61698,1.36117
0.58695,-1.39208
0.58694,-1.39208
0.58694,-1.39208
0.58693,-1.39208
0.58693,-1.39208
0.58692,-1.39208
0.58691,-1.39208
0.58689,-1.39208
0.58687,-1.39208
0.58683,-1.39208
0.58677,-1.39209
0.58666,-1.39209
0.58645,-1.39211
0.58607,-1.39213
0.58545,-1.39217
0.58450,-1.39222
0.58311,-1.39230
0.58100,-1.39241
0.57725,-1.39259
-0.36311,1.31598
-0.55329,1.35715
-0.59295,1.36030
-0.60281,1.36076
-0.60683,1.36091
-0.60904,1.36098
-0.61048,1.36102
-0.61154,1.36105
-0.61239,1.36107
-0.61309,1.36109
-0.61370,1.36110
-0.61423,1.36112
-0.61470,1.36113
-0.61512,1.36114
-0.61549,1.36114
-0.61580,1.36115
-0.61607,1.36116
-0.61629,1.36116
-0.61648,1.36117
-0.61663,1.36117
-0.61675,1.36117
0.58695,-1.39207
0.58695,-1.39207
0.58695,-1.39208
0.58694,-1.39208
0.58694,-1.39208
0.58693,-1.39208
0.58692,-1.39208
0.58691,-1.39208
0.58690,-1.39208
0.58688,-1.39208
0.58684,-1.39208
0.58677,-1.39209
0.58664,-1.39209
0.58638,-1.39211
0.58586,-1.39214
0.58496,-1.39220
0.58344,-1.39228
0.57935,-1.39249
-0.35222,1.31240
-0.45764,1.34156
-0.55032,1.35683
-0.58914,1.36009
-0.60101,1.36069
-0.60577,1.36087
-0.60828,1.36095
-0.60986,1.36100
-0.61099,1.36103
-0.61186,1.36106
-0.61257,1.36108
-0.61318,1.36109
-0.61371,1.36110
-0.61419,1.36112
-0.61462,1.36113
-0.61501,1.36113
-0.61535,1.36114
-0.61566,1.36115
-0.61592,1.36115
-0.61615,1.36116
-0.61634,1.36116
-0.61651,1.36117
0.58696,-1.39207
0.58696,-1.39207
0.58695,-1.39207
0.58695,-1.39207
0.58695,-1.39207
0.58694,-1.39208
0.58694,-1.39208
0.58693,-1.39208
0.58692,-1.39208
0.58691,-1.39208
0.58689,-1.39208
0.58685,-1.39208
0.58678,-1.39209
0.58662,-1.39210
0.58622,-1.39212
0.58521,-1.39218
-0.17787,1.23550
-0.32102,1.30141
-0.38411,1.32252
-0.45756,1.34154
-0.53766,1.35535
-0.58285,1.35970
-0.59842,1.36057
-0.60443,1.36082
-0.60742,1.36093
-0.60921,1.36098
-0.61045,1.36102
-0.61137,1.36104
-0.61211,1.36106
-0.61273,1.36108
-0.61326,1.36109
-0.61374,1.36111
-0.61418,1.36112
-0.61457,1.36112
-0.61493,1.36113
-0.61526,1.36114
-0.61555,1.36115
-0.61581,1.36115
-0.61604,1.36116
-0.61624,1.36116
0.58697,-1.39207
0.58696,-1.39207
0.58696,-1.39207
0.58696,-1.39207
0.58696,-1.39207
0.58696,-1.39207
0.58695,-1.39207
0.58695,-1.39208
0.58694,-1.39208
0.58693,-1.39208
0.58692,-1.39208
0.58690,-1.39208
0.58687,-1.39208
0.58678,-1.39209
0.58651,-1.39210
-0.11755,1.19855
-0.28903,1.28896
-0.33835,1.30765
-0.38597,1.32307
-0.44647,1.33905
-0.52034,1.35301
-0.57373,1.35903
-0.59483,1.36040
-0.60272,1.36076
-0.60640,1.36089
-0.60851,1.36096
-0.60989,1.36100
-0.61089,1.36103
-0.61167,1.36105
-0.61232,1.36107
-0.61287,1.36108
-0.61335,1.36110
-0.61378,1.36111
-0.61418,1.36112
-0.61454,1.36112
-0.61488,1.36113
-0.61519,1.36114
-0.61548,1.36114
-0.61573,1.36115
-0.61596,1.36115
0.58697,-1.39207
0.58697,-1.39207
0.58697,-1.39207
0.58697,-1.39207
0.58697,-1.39207
0.58697,-1.39207
0.58697,-1.39207
0.58696,-1.39207
0.58696,-1.39207
0.58696,-1.39207
0.58695,-1.39207
0.58694,-1.39208
0.58693,-1.39208
0.58690,-1.39208
0.58676,-1.39209
-0.24033,1.26761
-0.29791,1.29254
-0.33779,1.30745
-0.37883,1.32092
-0.43112,1.33538
-0.49944,1.34970
-0.56080,1.35791
-0.58977,1.36013
-0.60050,1.36066
-0.60518,1.36085
-0.60770,1.36093
-0.60929,1.36098
-0.61040,1.36102
-0.61125,1.36104
-0.61193,1.36106
-0.61249,1.36107
-0.61299,1.36109
-0.61343,1.36110
-0.61383,1.36111
-0.61419,1.36112
-0.61454,1.36112
-0.61486,1.36113
-0.61516,1.36114
-0.61543,1.36114
-0.61568,1.36115
0.58698,-1.39207
0.58698,-1.39207
0.58698,-1.39207
0.58698,-1.39207
0.58698,-1.39207
0.58698,-1.39207
0.58698,-1.39207
0.58698,-1.39207
0.58698,-1.39207
0.58698,-1.39207
0.58698,-1.39207
0.58699,-1.39207
0.58699,-1.39207
0.58701,-1.39207
0.58752,-1.39204
-0.23374,1.26448
-0.29007,1.28938
-0.32836,1.30409
-0.36616,1.31696
-0.41261,1.33061
-0.47506,1.34519
-0.54245,1.35593
-0.58219,1.35965
-0.59741,1.36053
-0.60362,1.36079
-0.60675,1.36090
-0.60862,1.36096
-0.60988,1.36100
-0.61081,1.36103
-0.61154,1.36105
-0.61214,1.36106
-0.61265,1.36108
-0.61310,1.36109
-0.61350,1.36110
-0.61387,1.36111
-0.61422,1.36112
-0.61454,1.36112
-0.61485,1.36113
-0.61514,1.36114
-0.61541,1.36114
0.58699,-1.39207
0.58699,-1.39207
0.58699,-1.39207
0.58699,-1.39207
0.58699,-1.39207
0.58699,-1.39207
0.58700,-1.39207
0.58700,-1.39207
0.58701,-1.39207
0.58701,-1.39207
0.58702,-1.39207
0.58704,-1.39207
0.58709,-1.39207
0.58721,-1.39206
0.58799,-1.39201
-0.17513,1.23396
-0.26729,1.27980
-0.31043,1.29742
-0.34778,1.31091
-0.39017,1.32431
-0.44634,1.33902
-0.51605,1.35237
-0.56966,1.35870
-0.59262,1.36029
-0.60142,1.36070
-0.60550,1.36086
-0.60779,1.36094
-0.60927,1.36098
-0.61032,1.36101
-0.61112,1.36104
-0.61177,1.36106
-0.61231,1.36107
-0.61278,1.36108
-0.61319,1.36109
-0.61357,1.36110
-0.61392,1.36111
-0.61425,1.36112
-0.61456,1.36112
-0.61486,1.36113
-0.61514,1.36114
0.58699,-1.39207
0.58700,-1.39207
0.58700,-1.39207
0.58700,-1.39207
0.58701,-1.39207
0.58701,-1.39207
0.58702,-1.39207
0.58703,-1.39207
0.58704,-1.39207
0.58705,-1.39207
0.58708,-1.39207
0.58713,-1.39206
0.58723,-1.39206
0.58748,-1.39204
0.58816,-1.39200
0.59039,-1.39185
-0.20777,1.25158
-0.27851,1.28460
-0.32085,1.30134
-0.36159,1.31549
-0.41155,1.33032
-0.47810,1.34579
-0.54631,1.35639
-0.58369,1.35975
-0.59776,1.36054
-0.60363,1.36079
-0.60664,1.36090
-0.60847,1.36096
-0.60972,1.36100
-0.61064,1.36102
-0.61136,1.36104
-0.61194,1.36106
-0.61244,1.36107
-0.61288,1.36108
-0.61327,1.36109
-0.61363,1.36110
-0.61396,1.36111
-0.61428,1.36112
-0.61458,1.36112
-0.61487,1.36113
0.58700,-1.39207
0.58701,-1.39207
0.58701,-1.39207
0.58702,-1.39207
0.58702,-1.39207
0.58703,-1.39207
0.58704,-1.39207
0.58706,-1.39207
0.58708,-1.39207
0.58711,-1.39206
0.58716,-1.39206
0.58726,-1.39206
0.58743,-1.39204
0.58775,-1.39202
0.58835,-1.39199
0.58937,-1.39192
0.59130,-1.39178
-0.19361,1.24414
-0.27456,1.28293
-0.32124,1.30149
-0.36732,1.31733
-0.42548,1.33396
-0.49993,1.34978
-0.56227,1.35804
-0.58987,1.36013
-0.60012,1.36065
-0.60471,1.36083
-0.60724,1.36092
-0.60884,1.36097
-0.60997,1.36100
-0.61082,1.36103
-0.61149,1.36105
-0.61205,1.36106
-0.61253,1.36108
-0.61295,1.36109
-0.61333,1.36110
-0.61368,1.36110
-0.61400,1.36111
-0.61431,1.36112
-0.61461,1.36113
0.58702,-1.39207
0.58702,-1.39207
0.58703,-1.39207
0.58704,-1.39207
0.58705,-1.39207
0.58706,-1.39207
0.58708,-1.39207
0.58710,-1.39207
0.58714,-1.39206
0.58719,-1.39206
0.58727,-1.39205
0.58741,-1.39205
0.58764,-1.39203
0.58802,-1.39201
0.58859,-1.39197
0.58938,-1.39192
0.59035,-1.39185
0.59150,-1.39177
0.59756,-1.39130
-0.23994,1.26742
-0.30113,1.29381
-0.35365,1.31288
-0.41762,1.33193
-0.49880,1.34959
-0.56373,1.35818
-0.59060,1.36017
-0.60039,1.36066
-0.60482,1.36084
-0.60728,1.36092
-0.60886,1.36097
-0.60998,1.36101
-0.61083,1.36103
-0.61151,1.36105
-0.61207,1.36106
-0.61256,1.36108
-0.61298,1.36109
-0.61336,1.36110
-0.61371,1.36110
-0.61403,1.36111
-0.61434,1.36112
0.58703,-1.39207
0.58704,-1.39207
0.58705,-1.39207
0.58706,-1.39207
0.58707,-1.39207
0.58709,-1.39207
0.58712,-1.39206
0.58716,-1.39206
0.58721,-1.39206
0.58729,-1.39205
0.58741,-1.39205
0.58759,-1.39203
0.58787,-1.39202
0.58829,-1.39199
0.58887,-1.39195
0.58964,-1.39190
0.59053,-1.39184
0.59147,-1.39177
0.59237,-1.39171
0.59314,-1.39165
0.59408,-1.39158
-0.18575,1.23988
-0.28227,1.28618
-0.35208,1.31236
-0.43809,1.33708
-0.53293,1.35475
-0.58183,1.35963
-0.59748,1.36053
-0.60351,1.36079
-0.60655,1.36090
-0.60839,1.36096
-0.60966,1.36100
-0.61060,1.36102
-0.61134,1.36104
-0.61196,1.36106
-0.61248,1.36107
-0.61293,1.36109
-0.61333,1.36110
-0.61370,1.36110
-0.61404,1.36111
0.58705,-1.39207
0.58706,-1.39207
0.58707,-1.39207
0.58709,-1.39207
0.58711,-1.39206
0.58714,-1.39206
0.58717,-1.39206
0.58722,-1.39206
0.58730,-1.39205
0.58740,-1.39205
0.58755,-1.39204
0.58778,-1.39202
0.58811,-1.39200
0.58857,-1.39197
0.58920,-1.39193
0.59000,-1.39187
0.59096,-1.39181
0.59203,-1.39173
0.59317,-1.39165
0.59435,-1.39156
0.59551,-1.39146
0.59658,-1.39138
0.59748,-1.39130
0.59799,-1.39126
0.59770,-1.39128
0.05019,1.05038
-0.32700,1.30360
-0.48348,1.34683
-0.57681,1.35927
-0.59775,1.36054
-0.60411,1.36081
-0.60706,1.36091
-0.60880,1.36097
-0.61000,1.36101
-0.61091,1.36103
-0.61163,1.36105
-0.61224,1.36107
-0.61276,1.36108
-0.61322,1.36109
-0.61363,1.36110
0.58707,-1.39207
0.58708,-1.39207
0.58710,-1.39207
0.58712,-1.39206
0.58715,-1.39206
0.58719,-1.39206
0.58723,-1.39206
0.58730,-1.39205
0.58739,-1.39205
0.58753,-1.39204
0.58771,-1.39203
0.58798,-1.39201
0.58836,-1.39198
0.58888,-1.39195
0.58957,-1.39190
0.59044,-1.39184
0.59149,-1.39177
0.59271,-1.39168
0.59408,-1.39158
0.59557,-1.39146
0.59714,-1.39133
0.59871,-1.39120
0.60020,-1.39107
0.60151,-1.39095
0.60259,-1.39085
0.60342,-1.39077
0.60397,-1.39072
0.60411,-1.39070
0.60328,-1.39078
0.59897,-1.39118
-0.48755,1.34759
-0.59061,1.36018
-0.60290,1.36076
-0.60679,1.36090
-0.60876,1.36097
-0.61005,1.36101
-0.61100,1.36103
-0.61177,1.36106
-0.61241,1.36107
-0.61297,1.36109
0.58709,-1.39207
0.58711,-1.39206
0.58713,-1.39206
0.58716,-1.39206
0.58720,-1.39206
0.58724,-1.39206
0.58731,-1.39205
0.58739,-1.39205
0.58750,-1.39204
0.58766,-1.39203
0.58788,-1.39202
0.58819,-1.39200
0.58863,-1.39197
0.58921,-1.39193
0.58996,-1.39188
0.59091,-1.39181
0.59206,-1.39173
0.59339,-1.39163
0.59490,-1.39151
0.59656,-1.39138
0.59827,-1.39124
0.59994,-1.39109
0.60145,-1.39095
0.60275,-1.39083
0.60381,-1.39073
0.60466,-1.39065
0.60533,-1.39058
0.60585,-1.39053
0.60625,-1.39049
0.60652,-1.39046
0.60659,-1.39046
0.60615,-1.39050
0.60236,-1.39087
-0.51734,1.35256
-0.59814,1.36056
-0.60566,1.36087
-0.60835,1.36096
-0.60986,1.36100
-0.61093,1.36103
-0.61178,1.36106
0.58712,-1.39206
0.58715,-1.39206
0.58717,-1.39206
0.58721,-1.39206
0.58725,-1.39206
0.58731,-1.39205
0.58738,-1.39205
0.58748,-1.39204
0.58762,-1.39203
0.58780,-1.39202
0.58806,-1.39200
0.58842,-1.39198
0.58891,-1.39195
0.58956,-1.39190
0.59038,-1.39185
0.59141,-1.39178
0.59263,-1.39169
0.59405,-1.39158
0.59564,-1.39145
0.59735,-1.39131
0.59908,-1.39117
0.60072,-1.39102
0.60217,-1.39089
0.60338,-1.39077
0.60436,-1.39068
0.60513,-1.39060
0.60575,-1.39054
0.60624,-1.39049
0.60664,-1.39045
0.60696,-1.39042
0.60723,-1.39039
0.60745,-1.39037
0.60760,-1.39035
0.60762,-1.39035
0.60721,-1.39039
0.60289,-1.39082
-0.56872,1.35862
-0.60285,1.36076
-0.60751,1.36093
-0.60949,1.36099
0.58716,-1.39206
0.58719,-1.39206
0.58722,-1.39206
0.58726,-1.39206
0.58731,-1.39205
0.58738,-1.39205
0.58746,-1.39204
0.58758,-1.39204
0.58774,-1.39203
0.58795,-1.39201
0.58825,-1.39199
0.58866,-1.39196
0.58921,-1.39193
0.58992,-1.39188
0.59082,-1.39182
0.59191,-1.39174
0.59319,-1.39164
0.59465,-1.39153
0.59628,-1.39140
0.59799,-1.39126
0.59970,-1.39111
0.60128,-1.39097
0.60265,-1.39084
0.60377,-1.39074
0.60468,-1.39065
0.60539,-1.39058
0.60595,-1.39052
0.60640,-1.39048
0.60677,-1.39044
0.60708,-1.39041
0.60734,-1.39038
0.60756,-1.39036
0.60776,-1.39034
0.60793,-1.39032
0.60807,-1.39030
0.60816,-1.39029
0.60813,-1.39030
0.60759,-1.39035
-0.00992,1.11311
-0.59351,1.36033
0.58720,-1.39206
0.58723,-1.39206
0.58727,-1.39205
0.58731,-1.39205
0.58737,-1.39205
0.58745,-1.39204
0.58755,-1.39204
0.58768,-1.39203
0.58786,-1.39202
0.58811,-1.39200
0.58845,-1.39198
0.58891,-1.39195
0.58953,-1.39191
0.59031,-1.39185
0.59126,-1.39179
0.59241,-1.39170
0.59373,-1.39160
0.59521,-1.39149
0.59684,-1.39136
0.59853,-1.39121
0.60018,-1.39107
0.60169,-1.39093
0.60298,-1.39081
0.60404,-1.39071
0.60488,-1.39063
0.60555,-1.39056
0.60608,-1.39051
0.60650,-1.39047
0.60685,-1.39043
0.60714,-1.39040
0.60738,-1.39037
0.60760,-1.39035
0.60778,-1.39033
0.60794,-1.39032
0.60809,-1.39030
0.60822,-1.39029
0.60833,-1.39028
0.60843,-1.39026
0.60848,-1.39026
0.60839,-1.39027
0.58724,-1.39206
0.58727,-1.39205
0.58732,-1.39205
0.58737,-1.39205
0.58744,-1.39204
0.58752,-1.39204
0.58763,-1.39203
0.58778,-1.39202
0.58799,-1.39201
0.58828,-1.39199
0.58866,-1.39196
0.58918,-1.39193
0.58986,-1.39188
0.59070,-1.39183
0.59171,-1.39175
0.59289,-1.39167
0.59424,-1.39156
0.59573,-1.39145
0.59734,-1.39131
0.59899,-1.39117
0.60058,-1.39103
0.60202,-1.39090
0.60324,-1.39079
0.60424,-1.39069
0.60504,-1.39061
0.60567,-1.39055
0.60617,-1.39050
0.60657,-1.39046
0.60690,-1.39042
0.60718,-1.39040
0.60742,-1.39037
0.60762,-1.39035
0.60779,-1.39033
0.60794,-1.39032
0.60808,-1.39030
0.60820,-1.39029
0.60831,-1.39028
0.60841,-1.39027
0.60851,-1.39026
0.60859,-1.39025
0.58728,-1.39205
0.58732,-1.39205
0.58737,-1.39205
0.58743,-1.39204
0.58750,-1.39204
0.58759,-1.39203
0.58772,-1.39203
0.58789,-1.39201
0.58813,-1.39200
0.58845,-1.39198
0.58889,-1.39195
0.58947,-1.39191
0.59021,-1.39186
0.59111,-1.39180
0.59216,-1.39172
0.59337,-1.39163
0.59472,-1.39153
0.59621,-1.39141
0.59779,-1.39128
0.59939,-1.39114
0.60092,-1.39100
0.60229,-1.39088
0.60345,-1.39077
0.60440,-1.39067
0.60515,-1.39060
0.60576,-1.39054
0.60624,-1.39049
0.60663,-1.39045
0.60695,-1.39042
0.60721,-1.39039
0.60744,-1.39037
0.60763,-1.39035
0.60780,-1.39033
0.60795,-1.39032
0.60808,-1.39030
0.60819,-1.39029
0.60829,-1.39028
0.60839,-1.39027
0.60847,-1.39026
0.60855,-1.39025
0.58732,-1.39205
0.58737,-1.39205
0.58742,-1.39205
0.58748,-1.39204
0.58756,-1.39204
0.58767,-1.39203
0.58781,-1.39202
0.58801,-1.39201
0.58828,-1.39199
0.58864,-1.39197
0.58914,-1.39193
0.58978,-1.39189
0.59057,-1.39183
0.59152,-1.39177
0.59260,-1.39169
0.59383,-1.39160
0.59518,-1.39149
0.59665,-1.39137
0.59820,-1.39124
0.59975,-1.39111
0.60121,-1.39098
0.60252,-1.39085
0.60363,-1.39075
0.60453,-1.39066
0.60525,-1.39059
0.60583,-1.39053
0.60629,-1.39049
0.60667,-1.39045
0.60698,-1.39042
0.60724,-1.39039
0.60746,-1.39037
0.60765,-1.39035
0.60782,-1.39033
0.60796,-1.39031
0.60808,-1.39030
0.60819,-1.39029
0.60829,-1.39028
0.60838,-1.39027
0.60845,-1.39026
0.60852,-1.39026
