-0.62337,1.36127
-0.62336,1.36127
-0.62334,1.36127
-0.62333,1.36127
-0.62331,1.36127
-0.62329,1.36127
-0.62327,1.36127
-0.62324,1.36127
-0.62320,1.36127
-0.62316,1.36127
-0.62310,1.36127
-0.62303,1.36126
-0.62294,1.36126
-0.62283,1.36126
-0.62268,1.36126
-0.62250,1.36126
-0.62227,1.36126
-0.62199,1.36125
-0.62168,1.36125
-0.62133,1.36124
-0.62096,1.36124
-0.62058,1.36123
-0.62020,1.36123
-0.61983,1.36122
-0.61946,1.36122
-0.61912,1.36121
-0.61884,1.36121
-0.61861,1.36120
-0.61845,1.36120
-0.61832,1.36120
-0.61824,1.36120
-0.61817,1.36120
-0.61812,1.36120
-0.61808,1.36120
-0.61805,1.36119
-0.61803,1.36119
-0.61800,1.36119
-0.61798,1.36119
-0.61797,1.36119
-0.61795,1.36119
-0.62338,1.36127
-0.62336,1.36127
-0.62335,1.36127
-0.62333,1.36127
-0.62332,1.36127
-0.62329,1.36127
-0.62327,1.36127
-0.62324,1.36127
-0.62320,1.36127
-0.62316,1.36127
-0.62310,1.36127
-0.62303,1.36126
-0.62294,1.36126
-0.62283,1.36126
-0.62268,1.36126
-0.62249,1.36126
-0.62226,1.36126
-0.62197,1.36125
-0.62164,1.36125
-0.62128,1.36124
-0.62089,1.36124
-0.62050,1.36123
-0.62011,1.36123
-0.61972,1.36122
-0.61935,1.36122
-0.61902,1.36121
-0.61875,1.36121
-0.61855,1.36120
-0.61840,1.36120
-0.61829,1.36120
-0.61820,1.36120
-0.61814,1.36120
-0.61810,1.36120
-0.61806,1.36119
-0.61803,1.36119
-0.61801,1.36119
-0.61798,1.36119
-0.61796,1.36119
-0.61795,1.36119
-0.61793,1.36119
-0.62340,1.36127
-0.62338,1.36127
-0.62336,1.36127
-0.62334,1.36127
-0.62332,1.36127
-0.62330,1.36127
-0.62327,1.36127
-0.62324,1.36127
-0.62321,1.36127
-0.62316,1.36127
-0.62310,1.36127
-0.62303,1.36126
-0.62294,1.36126
-0.62283,1.36126
-0.62268,1.36126
-0.62248,1.36126
-0.62224,1.36126
-0.62194,1.36125
-0.62160,1.36125
-0.62122,1.36124
-0.62082,1.36124
-0.62041,1.36123
-0.62000,1.36123
-0.61960,1.36122
-0.61924,1.36121
-0.61892,1.36121
-0.61867,1.36121
-0.61849,1.36120
-0.61835,1.36120
-0.61825,1.36120
-0.61817,1.36120
-0.61812,1.36120
-0.61807,1.36120
-0.61804,1.36119
-0.61801,1.36119
-0.61798,1.36119
-0.61796,1.36119
-0.61794,1.36119
-0.61792,1.36119
-0.61791,1.36119
-0.62344,1.36127
-0.62341,1.36127
-0.62339,1.36127
-0.62336,1.36127
-0.62334,1.36127
-0.62331,1.36127
-0.62328,1.36127
-0.62325,1.36127
-0.62321,1.36127
-0.62316,1.36127
-0.62311,1.36127
-0.62304,1.36126
-0.62294,1.36126
-0.62283,1.36126
-0.62267,1.36126
-0.62247,1.36126
-0.62222,1.36126
-0.62191,1.36125
-0.62155,1.36125
-0.62115,1.36124
-0.62073,1.36124
-0.62031,1.36123
-0.61988,1.36122
-0.61948,1.36122
-0.61913,1.36121
-0.61883,1.36121
-0.61860,1.36120
-0.61843,1.36120
-0.61830,1.36120
-0.61821,1.36120
-0.61814,1.36120
-0.61809,1.36120
-0.61805,1.36119
-0.61801,1.36119
-0.61798,1.36119
-0.61796,1.36119
-0.61794,1.36119
-0.61792,1.36119
-0.61790,1.36119
-0.61789,1.36119
-0.62341,1.36127
-0.62346,1.36127
-0.62343,1.36127
-0.62340,1.36127
-0.62337,1.36127
-0.62333,1.36127
-0.62330,1.36127
-0.62326,1.36127
-0.62322,1.36127
-0.62317,1.36127
-0.62311,1.36127
-0.62304,1.36126
-0.62294,1.36126
-0.62282,1.36126
-0.62266,1.36126
-0.62245,1.36126
-0.62219,1.36126
-0.62187,1.36125
-0.62149,1.36125
-0.62107,1.36124
-0.62063,1.36124
-0.62019,1.36123
-0.61976,1.36122
-0.61936,1.36122
-0.61901,1.36121
-0.61873,1.36121
-0.61852,1.36120
-0.61837,1.36120
-0.61825,1.36120
-0.61817,1.36120
-0.61811,1.36120
-0.61806,1.36119
-0.61802,1.36119
-0.61799,1.36119
-0.61796,1.36119
-0.61793,1.36119
-0.61791,1.36119
-0.61790,1.36119
-0.61788,1.36119
-0.61786,1.36119
0.58321,-1.39229
0.58029,-1.39245
0.57021,-1.39283
-0.62332,1.36127
-0.62339,1.36127
-0.62337,1.36127
-0.62333,1.36127
-0.62329,1.36127
-0.62324,1.36127
-0.62318,1.36127
-0.62312,1.36127
-0.62304,1.36126
-0.62294,1.36126
-0.62281,1.36126
-0.62264,1.36126
-0.62243,1.36126
-0.62215,1.36126
-0.62181,1.36125
-0.62141,1.36125
-0.62097,1.36124
-0.62051,1.36123
-0.62005,1.36123
-0.61962,1.36122
-0.61923,1.36121
-0.61890,1.36121
-0.61864,1.36120
-0.61845,1.36120
-0.61831,1.36120
-0.61821,1.36120
-0.61813,1.36120
-0.61807,1.36120
-0.61802,1.36119
-0.61799,1.36119
-0.61796,1.36119
-0.61793,1.36119
-0.61791,1.36119
-0.61789,1.36119
-0.61787,1.36119
-0.61786,1.36119
-0.61784,1.36119
0.58575,-1.39215
0.58511,-1.39219
0.58418,-1.39224
0.58270,-1.39232
0.58014,-1.39245
0.57400,-1.39271
-0.62289,1.36126
-0.62324,1.36127
-0.62323,1.36127
-0.62319,1.36127
-0.62312,1.36127
-0.62303,1.36126
-0.62293,1.36126
-0.62279,1.36126
-0.62261,1.36126
-0.62238,1.36126
-0.62208,1.36125
-0.62172,1.36125
-0.62129,1.36124
-0.62083,1.36124
-0.62036,1.36123
-0.61989,1.36122
-0.61947,1.36122
-0.61909,1.36121
-0.61879,1.36121
-0.61856,1.36120
-0.61838,1.36120
-0.61825,1.36120
-0.61816,1.36120
-0.61809,1.36120
-0.61803,1.36119
-0.61799,1.36119
-0.61795,1.36119
-0.61792,1.36119
-0.61790,1.36119
-0.61788,1.36119
-0.61786,1.36119
-0.61785,1.36119
-0.61783,1.36119
-0.61782,1.36119
0.58651,-1.39210
0.58624,-1.39212
0.58587,-1.39214
0.58538,-1.39217
0.58473,-1.39221
0.58385,-1.39226
0.58260,-1.39233
0.58077,-1.39242
0.57778,-1.39256
0.57123,-1.39280
-0.62217,1.36126
-0.62280,1.36126
-0.62279,1.36126
-0.62267,1.36126
-0.62250,1.36126
-0.62225,1.36126
-0.62194,1.36125
-0.62156,1.36125
-0.62112,1.36124
-0.62064,1.36124
-0.62017,1.36123
-0.61971,1.36122
-0.61930,1.36122
-0.61896,1.36121
-0.61868,1.36121
-0.61847,1.36120
-0.61831,1.36120
-0.61820,1.36120
-0.61811,1.36120
-0.61804,1.36119
-0.61799,1.36119
-0.61795,1.36119
-0.61792,1.36119
-0.61789,1.36119
-0.61787,1.36119
-0.61785,1.36119
-0.61784,1.36119
-0.61782,1.36119
-0.61781,1.36119
-0.61780,1.36119
0.58676,-1.39209
0.58666,-1.39209
0.58648,-1.39210
0.58624,-1.39212
0.58592,-1.39214
0.58552,-1.39216
0.58502,-1.39219
0.58439,-1.39223
0.58360,-1.39227
0.58258,-1.39233
0.58128,-1.39240
0.57960,-1.39248
0.57735,-1.39258
0.57410,-1.39271
0.56843,-1.39288
0.55026,-1.39296
-0.62117,1.36124
-0.62107,1.36124
-0.62075,1.36124
-0.62034,1.36123
-0.61992,1.36123
-0.61951,1.36122
-0.61915,1.36121
-0.61883,1.36121
-0.61858,1.36120
-0.61839,1.36120
-0.61824,1.36120
-0.61813,1.36120
-0.61805,1.36119
-0.61799,1.36119
-0.61795,1.36119
-0.61791,1.36119
-0.61788,1.36119
-0.61786,1.36119
-0.61784,1.36119
-0.61782,1.36119
-0.61781,1.36119
-0.61780,1.36119
-0.61779,1.36119
-0.61778,1.36119
0.58685,-1.39208
0.58680,-1.39208
0.58672,-1.39209
0.58660,-1.39210
0.58642,-1.39211
0.58619,-1.39212
0.58590,-1.39214
0.58553,-1.39216
0.58509,-1.39219
0.58455,-1.39222
0.58389,-1.39226
0.58309,-1.39230
0.58210,-1.39235
0.58090,-1.39242
0.57940,-1.39249
0.57749,-1.39258
0.57488,-1.39268
0.57099,-1.39281
0.56394,-1.39297
0.53714,-1.39258
-0.61963,1.36122
-0.61932,1.36122
-0.61901,1.36121
-0.61872,1.36121
-0.61849,1.36120
-0.61830,1.36120
-0.61817,1.36120
-0.61806,1.36119
-0.61799,1.36119
-0.61794,1.36119
-0.61790,1.36119
-0.61787,1.36119
-0.61784,1.36119
-0.61782,1.36119
-0.61781,1.36119
-0.61780,1.36119
-0.61778,1.36119
-0.61777,1.36119
-0.61777,1.36119
-0.61776,1.36119
0.58688,-1.39208
0.58685,-1.39208
0.58681,-1.39208
0.58675,-1.39209
0.58665,-1.39209
0.58651,-1.39210
0.58632,-1.39211
0.58607,-1.39213
0.58577,-1.39215
0.58540,-1.39217
0.58494,-1.39220
0.58437,-1.39223
0.58368,-1.39227
0.58282,-1.39232
0.58175,-1.39237
0.58043,-1.39244
0.57876,-1.39252
0.57659,-1.39261
0.57366,-1.39272
0.56942,-1.39285
0.56211,-1.39299
0.53809,-1.39262
-0.61898,1.36121
-0.61865,1.36121
-0.61840,1.36120
-0.61821,1.36120
-0.61808,1.36120
-0.61799,1.36119
-0.61793,1.36119
-0.61788,1.36119
-0.61785,1.36119
-0.61783,1.36119
-0.61781,1.36119
-0.61779,1.36119
-0.61778,1.36119
-0.61777,1.36119
-0.61776,1.36119
-0.61775,1.36119
-0.61774,1.36119
-0.61774,1.36119
0.58690,-1.39208
0.58688,-1.39208
0.58686,-1.39208
0.58682,-1.39208
0.58675,-1.39209
0.58666,-1.39209
0.58653,-1.39210
0.58636,-1.39211
0.58614,-1.39213
0.58585,-1.39214
0.58550,-1.39216
0.58505,-1.39219
0.58449,-1.39222
0.58379,-1.39226
0.58291,-1.39231
0.58180,-1.39237
0.58041,-1.39244
0.57867,-1.39252
0.57645,-1.39262
0.57357,-1.39273
0.56962,-1.39285
0.56344,-1.39297
0.54896,-1.39294
-0.61872,1.36121
-0.61831,1.36120
-0.61811,1.36120
-0.61799,1.36119
-0.61791,1.36119
-0.61786,1.36119
-0.61782,1.36119
-0.61780,1.36119
-0.61778,1.36119
-0.61777,1.36119
-0.61775,1.36119
-0.61774,1.36119
-0.61774,1.36119
-0.61773,1.36119
-0.61772,1.36119
-0.61772,1.36119
-0.61771,1.36119
0.58692,-1.39208
0.58690,-1.39208
0.58688,-1.39208
0.58686,-1.39208
0.58681,-1.39208
0.58675,-1.39209
0.58666,-1.39209
0.58653,-1.39210
0.58635,-1.39211
0.58613,-1.39213
0.58583,-1.39214
0.58546,-1.39217
0.58499,-1.39219
0.58438,-1.39223
0.58361,-1.39227
0.58263,-1.39233
0.58139,-1.39239
0.57984,-1.39247
0.57790,-1.39256
0.57548,-1.39266
0.57239,-1.39277
0.56816,-1.39289
0.56132,-1.39300
0.54283,-1.39279
-0.61821,1.36120
-0.61798,1.36119
-0.61788,1.36119
-0.61782,1.36119
-0.61778,1.36119
-0.61776,1.36119
-0.61774,1.36119
-0.61773,1.36119
-0.61772,1.36119
-0.61771,1.36119
-0.61771,1.36119
-0.61770,1.36119
-0.61770,1.36119
-0.61769,1.36119
-0.61769,1.36119
-0.61769,1.36119
0.58693,-1.39208
0.58692,-1.39208
0.58690,-1.39208
0.58688,-1.39208
0.58685,-1.39208
0.58681,-1.39208
0.58674,-1.39209
0.58664,-1.39209
0.58651,-1.39210
0.58632,-1.39211
0.58607,-1.39213
0.58574,-1.39215
0.58533,-1.39217
0.58479,-1.39221
0.58410,-1.39224
0.58321,-1.39229
0.58207,-1.39236
0.58063,-1.39243
0.57884,-1.39251
0.57663,-1.39261
0.57387,-1.39272
0.57030,-1.39283
0.56508,-1.39295
0.55487,-1.39301
-0.61795,1.36119
-0.61779,1.36119
-0.61773,1.36119
-0.61771,1.36119
-0.61769,1.36119
-0.61768,1.36119
-0.61768,1.36119
-0.61767,1.36119
-0.61767,1.36119
-0.61767,1.36119
-0.61766,1.36119
-0.61766,1.36119
-0.61766,1.36119
-0.61766,1.36119
-0.61766,1.36119
-0.61766,1.36119
0.58694,-1.39208
0.58693,-1.39208
0.58692,-1.39208
0.58690,-1.39208
0.58688,-1.39208
0.58685,-1.39208
0.58680,-1.39208
0.58673,-1.39209
0.58662,-1.39210
0.58646,-1.39211
0.58625,-1.39212
0.58597,-1.39214
0.58560,-1.39216
0.58512,-1.39219
0.58449,-1.39222
0.58367,-1.39227
0.58260,-1.39233
0.58124,-1.39240
0.57953,-1.39248
0.57742,-1.39258
0.57480,-1.39268
0.57145,-1.39280
0.56670,-1.39292
0.55798,-1.39301
0.49622,-1.38895
-0.61739,1.36118
-0.61748,1.36118
-0.61753,1.36119
-0.61755,1.36119
-0.61757,1.36119
-0.61758,1.36119
-0.61759,1.36119
-0.61760,1.36119
-0.61760,1.36119
-0.61761,1.36119
-0.61761,1.36119
-0.61761,1.36119
-0.61762,1.36119
-0.61762,1.36119
-0.61762,1.36119
0.58694,-1.39208
0.58694,-1.39208
0.58693,-1.39208
0.58692,-1.39208
0.58690,-1.39208
0.58688,-1.39208
0.58685,-1.39208
0.58679,-1.39208
0.58671,-1.39209
0.58659,-1.39210
0.58641,-1.39211
0.58616,-1.39212
0.58583,-1.39214
0.58540,-1.39217
0.58482,-1.39220
0.58407,-1.39225
0.58306,-1.39230
0.58176,-1.39237
0.58010,-1.39246
0.57802,-1.39255
0.57541,-1.39266
0.57204,-1.39278
0.56718,-1.39291
0.55763,-1.39301
-0.61409,1.36111
-0.61646,1.36116
-0.61694,1.36117
-0.61716,1.36118
-0.61729,1.36118
-0.61737,1.36118
-0.61742,1.36118
-0.61746,1.36118
-0.61749,1.36118
-0.61751,1.36118
-0.61753,1.36119
-0.61754,1.36119
-0.61755,1.36119
-0.61756,1.36119
-0.61757,1.36119
-0.61758,1.36119
0.58695,-1.39208
0.58694,-1.39208
0.58694,-1.39208
0.58693,-1.39208
0.58692,-1.39208
0.58690,-1.39208
0.58688,-1.39208
0.58684,-1.39208
0.58678,-1.39209
0.58669,-1.39209
0.58654,-1.39210
0.58633,-1.39211
0.58604,-1.39213
0.58565,-1.39215
0.58513,-1.39219
0.58443,-1.39223
0.58350,-1.39228
0.58225,-1.39235
0.58062,-1.39243
0.57851,-1.39253
0.57581,-1.39264
0.57217,-1.39277
0.56647,-1.39292
0.55128,-1.39298
-0.61396,1.36111
-0.61538,1.36114
-0.61609,1.36116
-0.61655,1.36117
-0.61684,1.36117
-0.61704,1.36118
-0.61717,1.36118
-0.61727,1.36118
-0.61733,1.36118
-0.61738,1.36118
-0.61742,1.36118
-0.61745,1.36118
-0.61747,1.36118
-0.61749,1.36118
-0.61751,1.36118
-0.61752,1.36119
0.58695,-1.39207
0.58695,-1.39207
0.58694,-1.39208
0.58694,-1.39208
0.58693,-1.39208
0.58692,-1.39208
0.58690,-1.39208
0.58688,-1.39208
0.58684,-1.39208
0.58677,-1.39209
0.58666,-1.39209
0.58649,-1.39210
0.58624,-1.39212
0.58589,-1.39214
0.58542,-1.39217
0.58478,-1.39221
0.58391,-1.39226
0.58272,-1.39232
0.58111,-1.39241
0.57893,-1.39251
0.57597,-1.39264
0.57160,-1.39279
0.56292,-1.39298
-0.61081,1.36103
-0.61360,1.36110
-0.61464,1.36113
-0.61534,1.36114
-0.61587,1.36115
-0.61627,1.36116
-0.61658,1.36117
-0.61681,1.36117
-0.61698,1.36117
-0.61710,1.36118
-0.61720,1.36118
-0.61727,1.36118
-0.61732,1.36118
-0.61736,1.36118
-0.61740,1.36118
-0.61743,1.36118
-0.61745,1.36118
0.58696,-1.39207
0.58695,-1.39207
0.58695,-1.39207
0.58695,-1.39208
0.58694,-1.39208
0.58693,-1.39208
0.58692,-1.39208
0.58690,-1.39208
0.58688,-1.39208
0.58683,-1.39208
0.58675,-1.39209
0.58662,-1.39210
0.58642,-1.39211
0.58612,-1.39213
0.58570,-1.39215
0.58512,-1.39219
0.58431,-1.39223
0.58318,-1.39230
0.58157,-1.39238
0.57925,-1.39250
0.57569,-1.39265
0.56884,-1.39287
-0.60713,1.36092
-0.61181,1.36106
-0.61325,1.36109
-0.61413,1.36111
-0.61478,1.36113
-0.61530,1.36114
-0.61573,1.36115
-0.61609,1.36116
-0.61638,1.36116
-0.61661,1.36117
-0.61680,1.36117
-0.61695,1.36117
-0.61706,1.36118
-0.61715,1.36118
-0.61722,1.36118
-0.61728,1.36118
-0.61732,1.36118
-0.61736,1.36118
0.58696,-1.39207
0.58696,-1.39207
0.58696,-1.39207
0.58695,-1.39207
0.58695,-1.39208
0.58694,-1.39208
0.58693,-1.39208
0.58692,-1.39208
0.58690,-1.39208
0.58687,-1.39208
0.58682,-1.39208
0.58673,-1.39209
0.58658,-1.39210
0.58633,-1.39211
0.58596,-1.39214
0.58543,-1.39217
0.58468,-1.39221
0.58360,-1.39227
0.58197,-1.39236
0.57927,-1.39249
0.57309,-1.39274
-0.60199,1.36073
-0.60926,1.36098
-0.61161,1.36105
-0.61288,1.36108
-0.61373,1.36110
-0.61435,1.36112
-0.61486,1.36113
-0.61528,1.36114
-0.61565,1.36115
-0.61597,1.36115
-0.61624,1.36116
-0.61647,1.36116
-0.61666,1.36117
-0.61681,1.36117
-0.61694,1.36117
-0.61704,1.36118
-0.61712,1.36118
-0.61719,1.36118
-0.61724,1.36118
0.58696,-1.39207
0.58696,-1.39207
0.58696,-1.39207
0.58696,-1.39207
0.58695,-1.39207
0.58695,-1.39207
0.58694,-1.39208
0.58694,-1.39208
0.58692,-1.39208
0.58691,-1.39208
0.58687,-1.39208
0.58682,-1.39208
0.58671,-1.39209
0.58651,-1.39210
0.58619,-1.39212
0.58571,-1.39215
0.58499,-1.39219
0.58391,-1.39226
0.58199,-1.39236
-0.43432,1.33617
-0.57756,1.35933
-0.60269,1.36075
-0.60872,1.36097
-0.61115,1.36104
-0.61248,1.36107
-0.61335,1.36110
-0.61399,1.36111
-0.61450,1.36112
-0.61492,1.36113
-0.61528,1.36114
-0.61560,1.36115
-0.61589,1.36115
-0.61614,1.36116
-0.61635,1.36116
-0.61654,1.36117
-0.61670,1.36117
-0.61683,1.36117
-0.61695,1.36117
-0.61704,1.36118
-0.61711,1.36118
0.58697,-1.39207
0.58697,-1.39207
0.58696,-1.39207
0.58696,-1.39207
0.58696,-1.39207
0.58696,-1.39207
0.58695,-1.39207
0.58695,-1.39208
0.58694,-1.39208
0.58693,-1.39208
0.58691,-1.39208
0.58688,-1.39208
0.58681,-1.39208
0.58667,-1.39209
0.58641,-1.39211
0.58594,-1.39214
0.58516,-1.39218
0.58307,-1.39230
-0.42504,1.33385
-0.51034,1.35149
-0.57562,1.35918
-0.60033,1.36066
-0.60762,1.36093
-0.61051,1.36102
-0.61203,1.36106
-0.61298,1.36109
-0.61366,1.36110
-0.61418,1.36112
-0.61461,1.36113
-0.61497,1.36113
-0.61529,1.36114
-0.61558,1.36115
-0.61584,1.36115
-0.61607,1.36116
-0.61627,1.36116
-0.61645,1.36116
-0.61661,1.36117
-0.61675,1.36117
-0.61687,1.36117
-0.61696,1.36117
0.58697,-1.39207
0.58697,-1.39207
0.58697,-1.39207
0.58697,-1.39207
0.58697,-1.39207
0.58696,-1.39207
0.58696,-1.39207
0.58696,-1.39207
0.58695,-1.39207
0.58695,-1.39208
0.58693,-1.39208
0.58691,-1.39208
0.58688,-1.39208
0.58679,-1.39208
0.58659,-1.39210
0.58607,-1.39213
-0.27149,1.28161
-0.39799,1.32657
-0.45195,1.34030
-0.51028,1.35148
-0.56724,1.35849
-0.59642,1.36048
-0.60604,1.36088
-0.60970,1.36100
-0.61150,1.36105
-0.61259,1.36108
-0.61333,1.36110
-0.61389,1.36111
-0.61433,1.36112
-0.61470,1.36113
-0.61502,1.36113
-0.61531,1.36114
-0.61557,1.36115
-0.61581,1.36115
-0.61602,1.36116
-0.61622,1.36116
-0.61639,1.36116
-0.61655,1.36117
-0.61669,1.36117
-0.61680,1.36117
0.58697,-1.39207
0.58697,-1.39207
0.58697,-1.39207
0.58697,-1.39207
0.58697,-1.39207
0.58697,-1.39207
0.58697,-1.39207
0.58697,-1.39207
0.58696,-1.39207
0.58696,-1.39207
0.58695,-1.39207
0.58694,-1.39208
0.58692,-1.39208
0.58688,-1.39208
0.58674,-1.39209
-0.22042,1.25798
-0.36978,1.31811
-0.41309,1.33073
-0.45350,1.34065
-0.50184,1.35010
-0.55551,1.35738
-0.59069,1.36018
-0.60384,1.36080
-0.60866,1.36097
-0.61089,1.36103
-0.61216,1.36107
-0.61300,1.36109
-0.61360,1.36110
-0.61407,1.36111
-0.61445,1.36112
-0.61478,1.36113
-0.61507,1.36114
-0.61533,1.36114
-0.61557,1.36115
-0.61579,1.36115
-0.61599,1.36116
-0.61618,1.36116
-0.61635,1.36116
-0.61650,1.36117
-0.61664,1.36117
0.58698,-1.39207
0.58698,-1.39207
0.58698,-1.39207
0.58698,-1.39207
0.58698,-1.39207
0.58698,-1.39207
0.58697,-1.39207
0.58697,-1.39207
0.58697,-1.39207
0.58697,-1.39207
0.58697,-1.39207
0.58696,-1.39207
0.58696,-1.39207
0.58694,-1.39208
0.58687,-1.39208
-0.32644,1.30339
-0.37765,1.32056
-0.41260,1.33060
-0.44755,1.33930
-0.48993,1.34802
-0.54094,1.35575
-0.58243,1.35967
-0.60072,1.36067
-0.60731,1.36092
-0.61015,1.36101
-0.61168,1.36105
-0.61264,1.36108
-0.61331,1.36109
-0.61381,1.36111
-0.61422,1.36112
-0.61456,1.36112
-0.61486,1.36113
-0.61512,1.36114
-0.61536,1.36114
-0.61558,1.36115
-0.61579,1.36115
-0.61598,1.36115
-0.61616,1.36116
-0.61632,1.36116
-0.61647,1.36116
0.58698,-1.39207
0.58698,-1.39207
0.58698,-1.39207
0.58698,-1.39207
0.58698,-1.39207
0.58698,-1.39207
0.58698,-1.39207
0.58698,-1.39207
0.58698,-1.39207
0.58698,-1.39207
0.58698,-1.39207
0.58698,-1.39207
0.58699,-1.39207
0.58700,-1.39207
0.58726,-1.39206
-0.32058,1.30124
-0.37070,1.31840
-0.40441,1.32837
-0.43690,1.33679
-0.47524,1.34523
-0.52333,1.35344
-0.57043,1.35877
-0.59601,1.36046
-0.60542,1.36086
-0.60921,1.36098
-0.61110,1.36104
-0.61223,1.36107
-0.61299,1.36109
-0.61355,1.36110
-0.61399,1.36111
-0.61435,1.36112
-0.61465,1.36113
-0.61492,1.36113
-0.61517,1.36114
-0.61539,1.36114
-0.61560,1.36115
-0.61579,1.36115
-0.61597,1.36115
-0.61615,1.36116
-0.61631,1.36116
0.58698,-1.39207
0.58699,-1.39207
0.58699,-1.39207
0.58699,-1.39207
0.58699,-1.39207
0.58699,-1.39207
0.58699,-1.39207
0.58699,-1.39207
0.58699,-1.39207
0.58700,-1.39207
0.58700,-1.39207
0.58701,-1.39207
0.58704,-1.39207
0.58710,-1.39207
0.58750,-1.39204
-0.26912,1.28059
-0.35045,1.31181
-0.38870,1.32388
-0.42123,1.33288
-0.45697,1.34142
-0.50174,1.35009
-0.55256,1.35707
-0.58811,1.36003
-0.60248,1.36075
-0.60787,1.36094
-0.61035,1.36102
-0.61173,1.36105
-0.61262,1.36108
-0.61326,1.36109
-0.61374,1.36111
-0.61413,1.36111
-0.61445,1.36112
-0.61473,1.36113
-0.61498,1.36113
-0.61521,1.36114
-0.61542,1.36114
-0.61561,1.36115
-0.61580,1.36115
-0.61598,1.36115
-0.61614,1.36116
0.58699,-1.39207
0.58699,-1.39207
0.58699,-1.39207
0.58699,-1.39207
0.58700,-1.39207
0.58700,-1.39207
0.58700,-1.39207
0.58700,-1.39207
0.58701,-1.39207
0.58702,-1.39207
0.58703,-1.39207
0.58706,-1.39207
0.58711,-1.39206
0.58724,-1.39206
0.58759,-1.39203
0.58874,-1.39196
-0.29761,1.29242
-0.36043,1.31512
-0.39785,1.32653
-0.43303,1.33585
-0.47439,1.34506
-0.52556,1.35375
-0.57298,1.35897
-0.59695,1.36050
-0.60564,1.36086
-0.60921,1.36098
-0.61104,1.36104
-0.61214,1.36107
-0.61289,1.36108
-0.61344,1.36110
-0.61388,1.36111
-0.61423,1.36112
-0.61453,1.36112
-0.61479,1.36113
-0.61503,1.36113
-0.61524,1.36114
-0.61544,1.36114
-0.61563,1.36115
-0.61581,1.36115
-0.61599,1.36116
0.58699,-1.39207
0.58700,-1.39207
0.58700,-1.39207
0.58700,-1.39207
0.58700,-1.39207
0.58701,-1.39207
0.58701,-1.39207
0.58702,-1.39207
0.58703,-1.39207
0.58705,-1.39207
0.58708,-1.39207
0.58712,-1.39206
0.58721,-1.39206
0.58738,-1.39205
0.58769,-1.39203
0.58821,-1.39199
0.58921,-1.39193
-0.28518,1.28738
-0.35692,1.31397
-0.39819,1.32662
-0.43788,1.33703
-0.48549,1.34720
-0.54129,1.35580
-0.58337,1.35973
-0.60078,1.36068
-0.60708,1.36091
-0.60987,1.36100
-0.61140,1.36105
-0.61236,1.36107
-0.61304,1.36109
-0.61355,1.36110
-0.61396,1.36111
-0.61430,1.36112
-0.61459,1.36112
-0.61484,1.36113
-0.61506,1.36114
-0.61527,1.36114
-0.61547,1.36114
-0.61565,1.36115
-0.61583,1.36115
0.58700,-1.39207
0.58700,-1.39207
0.58701,-1.39207
0.58701,-1.39207
0.58702,-1.39207
0.58702,-1.39207
0.58703,-1.39207
0.58704,-1.39207
0.58706,-1.39207
0.58709,-1.39207
0.58713,-1.39206
0.58720,-1.39206
0.58732,-1.39205
0.58752,-1.39204
0.58781,-1.39202
0.58822,-1.39199
0.58872,-1.39196
0.58931,-1.39192
0.59246,-1.39170
-0.32609,1.30327
-0.38049,1.32143
-0.42626,1.33416
-0.47925,1.34602
-0.54048,1.35570
-0.58431,1.35979
-0.60123,1.36070
-0.60724,1.36092
-0.60993,1.36100
-0.61142,1.36105
-0.61238,1.36107
-0.61305,1.36109
-0.61356,1.36110
-0.61397,1.36111
-0.61431,1.36112
-0.61460,1.36113
-0.61485,1.36113
-0.61508,1.36114
-0.61529,1.36114
-0.61548,1.36114
-0.61567,1.36115
0.58701,-1.39207
0.58701,-1.39207
0.58702,-1.39207
0.58702,-1.39207
0.58703,-1.39207
0.58704,-1.39207
0.58705,-1.39207
0.58707,-1.39207
0.58710,-1.39207
0.58714,-1.39206
0.58720,-1.39206
0.58730,-1.39205
0.58744,-1.39204
0.58765,-1.39203
0.58796,-1.39201
0.58835,-1.39199
0.58881,-1.39195
0.58930,-1.39192
0.58976,-1.39189
0.59016,-1.39186
0.59065,-1.39183
-0.27833,1.28453
-0.36378,1.31620
-0.42491,1.33382
-0.49537,1.34899
-0.56407,1.35821
-0.59578,1.36045
-0.60546,1.36086
-0.60914,1.36098
-0.61098,1.36103
-0.61209,1.36106
-0.61286,1.36108
-0.61342,1.36110
-0.61387,1.36111
-0.61424,1.36112
-0.61455,1.36112
-0.61482,1.36113
-0.61507,1.36114
-0.61528,1.36114
-0.61549,1.36114
0.58702,-1.39207
0.58702,-1.39207
0.58703,-1.39207
0.58704,-1.39207
0.58705,-1.39207
0.58706,-1.39207
0.58708,-1.39207
0.58711,-1.39207
0.58714,-1.39206
0.58720,-1.39206
0.58728,-1.39205
0.58739,-1.39205
0.58756,-1.39204
0.58780,-1.39202
0.58813,-1.39200
0.58854,-1.39197
0.58903,-1.39194
0.58959,-1.39190
0.59018,-1.39186
0.59079,-1.39182
0.59139,-1.39178
0.59195,-1.39174
0.59241,-1.39170
0.59268,-1.39168
0.59253,-1.39169
-0.09003,1.17938
-0.40323,1.32804
-0.52948,1.35429
-0.59264,1.36029
-0.60563,1.36086
-0.60951,1.36099
-0.61129,1.36104
-0.61234,1.36107
-0.61306,1.36109
-0.61361,1.36110
-0.61405,1.36111
-0.61441,1.36112
-0.61472,1.36113
-0.61500,1.36113
-0.61524,1.36114
0.58703,-1.39207
0.58703,-1.39207
0.58704,-1.39207
0.58705,-1.39207
0.58707,-1.39207
0.58709,-1.39207
0.58711,-1.39206
0.58715,-1.39206
0.58720,-1.39206
0.58726,-1.39206
0.58736,-1.39205
0.58750,-1.39204
0.58769,-1.39203
0.58796,-1.39201
0.58832,-1.39199
0.58876,-1.39196
0.58931,-1.39192
0.58994,-1.39188
0.59065,-1.39183
0.59142,-1.39177
0.59224,-1.39172
0.59306,-1.39165
0.59383,-1.39160
0.59451,-1.39154
0.59508,-1.39150
0.59552,-1.39146
0.59580,-1.39144
0.59587,-1.39144
0.59544,-1.39147
0.59319,-1.39164
-0.53244,1.35468
-0.60124,1.36070
-0.60877,1.36097
-0.61112,1.36104
-0.61232,1.36107
-0.61309,1.36109
-0.61366,1.36110
-0.61412,1.36111
-0.61451,1.36112
-0.61484,1.36113
0.58704,-1.39207
0.58705,-1.39207
0.58706,-1.39207
0.58708,-1.39207
0.58709,-1.39207
0.58712,-1.39206
0.58715,-1.39206
0.58719,-1.39206
0.58725,-1.39206
0.58733,-1.39205
0.58745,-1.39204
0.58761,-1.39203
0.58783,-1.39202
0.58813,-1.39200
0.58852,-1.39197
0.58901,-1.39194
0.58960,-1.39190
0.59029,-1.39185
0.59108,-1.39180
0.59193,-1.39174
0.59283,-1.39167
0.59369,-1.39161
0.59448,-1.39155
0.59516,-1.39149
0.59572,-1.39145
0.59616,-1.39141
0.59651,-1.39138
0.59679,-1.39136
0.59700,-1.39134
0.59714,-1.39133
0.59717,-1.39133
0.59695,-1.39135
0.59496,-1.39151
-0.55345,1.35717
-0.60587,1.36087
-0.61045,1.36102
-0.61207,1.36106
-0.61298,1.36109
-0.61362,1.36110
-0.61413,1.36111
0.58706,-1.39207
0.58707,-1.39207
0.58708,-1.39207
0.58710,-1.39207
0.58712,-1.39206
0.58715,-1.39206
0.58719,-1.39206
0.58724,-1.39206
0.58731,-1.39205
0.58741,-1.39205
0.58754,-1.39204
0.58772,-1.39203
0.58798,-1.39201
0.58831,-1.39199
0.58874,-1.39196
0.58927,-1.39192
0.58990,-1.39188
0.59063,-1.39183
0.59146,-1.39177
0.59235,-1.39171
0.59325,-1.39164
0.59410,-1.39157
0.59486,-1.39152
0.59549,-1.39147
0.59601,-1.39142
0.59641,-1.39139
0.59673,-1.39137
0.59699,-1.39134
0.59720,-1.39133
0.59737,-1.39131
0.59751,-1.39130
0.59763,-1.39129
0.59771,-1.39128
0.59771,-1.39128
0.59750,-1.39130
0.59524,-1.39149
-0.58751,1.35999
-0.60874,1.36097
-0.61156,1.36105
-0.61276,1.36108
0.58707,-1.39207
0.58709,-1.39207
0.58711,-1.39207
0.58713,-1.39206
0.58715,-1.39206
0.58719,-1.39206
0.58723,-1.39206
0.58729,-1.39205
0.58737,-1.39205
0.58748,-1.39204
0.58764,-1.39203
0.58785,-1.39202
0.58813,-1.39200
0.58850,-1.39198
0.58896,-1.39194
0.58953,-1.39191
0.59019,-1.39186
0.59095,-1.39181
0.59179,-1.39175
0.59268,-1.39168
0.59357,-1.39162
0.59439,-1.39155
0.59511,-1.39150
0.59570,-1.39145
0.59617,-1.39141
0.59654,-1.39138
0.59684,-1.39136
0.59708,-1.39134
0.59727,-1.39132
0.59743,-1.39131
0.59757,-1.39130
0.59769,-1.39129
0.59779,-1.39128
0.59788,-1.39127
0.59795,-1.39126
0.59800,-1.39126
0.59798,-1.39126
0.59770,-1.39128
-0.13540,1.21017
-0.60303,1.36077
0.58709,-1.39207
0.58711,-1.39206
0.58713,-1.39206
0.58715,-1.39206
0.58718,-1.39206
0.58722,-1.39206
0.58727,-1.39205
0.58734,-1.39205
0.58744,-1.39204
0.58756,-1.39204
0.58774,-1.39202
0.58798,-1.39201
0.58829,-1.39199
0.58870,-1.39196
0.58919,-1.39193
0.58978,-1.39189
0.59047,-1.39184
0.59124,-1.39179
0.59208,-1.39173
0.59296,-1.39166
0.59382,-1.39160
0.59461,-1.39154
0.59529,-1.39148
0.59584,-1.39144
0.59628,-1.39140
0.59663,-1.39137
0.59691,-1.39135
0.59713,-1.39133
0.59731,-1.39132
0.59746,-1.39130
0.59759,-1.39129
0.59770,-1.39128
0.59780,-1.39128
0.59789,-1.39127
0.59796,-1.39126
0.59803,-1.39126
0.59809,-1.39125
0.59814,-1.39125
0.59817,-1.39124
0.59812,-1.39125
0.58711,-1.39206
0.58713,-1.39206
0.58716,-1.39206
0.58718,-1.39206
0.58722,-1.39206
0.58726,-1.39206
0.58732,-1.39205
0.58740,-1.39205
0.58750,-1.39204
0.58765,-1.39203
0.58785,-1.39202
0.58812,-1.39200
0.58847,-1.39198
0.58890,-1.39195
0.58942,-1.39191
0.59004,-1.39187
0.59073,-1.39182
0.59151,-1.39177
0.59234,-1.39171
0.59320,-1.39164
0.59403,-1.39158
0.59478,-1.39152
0.59542,-1.39147
0.59594,-1.39143
0.59636,-1.39140
0.59669,-1.39137
0.59695,-1.39135
0.59717,-1.39133
0.59734,-1.39131
0.59749,-1.39130
0.59761,-1.39129
0.59771,-1.39128
0.59781,-1.39128
0.59789,-1.39127
0.59796,-1.39126
0.59802,-1.39126
0.59808,-1.39125
0.59813,-1.39125
0.59818,-1.39124
0.59823,-1.39124
0.58714,-1.39206
0.58716,-1.39206
0.58718,-1.39206
0.58721,-1.39206
0.58725,-1.39206
0.58730,-1.39205
0.58736,-1.39205
0.58745,-1.39204
0.58757,-1.39204
0.58774,-1.39202
0.58797,-1.39201
0.58827,-1.39199
0.58865,-1.39197
0.58911,-1.39193
0.58966,-1.39190
0.59028,-1.39186
0.59098,-1.39181
0.59175,-1.39175
0.59258,-1.39169
0.59341,-1.39163
0.59421,-1.39157
0.59492,-1.39151
0.59553,-1.39146
0.59603,-1.39142
0.59642,-1.39139
0.59674,-1.39136
0.59699,-1.39134
0.59719,-1.39133
0.59736,-1.39131
0.59750,-1.39130
0.59762,-1.39129
0.59772,-1.39128
0.59781,-1.39128
0.59789,-1.39127
0.59796,-1.39126
0.59802,-1.39126
0.59807,-1.39125
0.59812,-1.39125
0.59816,-1.39125
0.59821,-1.39124
0.58716,-1.39206
0.58718,-1.39206
0.58721,-1.39206
0.58724,-1.39206
0.58728,-1.39205
0.58734,-1.39205
0.58741,-1.39205
0.58751,-1.39204
0.58765,-1.39203
0.58784,-1.39202
0.58809,-1.39200
0.58842,-1.39198
0.58883,-1.39195
0.58932,-1.39192
0.58989,-1.39188
0.59052,-1.39184
0.59122,-1.39179
0.59198,-1.39173
0.59279,-1.39167
0.59360,-1.39161
0.59436,-1.39156
0.59504,-1.39150
0.59562,-1.39146
0.59610,-1.39142
0.59647,-1.39139
0.59678,-1.39136
0.59702,-1.39134
0.59722,-1.39133
0.59738,-1.39131
0.59752,-1.39130
0.59763,-1.39129
0.59773,-1.39128
0.59782,-1.39127
0.59789,-1.39127
0.59796,-1.39126
0.59802,-1.39126
0.59807,-1.39125
0.59811,-1.39125
0.59816,-1.39125
0.59819,-1.39124
