-1.66369,-0.56418
-1.66647,-0.55822
-1.66844,-0.55173
-1.66984,-0.54445
-1.67086,-0.53614
-1.67162,-0.52654
-1.67222,-0.51535
-1.67275,-0.50222
-1.67326,-0.48674
-1.67379,-0.46841
-1.67437,-0.44659
-1.67497,-0.42055
-1.67553,-0.38944
-1.67593,-0.35236
-1.67595,-0.30849
-1.67528,-0.25731
-1.67356,-0.19884
-1.67035,-0.13388
-1.66525,-0.06392
-1.65790,0.00909
-1.64806,0.08343
-1.63551,0.15811
-1.62011,0.23321
-1.60170,0.30976
-1.58026,0.38909
-1.55595,0.47210
-1.52929,0.55846
-1.50120,0.64627
-1.47280,0.73247
-1.44517,0.81368
-1.41905,0.88731
-1.39475,0.95208
-1.37218,1.00799
-1.35100,1.05592
-1.33079,1.09716
-1.31113,1.13305
-1.29167,1.16481
-1.27214,1.19344
-1.25234,1.21977
-1.23214,1.24444
-1.64155,-0.56978
-1.64895,-0.56224
-1.65433,-0.55464
-1.65827,-0.54658
-1.66119,-0.53772
-1.66340,-0.52775
-1.66510,-0.51631
-1.66646,-0.50304
-1.66759,-0.48749
-1.66859,-0.46913
-1.66949,-0.44730
-1.67030,-0.42121
-1.67098,-0.38997
-1.67140,-0.35259
-1.67135,-0.30816
-1.67051,-0.25606
-1.66848,-0.19627
-1.66484,-0.12953
-1.65913,-0.05741
-1.65101,0.01808
-1.64021,0.09511
-1.62655,0.17265
-1.60991,0.25075
-1.59018,0.33036
-1.56742,0.41267
-1.54191,0.49828
-1.51424,0.58646
-1.48538,0.67505
-1.45640,0.76090
-1.42823,0.84090
-1.40149,0.91287
-1.37633,0.97594
-1.35262,1.03041
-1.33003,1.07729
-1.30817,1.11788
-1.28670,1.15347
-1.26536,1.18520
-1.24395,1.21401
-1.22233,1.24065
-1.20045,1.26569
-1.59255,-0.58386
-1.61066,-0.57247
-1.62395,-0.56214
-1.63377,-0.55214
-1.64111,-0.54189
-1.64665,-0.53092
-1.65088,-0.51877
-1.65416,-0.50499
-1.65674,-0.48908
-1.65882,-0.47047
-1.66051,-0.44844
-1.66187,-0.42216
-1.66291,-0.39066
-1.66352,-0.35286
-1.66352,-0.30775
-1.66258,-0.25461
-1.66032,-0.19334
-1.65628,-0.12467
-1.65002,-0.05021
-1.64116,0.02793
-1.62947,0.10781
-1.61477,0.18835
-1.59698,0.26953
-1.57607,0.35224
-1.55216,0.43746
-1.52561,0.52549
-1.49708,0.61530
-1.46749,0.70448
-1.43785,0.78993
-1.40896,0.86880
-1.38126,0.93933
-1.35488,1.00099
-1.32965,1.05430
-1.30529,1.10036
-1.28152,1.14045
-1.25809,1.17582
-1.23481,1.20751
-1.21157,1.23640
-1.18832,1.26317
-1.16508,1.28835
-1.48738,-0.61647
-1.52801,-0.59657
-1.55840,-0.58003
-1.58118,-0.56551
-1.59834,-0.55196
-1.61135,-0.53856
-1.62127,-0.52462
-1.62888,-0.50952
-1.63475,-0.49262
-1.63931,-0.47326
-1.64284,-0.45064
-1.64555,-0.42386
-1.64753,-0.39183
-1.64876,-0.35340
-1.64912,-0.30743
-1.64835,-0.25309
-1.64607,-0.19019
-1.64185,-0.11943
-1.63525,-0.04247
-1.62591,0.03848
-1.61359,0.12137
-1.59817,0.20501
-1.57959,0.28934
-1.55788,0.37512
-1.53321,0.46318
-1.50598,0.55353
-1.47684,0.64484
-1.44665,0.73458
-1.41628,0.81971
-1.38642,0.89768
-1.35744,0.96705
-1.32945,1.02760
-1.30236,1.08000
-1.27599,1.12539
-1.25016,1.16504
-1.22475,1.20012
-1.19966,1.23163
-1.17487,1.26038
-1.15039,1.28699
-1.12628,1.31197
-1.28563,-0.68278
-1.36376,-0.64753
-1.42509,-0.61894
-1.47271,-0.59516
-1.50949,-0.57459
-1.53786,-0.55588
-1.55973,-0.53792
-1.57660,-0.51975
-1.58961,-0.50051
-1.59962,-0.47933
-1.60728,-0.45529
-1.61306,-0.42733
-1.61729,-0.39427
-1.62015,-0.35480
-1.62166,-0.30767
-1.62170,-0.25190
-1.61999,-0.18719
-1.61619,-0.11419
-1.60989,-0.03459
-1.60077,0.04928
-1.58861,0.13526
-1.57330,0.22207
-1.55479,0.30956
-1.53316,0.39842
-1.50855,0.48928
-1.48133,0.58193
-1.45208,0.67481
-1.42153,0.76527
-1.39043,0.85038
-1.35940,0.92781
-1.32885,0.99639
-1.29896,1.05611
-1.26978,1.10776
-1.24130,1.15251
-1.21349,1.19161
-1.18632,1.22620
-1.15980,1.25724
-1.13396,1.28549
-1.10886,1.31156
-1.08457,1.33592
-0.97790,-0.78978
-1.09284,-0.73655
-1.19166,-0.69119
-1.27414,-0.65285
-1.34154,-0.62017
-1.39581,-0.59167
-1.43905,-0.56590
-1.47323,-0.54155
-1.50006,-0.51741
-1.52095,-0.49236
-1.53706,-0.46523
-1.54933,-0.43478
-1.55848,-0.39966
-1.56505,-0.35840
-1.56941,-0.30956
-1.57171,-0.25200
-1.57195,-0.18526
-1.56995,-0.10992
-1.56545,-0.02766
-1.55816,0.05916
-1.54788,0.14824
-1.53447,0.23823
-1.51785,0.32892
-1.49802,0.42090
-1.47505,0.51468
-1.44913,0.60986
-1.42068,0.70468
-1.39027,0.79636
-1.35861,0.88200
-1.32636,0.95940
-1.29408,1.02758
-1.26217,1.08669
-1.23093,1.13761
-1.20053,1.18159
-1.17109,1.21987
-1.14269,1.25362
-1.11539,1.28376
-1.08925,1.31107
-1.06431,1.33615
-1.04062,1.35944
-0.64302,-0.91439
-0.76240,-0.85243
-0.87757,-0.79476
-0.98420,-0.74252
-1.07955,-0.69590
-1.16239,-0.65441
-1.23270,-0.61710
-1.29121,-0.58280
-1.33910,-0.55026
-1.37768,-0.51820
-1.40829,-0.48530
-1.43220,-0.45013
-1.45058,-0.41116
-1.46445,-0.36674
-1.47468,-0.31525
-1.48195,-0.25535
-1.48671,-0.18637
-1.48915,-0.10868
-1.48926,-0.02386
-1.48684,0.06574
-1.48164,0.15784
-1.47341,0.25099
-1.46191,0.34496
-1.44693,0.44031
-1.42825,0.53746
-1.40580,0.63585
-1.37970,0.73348
-1.35041,0.82734
-1.31869,0.91440
-1.28543,0.99245
-1.25158,1.06063
-1.21789,1.11923
-1.18497,1.16929
-1.15322,1.21217
-1.12287,1.24921
-1.09408,1.28162
-1.06690,1.31039
-1.04135,1.33629
-1.01745,1.35992
-0.99516,1.38176
-0.38610,-1.01968
-0.47879,-0.96118
-0.57669,-0.90260
-0.67641,-0.84551
-0.77449,-0.79102
-0.86783,-0.73972
-0.95399,-0.69169
-1.03134,-0.64656
-1.09899,-0.60365
-1.15673,-0.56204
-1.20491,-0.52062
-1.24426,-0.47809
-1.27583,-0.43295
-1.30082,-0.38352
-1.32055,-0.32808
-1.33625,-0.26509
-1.34897,-0.19363
-1.35946,-0.11378
-1.36807,-0.02680
-1.37475,0.06520
-1.37915,0.16003
-1.38078,0.25630
-1.37904,0.35379
-1.37328,0.45310
-1.36279,0.55462
-1.34697,0.65758
-1.32558,0.75962
-1.29898,0.85725
-1.26818,0.94703
-1.23462,1.02659
-1.19981,1.09513
-1.16507,1.15319
-1.13134,1.20208
-1.09924,1.24340
-1.06908,1.27868
-1.04099,1.30924
-1.01498,1.33614
-0.99100,1.36022
-0.96897,1.38207
-0.94880,1.40218
-0.22996,-1.09375
-0.29417,-1.04225
-0.36440,-0.98880
-0.43952,-0.93443
-0.51795,-0.88005
-0.59782,-0.82631
-0.67709,-0.77356
-0.75373,-0.72187
-0.82585,-0.67111
-0.89187,-0.62093
-0.95065,-0.57076
-1.00163,-0.51984
-1.04487,-0.46712
-1.08102,-0.41126
-1.11119,-0.35075
-1.13683,-0.28408
-1.15940,-0.21012
-1.18015,-0.12858
-1.19986,-0.04021
-1.21871,0.05336
-1.23630,0.15029
-1.25184,0.24943
-1.26423,0.35070
-1.27214,0.45484
-1.27403,0.56227
-1.26850,0.67196
-1.25471,0.78086
-1.23292,0.88457
-1.20461,0.97881
-1.17203,1.06089
-1.13752,1.13013
-1.10304,1.18750
-1.06991,1.23479
-1.03887,1.27404
-1.01025,1.30705
-0.98411,1.33532
-0.96035,1.36001
-0.93884,1.38200
-0.91940,1.40189
-0.90188,1.42016
-0.13975,-1.14571
-0.18665,-1.09946
-0.23754,-1.05077
-0.29204,-1.00035
-0.34961,-0.94884
-0.40958,-0.89667
-0.47114,-0.84403
-0.53330,-0.79088
-0.59489,-0.73705
-0.65460,-0.68229
-0.71106,-0.62637
-0.76309,-0.56896
-0.80988,-0.50962
-0.85124,-0.44767
-0.88761,-0.38214
-0.92002,-0.31186
-0.94988,-0.23579
-0.97862,-0.15335
-1.00735,-0.06474
-1.03659,0.02906
-1.06613,0.12685
-1.09513,0.22793
-1.12214,0.33266
-1.14512,0.44214
-1.16152,0.55702
-1.16871,0.67594
-1.16490,0.79473
-1.15006,0.90734
-1.12614,1.00811
-1.09636,1.09380
-1.06401,1.16403
-1.03168,1.22051
-1.00096,1.26583
-0.97267,1.30258
-0.94705,1.33298
-0.92408,1.35872
-0.90356,1.38107
-0.88525,1.40090
-0.86894,1.41884
-0.85442,1.43533
-0.08145,-1.18620
-0.11996,-1.14326
-0.16100,-1.09759
-0.20420,-1.04979
-0.24917,-1.00045
-0.29553,-0.94997
-0.34298,-0.89849
-0.39119,-0.84584
-0.43981,-0.79167
-0.48827,-0.73558
-0.53586,-0.67722
-0.58168,-0.61636
-0.62490,-0.55287
-0.66491,-0.48659
-0.70159,-0.41718
-0.73540,-0.34404
-0.76729,-0.26644
-0.79851,-0.18380
-0.83029,-0.09597
-0.86345,-0.00332
-0.89827,0.09364
-0.93429,0.19493
-0.97026,0.30166
-1.00396,0.41575
-1.03209,0.53850
-1.05083,0.66836
-1.05711,0.79964
-1.05021,0.92381
-1.03229,1.03304
-1.00734,1.12330
-0.97936,1.19476
-0.95137,1.25022
-0.92508,1.29334
-0.90125,1.32744
-0.88004,1.35518
-0.86131,1.37844
-0.84480,1.39854
-0.83025,1.41639
-0.81742,1.43257
-0.80609,1.44749
-0.03637,-1.22134
-0.07105,-1.18077
-0.10771,-1.13710
-0.14590,-1.09086
-0.18514,-1.04266
-0.22498,-0.99297
-0.26511,-0.94203
-0.30535,-0.88974
-0.34564,-0.83572
-0.38588,-0.77942
-0.42588,-0.72030
-0.46524,-0.65800
-0.50341,-0.59238
-0.53983,-0.52349
-0.57412,-0.45142
-0.60627,-0.37609
-0.63674,-0.29723
-0.66638,-0.21447
-0.69622,-0.12762
-0.72724,-0.03667
-0.76006,0.05840
-0.79483,0.15832
-0.83092,0.26511
-0.86662,0.38190
-0.89882,0.51120
-0.92329,0.65179
-0.93612,0.79641
-0.93587,0.93339
-0.92444,1.05203
-0.90592,1.14729
-0.88443,1.22004
-0.86292,1.27450
-0.84296,1.31550
-0.82512,1.34716
-0.80948,1.37252
-0.79583,1.39364
-0.78392,1.41188
-0.77350,1.42811
-0.76436,1.44289
-0.75632,1.45658
0.00390,-1.25391
-0.02887,-1.21544
-0.06359,-1.17349
-0.09980,-1.12848
-0.13697,-1.08096
-0.17453,-1.03151
-0.21202,-0.98051
-0.24918,-0.92802
-0.28591,-0.87380
-0.32224,-0.81728
-0.35823,-0.75782
-0.39380,-0.69486
-0.42867,-0.62811
-0.46242,-0.55760
-0.49461,-0.48358
-0.52493,-0.40633
-0.55341,-0.32598
-0.58044,-0.24252
-0.60672,-0.15589
-0.63303,-0.06600
-0.66007,0.02748
-0.68827,0.12577
-0.71751,0.23169
-0.74684,0.34958
-0.77408,0.48337
-0.79586,0.63261
-0.80882,0.78888
-0.81154,0.93739
-0.80554,1.06450
-0.79416,1.16411
-0.78070,1.23792
-0.76736,1.29148
-0.75520,1.33077
-0.74454,1.36055
-0.73533,1.38415
-0.72738,1.40374
-0.72048,1.42068
-0.71444,1.43582
-0.70913,1.44968
-0.70443,1.46256
0.04284,-1.28495
0.01130,-1.24863
-0.02234,-1.20852
-0.05774,-1.16487
-0.09437,-1.11813
-0.13161,-1.06886
-0.16886,-1.01759
-0.20567,-0.96457
-0.24181,-0.90976
-0.27724,-0.85273
-0.31205,-0.79280
-0.34630,-0.72931
-0.37989,-0.66176
-0.41252,-0.59002
-0.44375,-0.51432
-0.47311,-0.43509
-0.50028,-0.35277
-0.52526,-0.26770
-0.54830,-0.18002
-0.56985,-0.08974
-0.59038,0.00360
-0.61018,0.10154
-0.62924,0.20742
-0.64707,0.32639
-0.66257,0.46341
-0.67419,0.61860
-0.68064,0.78268
-0.68188,0.93869
-0.67931,1.07096
-0.67489,1.17294
-0.67017,1.24705
-0.66597,1.29987
-0.66252,1.33806
-0.65976,1.36677
-0.65753,1.38946
-0.65566,1.40832
-0.65404,1.42469
-0.65257,1.43937
-0.65120,1.45285
-0.64989,1.46541
0.08183,-1.31477
0.05141,-1.28074
0.01867,-1.24275
-0.01618,-1.20081
-0.05270,-1.15522
-0.09029,-1.10644
-0.12827,-1.05505
-0.16602,-1.00148
-0.20310,-0.94589
-0.23930,-0.88805
-0.27460,-0.82741
-0.30907,-0.76323
-0.34268,-0.69485
-0.37523,-0.62193
-0.40629,-0.54454
-0.43529,-0.46311
-0.46169,-0.37827
-0.48513,-0.29059
-0.50545,-0.20050
-0.52267,-0.10807
-0.53686,-0.01280
-0.54793,0.08704
-0.55566,0.19508
-0.55972,0.31673
-0.56005,0.45702
-0.55736,0.61569
-0.55338,0.78262
-0.55029,0.94011
-0.54961,1.07246
-0.55158,1.17372
-0.55556,1.24696
-0.56065,1.29908
-0.56610,1.33687
-0.57143,1.36542
-0.57635,1.38813
-0.58073,1.40714
-0.58452,1.42371
-0.58773,1.43862
-0.59038,1.45232
-0.59254,1.46508
0.12143,-1.34339
0.09223,-1.31178
0.06053,-1.27617
0.02638,-1.23637
-0.00993,-1.19244
-0.04788,-1.14468
-0.08678,-1.09359
-0.12590,-1.03969
-0.16457,-0.98332
-0.20235,-0.92450
-0.23901,-0.86283
-0.27446,-0.79765
-0.30867,-0.72818
-0.34145,-0.65387
-0.37239,-0.57456
-0.40089,-0.49058
-0.42624,-0.40260
-0.44780,-0.31135
-0.46506,-0.21744
-0.47762,-0.12104
-0.48508,-0.02157
-0.48695,0.08281
-0.48276,0.19574
-0.47245,0.32225
-0.45724,0.46624
-0.44031,0.62589
-0.42633,0.79027
-0.41933,0.94267
-0.42056,1.06962
-0.42852,1.16688
-0.44055,1.23793
-0.45426,1.28933
-0.46807,1.32732
-0.48108,1.35656
-0.49290,1.38019
-0.50337,1.40018
-0.51250,1.41771
-0.52037,1.43353
-0.52708,1.44804
-0.53275,1.46152
0.16184,-1.37067
0.13408,-1.34155
0.10369,-1.30855
0.07059,-1.27128
0.03488,-1.22955
-0.00307,-1.18344
-0.04266,-1.13326
-0.08307,-1.07947
-0.12346,-1.02253
-0.16311,-0.96264
-0.20145,-0.89963
-0.23813,-0.83297
-0.27293,-0.76188
-0.30556,-0.68563
-0.33560,-0.60387
-0.36240,-0.51674
-0.38521,-0.42484
-0.40324,-0.32899
-0.41574,-0.22988
-0.42201,-0.12772
-0.42136,-0.02189
-0.41306,0.08947
-0.39676,0.20960
-0.37324,0.34230
-0.34540,0.48930
-0.31869,0.64658
-0.29951,0.80307
-0.29216,0.94487
-0.29687,1.06224
-0.31067,1.15308
-0.32966,1.22099
-0.35065,1.27162
-0.37156,1.31023
-0.39125,1.34080
-0.40920,1.36604
-0.42524,1.38769
-0.43937,1.40684
-0.45169,1.42414
-0.46235,1.44001
-0.47149,1.45470
0.20309,-1.39637
0.17705,-1.36976
0.14835,-1.33951
0.11676,-1.30509
0.08220,-1.26608
0.04483,-1.22226
0.00514,-1.17369
-0.03612,-1.12065
-0.07797,-1.06352
-0.11936,-1.00260
-0.15933,-0.93792
-0.19707,-0.86910
-0.23192,-0.79546
-0.26333,-0.71624
-0.29070,-0.63094
-0.31337,-0.53955
-0.33066,-0.44263
-0.34190,-0.34101
-0.34645,-0.23543
-0.34373,-0.12610
-0.33313,-0.01240
-0.31427,0.10725
-0.28757,0.23516
-0.25513,0.37314
-0.22152,0.52032
-0.19319,0.67103
-0.17617,0.81545
-0.17332,0.94357
-0.18345,1.04959
-0.20287,1.13317
-0.22744,1.19764
-0.25392,1.24753
-0.28018,1.28701
-0.30505,1.31927
-0.32795,1.34653
-0.34865,1.37029
-0.36713,1.39148
-0.38346,1.41072
-0.39778,1.42837
-0.41022,1.44469
0.24513,-1.42022
0.22115,-1.39606
0.19457,-1.36862
0.16503,-1.33725
0.13228,-1.30135
0.09629,-1.26043
0.05732,-1.21423
0.01601,-1.16267
-0.02662,-1.10592
-0.06924,-1.04414
-0.11038,-0.97742
-0.14855,-0.90550
-0.18241,-0.82786
-0.21077,-0.74385
-0.23268,-0.65305
-0.24750,-0.55556
-0.25489,-0.45205
-0.25485,-0.34352
-0.24760,-0.23078
-0.23340,-0.11404
-0.21252,0.00723
-0.18552,0.13408
-0.15391,0.26748
-0.12084,0.40714
-0.09118,0.55022
-0.07034,0.69081
-0.06219,0.82143
-0.06751,0.93585
-0.08418,1.03122
-0.10861,1.10821
-0.13723,1.16964
-0.16732,1.21899
-0.19707,1.25943
-0.22543,1.29344
-0.25183,1.32285
-0.27604,1.34887
-0.29798,1.37232
-0.31766,1.39373
-0.33515,1.41344
-0.35058,1.43166
0.28788,-1.44187
0.26635,-1.42005
0.24235,-1.39535
0.21546,-1.36710
0.18530,-1.33456
0.15162,-1.29703
0.11446,-1.25387
0.07426,-1.20459
0.03199,-1.14888
-0.01083,-1.08654
-0.05218,-1.01739
-0.08969,-0.94113
-0.12093,-0.85737
-0.14378,-0.76579
-0.15674,-0.66649
-0.15936,-0.56025
-0.15230,-0.44845
-0.13720,-0.33257
-0.11614,-0.21359
-0.09105,-0.09159
-0.06353,0.03402
-0.03502,0.16391
-0.00738,0.29795
0.01665,0.43450
0.03375,0.56996
0.04095,0.69927
0.03687,0.81727
0.02220,0.92040
-0.00078,1.00746
-0.02920,1.07947
-0.06044,1.13869
-0.09252,1.18779
-0.12410,1.22920
-0.15438,1.26488
-0.18290,1.29630
-0.20941,1.32451
-0.23380,1.35019
-0.25603,1.37381
-0.27610,1.39567
-0.29406,1.41595
0.33126,-1.46097
0.31259,-1.44129
0.29169,-1.41917
0.26809,-1.39395
0.24133,-1.36483
0.21103,-1.33094
0.17700,-1.29133
0.13945,-1.24502
0.09916,-1.19106
0.05777,-1.12853
0.01780,-1.05656
-0.01738,-0.97445
-0.04402,-0.88182
-0.05877,-0.77902
-0.05968,-0.66750
-0.04714,-0.54981
-0.02386,-0.42893
0.00586,-0.30723
0.03761,-0.18555
0.06788,-0.06327
0.09447,0.06099
0.11614,0.18814
0.13195,0.31778
0.14088,0.44777
0.14186,0.57456
0.13426,0.69399
0.11836,0.80243
0.09542,0.89769
0.06733,0.97927
0.03608,1.04816
0.00339,1.10617
-0.02948,1.15539
-0.06168,1.19777
-0.09267,1.23493
-0.12214,1.26813
-0.14989,1.29828
-0.17579,1.32599
-0.19976,1.35169
-0.22175,1.37562
-0.24173,1.39796
0.37529,-1.47714
0.35989,-1.45933
0.34257,-1.43951
0.32291,-1.41706
0.30042,-1.39118
0.27463,-1.36092
0.24520,-1.32506
0.21211,-1.28216
0.17593,-1.23051
0.13823,-1.16814
0.10188,-1.09304
0.07112,-1.00353
0.05100,-0.89909
0.04591,-0.78132
0.05763,-0.65437
0.08397,-0.52405
0.11934,-0.39577
0.15691,-0.27239
0.19094,-0.15360
0.21789,-0.03694
0.23630,0.08047
0.24601,0.20041
0.24746,0.32267
0.24120,0.44510
0.22784,0.56426
0.20811,0.67646
0.18305,0.77870
0.15398,0.86929
0.12228,0.94790
0.08926,1.01533
0.05594,1.07304
0.02302,1.12275
-0.00903,1.16613
-0.03994,1.20461
-0.06954,1.23931
-0.09771,1.27109
-0.12435,1.30054
-0.14936,1.32806
-0.17265,1.35388
-0.19414,1.37815
0.42001,-1.49000
0.40827,-1.47373
0.39503,-1.45581
0.37993,-1.43570
0.36253,-1.41265
0.34236,-1.38565
0.31903,-1.35335
0.29237,-1.31389
0.26272,-1.26478
0.23146,-1.20283
0.20144,-1.12443
0.17728,-1.02645
0.16467,-0.90813
0.16825,-0.77311
0.18878,-0.62987
0.22180,-0.48876
0.25960,-0.35730
0.29467,-0.23744
0.32203,-0.12639
0.33948,-0.01922
0.34673,0.08858
0.34452,0.19960
0.33395,0.31390
0.31631,0.42937
0.29288,0.54261
0.26497,0.65002
0.23388,0.74872
0.20082,0.83702
0.16687,0.91451
0.13286,0.98172
0.09939,1.03987
0.06680,1.09043
0.03527,1.13487
0.00487,1.17453
-0.02437,1.21050
-0.05242,1.24362
-0.07923,1.27450
-0.10472,1.30354
-0.12879,1.33098
-0.15134,1.35696
0.46557,-1.49923
0.45784,-1.48407
0.44911,-1.46756
0.43911,-1.44920
0.42751,-1.42832
0.41396,-1.40391
0.39809,-1.37453
0.37969,-1.33802
0.35896,-1.29121
0.33690,-1.22972
0.31589,-1.14823
0.30001,-1.04195
0.29430,-0.90993
0.30247,-0.75863
0.32391,-0.60179
0.35314,-0.45418
0.38277,-0.32406
0.40691,-0.21110
0.42250,-0.10956
0.42867,-0.01242
0.42572,0.08589
0.41444,0.18843
0.39586,0.29549
0.37120,0.40506
0.34183,0.51377
0.30916,0.61803
0.27454,0.71485
0.23913,0.80237
0.20385,0.87993
0.16933,0.94780
0.13592,1.00694
0.10377,1.05863
0.07286,1.10423
0.04313,1.14502
0.01448,1.18209
-0.01314,1.21632
-0.03976,1.24834
-0.06534,1.27859
-0.08979,1.30736
-0.11300,1.33478
0.51214,-1.50451
0.50871,-1.49001
0.50483,-1.47432
0.50035,-1.45702
0.49511,-1.43746
0.48889,-1.41469
0.48148,-1.38720
0.47273,-1.35265
0.46273,-1.30742
0.45201,-1.24624
0.44198,-1.16242
0.43507,-1.04986
0.43425,-0.90764
0.44130,-0.74493
0.45503,-0.57995
0.47136,-0.43035
0.48569,-0.30390
0.49490,-0.19793
0.49758,-0.10456
0.49340,-0.01563
0.48245,0.07494
0.46503,0.17041
0.44166,0.27131
0.41316,0.37589
0.38063,0.48095
0.34541,0.58293
0.30881,0.67875
0.27200,0.76631
0.23586,0.84464
0.20095,0.91372
0.16756,0.97426
0.13573,1.02734
0.10534,1.07423
0.07623,1.11617
0.04821,1.15427
0.02113,1.18942
-0.00511,1.22236
-0.03051,1.25357
-0.05505,1.28338
-0.07861,1.31197
0.55992,-1.50564
0.56098,-1.49128
0.56216,-1.47579
0.56344,-1.45877
0.56483,-1.43961
0.56629,-1.41735
0.56778,-1.39049
0.56928,-1.35662
0.57076,-1.31194
0.57226,-1.25082
0.57386,-1.16603
0.57565,-1.05099
0.57759,-0.90499
0.57930,-0.73857
0.58002,-0.57186
0.57891,-0.42336
0.57536,-0.30030
0.56894,-0.19893
0.55933,-0.11069
0.54610,-0.02712
0.52880,0.05797
0.50701,0.14802
0.48061,0.24385
0.44987,0.34411
0.41555,0.44597
0.37875,0.54604
0.34075,0.64121
0.30273,0.72919
0.26563,0.80868
0.23008,0.87935
0.19635,0.94161
0.16447,0.99634
0.13429,1.04470
0.10557,1.08788
0.07803,1.12700
0.05144,1.16302
0.02564,1.19672
0.00054,1.22868
-0.02389,1.25929
-0.04759,1.28879
0.60904,-1.50247
0.61467,-1.48775
0.62095,-1.47185
0.62800,-1.45435
0.63596,-1.43464
0.64495,-1.41179
0.65510,-1.38430
0.66647,-1.34982
0.67892,-1.30465
0.69196,-1.24343
0.70438,-1.15934
0.71401,-1.04636
0.71798,-0.90399
0.71398,-0.74223
0.70192,-0.57989
0.68413,-0.43453
0.66368,-0.31341
0.64266,-0.21351
0.62165,-0.12697
0.60014,-0.04578
0.57713,0.03615
0.55156,0.12238
0.52263,0.21414
0.49003,0.31059
0.45407,0.40942
0.41559,0.50762
0.37578,0.60218
0.33589,0.69068
0.29701,0.77155
0.25989,0.84410
0.22494,0.90840
0.19222,0.96512
0.16158,1.01522
0.13270,1.05984
0.10526,1.10011
0.07893,1.13703
0.05344,1.17145
0.02862,1.20403
0.00436,1.23526
-0.01932,1.26544
0.65956,-1.49499
0.66966,-1.47945
0.68088,-1.46257
0.69343,-1.44393
0.70753,-1.42288
0.72341,-1.39850
0.74129,-1.36934
0.76122,-1.33322
0.78297,-1.28681
0.80557,-1.22549
0.82692,-1.14363
0.84340,-1.03647
0.85036,-0.90376
0.84415,-0.75350
0.82461,-0.60086
0.79556,-0.46087
0.76247,-0.34106
0.72950,-0.24030
0.69850,-0.15263
0.66935,-0.07115
0.64087,0.00974
0.61155,0.09368
0.57998,0.18225
0.54523,0.27520
0.50705,0.37091
0.46592,0.46693
0.42292,0.56058
0.37943,0.64948
0.33679,0.73183
0.29610,0.80656
0.25801,0.87336
0.22274,0.93255
0.19018,0.98487
0.16001,1.03135
0.13179,1.07308
0.10507,1.11111
0.07947,1.14635
0.05468,1.17957
0.03050,1.21133
0.00683,1.24204
0.71138,-1.48334
0.72569,-1.46659
0.74146,-1.44831
0.75894,-1.42801
0.77838,-1.40505
0.80006,-1.37851
0.82418,-1.34704
0.85075,-1.30869
0.87940,-1.26070
0.90891,-1.19941
0.93683,-1.12070
0.95913,-1.02131
0.97075,-0.90131
0.96746,-0.76638
0.94837,-0.62731
0.91684,-0.49558
0.87869,-0.37828
0.83929,-0.27625
0.80182,-0.18598
0.76715,-0.10239
0.73451,-0.02082
0.70226,0.06209
0.66854,0.14811
0.63176,0.23756
0.59097,0.32958
0.54609,0.42254
0.49796,0.51439
0.44807,0.60307
0.39826,0.68670
0.35019,0.76389
0.30514,0.83380
0.26377,0.89628
0.22622,0.95170
0.19220,1.00085
0.16118,1.04473
0.13255,1.08440
0.10574,1.12085
0.08023,1.15492
0.05564,1.18731
0.03172,1.21853
0.76423,-1.46781
0.78229,-1.44962
0.80199,-1.42965
0.82358,-1.40741
0.84729,-1.38225
0.87336,-1.35328
0.90194,-1.31927
0.93298,-1.27856
0.96599,-1.22897
0.99975,-1.16784
1.03193,-1.09245
1.05892,-1.00090
1.07624,-0.89360
1.07994,-0.77440
1.06846,-0.65035
1.04370,-0.52930
1.01018,-0.41693
0.97302,-0.31516
0.93612,-0.22266
0.90136,-0.13643
0.86878,-0.05328
0.83704,0.02936
0.80409,0.11308
0.76771,0.19850
0.72608,0.28552
0.67825,0.37352
0.62441,0.46147
0.56590,0.54807
0.50492,0.63180
0.44408,0.71110
0.38578,0.78464
0.33181,0.85154
0.28310,0.91151
0.23980,0.96487
0.20149,1.01233
0.16740,1.05484
0.13667,1.09342
0.10847,1.12904
0.08209,1.16252
0.05699,1.19452
0.81764,-1.44890
0.83882,-1.42914
0.86165,-1.40741
0.88633,-1.38317
0.91306,-1.35580
0.94201,-1.32444
0.97326,-1.28800
1.00670,-1.24511
1.04185,-1.19412
1.07763,-1.13319
1.11214,-1.06068
1.14254,-0.97574
1.16542,-0.87906
1.17763,-0.77335
1.17751,-0.66307
1.16567,-0.55317
1.14490,-0.44757
1.11901,-0.34819
1.09155,-0.25502
1.06479,-0.16689
1.03944,-0.08223
1.01465,0.00026
0.98848,0.08150
0.95838,0.16203
0.92179,0.24222
0.87666,0.32239
0.82195,0.40275
0.75792,0.48329
0.68625,0.56352
0.60985,0.64241
0.53237,0.71851
0.45741,0.79027
0.38789,0.85642
0.32554,0.91628
0.27093,0.96984
0.22367,1.01758
0.18280,1.06037
0.14708,1.09919
0.11534,1.13500
0.08651,1.16866
0.87097,-1.42722
0.89449,-1.40596
0.91951,-1.38254
0.94620,-1.35646
0.97468,-1.32707
1.00507,-1.29358
1.03741,-1.25504
1.07158,-1.21030
1.10717,-1.15811
1.14335,-1.09728
1.17872,-1.02691
1.21127,-0.94684
1.23862,-0.85796
1.25855,-0.76231
1.26969,-0.66278
1.27205,-0.56240
1.26710,-0.46356
1.25724,-0.36769
1.24504,-0.27529
1.23246,-0.18640
1.22031,-0.10093
1.20816,-0.01887
1.19444,0.05972
1.17683,0.13493
1.15267,0.20719
1.11940,0.27733
1.07485,0.34647
1.01758,0.41583
0.94728,0.48637
0.86507,0.55848
0.77369,0.63173
0.67730,0.70487
0.58081,0.77615
0.48890,0.84371
0.40512,0.90615
0.33140,0.96273
0.26812,1.01345
0.21447,1.05887
0.16900,1.09986
0.13006,1.13739
0.92345,-1.40355
0.94844,-1.38096
0.97470,-1.35609
1.00231,-1.32843
1.03139,-1.29735
1.06201,-1.26210
1.09421,-1.22182
1.12791,-1.17555
1.16282,-1.12233
1.19839,-1.06139
1.23364,-0.99234
1.26723,-0.91544
1.29760,-0.83171
1.32325,-0.74281
1.34320,-0.65072
1.35725,-0.55727
1.36613,-0.46383
1.37119,-0.37128
1.37400,-0.28029
1.37585,-0.19157
1.37733,-0.10606
1.37815,-0.02485
1.37724,0.05118
1.37298,0.12161
1.36340,0.18667
1.34645,0.24726
1.32002,0.30475
1.28205,0.36085
1.23063,0.41730
1.16432,0.47569
1.08256,0.53718
0.98632,0.60220
0.87845,0.67028
0.76373,0.73999
0.64813,0.80929
0.53764,0.87596
0.43697,0.93822
0.34883,0.99504
0.27390,1.04620
0.21127,1.09215
0.97422,-1.37870
0.99983,-1.35504
1.02641,-1.32902
1.05401,-1.30012
1.08274,-1.26770
1.11269,-1.23105
1.14391,-1.18936
1.17640,-1.14178
1.21003,-1.08757
1.24444,-1.02625
1.27901,-0.95778
1.31284,-0.88269
1.34488,-0.80207
1.37410,-0.71739
1.39978,-0.63007
1.42165,-0.54125
1.44000,-0.45167
1.45551,-0.36184
1.46897,-0.27243
1.48104,-0.18457
1.49197,-0.09984
1.50155,-0.01996
1.50915,0.05365
1.51388,0.12026
1.51470,0.17996
1.51049,0.23354
1.50004,0.28230
1.48193,0.32780
1.45447,0.37170
1.41567,0.41572
1.36335,0.46152
1.29539,0.51062
1.21036,0.56424
1.10814,0.62302
0.99074,0.68677
0.86266,0.75425
0.73043,0.82338
0.60142,0.89160
0.48212,0.95654
0.37688,1.01657
1.02245,-1.35348
1.04792,-1.32905
1.07404,-1.30219
1.10090,-1.27236
1.12860,-1.23891
1.15728,-1.20113
1.18705,-1.15823
1.21800,-1.10945
1.25010,-1.05420
1.28318,-0.99222
1.31681,-0.92371
1.35037,-0.84944
1.38307,-0.77059
1.41412,-0.68847
1.44291,-0.60421
1.46910,-0.51852
1.49272,-0.43175
1.51399,-0.34421
1.53321,-0.25658
1.55062,-0.17021
1.56624,-0.08699
1.57991,-0.00897
1.59133,0.06223
1.60014,0.12578
1.60599,0.18174
1.60852,0.23085
1.60728,0.27424
1.60167,0.31326
1.59084,0.34926
1.57362,0.38356
1.54838,0.41748
1.51308,0.45237
1.46521,0.48964
1.40208,0.53074
1.32118,0.57705
1.22098,0.62963
1.10186,0.68888
0.96699,0.75418
0.82256,0.82373
0.67687,0.89481
1.06745,-1.32861
1.09213,-1.30369
1.11721,-1.27625
1.14282,-1.24574
1.16910,-1.21148
1.19621,-1.17272
1.22436,-1.12869
1.25370,-1.07870
1.28431,-1.02228
1.31610,-0.95936
1.34876,-0.89038
1.38178,-0.81629
1.41448,-0.73838
1.44615,-0.65790
1.47619,-0.57577
1.50421,-0.49242
1.53006,-0.40797
1.55370,-0.32261
1.57516,-0.23702
1.59446,-0.15264
1.61151,-0.07151
1.62623,0.00426
1.63855,0.07303
1.64845,0.13400
1.65594,0.18724
1.66107,0.23346
1.66381,0.27372
1.66408,0.30919
1.66158,0.34099
1.65587,0.37014
1.64620,0.39756
1.63150,0.42415
1.61026,0.45086
1.58048,0.47872
1.53963,0.50896
1.48467,0.54299
1.41233,0.58238
1.31971,0.62863
1.20526,0.68288
1.07005,0.74537
1.10871,-1.30466
1.13214,-1.27946
1.15581,-1.25165
1.17989,-1.22061
1.20455,-1.18563
1.23005,-1.14593
1.25662,-1.10075
1.28449,-1.04944
1.31379,-0.99168
1.34447,-0.92757
1.37626,-0.85781
1.40864,-0.78356
1.44095,-0.70618
1.47247,-0.62691
1.50260,-0.54651
1.53090,-0.46520
1.55711,-0.38293
1.58109,-0.29979
1.60276,-0.21647
1.62203,-0.13443
1.63883,-0.05570
1.65315,0.01764
1.66505,0.08401
1.67470,0.14270
1.68229,0.19379
1.68804,0.23799
1.69212,0.27630
1.69464,0.30977
1.69561,0.33939
1.69491,0.36600
1.69230,0.39031
1.68736,0.41293
1.67944,0.43445
1.66762,0.45547
1.65058,0.47667
1.62651,0.49892
1.59301,0.52330
1.54701,0.55117
1.48483,0.58421
1.40256,0.62429
1.14593,-1.28202
1.16784,-1.25670
1.18993,-1.22860
1.21238,-1.19709
1.23545,-1.16138
1.25943,-1.12069
1.28461,-1.07423
1.31126,-1.02145
1.33953,-0.96215
1.36935,-0.89668
1.40041,-0.82597
1.43215,-0.75140
1.46385,-0.67443
1.49478,-0.59626
1.52431,-0.51749
1.55199,-0.43817
1.57754,-0.35809
1.60081,-0.27727
1.62166,-0.19636
1.64003,-0.11681
1.65586,-0.04060
1.66922,0.03028
1.68026,0.09437
1.68920,0.15100
1.69634,0.20030
1.70195,0.24295
1.70627,0.27988
1.70948,0.31209
1.71167,0.34046
1.71290,0.36576
1.71312,0.38857
1.71220,0.40937
1.70993,0.42857
1.70595,0.44655
1.69972,0.46367
1.69048,0.48038
1.67711,0.49723
1.65806,0.51495
1.63116,0.53449
1.59347,0.55716
1.17905,-1.26094
1.19936,-1.23553
1.21984,-1.20717
1.24073,-1.17514
1.26235,-1.13862
1.28502,-1.09679
1.30908,-1.04889
1.33481,-0.99444
1.36234,-0.93344
1.39156,-0.86647
1.42205,-0.79476
1.45318,-0.71988
1.48417,-0.64338
1.51424,-0.56639
1.54278,-0.48932
1.56937,-0.41206
1.59375,-0.33423
1.61580,-0.25579
1.63540,-0.17735
1.65253,-0.10032
1.66717,-0.02659
1.67944,0.04193
1.68952,0.10388
1.69769,0.15866
1.70424,0.20640
1.70948,0.24775
1.71364,0.28362
1.71691,0.31491
1.71944,0.34247
1.72131,0.36698
1.72255,0.38898
1.72317,0.40889
1.72309,0.42703
1.72221,0.44367
1.72035,0.45905
1.71722,0.47344
1.71240,0.48710
1.70525,0.50039
1.69486,0.51376
1.67990,0.52784
1.20822,-1.24146
1.22695,-1.21596
1.24592,-1.18727
1.26543,-1.15461
1.28582,-1.11713
1.30746,-1.07396
1.33071,-1.02440
1.35584,-0.96809
1.38292,-0.90524
1.41176,-0.83673
1.44183,-0.76407
1.47238,-0.68902
1.50257,-0.61318
1.53163,-0.53754
1.55897,-0.46233
1.58423,-0.38721
1.60722,-0.31170
1.62784,-0.23565
1.64606,-0.15966
1.66186,-0.08508
1.67530,-0.01374
1.68650,0.05257
1.69568,0.11254
1.70311,0.16564
1.70910,0.21200
1.71391,0.25224
1.71779,0.28721
1.72093,0.31777
1.72345,0.34471
1.72546,0.36867
1.72702,0.39016
1.72815,0.40955
1.72887,0.42714
1.72916,0.44314
1.72896,0.45776
1.72818,0.47116
1.72669,0.48352
1.72424,0.49502
1.72051,0.50591
1.71499,0.51646
