-0.61920,1.36121
-0.61920,1.36121
-0.61919,1.36121
-0.61919,1.36121
-0.61918,1.36121
-0.61918,1.36121
-0.61917,1.36121
-0.61916,1.36121
-0.61915,1.36121
-0.61914,1.36121
-0.61913,1.36121
-0.61911,1.36121
-0.61908,1.36121
-0.61905,1.36121
-0.61901,1.36121
-0.61896,1.36121
-0.61890,1.36121
-0.61883,1.36121
-0.61874,1.36121
-0.61865,1.36120
-0.61855,1.36120
-0.61844,1.36120
-0.61834,1.36120
-0.61824,1.36120
-0.61814,1.36120
-0.61804,1.36119
-0.61797,1.36119
-0.61790,1.36119
-0.61786,1.36119
-0.61783,1.36119
-0.61780,1.36119
-0.61778,1.36119
-0.61777,1.36119
-0.61776,1.36119
-0.61775,1.36119
-0.61774,1.36119
-0.61774,1.36119
-0.61773,1.36119
-0.61773,1.36119
-0.61772,1.36119
-0.61920,1.36121
-0.61920,1.36121
-0.61919,1.36121
-0.61919,1.36121
-0.61918,1.36121
-0.61918,1.36121
-0.61917,1.36121
-0.61916,1.36121
-0.61915,1.36121
-0.61914,1.36121
-0.61913,1.36121
-0.61911,1.36121
-0.61908,1.36121
-0.61905,1.36121
-0.61901,1.36121
-0.61896,1.36121
-0.61890,1.36121
-0.61882,1.36121
-0.61873,1.36121
-0.61863,1.36120
-0.61853,1.36120
-0.61842,1.36120
-0.61831,1.36120
-0.61821,1.36120
-0.61811,1.36120
-0.61802,1.36119
-0.61794,1.36119
-0.61789,1.36119
-0.61785,1.36119
-0.61781,1.36119
-0.61779,1.36119
-0.61778,1.36119
-0.61776,1.36119
-0.61775,1.36119
-0.61775,1.36119
-0.61774,1.36119
-0.61773,1.36119
-0.61773,1.36119
-0.61772,1.36119
-0.61772,1.36119
-0.61921,1.36121
-0.61920,1.36121
-0.61920,1.36121
-0.61919,1.36121
-0.61919,1.36121
-0.61918,1.36121
-0.61917,1.36121
-0.61916,1.36121
-0.61916,1.36121
-0.61914,1.36121
-0.61913,1.36121
-0.61911,1.36121
-0.61908,1.36121
-0.61905,1.36121
-0.61901,1.36121
-0.61896,1.36121
-0.61889,1.36121
-0.61881,1.36121
-0.61872,1.36121
-0.61862,1.36120
-0.61851,1.36120
-0.61840,1.36120
-0.61828,1.36120
-0.61818,1.36120
-0.61808,1.36120
-0.61799,1.36119
-0.61792,1.36119
-0.61787,1.36119
-0.61783,1.36119
-0.61780,1.36119
-0.61778,1.36119
-0.61777,1.36119
-0.61776,1.36119
-0.61775,1.36119
-0.61774,1.36119
-0.61773,1.36119
-0.61773,1.36119
-0.61772,1.36119
-0.61772,1.36119
-0.61771,1.36119
-0.61922,1.36121
-0.61921,1.36121
-0.61920,1.36121
-0.61920,1.36121
-0.61919,1.36121
-0.61918,1.36121
-0.61918,1.36121
-0.61917,1.36121
-0.61916,1.36121
-0.61914,1.36121
-0.61913,1.36121
-0.61911,1.36121
-0.61908,1.36121
-0.61905,1.36121
-0.61901,1.36121
-0.61896,1.36121
-0.61889,1.36121
-0.61880,1.36121
-0.61871,1.36121
-0.61860,1.36120
-0.61848,1.36120
-0.61837,1.36120
-0.61825,1.36120
-0.61814,1.36120
-0.61804,1.36119
-0.61796,1.36119
-0.61790,1.36119
-0.61785,1.36119
-0.61782,1.36119
-0.61779,1.36119
-0.61778,1.36119
-0.61776,1.36119
-0.61775,1.36119
-0.61774,1.36119
-0.61773,1.36119
-0.61773,1.36119
-0.61772,1.36119
-0.61771,1.36119
-0.61771,1.36119
-0.61771,1.36119
-0.61921,1.36121
-0.61922,1.36121
-0.61922,1.36121
-0.61921,1.36121
-0.61920,1.36121
-0.61919,1.36121
-0.61918,1.36121
-0.61917,1.36121
-0.61916,1.36121
-0.61915,1.36121
-0.61913,1.36121
-0.61911,1.36121
-0.61908,1.36121
-0.61905,1.36121
-0.61901,1.36121
-0.61895,1.36121
-0.61888,1.36121
-0.61879,1.36121
-0.61869,1.36121
-0.61858,1.36120
-0.61846,1.36120
-0.61833,1.36120
-0.61822,1.36120
-0.61811,1.36120
-0.61801,1.36119
-0.61794,1.36119
-0.61788,1.36119
-0.61784,1.36119
-0.61781,1.36119
-0.61778,1.36119
-0.61777,1.36119
-0.61775,1.36119
-0.61774,1.36119
-0.61773,1.36119
-0.61773,1.36119
-0.61772,1.36119
-0.61771,1.36119
-0.61771,1.36119
-0.61770,1.36119
-0.61770,1.36119
0.58627,-1.39212
0.58572,-1.39215
0.58383,-1.39226
-0.61919,1.36121
-0.61921,1.36121
-0.61920,1.36121
-0.61919,1.36121
-0.61918,1.36121
-0.61916,1.36121
-0.61915,1.36121
-0.61913,1.36121
-0.61911,1.36121
-0.61908,1.36121
-0.61905,1.36121
-0.61900,1.36121
-0.61894,1.36121
-0.61887,1.36121
-0.61878,1.36121
-0.61867,1.36121
-0.61855,1.36120
-0.61842,1.36120
-0.61830,1.36120
-0.61818,1.36120
-0.61807,1.36120
-0.61798,1.36119
-0.61791,1.36119
-0.61786,1.36119
-0.61782,1.36119
-0.61779,1.36119
-0.61777,1.36119
-0.61776,1.36119
-0.61774,1.36119
-0.61773,1.36119
-0.61772,1.36119
-0.61772,1.36119
-0.61771,1.36119
-0.61771,1.36119
-0.61770,1.36119
-0.61770,1.36119
-0.61769,1.36119
0.58675,-1.39209
0.58663,-1.39209
0.58645,-1.39211
0.58617,-1.39212
0.58569,-1.39215
0.58454,-1.39222
-0.61907,1.36121
-0.61916,1.36121
-0.61916,1.36121
-0.61915,1.36121
-0.61913,1.36121
-0.61911,1.36121
-0.61908,1.36121
-0.61904,1.36121
-0.61899,1.36121
-0.61893,1.36121
-0.61885,1.36121
-0.61875,1.36121
-0.61864,1.36120
-0.61851,1.36120
-0.61838,1.36120
-0.61825,1.36120
-0.61814,1.36120
-0.61804,1.36119
-0.61795,1.36119
-0.61789,1.36119
-0.61784,1.36119
-0.61781,1.36119
-0.61778,1.36119
-0.61776,1.36119
-0.61775,1.36119
-0.61773,1.36119
-0.61772,1.36119
-0.61772,1.36119
-0.61771,1.36119
-0.61770,1.36119
-0.61770,1.36119
-0.61769,1.36119
-0.61769,1.36119
-0.61769,1.36119
0.58689,-1.39208
0.58684,-1.39208
0.58677,-1.39209
0.58668,-1.39209
0.58656,-1.39210
0.58639,-1.39211
0.58615,-1.39212
0.58581,-1.39215
0.58524,-1.39218
0.58402,-1.39225
-0.61887,1.36121
-0.61905,1.36121
-0.61904,1.36121
-0.61901,1.36121
-0.61896,1.36121
-0.61890,1.36121
-0.61881,1.36121
-0.61871,1.36121
-0.61859,1.36120
-0.61846,1.36120
-0.61833,1.36120
-0.61820,1.36120
-0.61809,1.36120
-0.61800,1.36119
-0.61792,1.36119
-0.61787,1.36119
-0.61782,1.36119
-0.61779,1.36119
-0.61777,1.36119
-0.61775,1.36119
-0.61773,1.36119
-0.61772,1.36119
-0.61771,1.36119
-0.61771,1.36119
-0.61770,1.36119
-0.61770,1.36119
-0.61769,1.36119
-0.61769,1.36119
-0.61768,1.36119
-0.61768,1.36119
0.58694,-1.39208
0.58692,-1.39208
0.58689,-1.39208
0.58684,-1.39208
0.58678,-1.39209
0.58670,-1.39209
0.58661,-1.39210
0.58649,-1.39210
0.58634,-1.39211
0.58615,-1.39212
0.58590,-1.39214
0.58559,-1.39216
0.58516,-1.39218
0.58456,-1.39222
0.58350,-1.39228
0.58017,-1.39245
-0.61860,1.36120
-0.61858,1.36120
-0.61849,1.36120
-0.61838,1.36120
-0.61826,1.36120
-0.61815,1.36120
-0.61805,1.36119
-0.61796,1.36119
-0.61790,1.36119
-0.61784,1.36119
-0.61780,1.36119
-0.61777,1.36119
-0.61775,1.36119
-0.61773,1.36119
-0.61772,1.36119
-0.61771,1.36119
-0.61770,1.36119
-0.61770,1.36119
-0.61769,1.36119
-0.61769,1.36119
-0.61768,1.36119
-0.61768,1.36119
-0.61768,1.36119
-0.61768,1.36119
0.58696,-1.39207
0.58695,-1.39208
0.58693,-1.39208
0.58691,-1.39208
0.58688,-1.39208
0.58683,-1.39208
0.58678,-1.39209
0.58671,-1.39209
0.58662,-1.39210
0.58652,-1.39210
0.58640,-1.39211
0.58624,-1.39212
0.58606,-1.39213
0.58583,-1.39214
0.58555,-1.39216
0.58519,-1.39218
0.58470,-1.39221
0.58398,-1.39225
0.58267,-1.39232
0.57780,-1.39256
-0.61818,1.36120
-0.61810,1.36120
-0.61801,1.36119
-0.61793,1.36119
-0.61787,1.36119
-0.61782,1.36119
-0.61778,1.36119
-0.61775,1.36119
-0.61773,1.36119
-0.61772,1.36119
-0.61771,1.36119
-0.61770,1.36119
-0.61769,1.36119
-0.61769,1.36119
-0.61768,1.36119
-0.61768,1.36119
-0.61768,1.36119
-0.61767,1.36119
-0.61767,1.36119
-0.61767,1.36119
0.58696,-1.39207
0.58696,-1.39207
0.58695,-1.39207
0.58694,-1.39208
0.58692,-1.39208
0.58689,-1.39208
0.58686,-1.39208
0.58681,-1.39208
0.58675,-1.39209
0.58668,-1.39209
0.58660,-1.39210
0.58649,-1.39210
0.58636,-1.39211
0.58619,-1.39212
0.58599,-1.39213
0.58574,-1.39215
0.58543,-1.39217
0.58502,-1.39219
0.58447,-1.39222
0.58368,-1.39227
0.58233,-1.39234
0.57797,-1.39255
-0.61801,1.36119
-0.61791,1.36119
-0.61785,1.36119
-0.61779,1.36119
-0.61776,1.36119
-0.61773,1.36119
-0.61772,1.36119
-0.61770,1.36119
-0.61770,1.36119
-0.61769,1.36119
-0.61768,1.36119
-0.61768,1.36119
-0.61768,1.36119
-0.61767,1.36119
-0.61767,1.36119
-0.61767,1.36119
-0.61767,1.36119
-0.61766,1.36119
0.58697,-1.39207
0.58696,-1.39207
0.58696,-1.39207
0.58695,-1.39207
0.58694,-1.39208
0.58692,-1.39208
0.58690,-1.39208
0.58687,-1.39208
0.58682,-1.39208
0.58677,-1.39209
0.58670,-1.39209
0.58662,-1.39210
0.58651,-1.39210
0.58638,-1.39211
0.58621,-1.39212
0.58600,-1.39213
0.58574,-1.39215
0.58541,-1.39217
0.58499,-1.39219
0.58446,-1.39222
0.58372,-1.39227
0.58258,-1.39233
0.57993,-1.39246
-0.61793,1.36119
-0.61782,1.36119
-0.61777,1.36119
-0.61773,1.36119
-0.61771,1.36119
-0.61770,1.36119
-0.61769,1.36119
-0.61768,1.36119
-0.61768,1.36119
-0.61767,1.36119
-0.61767,1.36119
-0.61767,1.36119
-0.61766,1.36119
-0.61766,1.36119
-0.61766,1.36119
-0.61766,1.36119
-0.61766,1.36119
0.58697,-1.39207
0.58697,-1.39207
0.58696,-1.39207
0.58696,-1.39207
0.58695,-1.39207
0.58694,-1.39208
0.58692,-1.39208
0.58690,-1.39208
0.58686,-1.39208
0.58682,-1.39208
0.58676,-1.39209
0.58669,-1.39209
0.58660,-1.39210
0.58649,-1.39210
0.58634,-1.39211
0.58616,-1.39212
0.58592,-1.39214
0.58563,-1.39216
0.58527,-1.39218
0.58481,-1.39220
0.58424,-1.39224
0.58345,-1.39228
0.58219,-1.39235
0.57882,-1.39252
-0.61779,1.36119
-0.61773,1.36119
-0.61770,1.36119
-0.61769,1.36119
-0.61768,1.36119
-0.61767,1.36119
-0.61767,1.36119
-0.61766,1.36119
-0.61766,1.36119
-0.61766,1.36119
-0.61766,1.36119
-0.61765,1.36119
-0.61765,1.36119
-0.61765,1.36119
-0.61765,1.36119
-0.61765,1.36119
0.58697,-1.39207
0.58697,-1.39207
0.58697,-1.39207
0.58696,-1.39207
0.58696,-1.39207
0.58695,-1.39207
0.58694,-1.39208
0.58692,-1.39208
0.58689,-1.39208
0.58686,-1.39208
0.58681,-1.39208
0.58675,-1.39209
0.58667,-1.39209
0.58657,-1.39210
0.58644,-1.39211
0.58627,-1.39212
0.58605,-1.39213
0.58578,-1.39215
0.58544,-1.39217
0.58503,-1.39219
0.58451,-1.39222
0.58385,-1.39226
0.58288,-1.39231
0.58100,-1.39241
-0.61772,1.36119
-0.61768,1.36119
-0.61766,1.36119
-0.61766,1.36119
-0.61765,1.36119
-0.61765,1.36119
-0.61765,1.36119
-0.61765,1.36119
-0.61765,1.36119
-0.61764,1.36119
-0.61764,1.36119
-0.61764,1.36119
-0.61764,1.36119
-0.61764,1.36119
-0.61764,1.36119
-0.61764,1.36119
0.58697,-1.39207
0.58697,-1.39207
0.58697,-1.39207
0.58697,-1.39207
0.58696,-1.39207
0.58696,-1.39207
0.58695,-1.39207
0.58694,-1.39208
0.58691,-1.39208
0.58688,-1.39208
0.58684,-1.39208
0.58679,-1.39208
0.58672,-1.39209
0.58663,-1.39209
0.58651,-1.39210
0.58635,-1.39211
0.58615,-1.39212
0.58590,-1.39214
0.58557,-1.39216
0.58518,-1.39218
0.58469,-1.39221
0.58406,-1.39225
0.58318,-1.39230
0.58157,-1.39238
0.57052,-1.39282
-0.61757,1.36119
-0.61760,1.36119
-0.61761,1.36119
-0.61761,1.36119
-0.61762,1.36119
-0.61762,1.36119
-0.61762,1.36119
-0.61763,1.36119
-0.61763,1.36119
-0.61763,1.36119
-0.61763,1.36119
-0.61763,1.36119
-0.61763,1.36119
-0.61763,1.36119
-0.61763,1.36119
0.58698,-1.39207
0.58697,-1.39207
0.58697,-1.39207
0.58697,-1.39207
0.58697,-1.39207
0.58696,-1.39207
0.58696,-1.39207
0.58695,-1.39208
0.58693,-1.39208
0.58691,-1.39208
0.58687,-1.39208
0.58683,-1.39208
0.58676,-1.39209
0.58668,-1.39209
0.58657,-1.39210
0.58643,-1.39211
0.58624,-1.39212
0.58599,-1.39213
0.58568,-1.39215
0.58529,-1.39218
0.58480,-1.39220
0.58417,-1.39224
0.58327,-1.39229
0.58151,-1.39238
-0.61666,1.36117
-0.61731,1.36118
-0.61744,1.36118
-0.61751,1.36118
-0.61754,1.36119
-0.61756,1.36119
-0.61758,1.36119
-0.61759,1.36119
-0.61760,1.36119
-0.61760,1.36119
-0.61761,1.36119
-0.61761,1.36119
-0.61761,1.36119
-0.61762,1.36119
-0.61762,1.36119
-0.61762,1.36119
0.58698,-1.39207
0.58698,-1.39207
0.58697,-1.39207
0.58697,-1.39207
0.58697,-1.39207
0.58697,-1.39207
0.58696,-1.39207
0.58696,-1.39207
0.58695,-1.39208
0.58693,-1.39208
0.58690,-1.39208
0.58686,-1.39208
0.58681,-1.39208
0.58673,-1.39209
0.58663,-1.39209
0.58650,-1.39210
0.58632,-1.39211
0.58609,-1.39213
0.58578,-1.39215
0.58538,-1.39217
0.58487,-1.39220
0.58419,-1.39224
0.58314,-1.39230
0.58035,-1.39244
-0.61663,1.36117
-0.61702,1.36118
-0.61721,1.36118
-0.61734,1.36118
-0.61742,1.36118
-0.61747,1.36118
-0.61751,1.36118
-0.61754,1.36119
-0.61755,1.36119
-0.61757,1.36119
-0.61758,1.36119
-0.61759,1.36119
-0.61759,1.36119
-0.61760,1.36119
-0.61760,1.36119
-0.61760,1.36119
0.58698,-1.39207
0.58698,-1.39207
0.58698,-1.39207
0.58698,-1.39207
0.58697,-1.39207
0.58697,-1.39207
0.58697,-1.39207
0.58696,-1.39207
0.58696,-1.39207
0.58694,-1.39208
0.58692,-1.39208
0.58689,-1.39208
0.58684,-1.39208
0.58678,-1.39209
0.58669,-1.39209
0.58657,-1.39210
0.58640,-1.39211
0.58618,-1.39212
0.58587,-1.39214
0.58546,-1.39217
0.58491,-1.39220
0.58409,-1.39225
0.58248,-1.39233
-0.61575,1.36115
-0.61652,1.36117
-0.61681,1.36117
-0.61700,1.36118
-0.61715,1.36118
-0.61726,1.36118
-0.61735,1.36118
-0.61741,1.36118
-0.61746,1.36118
-0.61749,1.36118
-0.61752,1.36119
-0.61754,1.36119
-0.61755,1.36119
-0.61756,1.36119
-0.61757,1.36119
-0.61758,1.36119
-0.61758,1.36119
0.58698,-1.39207
0.58698,-1.39207
0.58698,-1.39207
0.58698,-1.39207
0.58698,-1.39207
0.58697,-1.39207
0.58697,-1.39207
0.58697,-1.39207
0.58696,-1.39207
0.58695,-1.39207
0.58694,-1.39208
0.58692,-1.39208
0.58688,-1.39208
0.58682,-1.39208
0.58674,-1.39209
0.58663,-1.39209
0.58648,-1.39210
0.58626,-1.39212
0.58596,-1.39214
0.58552,-1.39216
0.58485,-1.39220
0.58358,-1.39227
-0.61472,1.36113
-0.61603,1.36116
-0.61643,1.36116
-0.61667,1.36117
-0.61685,1.36117
-0.61699,1.36118
-0.61711,1.36118
-0.61721,1.36118
-0.61729,1.36118
-0.61736,1.36118
-0.61741,1.36118
-0.61745,1.36118
-0.61748,1.36118
-0.61750,1.36118
-0.61752,1.36119
-0.61754,1.36119
-0.61755,1.36119
-0.61756,1.36119
0.58698,-1.39207
0.58698,-1.39207
0.58698,-1.39207
0.58698,-1.39207
0.58698,-1.39207
0.58698,-1.39207
0.58697,-1.39207
0.58697,-1.39207
0.58697,-1.39207
0.58696,-1.39207
0.58695,-1.39207
0.58694,-1.39208
0.58691,-1.39208
0.58686,-1.39208
0.58679,-1.39209
0.58669,-1.39209
0.58655,-1.39210
0.58634,-1.39211
0.58603,-1.39213
0.58553,-1.39216
0.58437,-1.39223
-0.61327,1.36109
-0.61532,1.36114
-0.61597,1.36115
-0.61633,1.36116
-0.61656,1.36117
-0.61673,1.36117
-0.61687,1.36117
-0.61699,1.36118
-0.61709,1.36118
-0.61718,1.36118
-0.61725,1.36118
-0.61732,1.36118
-0.61737,1.36118
-0.61741,1.36118
-0.61745,1.36118
-0.61747,1.36118
-0.61750,1.36118
-0.61751,1.36119
-0.61753,1.36119
0.58698,-1.39207
0.58698,-1.39207
0.58698,-1.39207
0.58698,-1.39207
0.58698,-1.39207
0.58698,-1.39207
0.58698,-1.39207
0.58697,-1.39207
0.58697,-1.39207
0.58697,-1.39207
0.58696,-1.39207
0.58695,-1.39207
0.58693,-1.39208
0.58689,-1.39208
0.58683,-1.39208
0.58674,-1.39209
0.58661,-1.39210
0.58640,-1.39211
0.58604,-1.39213
-0.55253,1.35707
-0.60610,1.36088
-0.61347,1.36110
-0.61516,1.36114
-0.61584,1.36115
-0.61621,1.36116
-0.61646,1.36116
-0.61663,1.36117
-0.61677,1.36117
-0.61689,1.36117
-0.61699,1.36118
-0.61708,1.36118
-0.61716,1.36118
-0.61722,1.36118
-0.61728,1.36118
-0.61734,1.36118
-0.61738,1.36118
-0.61742,1.36118
-0.61745,1.36118
-0.61747,1.36118
-0.61749,1.36118
0.58698,-1.39207
0.58698,-1.39207
0.58698,-1.39207
0.58698,-1.39207
0.58698,-1.39207
0.58698,-1.39207
0.58698,-1.39207
0.58698,-1.39207
0.58698,-1.39207
0.58697,-1.39207
0.58697,-1.39207
0.58696,-1.39207
0.58695,-1.39207
0.58692,-1.39208
0.58687,-1.39208
0.58679,-1.39209
0.58664,-1.39209
0.58624,-1.39212
-0.54819,1.35660
-0.58378,1.35976
-0.60552,1.36086
-0.61279,1.36108
-0.61486,1.36113
-0.61567,1.36115
-0.61609,1.36116
-0.61635,1.36116
-0.61654,1.36117
-0.61669,1.36117
-0.61680,1.36117
-0.61690,1.36117
-0.61699,1.36118
-0.61707,1.36118
-0.61714,1.36118
-0.61721,1.36118
-0.61726,1.36118
-0.61731,1.36118
-0.61736,1.36118
-0.61739,1.36118
-0.61743,1.36118
-0.61745,1.36118
0.58698,-1.39207
0.58698,-1.39207
0.58698,-1.39207
0.58698,-1.39207
0.58698,-1.39207
0.58698,-1.39207
0.58698,-1.39207
0.58698,-1.39207
0.58698,-1.39207
0.58698,-1.39207
0.58697,-1.39207
0.58697,-1.39207
0.58696,-1.39207
0.58695,-1.39208
0.58691,-1.39208
0.58681,-1.39208
-0.45836,1.34172
-0.53484,1.35499
-0.56044,1.35787
-0.58376,1.35976
-0.60294,1.36076
-0.61167,1.36105
-0.61441,1.36112
-0.61544,1.36114
-0.61594,1.36115
-0.61624,1.36116
-0.61645,1.36116
-0.61660,1.36117
-0.61673,1.36117
-0.61683,1.36117
-0.61692,1.36117
-0.61700,1.36118
-0.61707,1.36118
-0.61713,1.36118
-0.61719,1.36118
-0.61725,1.36118
-0.61730,1.36118
-0.61734,1.36118
-0.61738,1.36118
-0.61741,1.36118
0.58698,-1.39207
0.58698,-1.39207
0.58698,-1.39207
0.58698,-1.39207
0.58698,-1.39207
0.58698,-1.39207
0.58698,-1.39207
0.58698,-1.39207
0.58698,-1.39207
0.58698,-1.39207
0.58698,-1.39207
0.58698,-1.39207
0.58697,-1.39207
0.58696,-1.39207
0.58694,-1.39208
-0.42247,1.33320
-0.51974,1.35292
-0.54242,1.35593
-0.56111,1.35794
-0.58064,1.35955
-0.59924,1.36061
-0.61001,1.36101
-0.61379,1.36111
-0.61515,1.36114
-0.61577,1.36115
-0.61613,1.36116
-0.61636,1.36116
-0.61652,1.36117
-0.61665,1.36117
-0.61676,1.36117
-0.61685,1.36117
-0.61693,1.36117
-0.61700,1.36118
-0.61707,1.36118
-0.61713,1.36118
-0.61719,1.36118
-0.61724,1.36118
-0.61728,1.36118
-0.61733,1.36118
-0.61736,1.36118
0.58698,-1.39207
0.58698,-1.39207
0.58698,-1.39207
0.58698,-1.39207
0.58698,-1.39207
0.58698,-1.39207
0.58698,-1.39207
0.58698,-1.39207
0.58698,-1.39207
0.58698,-1.39207
0.58698,-1.39207
0.58698,-1.39207
0.58698,-1.39207
0.58698,-1.39207
0.58696,-1.39207
-0.49426,1.34880
-0.52407,1.35354
-0.54218,1.35590
-0.55851,1.35768
-0.57609,1.35922
-0.59447,1.36038
-0.60757,1.36093
-0.61291,1.36108
-0.61477,1.36113
-0.61557,1.36115
-0.61599,1.36116
-0.61626,1.36116
-0.61644,1.36116
-0.61658,1.36117
-0.61670,1.36117
-0.61679,1.36117
-0.61687,1.36117
-0.61694,1.36117
-0.61701,1.36118
-0.61707,1.36118
-0.61713,1.36118
-0.61718,1.36118
-0.61723,1.36118
-0.61728,1.36118
-0.61732,1.36118
0.58698,-1.39207
0.58698,-1.39207
0.58698,-1.39207
0.58698,-1.39207
0.58698,-1.39207
0.58698,-1.39207
0.58698,-1.39207
0.58698,-1.39207
0.58698,-1.39207
0.58698,-1.39207
0.58698,-1.39207
0.58698,-1.39207
0.58698,-1.39207
0.58699,-1.39207
0.58704,-1.39207
-0.49061,1.34815
-0.52025,1.35299
-0.53810,1.35541
-0.55371,1.35720
-0.57025,1.35875
-0.58844,1.36005
-0.60393,1.36080
-0.61155,1.36105
-0.61424,1.36112
-0.61530,1.36114
-0.61583,1.36115
-0.61614,1.36116
-0.61636,1.36116
-0.61651,1.36117
-0.61663,1.36117
-0.61673,1.36117
-0.61682,1.36117
-0.61689,1.36117
-0.61696,1.36117
-0.61702,1.36118
-0.61708,1.36118
-0.61713,1.36118
-0.61718,1.36118
-0.61723,1.36118
-0.61727,1.36118
0.58698,-1.39207
0.58698,-1.39207
0.58698,-1.39207
0.58698,-1.39207
0.58698,-1.39207
0.58698,-1.39207
0.58698,-1.39207
0.58699,-1.39207
0.58699,-1.39207
0.58699,-1.39207
0.58699,-1.39207
0.58699,-1.39207
0.58699,-1.39207
0.58701,-1.39207
0.58708,-1.39207
-0.45674,1.34136
-0.50872,1.35123
-0.53000,1.35436
-0.54637,1.35639
-0.56261,1.35808
-0.58060,1.35954
-0.59829,1.36057
-0.60925,1.36098
-0.61341,1.36110
-0.61493,1.36113
-0.61562,1.36115
-0.61601,1.36116
-0.61625,1.36116
-0.61643,1.36116
-0.61656,1.36117
-0.61667,1.36117
-0.61676,1.36117
-0.61684,1.36117
-0.61691,1.36117
-0.61697,1.36117
-0.61703,1.36118
-0.61708,1.36118
-0.61713,1.36118
-0.61718,1.36118
-0.61723,1.36118
0.58698,-1.39207
0.58698,-1.39207
0.58699,-1.39207
0.58699,-1.39207
0.58699,-1.39207
0.58699,-1.39207
0.58699,-1.39207
0.58699,-1.39207
0.58699,-1.39207
0.58699,-1.39207
0.58699,-1.39207
0.58700,-1.39207
0.58701,-1.39207
0.58703,-1.39207
0.58710,-1.39207
0.58732,-1.39205
-0.47587,1.34535
-0.51448,1.35213
-0.53476,1.35498
-0.55193,1.35701
-0.56991,1.35872
-0.58922,1.36010
-0.60471,1.36083
-0.61182,1.36106
-0.61430,1.36112
-0.61530,1.36114
-0.61581,1.36115
-0.61612,1.36116
-0.61633,1.36116
-0.61648,1.36117
-0.61660,1.36117
-0.61670,1.36117
-0.61678,1.36117
-0.61685,1.36117
-0.61692,1.36117
-0.61698,1.36117
-0.61703,1.36118
-0.61709,1.36118
-0.61714,1.36118
-0.61718,1.36118
0.58699,-1.39207
0.58699,-1.39207
0.58699,-1.39207
0.58699,-1.39207
0.58699,-1.39207
0.58699,-1.39207
0.58699,-1.39207
0.58699,-1.39207
0.58699,-1.39207
0.58700,-1.39207
0.58700,-1.39207
0.58701,-1.39207
0.58703,-1.39207
0.58706,-1.39207
0.58712,-1.39206
0.58722,-1.39206
0.58741,-1.39205
-0.46763,1.34369
-0.51247,1.35182
-0.53494,1.35501
-0.55416,1.35724
-0.57435,1.35908
-0.59459,1.36039
-0.60785,1.36094
-0.61292,1.36109
-0.61471,1.36113
-0.61549,1.36114
-0.61591,1.36115
-0.61618,1.36116
-0.61637,1.36116
-0.61651,1.36117
-0.61662,1.36117
-0.61672,1.36117
-0.61680,1.36117
-0.61687,1.36117
-0.61693,1.36117
-0.61699,1.36118
-0.61704,1.36118
-0.61709,1.36118
-0.61714,1.36118
0.58699,-1.39207
0.58699,-1.39207
0.58699,-1.39207
0.58699,-1.39207
0.58699,-1.39207
0.58699,-1.39207
0.58699,-1.39207
0.58700,-1.39207
0.58700,-1.39207
0.58700,-1.39207
0.58701,-1.39207
0.58703,-1.39207
0.58705,-1.39207
0.58708,-1.39207
0.58714,-1.39206
0.58722,-1.39206
0.58731,-1.39205
0.58743,-1.39204
0.58803,-1.39201
-0.49404,1.34876
-0.52561,1.35376
-0.54877,1.35666
-0.57187,1.35889
-0.59432,1.36037
-0.60813,1.36095
-0.61305,1.36109
-0.61475,1.36113
-0.61551,1.36115
-0.61592,1.36115
-0.61619,1.36116
-0.61637,1.36116
-0.61651,1.36117
-0.61663,1.36117
-0.61672,1.36117
-0.61680,1.36117
-0.61687,1.36117
-0.61693,1.36117
-0.61699,1.36118
-0.61704,1.36118
-0.61710,1.36118
0.58699,-1.39207
0.58699,-1.39207
0.58699,-1.39207
0.58699,-1.39207
0.58699,-1.39207
0.58699,-1.39207
0.58700,-1.39207
0.58700,-1.39207
0.58701,-1.39207
0.58701,-1.39207
0.58702,-1.39207
0.58704,-1.39207
0.58707,-1.39207
0.58711,-1.39206
0.58717,-1.39206
0.58724,-1.39206
0.58733,-1.39205
0.58742,-1.39204
0.58751,-1.39204
0.58759,-1.39203
0.58768,-1.39203
-0.46302,1.34272
-0.51638,1.35242
-0.54813,1.35659
-0.57819,1.35937
-0.60195,1.36072
-0.61149,1.36105
-0.61425,1.36112
-0.61528,1.36114
-0.61580,1.36115
-0.61611,1.36116
-0.61632,1.36116
-0.61648,1.36117
-0.61660,1.36117
-0.61670,1.36117
-0.61679,1.36117
-0.61686,1.36117
-0.61693,1.36117
-0.61699,1.36118
-0.61705,1.36118
0.58699,-1.39207
0.58699,-1.39207
0.58699,-1.39207
0.58699,-1.39207
0.58700,-1.39207
0.58700,-1.39207
0.58700,-1.39207
0.58701,-1.39207
0.58701,-1.39207
0.58702,-1.39207
0.58704,-1.39207
0.58706,-1.39207
0.58709,-1.39207
0.58714,-1.39206
0.58720,-1.39206
0.58728,-1.39205
0.58737,-1.39205
0.58748,-1.39204
0.58759,-1.39203
0.58771,-1.39203
0.58782,-1.39202
0.58793,-1.39201
0.58802,-1.39201
0.58807,-1.39200
0.58804,-1.39201
-0.33056,1.30489
-0.53750,1.35533
-0.59058,1.36017
-0.61058,1.36102
-0.61430,1.36112
-0.61539,1.36114
-0.61588,1.36115
-0.61618,1.36116
-0.61638,1.36116
-0.61653,1.36117
-0.61665,1.36117
-0.61675,1.36117
-0.61684,1.36117
-0.61691,1.36117
-0.61698,1.36117
0.58699,-1.39207
0.58699,-1.39207
0.58700,-1.39207
0.58700,-1.39207
0.58700,-1.39207
0.58700,-1.39207
0.58701,-1.39207
0.58701,-1.39207
0.58702,-1.39207
0.58704,-1.39207
0.58706,-1.39207
0.58708,-1.39207
0.58712,-1.39206
0.58717,-1.39206
0.58724,-1.39206
0.58732,-1.39205
0.58743,-1.39204
0.58755,-1.39204
0.58768,-1.39203
0.58783,-1.39202
0.58799,-1.39201
0.58814,-1.39200
0.58829,-1.39199
0.58842,-1.39198
0.58853,-1.39197
0.58862,-1.39197
0.58867,-1.39196
0.58869,-1.39196
0.58860,-1.39197
0.58817,-1.39200
-0.59159,1.36023
-0.61305,1.36109
-0.61518,1.36114
-0.61584,1.36115
-0.61617,1.36116
-0.61638,1.36116
-0.61654,1.36117
-0.61667,1.36117
-0.61678,1.36117
-0.61687,1.36117
0.58699,-1.39207
0.58700,-1.39207
0.58700,-1.39207
0.58700,-1.39207
0.58700,-1.39207
0.58701,-1.39207
0.58702,-1.39207
0.58702,-1.39207
0.58703,-1.39207
0.58705,-1.39207
0.58707,-1.39207
0.58710,-1.39207
0.58714,-1.39206
0.58720,-1.39206
0.58728,-1.39205
0.58737,-1.39205
0.58748,-1.39204
0.58761,-1.39203
0.58776,-1.39202
0.58793,-1.39201
0.58810,-1.39200
0.58827,-1.39199
0.58842,-1.39198
0.58855,-1.39197
0.58866,-1.39197
0.58874,-1.39196
0.58881,-1.39195
0.58886,-1.39195
0.58890,-1.39195
0.58893,-1.39195
0.58894,-1.39195
0.58889,-1.39195
0.58851,-1.39197
-0.59858,1.36058
-0.61436,1.36112
-0.61565,1.36115
-0.61610,1.36116
-0.61635,1.36116
-0.61653,1.36117
-0.61667,1.36117
0.58700,-1.39207
0.58700,-1.39207
0.58700,-1.39207
0.58701,-1.39207
0.58701,-1.39207
0.58702,-1.39207
0.58702,-1.39207
0.58703,-1.39207
0.58705,-1.39207
0.58706,-1.39207
0.58709,-1.39207
0.58712,-1.39206
0.58717,-1.39206
0.58724,-1.39206
0.58732,-1.39205
0.58742,-1.39205
0.58754,-1.39204
0.58768,-1.39203
0.58784,-1.39202
0.58801,-1.39201
0.58818,-1.39200
0.58835,-1.39199
0.58849,-1.39198
0.58861,-1.39197
0.58871,-1.39196
0.58879,-1.39196
0.58885,-1.39195
0.58890,-1.39195
0.58894,-1.39195
0.58898,-1.39194
0.58900,-1.39194
0.58903,-1.39194
0.58904,-1.39194
0.58904,-1.39194
0.58900,-1.39194
0.58856,-1.39197
-0.60907,1.36098
-0.61517,1.36114
-0.61596,1.36115
-0.61629,1.36116
0.58700,-1.39207
0.58700,-1.39207
0.58701,-1.39207
0.58701,-1.39207
0.58702,-1.39207
0.58702,-1.39207
0.58703,-1.39207
0.58704,-1.39207
0.58706,-1.39207
0.58708,-1.39207
0.58711,-1.39206
0.58715,-1.39206
0.58720,-1.39206
0.58727,-1.39205
0.58736,-1.39205
0.58747,-1.39204
0.58759,-1.39203
0.58774,-1.39202
0.58790,-1.39201
0.58807,-1.39200
0.58824,-1.39199
0.58840,-1.39198
0.58854,-1.39197
0.58865,-1.39197
0.58874,-1.39196
0.58882,-1.39195
0.58887,-1.39195
0.58892,-1.39195
0.58896,-1.39195
0.58899,-1.39194
0.58901,-1.39194
0.58904,-1.39194
0.58906,-1.39194
0.58907,-1.39194
0.58909,-1.39194
0.58910,-1.39194
0.58909,-1.39194
0.58904,-1.39194
-0.36164,1.31551
-0.61356,1.36110
0.58700,-1.39207
0.58701,-1.39207
0.58701,-1.39207
0.58702,-1.39207
0.58702,-1.39207
0.58703,-1.39207
0.58704,-1.39207
0.58705,-1.39207
0.58707,-1.39207
0.58709,-1.39207
0.58713,-1.39206
0.58717,-1.39206
0.58723,-1.39206
0.58731,-1.39205
0.58740,-1.39205
0.58752,-1.39204
0.58765,-1.39203
0.58780,-1.39202
0.58796,-1.39201
0.58813,-1.39200
0.58829,-1.39199
0.58844,-1.39198
0.58857,-1.39197
0.58868,-1.39196
0.58876,-1.39196
0.58883,-1.39195
0.58889,-1.39195
0.58893,-1.39195
0.58896,-1.39194
0.58899,-1.39194
0.58902,-1.39194
0.58904,-1.39194
0.58906,-1.39194
0.58908,-1.39194
0.58909,-1.39194
0.58910,-1.39194
0.58912,-1.39193
0.58913,-1.39193
0.58913,-1.39193
0.58912,-1.39193
0.58701,-1.39207
0.58701,-1.39207
0.58702,-1.39207
0.58702,-1.39207
0.58703,-1.39207
0.58704,-1.39207
0.58705,-1.39207
0.58706,-1.39207
0.58708,-1.39207
0.58711,-1.39206
0.58715,-1.39206
0.58720,-1.39206
0.58727,-1.39206
0.58735,-1.39205
0.58745,-1.39204
0.58757,-1.39204
0.58770,-1.39203
0.58785,-1.39202
0.58801,-1.39201
0.58817,-1.39200
0.58833,-1.39199
0.58848,-1.39198
0.58860,-1.39197
0.58870,-1.39196
0.58878,-1.39196
0.58884,-1.39195
0.58890,-1.39195
0.58894,-1.39195
0.58897,-1.39194
0.58900,-1.39194
0.58902,-1.39194
0.58904,-1.39194
0.58906,-1.39194
0.58908,-1.39194
0.58909,-1.39194
0.58910,-1.39194
0.58911,-1.39193
0.58912,-1.39193
0.58913,-1.39193
0.58914,-1.39193
0.58701,-1.39207
0.58702,-1.39207
0.58702,-1.39207
0.58703,-1.39207
0.58703,-1.39207
0.58704,-1.39207
0.58706,-1.39207
0.58707,-1.39207
0.58710,-1.39207
0.58713,-1.39206
0.58717,-1.39206
0.58723,-1.39206
0.58730,-1.39205
0.58739,-1.39205
0.58749,-1.39204
0.58761,-1.39203
0.58775,-1.39202
0.58789,-1.39201
0.58805,-1.39200
0.58821,-1.39199
0.58837,-1.39198
0.58850,-1.39198
0.58862,-1.39197
0.58872,-1.39196
0.58879,-1.39196
0.58885,-1.39195
0.58890,-1.39195
0.58894,-1.39195
0.58897,-1.39194
0.58900,-1.39194
0.58902,-1.39194
0.58904,-1.39194
0.58906,-1.39194
0.58908,-1.39194
0.58909,-1.39194
0.58910,-1.39194
0.58911,-1.39193
0.58912,-1.39193
0.58913,-1.39193
0.58914,-1.39193
0.58702,-1.39207
0.58702,-1.39207
0.58703,-1.39207
0.58703,-1.39207
0.58704,-1.39207
0.58705,-1.39207
0.58706,-1.39207
0.58708,-1.39207
0.58711,-1.39206
0.58715,-1.39206
0.58719,-1.39206
0.58726,-1.39206
0.58734,-1.39205
0.58743,-1.39204
0.58754,-1.39204
0.58766,-1.39203
0.58779,-1.39202
0.58794,-1.39201
0.58809,-1.39200
0.58825,-1.39199
0.58839,-1.39198
0.58853,-1.39197
0.58864,-1.39197
0.58873,-1.39196
0.58880,-1.39196
0.58886,-1.39195
0.58891,-1.39195
0.58895,-1.39195
0.58898,-1.39194
0.58900,-1.39194
0.58903,-1.39194
0.58905,-1.39194
0.58906,-1.39194
0.58908,-1.39194
0.58909,-1.39194
0.58910,-1.39194
0.58911,-1.39193
0.58912,-1.39193
0.58913,-1.39193
0.58913,-1.39193
