-1.24956,0.99831
-1.24895,0.99920
-1.24826,1.00020
-1.24747,1.00135
-1.24654,1.00270
-1.24543,1.00429
-1.24410,1.00621
-1.24247,1.00853
-1.24047,1.01137
-1.23796,1.01489
-1.23480,1.01930
-1.23073,1.02488
-1.22543,1.03204
-1.21844,1.04129
-1.20912,1.05325
-1.19668,1.06862
-1.18020,1.08798
-1.15878,1.11157
-1.13175,1.13905
-1.09885,1.16946
-1.06017,1.20149
-1.01603,1.23377
-0.96694,1.26492
-0.91414,1.29335
-0.86046,1.31710
-0.81049,1.33460
-0.76872,1.34580
-0.73699,1.35223
-0.71426,1.35575
-0.69828,1.35770
-0.68696,1.35881
-0.67878,1.35949
-0.67270,1.35992
-0.66801,1.36021
-0.66428,1.36042
-0.66119,1.36057
-0.65854,1.36069
-0.65620,1.36079
-0.65407,1.36087
-0.65210,1.36094
-1.25002,0.99763
-1.24928,0.99872
-1.24849,0.99987
-1.24763,1.00111
-1.24666,1.00253
-1.24552,1.00417
-1.24416,1.00611
-1.24253,1.00845
-1.24052,1.01130
-1.23802,1.01482
-1.23485,1.01922
-1.23078,1.02482
-1.22546,1.03201
-1.21840,1.04134
-1.20893,1.05348
-1.19620,1.06919
-1.17920,1.08911
-1.15692,1.11354
-1.12858,1.14212
-1.09385,1.17382
-1.05278,1.20720
-1.00579,1.24065
-0.95374,1.27251
-0.89860,1.30076
-0.84419,1.32329
-0.79562,1.33894
-0.75668,1.34845
-0.72793,1.35374
-0.70758,1.35662
-0.69326,1.35822
-0.68304,1.35915
-0.67554,1.35972
-0.66988,1.36010
-0.66545,1.36035
-0.66185,1.36054
-0.65884,1.36068
-0.65622,1.36079
-0.65389,1.36088
-0.65177,1.36095
-0.64980,1.36101
-1.25116,0.99596
-1.25011,0.99750
-1.24911,0.99897
-1.24809,1.00045
-1.24699,1.00204
-1.24577,1.00381
-1.24435,1.00584
-1.24267,1.00824
-1.24063,1.01114
-1.23811,1.01469
-1.23492,1.01912
-1.23082,1.02476
-1.22546,1.03201
-1.21830,1.04146
-1.20865,1.05384
-1.19557,1.06995
-1.17796,1.09053
-1.15467,1.11591
-1.12482,1.14573
-1.08797,1.17886
-1.04421,1.21366
-0.99410,1.24827
-0.93902,1.28059
-0.88189,1.30823
-0.82754,1.32913
-0.78113,1.34280
-0.74532,1.35071
-0.71947,1.35502
-0.70128,1.35736
-0.68842,1.35868
-0.67912,1.35946
-0.67221,1.35995
-0.66690,1.36027
-0.66268,1.36050
-0.65921,1.36066
-0.65627,1.36079
-0.65369,1.36088
-0.65139,1.36096
-0.64930,1.36103
-0.64738,1.36108
-1.25354,0.99246
-1.25196,0.99479
-1.25052,0.99690
-1.24916,0.99889
-1.24781,1.00085
-1.24639,1.00291
-1.24482,1.00517
-1.24303,1.00774
-1.24090,1.01076
-1.23830,1.01442
-1.23505,1.01895
-1.23088,1.02468
-1.22542,1.03206
-1.21812,1.04170
-1.20822,1.05438
-1.19470,1.07100
-1.17634,1.09235
-1.15186,1.11884
-1.12022,1.15007
-1.08092,1.18478
-1.03409,1.22108
-0.98060,1.25672
-0.92257,1.28915
-0.86407,1.31566
-0.81072,1.33453
-0.76714,1.34616
-0.73462,1.35264
-0.71150,1.35612
-0.69524,1.35802
-0.68363,1.35910
-0.67513,1.35975
-0.66872,1.36017
-0.66372,1.36045
-0.65969,1.36064
-0.65634,1.36078
-0.65348,1.36089
-0.65098,1.36098
-0.64875,1.36104
-0.64673,1.36110
-0.64489,1.36114
-1.25191,0.99487
-1.25438,0.99120
-1.25298,0.99329
-1.25124,0.99586
-1.24948,0.99843
-1.24770,1.00101
-1.24584,1.00370
-1.24380,1.00663
-1.24147,1.00994
-1.23870,1.01385
-1.23530,1.01860
-1.23098,1.02454
-1.22534,1.03216
-1.21781,1.04211
-1.20755,1.05523
-1.19345,1.07250
-1.17415,1.09482
-1.14819,1.12263
-1.11440,1.15548
-1.07220,1.19193
-1.02187,1.22973
-0.96481,1.26617
-0.90418,1.29814
-0.84525,1.32290
-0.79394,1.33941
-0.75376,1.34905
-0.72453,1.35427
-0.70391,1.35706
-0.68933,1.35860
-0.67880,1.35949
-0.67098,1.36003
-0.66501,1.36038
-0.66029,1.36061
-0.65646,1.36078
-0.65325,1.36090
-0.65051,1.36099
-0.64812,1.36106
-0.64600,1.36111
-0.64410,1.36116
-0.64238,1.36119
-0.03787,-1.04802
-0.10827,-0.96595
-0.20659,-0.83094
-1.24711,1.00187
-1.25073,0.99659
-1.24949,0.99841
-1.24748,1.00133
-1.24515,1.00469
-1.24251,1.00847
-1.23944,1.01281
-1.23575,1.01798
-1.23113,1.02434
-1.22517,1.03239
-1.21723,1.04285
-1.20642,1.05663
-1.19151,1.07481
-1.17095,1.09837
-1.14311,1.12780
-1.10665,1.16254
-1.06099,1.20085
-1.00673,1.24003
-0.94614,1.27673
-0.88371,1.30745
-0.82568,1.32975
-0.77748,1.34371
-0.74103,1.35151
-0.71495,1.35566
-0.69655,1.35788
-0.68341,1.35912
-0.67382,1.35984
-0.66660,1.36029
-0.66103,1.36058
-0.65660,1.36077
-0.65299,1.36091
-0.64998,1.36101
-0.64741,1.36108
-0.64518,1.36113
-0.64321,1.36117
-0.64147,1.36121
-0.63990,1.36123
0.16470,-1.23469
0.07595,-1.16118
0.00518,-1.09344
-0.05475,-1.02927
-0.11078,-0.96283
-0.17956,-0.87087
-1.22219,1.03635
-1.24244,1.00858
-1.24223,1.00887
-1.23958,1.01261
-1.23577,1.01795
-1.23082,1.02476
-1.22438,1.03345
-1.21582,1.04469
-1.20415,1.05946
-1.18804,1.07891
-1.16573,1.10410
-1.13538,1.13550
-1.09553,1.17237
-1.04576,1.21250
-0.98737,1.25252
-0.92392,1.28847
-0.86124,1.31679
-0.80578,1.33602
-0.76159,1.34740
-0.72896,1.35358
-0.70574,1.35684
-0.68925,1.35860
-0.67736,1.35959
-0.66858,1.36018
-0.66193,1.36054
-0.65678,1.36077
-0.65268,1.36092
-0.64935,1.36102
-0.64658,1.36110
-0.64423,1.36115
-0.64221,1.36119
-0.64044,1.36122
-0.63888,1.36125
-0.63749,1.36126
0.38705,-1.36138
0.28711,-1.31517
0.18793,-1.25186
0.10619,-1.18764
0.04151,-1.12925
-0.01172,-1.07602
-0.05774,-1.02589
-0.09989,-0.97628
-0.14323,-0.92104
-0.19999,-0.84091
-1.17246,1.09670
-1.21668,1.04357
-1.21584,1.04466
-1.20845,1.05409
-1.19644,1.06891
-1.17901,1.08933
-1.15451,1.11608
-1.12103,1.14931
-1.07725,1.18781
-1.02334,1.22871
-0.96181,1.26791
-0.89769,1.30118
-0.83737,1.32574
-0.78625,1.34148
-0.74657,1.35048
-0.71750,1.35530
-0.69671,1.35786
-0.68184,1.35925
-0.67103,1.36003
-0.66302,1.36048
-0.65696,1.36076
-0.65228,1.36093
-0.64859,1.36105
-0.64560,1.36112
-0.64312,1.36118
-0.64104,1.36121
-0.63926,1.36124
-0.63771,1.36126
-0.63635,1.36127
-0.63514,1.36128
0.49546,-1.38884
0.44766,-1.37983
0.37576,-1.35711
0.28709,-1.31516
0.19965,-1.26019
0.12561,-1.20386
0.06615,-1.15229
0.01780,-1.10614
-0.02292,-1.06418
-0.05833,-1.02523
-0.08995,-0.98832
-0.11925,-0.95217
-0.14802,-0.91464
-0.17879,-0.87198
-0.21734,-0.81436
-0.29223,-0.68631
-1.08258,1.18340
-1.07240,1.19177
-1.03556,1.22001
-0.98502,1.25400
-0.92704,1.28687
-0.86793,1.31410
-0.81360,1.33364
-0.76805,1.34595
-0.73263,1.35297
-0.70648,1.35675
-0.68763,1.35875
-0.67410,1.35982
-0.66430,1.36042
-0.65711,1.36075
-0.65173,1.36095
-0.64762,1.36107
-0.64440,1.36115
-0.64180,1.36120
-0.63967,1.36123
-0.63788,1.36126
-0.63635,1.36127
-0.63503,1.36128
-0.63387,1.36129
-0.63285,1.36130
0.53107,-1.39228
0.50967,-1.39055
0.47533,-1.38566
0.42300,-1.37324
0.35228,-1.34743
0.27185,-1.30651
0.19460,-1.25662
0.12817,-1.20595
0.07345,-1.15893
0.02833,-1.11653
-0.00962,-1.07821
-0.04235,-1.04310
-0.07127,-1.01038
-0.09752,-0.97917
-0.12220,-0.94842
-0.14656,-0.91659
-0.17218,-0.88138
-0.20154,-0.83858
-0.24066,-0.77695
-0.32677,-0.61862
-0.88555,1.30664
-0.83941,1.32501
-0.79315,1.33962
-0.75239,1.34933
-0.71983,1.35497
-0.69555,1.35798
-0.67814,1.35954
-0.66585,1.36033
-0.65716,1.36075
-0.65092,1.36098
-0.64634,1.36111
-0.64288,1.36118
-0.64017,1.36123
-0.63801,1.36126
-0.63623,1.36127
-0.63474,1.36129
-0.63347,1.36129
-0.63238,1.36130
-0.63142,1.36130
-0.63058,1.36130
0.54605,-1.39288
0.53411,-1.39244
0.51562,-1.39113
0.48695,-1.38761
0.44397,-1.37893
0.38472,-1.36052
0.31298,-1.32891
0.23805,-1.28591
0.16876,-1.23775
0.10907,-1.19008
0.05892,-1.14564
0.01666,-1.10500
-0.01953,-1.06778
-0.05119,-1.03327
-0.07960,-1.00063
-0.10588,-0.96891
-0.13106,-0.93701
-0.15614,-0.90363
-0.18230,-0.86693
-0.21149,-0.82342
-0.24894,-0.76315
-0.32459,-0.62309
-0.78956,1.34060
-0.74158,1.35141
-0.70794,1.35657
-0.68407,1.35906
-0.66783,1.36022
-0.65698,1.36076
-0.64966,1.36102
-0.64456,1.36115
-0.64086,1.36122
-0.63808,1.36126
-0.63592,1.36128
-0.63419,1.36129
-0.63276,1.36130
-0.63157,1.36130
-0.63055,1.36130
-0.62968,1.36130
-0.62891,1.36130
-0.62824,1.36130
0.55447,-1.39301
0.54669,-1.39290
0.53511,-1.39249
0.51747,-1.39130
0.49058,-1.38815
0.45079,-1.38057
0.39594,-1.36455
0.32824,-1.33644
0.25505,-1.29651
0.18481,-1.24960
0.12255,-1.20134
0.06935,-1.15522
0.02418,-1.11246
-0.01455,-1.07304
-0.04837,-1.03642
-0.07856,-1.00185
-0.10622,-0.96849
-0.13227,-0.93544
-0.15757,-0.90169
-0.18305,-0.86585
-0.21027,-0.82531
-0.24297,-0.77313
-0.29614,-0.67894
-0.75141,1.34953
-0.69631,1.35791
-0.67103,1.36003
-0.65642,1.36078
-0.64757,1.36107
-0.64189,1.36120
-0.63801,1.36126
-0.63522,1.36128
-0.63313,1.36130
-0.63151,1.36130
-0.63020,1.36130
-0.62914,1.36130
-0.62825,1.36130
-0.62749,1.36130
-0.62683,1.36129
-0.62626,1.36129
-0.62577,1.36129
0.56014,-1.39301
0.55467,-1.39301
0.54675,-1.39290
0.53495,-1.39248
0.51700,-1.39126
0.48973,-1.38803
0.44954,-1.38028
0.39427,-1.36397
0.32605,-1.33539
0.25207,-1.29469
0.18080,-1.24668
0.11743,-1.19710
0.06320,-1.14959
0.01713,-1.10547
-0.02239,-1.06474
-0.05688,-1.02687
-0.08760,-0.99114
-0.11559,-0.95679
-0.14173,-0.92302
-0.16684,-0.88888
-0.19193,-0.85289
-0.21889,-0.81194
-0.25237,-0.75736
-0.31305,-0.64626
-0.68400,1.35907
-0.65527,1.36083
-0.64371,1.36116
-0.63744,1.36126
-0.63357,1.36129
-0.63096,1.36130
-0.62910,1.36130
-0.62772,1.36130
-0.62666,1.36129
-0.62582,1.36129
-0.62514,1.36128
-0.62458,1.36128
-0.62410,1.36128
-0.62369,1.36127
-0.62333,1.36127
-0.62302,1.36126
0.56438,-1.39296
0.56036,-1.39300
0.55470,-1.39301
0.54645,-1.39289
0.53404,-1.39244
0.51503,-1.39108
0.48596,-1.38745
0.44299,-1.37868
0.38412,-1.36029
0.31228,-1.32855
0.23577,-1.28446
0.16347,-1.23376
0.10015,-1.18247
0.04643,-1.13394
0.00096,-1.08914
-0.03802,-1.04785
-0.07206,-1.00945
-0.10238,-0.97322
-0.12998,-0.93841
-0.15574,-0.90419
-0.18060,-0.86938
-0.20606,-0.83174
-0.23514,-0.78599
-0.27720,-0.71393
-0.65193,1.36085
-0.63374,1.36129
-0.62804,1.36130
-0.62517,1.36128
-0.62348,1.36127
-0.62241,1.36126
-0.62170,1.36125
-0.62121,1.36124
-0.62087,1.36124
-0.62062,1.36124
-0.62043,1.36123
-0.62028,1.36123
-0.62015,1.36123
-0.62004,1.36123
-0.61994,1.36123
-0.61984,1.36122
0.56772,-1.39290
0.56470,-1.39295
0.56055,-1.39300
0.55464,-1.39301
0.54591,-1.39288
0.53261,-1.39236
0.51194,-1.39078
0.47993,-1.38646
0.43235,-1.37589
0.36761,-1.35387
0.29041,-1.31699
0.21096,-1.26802
0.13833,-1.21416
0.07618,-1.16139
0.02405,-1.11232
-0.01995,-1.06734
-0.05771,-1.02593
-0.09076,-0.98735
-0.12030,-0.95084
-0.14733,-0.91556
-0.17290,-0.88036
-0.19848,-0.84317
-0.22686,-0.79934
-0.26586,-0.73409
-0.39344,-0.46782
-0.59257,1.36028
-0.60200,1.36073
-0.60610,1.36088
-0.60856,1.36096
-0.61025,1.36101
-0.61151,1.36105
-0.61249,1.36107
-0.61329,1.36109
-0.61394,1.36111
-0.61448,1.36112
-0.61493,1.36113
-0.61530,1.36114
-0.61560,1.36115
-0.61584,1.36115
-0.61604,1.36116
0.57045,-1.39283
0.56813,-1.39289
0.56503,-1.39295
0.56073,-1.39300
0.55452,-1.39301
0.54522,-1.39286
0.53077,-1.39226
0.50788,-1.39036
0.47185,-1.38502
0.41799,-1.37175
0.34570,-1.34454
0.26255,-1.30104
0.18086,-1.24673
0.10907,-1.19008
0.04903,-1.13639
-0.00091,-1.08722
-0.04308,-1.04230
-0.07943,-1.00084
-0.11145,-0.96198
-0.14039,-0.92480
-0.16747,-0.88800
-0.19437,-0.84928
-0.22432,-0.80338
-0.26717,-0.73180
-0.38765,1.32357
-0.51455,1.35214
-0.55161,1.35697
-0.57130,1.35884
-0.58308,1.35971
-0.59070,1.36018
-0.59594,1.36046
-0.59973,1.36063
-0.60259,1.36075
-0.60480,1.36083
-0.60654,1.36090
-0.60794,1.36094
-0.60907,1.36098
-0.60999,1.36101
-0.61074,1.36103
-0.61136,1.36104
0.57274,-1.39276
0.57094,-1.39281
0.56858,-1.39288
0.56540,-1.39294
0.56094,-1.39300
0.55441,-1.39301
0.54444,-1.39284
0.52860,-1.39213
0.50290,-1.38979
0.46168,-1.38299
0.39987,-1.36591
0.31883,-1.33185
0.23011,-1.28079
0.14761,-1.22151
0.07786,-1.16290
0.02054,-1.10886
-0.02703,-1.05978
-0.06744,-1.01481
-0.10266,-0.97288
-0.13426,-0.93285
-0.16381,-0.89309
-0.19350,-0.85058
-0.22807,-0.79740
-0.28906,-0.69223
-0.38280,1.32212
-0.44732,1.33925
-0.48946,1.34794
-0.52092,1.35309
-0.54393,1.35611
-0.56041,1.35787
-0.57219,1.35891
-0.58074,1.35955
-0.58709,1.35997
-0.59190,1.36025
-0.59562,1.36044
-0.59855,1.36058
-0.60088,1.36068
-0.60276,1.36076
-0.60427,1.36082
-0.60551,1.36086
0.57471,-1.39269
0.57329,-1.39274
0.57148,-1.39280
0.56910,-1.39286
0.56585,-1.39293
0.56123,-1.39300
0.55437,-1.39301
0.54365,-1.39282
0.52617,-1.39197
0.49698,-1.38905
0.44917,-1.38019
0.37758,-1.35782
0.28713,-1.31518
0.19413,-1.25629
0.11253,-1.19300
0.04577,-1.13331
-0.00864,-1.07923
-0.05412,-1.02998
-0.09344,-0.98411
-0.12876,-0.94000
-0.16224,-0.89526
-0.19743,-0.84474
-0.24535,-0.76917
-0.28622,1.28781
-0.36885,1.31782
-0.41102,1.33018
-0.44520,1.33876
-0.47519,1.34522
-0.50134,1.35002
-0.52330,1.35343
-0.54105,1.35577
-0.55502,1.35733
-0.56587,1.35837
-0.57430,1.35908
-0.58088,1.35956
-0.58605,1.35990
-0.59015,1.36015
-0.59343,1.36033
-0.59607,1.36046
-0.59821,1.36056
0.57644,-1.39262
0.57531,-1.39266
0.57391,-1.39272
0.57210,-1.39278
0.56971,-1.39285
0.56642,-1.39292
0.56167,-1.39299
0.55448,-1.39301
0.54297,-1.39280
0.52357,-1.39179
0.49003,-1.38807
0.43379,-1.37629
0.35035,-1.34659
0.25046,-1.29370
0.15519,-1.22741
0.07614,-1.16135
0.01283,-1.10117
-0.03911,-1.04667
-0.08372,-0.99576
-0.12436,-0.94566
-0.16487,-0.89162
-0.21494,-0.81809
-0.20977,1.25261
-0.31228,1.29813
-0.35651,1.31383
-0.38943,1.32410
-0.41759,1.33193
-0.44326,1.33831
-0.46712,1.34358
-0.48912,1.34787
-0.50887,1.35125
-0.52605,1.35382
-0.54056,1.35571
-0.55255,1.35707
-0.56232,1.35805
-0.57023,1.35875
-0.57660,1.35925
-0.58174,1.35962
-0.58589,1.35990
-0.58926,1.36010
0.57799,-1.39255
0.57709,-1.39259
0.57599,-1.39264
0.57462,-1.39269
0.57285,-1.39275
0.57048,-1.39283
0.56717,-1.39291
0.56234,-1.39299
0.55487,-1.39301
0.54253,-1.39278
0.52088,-1.39158
0.48175,-1.38677
0.41435,-1.37063
0.31650,-1.33068
0.20800,-1.26599
0.11295,-1.19335
0.03763,-1.12554
-0.02272,-1.06439
-0.07443,-1.00669
-0.12400,-0.94611
-0.18672,-0.86053
-0.12901,1.20608
-0.25086,1.27248
-0.30682,1.29603
-0.34436,1.30974
-0.37364,1.31932
-0.39863,1.32675
-0.42122,1.33287
-0.44237,1.33810
-0.46242,1.34259
-0.48137,1.34642
-0.49898,1.34962
-0.51498,1.35221
-0.52916,1.35425
-0.54144,1.35581
-0.55187,1.35700
-0.56060,1.35789
-0.56783,1.35855
-0.57379,1.35904
-0.57867,1.35941
0.57940,-1.39249
0.57869,-1.39252
0.57785,-1.39256
0.57680,-1.39260
0.57549,-1.39266
0.57377,-1.39272
0.57146,-1.39280
0.56820,-1.39288
0.56337,-1.39297
0.55569,-1.39301
0.54250,-1.39278
0.51806,-1.39135
0.47115,-1.38489
0.38781,-1.36165
0.27206,-1.30664
0.15680,-1.22865
0.06413,-1.15044
-0.00866,-1.07920
-0.07397,-1.00723
0.44311,0.24819
0.14455,0.92198
-0.13894,1.21241
-0.23975,1.26734
-0.29463,1.29123
-0.33173,1.30531
-0.36016,1.31503
-0.38385,1.32244
-0.40479,1.32847
-0.42407,1.33361
-0.44230,1.33808
-0.45974,1.34202
-0.47643,1.34546
-0.49225,1.34844
-0.50702,1.35096
-0.52054,1.35303
-0.53264,1.35471
-0.54326,1.35603
-0.55242,1.35706
-0.56018,1.35785
-0.56670,1.35845
0.58073,-1.39242
0.58018,-1.39245
0.57954,-1.39248
0.57876,-1.39252
0.57779,-1.39256
0.57656,-1.39261
0.57495,-1.39268
0.57275,-1.39276
0.56962,-1.39285
0.56489,-1.39295
0.55712,-1.39302
0.54301,-1.39280
0.51465,-1.39104
0.45502,-1.38154
0.34503,-1.34424
0.20470,-1.26371
0.08078,-1.16550
-0.04297,-1.04241
0.44670,0.23801
0.39211,0.38835
0.16128,0.89482
-0.10620,1.19084
-0.21862,1.25709
-0.27890,1.28476
-0.31832,1.30040
-0.34753,1.31082
-0.37113,1.31854
-0.39143,1.32468
-0.40969,1.32982
-0.42669,1.33427
-0.44283,1.33821
-0.45836,1.34172
-0.47334,1.34485
-0.48774,1.34762
-0.50142,1.35003
-0.51422,1.35209
-0.52596,1.35381
-0.53651,1.35521
-0.54581,1.35633
-0.55385,1.35721
0.58201,-1.39236
0.58161,-1.39238
0.58114,-1.39240
0.58058,-1.39243
0.57990,-1.39247
0.57904,-1.39251
0.57794,-1.39256
0.57649,-1.39262
0.57449,-1.39269
0.57160,-1.39279
0.56710,-1.39291
0.55936,-1.39301
0.54405,-1.39283
0.50854,-1.39043
0.41891,-1.37203
0.23776,-1.28573
0.48641,0.12279
0.45580,0.21198
0.43540,0.26997
0.39218,0.38816
0.22388,0.78093
-0.05611,1.15339
-0.19082,1.24264
-0.26031,1.27673
-0.30390,1.29490
-0.33504,1.30648
-0.35940,1.31478
-0.37976,1.32120
-0.39765,1.32647
-0.41394,1.33096
-0.42921,1.33490
-0.44378,1.33843
-0.45786,1.34161
-0.47154,1.34449
-0.48482,1.34708
-0.49760,1.34938
-0.50974,1.35139
-0.52107,1.35311
-0.53143,1.35455
-0.54071,1.35573
0.58328,-1.39229
0.58302,-1.39231
0.58271,-1.39232
0.58235,-1.39234
0.58192,-1.39236
0.58138,-1.39239
0.58069,-1.39243
0.57980,-1.39247
0.57860,-1.39253
0.57692,-1.39260
0.57442,-1.39270
0.57038,-1.39283
0.56284,-1.39298
0.54521,-1.39286
0.48365,-1.38708
0.49701,0.09156
0.46382,0.18881
0.45093,0.22593
0.43465,0.27207
0.40138,0.36357
0.28716,0.64690
0.01141,1.09232
-0.15599,1.22284
-0.23865,1.26682
-0.28817,1.28861
-0.32221,1.30185
-0.34801,1.31098
-0.36898,1.31786
-0.38696,1.32337
-0.40300,1.32798
-0.41776,1.33197
-0.43166,1.33551
-0.44500,1.33871
-0.45796,1.34163
-0.47064,1.34430
-0.48304,1.34674
-0.49511,1.34895
-0.50669,1.35090
-0.51764,1.35261
-0.52777,1.35406
0.58457,-1.39222
0.58446,-1.39222
0.58432,-1.39223
0.58416,-1.39224
0.58396,-1.39225
0.58372,-1.39227
0.58341,-1.39228
0.58300,-1.39231
0.58245,-1.39234
0.58169,-1.39238
0.58060,-1.39243
0.57890,-1.39251
0.57596,-1.39264
0.56954,-1.39285
0.54022,-1.39270
0.47445,0.15789
0.46170,0.19496
0.45110,0.22545
0.43745,0.26419
0.41203,0.33469
0.33735,0.52850
0.09892,0.98913
-0.11152,1.19449
-0.21292,1.25422
-0.27054,1.28121
-0.30858,1.29671
-0.33646,1.30699
-0.35852,1.31449
-0.37698,1.32035
-0.39311,1.32517
-0.40769,1.32927
-0.42121,1.33287
-0.43403,1.33610
-0.44640,1.33904
-0.45849,1.34175
-0.47040,1.34425
-0.48213,1.34657
-0.49362,1.34868
-0.50476,1.35059
-0.51537,1.35227
0.58594,-1.39214
0.58599,-1.39213
0.58603,-1.39213
0.58609,-1.39213
0.58615,-1.39212
0.58622,-1.39212
0.58630,-1.39211
0.58640,-1.39211
0.58652,-1.39210
0.58670,-1.39209
0.58697,-1.39207
0.58748,-1.39204
0.58867,-1.39196
0.59289,-1.39167
0.68346,-1.37711
0.47578,0.15399
0.46358,0.18952
0.45379,0.21775
0.44206,0.25116
0.42255,0.30580
0.37410,0.43566
0.20193,0.82306
-0.05104,1.14926
-0.18068,1.23707
-0.24983,1.27201
-0.29336,1.29072
-0.32414,1.30256
-0.34781,1.31092
-0.36715,1.31728
-0.38371,1.32240
-0.39839,1.32668
-0.41180,1.33039
-0.42433,1.33367
-0.43629,1.33665
-0.44790,1.33938
-0.45932,1.34193
-0.47063,1.34430
-0.48184,1.34652
-0.49291,1.34856
-0.50369,1.35041
0.58745,-1.39204
0.58767,-1.39203
0.58793,-1.39201
0.58824,-1.39199
0.58861,-1.39197
0.58906,-1.39194
0.58963,-1.39190
0.59037,-1.39185
0.59136,-1.39178
0.59279,-1.39167
0.59501,-1.39150
0.59892,-1.39118
0.60717,-1.39040
0.63131,-1.38734
0.75040,-1.35728
0.48691,0.12133
0.46876,0.17449
0.45857,0.20398
0.44809,0.23404
0.43292,0.27691
0.40147,0.36331
0.29943,0.61891
0.03999,1.06196
-0.13597,1.21053
-0.22330,1.25941
-0.27500,1.28311
-0.31000,1.29725
-0.33604,1.30684
-0.35677,1.31392
-0.37414,1.31948
-0.38927,1.32405
-0.40284,1.32793
-0.41533,1.33133
-0.42709,1.33437
-0.43839,1.33715
-0.44942,1.33973
-0.46033,1.34215
-0.47120,1.34442
-0.48204,1.34655
-0.49278,1.34854
0.58914,-1.39193
0.58959,-1.39190
0.59011,-1.39187
0.59074,-1.39182
0.59150,-1.39177
0.59246,-1.39170
0.59369,-1.39161
0.59532,-1.39148
0.59760,-1.39129
0.60097,-1.39100
0.60637,-1.39048
0.61595,-1.38942
0.63517,-1.38675
0.67799,-1.37840
0.77039,-1.34999
0.93834,-1.26475
0.48085,0.13912
0.46625,0.18175
0.45584,0.21185
0.44363,0.24673
0.42309,0.30429
0.37038,0.44527
0.18269,0.85805
-0.06259,1.15857
-0.18419,1.23902
-0.24992,1.27205
-0.29178,1.29008
-0.32161,1.30163
-0.34462,1.30983
-0.36341,1.31608
-0.37945,1.32111
-0.39357,1.32530
-0.40636,1.32891
-0.41821,1.33209
-0.42943,1.33496
-0.44026,1.33760
-0.45089,1.34006
-0.46145,1.34239
-0.47202,1.34458
-0.48259,1.34666
0.59112,-1.39180
0.59184,-1.39174
0.59270,-1.39168
0.59374,-1.39160
0.59503,-1.39150
0.59667,-1.39137
0.59882,-1.39119
0.60175,-1.39093
0.60592,-1.39052
0.61220,-1.38985
0.62222,-1.38862
0.63920,-1.38611
0.66887,-1.38045
0.71878,-1.36754
0.79164,-1.34158
0.87809,-1.30036
0.97877,-1.23742
0.48352,0.13130
0.46715,0.17917
0.45574,0.21215
0.44166,0.25231
0.41547,0.32529
0.33642,0.53078
0.08951,1.00177
-0.11230,1.19502
-0.20879,1.25211
-0.26418,1.27844
-0.30104,1.29378
-0.32816,1.30402
-0.34957,1.31151
-0.36735,1.31734
-0.38268,1.32209
-0.39631,1.32609
-0.40870,1.32955
-0.42023,1.33262
-0.43117,1.33539
-0.44176,1.33795
-0.45218,1.34035
-0.46255,1.34262
-0.47296,1.34477
0.59346,-1.39162
0.59454,-1.39154
0.59583,-1.39144
0.59742,-1.39131
0.59941,-1.39114
0.60198,-1.39091
0.60539,-1.39058
0.61010,-1.39009
0.61685,-1.38931
0.62689,-1.38799
0.64234,-1.38558
0.66636,-1.38099
0.70272,-1.37214
0.75349,-1.35619
0.81536,-1.33139
0.87926,-1.29972
0.93640,-1.26599
0.98647,-1.23187
1.12796,-1.10654
0.47453,0.15765
0.46091,0.19723
0.44624,0.23931
0.41991,0.31309
0.33857,0.52551
0.08002,1.01411
-0.11849,1.19918
-0.21176,1.25363
-0.26556,1.27905
-0.30169,1.29403
-0.32850,1.30414
-0.34981,1.31160
-0.36762,1.31743
-0.38305,1.32220
-0.39679,1.32623
-0.40931,1.32972
-0.42095,1.33280
-0.43198,1.33559
-0.44263,1.33816
-0.45309,1.34056
-0.46348,1.34282
0.59630,-1.39140
0.59782,-1.39127
0.59967,-1.39111
0.60196,-1.39091
0.60486,-1.39063
0.60863,-1.39024
0.61367,-1.38969
0.62061,-1.38884
0.63043,-1.38748
0.64461,-1.38519
0.66521,-1.38123
0.69461,-1.37431
0.73459,-1.36260
0.78462,-1.34444
0.84059,-1.31962
0.89600,-1.29038
0.94518,-1.26033
0.98542,-1.23263
1.01634,-1.20926
1.03889,-1.19096
1.06259,-1.17048
0.48497,0.12703
0.46540,0.18425
0.44674,0.23788
0.40745,0.34716
0.24359,0.74113
-0.04827,1.14697
-0.18136,1.23745
-0.24842,1.27136
-0.29031,1.28948
-0.32020,1.30110
-0.34345,1.30943
-0.36266,1.31584
-0.37920,1.32103
-0.39389,1.32539
-0.40724,1.32915
-0.41960,1.33245
-0.43125,1.33541
-0.44240,1.33811
-0.45326,1.34059
0.59974,-1.39111
0.60182,-1.39092
0.60436,-1.39068
0.60752,-1.39036
0.61154,-1.38993
0.61676,-1.38932
0.62370,-1.38843
0.63314,-1.38707
0.64617,-1.38492
0.66427,-1.38143
0.68915,-1.37570
0.72236,-1.36646
0.76435,-1.35226
0.81359,-1.33218
0.86631,-1.30664
0.91785,-1.27752
0.96469,-1.24727
1.00534,-1.21779
1.03985,-1.19015
1.06884,-1.16487
1.09290,-1.14229
1.11228,-1.12297
1.12664,-1.10796
1.13435,-1.09963
1.13002,-1.10433
0.52645,0.00834
0.45416,0.21666
0.36329,0.46349
-0.01087,1.11400
-0.18410,1.23897
-0.25620,1.27490
-0.29816,1.29264
-0.32744,1.30376
-0.35025,1.31174
-0.36933,1.31797
-0.38602,1.32309
-0.40109,1.32744
-0.41496,1.33123
-0.42794,1.33459
-0.44024,1.33759
0.60391,-1.39072
0.60667,-1.39045
0.61003,-1.39009
0.61420,-1.38962
0.61949,-1.38898
0.62631,-1.38807
0.63527,-1.38674
0.64721,-1.38474
0.66327,-1.38164
0.68477,-1.37679
0.71306,-1.36922
0.74901,-1.35776
0.79229,-1.34131
0.84093,-1.31946
0.89158,-1.29289
0.94074,-1.26322
0.98604,-1.23218
1.02663,-1.20104
1.06255,-1.17052
1.09409,-1.14113
1.12140,-1.11351
1.14445,-1.08845
1.16325,-1.06674
1.17802,-1.04883
1.18918,-1.03478
1.19717,-1.02443
1.20218,-1.01782
1.20342,-1.01617
1.19585,-1.02616
1.14787,-1.08458
0.35742,0.47843
-0.11857,1.19923
-0.24091,1.26788
-0.29397,1.29096
-0.32675,1.30351
-0.35115,1.31205
-0.37137,1.31861
-0.38918,1.32402
-0.40544,1.32865
-0.42059,1.33271
0.60890,-1.39022
0.61242,-1.38983
0.61669,-1.38933
0.62196,-1.38866
0.62858,-1.38775
0.63702,-1.38646
0.64794,-1.38461
0.66222,-1.38186
0.68096,-1.37770
0.70535,-1.37142
0.73640,-1.36201
0.77444,-1.34844
0.81863,-1.32992
0.86671,-1.30643
0.91566,-1.27885
0.96272,-1.24862
1.00625,-1.21710
1.04565,-1.18525
1.08085,-1.15378
1.11180,-1.12347
1.13828,-1.09532
1.16012,-1.07043
1.17744,-1.04955
1.19074,-1.03278
1.20075,-1.01971
1.20826,-1.00966
1.21391,-1.00196
1.21817,-0.99607
1.22131,-0.99167
1.22338,-0.98877
1.22392,-0.98800
1.22053,-0.99277
1.18685,-1.03775
0.29587,0.62709
-0.18797,1.24109
-0.27734,1.28411
-0.31952,1.30085
-0.34755,1.31083
-0.36989,1.31815
-0.38950,1.32411
0.61472,-1.38956
0.61904,-1.38903
0.62425,-1.38835
0.63062,-1.38745
0.63852,-1.38622
0.64849,-1.38451
0.66121,-1.38206
0.67760,-1.37849
0.69871,-1.37322
0.72560,-1.36546
0.75897,-1.35423
0.79870,-1.33863
0.84347,-1.31822
0.89085,-1.29330
0.93808,-1.26492
0.98296,-1.23441
1.02435,-1.20288
1.06185,-1.17114
1.09534,-1.13991
1.12461,-1.11011
1.14934,-1.08291
1.16939,-1.05939
1.18500,-1.04010
1.19681,-1.02490
1.20565,-1.01319
1.21226,-1.00422
1.21729,-0.99729
1.22119,-0.99185
1.22427,-0.98750
1.22676,-0.98396
1.22878,-0.98107
1.23038,-0.97878
1.23145,-0.97722
1.23157,-0.97705
1.22860,-0.98132
1.19212,-1.03099
0.04649,1.05463
-0.24023,1.26756
-0.30535,1.29546
-0.34023,1.30831
0.62130,-1.38874
0.62641,-1.38805
0.63250,-1.38717
0.63988,-1.38600
0.64897,-1.38442
0.66031,-1.38224
0.67467,-1.37917
0.69297,-1.37473
0.71623,-1.36830
0.74536,-1.35901
0.78076,-1.34597
0.82185,-1.32845
0.86689,-1.30634
0.91331,-1.28026
0.95864,-1.25139
1.00120,-1.22094
1.04024,-1.18983
1.07554,-1.15873
1.10698,-1.12836
1.13430,-1.09969
1.15718,-1.07388
1.17554,-1.05189
1.18973,-1.03408
1.20041,-1.02016
1.20839,-1.00950
1.21437,-1.00133
1.21893,-0.99500
1.22248,-0.99002
1.22532,-0.98602
1.22763,-0.98272
1.22956,-0.97995
1.23120,-0.97759
1.23261,-0.97554
1.23382,-0.97379
1.23480,-0.97235
1.23544,-0.97143
1.23522,-0.97174
1.23141,-0.97728
0.51542,0.03845
-0.14395,1.21553
0.62847,-1.38776
0.63428,-1.38689
0.64116,-1.38578
0.64944,-1.38433
0.65957,-1.38239
0.67217,-1.37973
0.68803,-1.37598
0.70811,-1.37064
0.73341,-1.36299
0.76464,-1.35215
0.80184,-1.33730
0.84397,-1.31798
0.88891,-1.29439
0.93409,-1.26746
0.97736,-1.23842
1.01751,-1.20834
1.05413,-1.17795
1.08716,-1.14781
1.11652,-1.11860
1.14192,-1.09128
1.16308,-1.06694
1.17999,-1.04639
1.19301,-1.02985
1.20282,-1.01696
1.21017,-1.00708
1.21571,-0.99949
1.21994,-0.99359
1.22326,-0.98893
1.22591,-0.98518
1.22807,-0.98208
1.22988,-0.97949
1.23142,-0.97727
1.23275,-0.97535
1.23391,-0.97366
1.23494,-0.97216
1.23586,-0.97081
1.23668,-0.96961
1.23735,-0.96863
1.23771,-0.96810
1.23707,-0.96904
0.63598,-1.38663
0.64239,-1.38558
0.64995,-1.38424
0.65901,-1.38250
0.67009,-1.38019
0.68385,-1.37701
0.70116,-1.37257
0.72299,-1.36626
0.75027,-1.35732
0.78349,-1.34488
0.82229,-1.32826
0.86512,-1.30726
0.90960,-1.28247
0.95325,-1.25502
0.99432,-1.22610
1.03205,-1.19662
1.06631,-1.16715
1.09715,-1.13814
1.12452,-1.11021
1.14813,-1.08429
1.16776,-1.06136
1.18341,-1.04211
1.19547,-1.02665
1.20459,-1.01460
1.21145,-1.00533
1.21665,-0.99818
1.22065,-0.99260
1.22379,-0.98818
1.22632,-0.98459
1.22838,-0.98164
1.23011,-0.97916
1.23157,-0.97705
1.23283,-0.97523
1.23392,-0.97364
1.23488,-0.97224
1.23573,-0.97099
1.23651,-0.96986
1.23721,-0.96882
1.23787,-0.96786
1.23847,-0.96698
0.64360,-1.38537
0.65051,-1.38414
0.65863,-1.38258
0.66839,-1.38055
0.68035,-1.37785
0.69526,-1.37414
0.71403,-1.36894
0.73764,-1.36160
0.76691,-1.35130
0.80204,-1.33722
0.84217,-1.31886
0.88535,-1.29638
0.92900,-1.27067
0.97088,-1.24299
1.00969,-1.21445
1.04504,-1.18577
1.07704,-1.15734
1.10583,-1.12952
1.13135,-1.10290
1.15335,-1.07833
1.17160,-1.05671
1.18617,-1.03861
1.19744,-1.02408
1.20599,-1.01273
1.21245,-1.00396
1.21738,-0.99717
1.22119,-0.99184
1.22421,-0.98759
1.22663,-0.98414
1.22863,-0.98129
1.23030,-0.97889
1.23171,-0.97685
1.23292,-0.97510
1.23397,-0.97357
1.23488,-0.97224
1.23568,-0.97107
1.23640,-0.97003
1.23704,-0.96909
1.23762,-0.96823
1.23817,-0.96742
0.65111,-1.38403
0.65842,-1.38262
0.66705,-1.38084
0.67748,-1.37852
0.69032,-1.37541
0.70641,-1.37112
0.72670,-1.36511
0.75217,-1.35666
0.78345,-1.34490
0.82035,-1.32914
0.86154,-1.30912
0.90467,-1.28537
0.94715,-1.25905
0.98708,-1.23143
1.02360,-1.20348
1.05667,-1.17572
1.08655,-1.14840
1.11343,-1.12179
1.13727,-1.09644
1.15781,-1.07314
1.17487,-1.05272
1.18850,-1.03565
1.19907,-1.02193
1.20714,-1.01118
1.21328,-1.00283
1.21798,-0.99633
1.22164,-0.99121
1.22454,-0.98711
1.22689,-0.98377
1.22883,-0.98100
1.23045,-0.97867
1.23183,-0.97668
1.23301,-0.97497
1.23403,-0.97348
1.23491,-0.97219
1.23569,-0.97106
1.23637,-0.97006
1.23697,-0.96918
1.23751,-0.96839
1.23799,-0.96768
